4.246849060058594
4.248668670654297
4.157196044921875
4.347194671630859
4.366634368896484
3.90411376953125
4.405536651611328
4.384090423583984
4.159564971923828
4.294624328613281
3.971088409423828
4.367038726806641
4.284557342529297
4.261726379394531
3.8530044555664062
4.191532135009766
4.140727996826172
3.993824005126953
4.093711853027344
4.188335418701172
3.9890174865722656
4.057865142822266
4.355525970458984
4.757423400878906
4.680164337158203
4.3852081298828125
4.639366149902344
4.088531494140625
4.193267822265625
3.8393020629882812
4.096343994140625
4.183376312255859
4.255756378173828
4.423633575439453
4.354225158691406
4.137672424316406
4.255706787109375
4.603965759277344
3.7095680236816406
4.098659515380859
4.145057678222656
4.239681243896484
4.0485076904296875
4.439777374267578
4.156803131103516
4.447074890136719
4.004512786865234
4.433502197265625
4.0819854736328125
4.391151428222656
4.2938690185546875
3.9588699340820312
4.253082275390625
4.390491485595703
3.801013946533203
4.225013732910156
4.219005584716797
3.9672813415527344
4.318386077880859
4.308021545410156
4.138393402099609
4.369571685791016
4.377544403076172
4.219722747802734
4.453529357910156
4.092567443847656
3.8800277709960938
3.9017295837402344
4.288536071777344
4.492301940917969
3.867053985595703
3.8948707580566406
4.421512603759766
4.366096496582031
4.587623596191406
4.144615173339844
4.213310241699219
3.922283172607422
4.3272705078125
4.053325653076172
4.062847137451172
4.5286102294921875
4.053226470947266
4.453460693359375
3.874401092529297
4.031242370605469
4.340747833251953
4.650909423828125
4.163967132568359
4.220203399658203
3.961841583251953
4.345035552978516
4.3859100341796875
3.9012298583984375
4.250873565673828
4.247837066650391
3.877849578857422
4.1942138671875
4.682910919189453
3.9368934631347656
4.18359375
3.8012733459472656
4.427249908447266
4.06414794921875
3.976642608642578
3.9588851928710938
4.290172576904297
4.146308898925781
4.163978576660156
4.059547424316406
4.516468048095703
4.462215423583984
3.5276718139648438
3.8546371459960938
4.369678497314453
4.114166259765625
4.224582672119141
4.297111511230469
3.7865753173828125
4.019924163818359
4.087497711181641
4.202548980712891
3.9756126403808594
3.9447708129882812
4.148845672607422
4.304328918457031
4.2477264404296875
4.210620880126953
4.293804168701172
4.251888275146484
4.105674743652344
4.593364715576172
4.279621124267578
3.9037551879882812
4.212619781494141
4.642627716064453
4.297466278076172
4.114376068115234
4.411407470703125
4.134590148925781
4.318004608154297
3.9690513610839844
4.025989532470703
4.191764831542969
4.3412322998046875
4.585639953613281
4.156970977783203
4.333740234375
4.232349395751953
3.8903160095214844
4.343559265136719
4.215442657470703
4.087207794189453
4.299800872802734
4.153720855712891
4.112903594970703
4.028087615966797
4.40106201171875
3.9092559814453125
4.21673583984375
3.868183135986328
4.342342376708984
4.072242736816406
4.122150421142578
4.222194671630859
4.010761260986328
3.9175186157226562
3.7995567321777344
4.412227630615234
3.853069305419922
4.137645721435547
4.130886077880859
4.397548675537109
4.08062744140625
4.1009674072265625
4.164836883544922
3.7675743103027344
3.910228729248047
4.212970733642578
4.328342437744141
4.327781677246094
4.093494415283203
3.794078826904297
4.240703582763672
4.164737701416016
4.069190979003906
4.093170166015625
4.337593078613281
4.287944793701172
4.253330230712891
3.9726943969726562
4.01458740234375
3.7618560791015625
3.9431381225585938
4.02972412109375
4.074897766113281
4.243968963623047
4.308502197265625
3.834613800048828
4.043876647949219
