0.3449440002441406
0.2951698303222656
0.4613037109375
0.20379257202148438
0.3764228820800781
0.3123817443847656
0.16037368774414062
0.22286224365234375
0.18864059448242188
0.3459968566894531
0.2623443603515625
0.19902420043945312
0.24141693115234375
0.3071746826171875
0.20052337646484375
0.18811416625976562
0.1962432861328125
0.22707366943359375
0.3593635559082031
0.3246269226074219
0.3118438720703125
0.22610855102539062
0.15676116943359375
0.21938705444335938
0.23993682861328125
0.41921234130859375
0.21996688842773438
0.20859909057617188
0.214385986328125
0.20668411254882812
0.33795928955078125
0.32643890380859375
0.24124526977539062
0.44242095947265625
0.3451499938964844
0.2577552795410156
0.34644317626953125
0.5926513671875
0.30431365966796875
0.17451858520507812
0.2186279296875
0.20886611938476562
0.311859130859375
0.318634033203125
0.260162353515625
0.17591476440429688
0.155426025390625
