2.3183746337890625
2.103343963623047
2.3916587829589844
0.07486724853515625
531.6827774047852
2.1376380920410156
2.665271759033203
1.768951416015625
2.0551834106445312
2.69537353515625
2.0253219604492188
2.2709732055664062
2.31591796875
1.7035446166992188
2.0488510131835938
2.2471885681152344
1.8493766784667969
2.166126251220703
1.9995841979980469
2.2399024963378906
2.33331298828125
2.0710525512695312
2.2009353637695312
2.639812469482422
2.0511550903320312
2.4492835998535156
1.9901809692382812
1.8457832336425781
2.350574493408203
2.469989776611328
1.7867012023925781
2.2699508666992188
2.1606292724609375
1.9819488525390625
2.05865478515625
2.135425567626953
1.7480583190917969
2.0453224182128906
2.172985076904297
1.9497337341308594
2.6488418579101562
1.9942512512207031
2.2362594604492188
2.157085418701172
2.2028350830078125
1.8963699340820312
1.8856620788574219
2.3819503784179688
1.9607162475585938
2.595226287841797
2.1589126586914062
1.9882926940917969
1.8573722839355469
2.168346405029297
1.6392669677734375
2.0139694213867188
2.1143264770507812
1.7779197692871094
2.3669700622558594
2.213733673095703
2.0623817443847656
2.0586814880371094
1.9289817810058594
2.0094375610351562
1.8885002136230469
2.3998146057128906
2.1061363220214844
1.7731857299804688
2.105548858642578
1.7073478698730469
1.9493942260742188
2.3387222290039062
2.2540740966796875
2.212360382080078
2.1991233825683594
1.8908958435058594
2.4479103088378906
2.6750259399414062
1.912200927734375
2.7858848571777344
2.1303863525390625
2.122264862060547
2.031932830810547
2.46099853515625
1.9544029235839844
2.03729248046875
1.7755317687988281
1.7885627746582031
2.37353515625
2.142749786376953
2.0766563415527344
2.5133323669433594
2.267955780029297
2.0983123779296875
2.1994247436523438
2.61529541015625
1.8952522277832031
2.161773681640625
2.131572723388672
2.2155075073242188
2.2269821166992188
2.220195770263672
2.377880096435547
2.0011215209960938
2.2644805908203125
2.351947784423828
2.5334205627441406
2.1648521423339844
2.0369796752929688
2.60821533203125
1.7953109741210938
2.158843994140625
2.7040939331054688
2.2724456787109375
2.4622840881347656
2.5387916564941406
2.2663955688476562
2.2613067626953125
2.1463584899902344
2.0812721252441406
2.288299560546875
2.269550323486328
2.3639488220214844
2.1529388427734375
2.4326438903808594
1.9019508361816406
2.1803817749023438
2.288745880126953
1.8094749450683594
2.2375335693359375
1.9903945922851562
2.17626953125
1.7466773986816406
1.6943244934082031
2.1146087646484375
1.9373321533203125
2.2796859741210938
2.2724266052246094
2.6191978454589844
2.034465789794922
2.6260147094726562
1.6825675964355469
2.2627296447753906
1.9842300415039062
2.156475067138672
2.0948753356933594
2.1732521057128906
2.0040969848632812
2.4898109436035156
2.46075439453125
1.8441810607910156
1.6564178466796875
1.9189491271972656
2.2474899291992188
1.8508834838867188
2.1734352111816406
2.6337356567382812
2.1210289001464844
