2.1915550231933594
1.9283294677734375
2.124267578125
2.3625946044921875
1.8239326477050781
2.1679534912109375
2.882648468017578
2.5740966796875
2.1974563598632812
2.2011756896972656
2.0816574096679688
1.9435310363769531
2.1537628173828125
2.168743133544922
2.3511505126953125
1.8189163208007812
1.9917335510253906
1.9546966552734375
2.0760726928710938
2.1459388732910156
2.342235565185547
2.0337867736816406
1.9457473754882812
1.6829910278320312
2.265644073486328
2.1133804321289062
2.1318359375
2.049541473388672
2.167999267578125
1.8796806335449219
2.302539825439453
2.042572021484375
2.310253143310547
2.0373268127441406
2.0619430541992188
2.2601394653320312
1.756439208984375
1.741363525390625
1.8747177124023438
2.1536178588867188
1.8829269409179688
2.526702880859375
2.3334503173828125
2.1512794494628906
2.071491241455078
1.802459716796875
2.0631256103515625
2.1803436279296875
2.5956382751464844
2.2428359985351562
2.199352264404297
2.2306251525878906
1.9733810424804688
2.645671844482422
2.0693016052246094
1.8849105834960938
2.009632110595703
2.2252273559570312
2.7502822875976562
2.0601959228515625
2.2941436767578125
2.4099388122558594
1.825958251953125
1.6090774536132812
1.9343299865722656
2.072742462158203
2.2037506103515625
2.0241470336914062
2.147991180419922
1.9687538146972656
2.202159881591797
2.435321807861328
2.3676986694335938
2.250213623046875
2.186656951904297
2.128681182861328
2.0679168701171875
2.0345535278320312
2.2402267456054688
2.0412826538085938
2.312580108642578
1.8525428771972656
2.0098037719726562
1.9394340515136719
2.549449920654297
2.4562606811523438
1.9042091369628906
2.123088836669922
2.316265106201172
2.5307769775390625
1.7556953430175781
2.1268272399902344
3.1568374633789062
2.0270957946777344
2.470897674560547
1.8495941162109375
2.5218544006347656
2.1162376403808594
2.319896697998047
2.1344985961914062
2.2162246704101562
2.3989639282226562
2.3553733825683594
2.285938262939453
1.8331985473632812
2.0878639221191406
2.257678985595703
2.0572967529296875
1.93072509765625
1.9160041809082031
1.9638862609863281
2.2847900390625
2.2452430725097656
2.56866455078125
2.043426513671875
2.0353355407714844
1.7342605590820312
2.201385498046875
2.1158370971679688
1.7644195556640625
2.162944793701172
2.268798828125
2.387767791748047
2.5958175659179688
1.8482208251953125
2.1329689025878906
2.085857391357422
2.131855010986328
2.7684364318847656
2.053760528564453
2.3762130737304688
2.5221023559570312
2.014453887939453
2.1921119689941406
1.9592475891113281
2.366161346435547
2.0337982177734375
1.8691062927246094
2.6919898986816406
1.8507499694824219
2.8459205627441406
2.1598854064941406
2.139385223388672
2.1564674377441406
2.0468215942382812
2.0301551818847656
1.75921630859375
1.8878631591796875
1.8065261840820312
1.950225830078125
2.1048660278320312
2.3565292358398438
2.4419784545898438
2.402538299560547
2.2113113403320312
2.223499298095703
2.1863555908203125
1.9983749389648438
2.2014808654785156
2.2465591430664062
