2.640117645263672
3.4319686889648438
2.6975021362304688
2.773357391357422
3.280792236328125
3.3068504333496094
3.1856918334960938
2.991851806640625
3.394092559814453
2.8251991271972656
3.2039260864257812
3.1112098693847656
3.0665512084960938
3.0180511474609375
2.904083251953125
2.68212890625
2.6348609924316406
3.2570533752441406
2.856334686279297
2.8522491455078125
3.1357498168945312
2.739398956298828
2.7062034606933594
3.2351341247558594
3.212940216064453
3.101184844970703
2.775554656982422
2.7013473510742188
2.7639923095703125
3.095733642578125
3.2412490844726562
2.8406105041503906
2.8351707458496094
2.9183082580566406
2.6311264038085938
2.917327880859375
3.130535125732422
3.0667724609375
3.242645263671875
2.661273956298828
2.9788169860839844
3.2279014587402344
2.9344635009765625
2.9376068115234375
2.999958038330078
2.4446067810058594
3.0267562866210938
2.925212860107422
2.861602783203125
2.5816307067871094
2.9282875061035156
3.7821006774902344
2.989177703857422
3.097095489501953
2.9883384704589844
3.1115646362304688
2.787799835205078
2.9793014526367188
3.264453887939453
2.5946693420410156
2.962451934814453
3.0705604553222656
2.8171653747558594
2.7283668518066406
2.73980712890625
3.2504119873046875
3.4861831665039062
3.180633544921875
2.9790611267089844
2.8518943786621094
3.3676719665527344
2.6486434936523438
2.874927520751953
2.5619583129882812
2.683513641357422
2.8354835510253906
2.7590713500976562
3.379119873046875
2.6538162231445312
3.194488525390625
2.8525352478027344
3.6884765625
3.2430953979492188
2.7594680786132812
3.0663185119628906
2.7394447326660156
2.4977798461914062
2.6222457885742188
2.5030746459960938
2.5947227478027344
2.736797332763672
3.0409889221191406
3.0221710205078125
2.9256324768066406
2.7925453186035156
2.6664161682128906
2.518756866455078
3.1724395751953125
2.7757034301757812
2.729114532470703
2.6198081970214844
2.7200927734375
2.779315948486328
3.2144393920898438
3.424762725830078
2.862579345703125
2.753948211669922
2.839984893798828
2.6590118408203125
2.7759475708007812
3.1096343994140625
2.531055450439453
2.5169219970703125
2.984729766845703
2.7696304321289062
3.161846160888672
2.670177459716797
2.9180221557617188
2.9121322631835938
2.9934234619140625
3.2884559631347656
3.088909149169922
2.9124107360839844
3.15277099609375
2.9648361206054688
3.3933334350585938
3.7499008178710938
3.157154083251953
3.1180953979492188
3.2482643127441406
3.0145034790039062
2.7616844177246094
3.0341873168945312
2.5286521911621094
2.8483505249023438
2.8688316345214844
2.9706649780273438
2.8479652404785156
3.263805389404297
2.7192001342773438
3.243183135986328
2.6399002075195312
3.4785842895507812
3.4419937133789062
3.121234893798828
3.192779541015625
3.0448379516601562
2.8275070190429688
2.840320587158203
2.95452880859375
2.806121826171875
2.9346275329589844
3.133678436279297
2.7604408264160156
2.8378982543945312
2.9365081787109375
