4.9814300537109375
4.627422332763672
4.854579925537109
4.718051910400391
4.887916564941406
5.0828857421875
4.294414520263672
5.043403625488281
5.096195220947266
4.472774505615234
4.45281982421875
4.6396331787109375
4.20928955078125
4.956829071044922
4.214881896972656
5.004650115966797
4.786457061767578
2101.5732460021973
4.978015899658203
4.584632873535156
4.385265350341797
4.803367614746094
4.484046936035156
5.0784454345703125
4.743267059326172
4.778842926025391
5.224109649658203
4.562229156494141
4.812839508056641
5.084804534912109
4.072685241699219
5.05364990234375
4.764381408691406
4.7945709228515625
4.765560150146484
5.129108428955078
4.9404296875
4.644817352294922
4.720294952392578
4.827243804931641
4.7573089599609375
4.531700134277344
4.355079650878906
5.1048736572265625
4.014171600341797
4.6235504150390625
4.652973175048828
5.000858306884766
4.279445648193359
4.698600769042969
5.517250061035156
5.269401550292969
4.993183135986328
5.034816741943359
4.83544921875
5.005664825439453
4.335971832275391
5.039558410644531
4.385429382324219
4.864299774169922
4.677181243896484
4.416942596435547
4.503807067871094
4.7420806884765625
4.926319122314453
4.773200988769531
4.646839141845703
5.245155334472656
4.383232116699219
4.841701507568359
4.9418792724609375
4.493263244628906
4.856159210205078
4.379547119140625
4.44403076171875
4.938350677490234
4.624813079833984
4.782352447509766
4.567333221435547
4.867301940917969
4.434703826904297
5.022918701171875
4.737384796142578
4.683345794677734
4.433998107910156
4.369884490966797
4.5295257568359375
4.499088287353516
4.839229583740234
4.782917022705078
4.596935272216797
4.25
5.136554718017578
4.594387054443359
4.444011688232422
4.797218322753906
4.818759918212891
4.855682373046875
5.1633453369140625
5.006519317626953
4.746387481689453
4.855411529541016
4.61798095703125
4.796703338623047
4.771335601806641
4.594078063964844
4.732521057128906
4.851039886474609
4.984485626220703
5.401058197021484
4.529747009277344
4.307655334472656
4.2983856201171875
4.638401031494141
4.764011383056641
4.667350769042969
4.635772705078125
4.479404449462891
4.130168914794922
5.017414093017578
4.315803527832031
4.614627838134766
4.53619384765625
5.127620697021484
5.044490814208984
4.570911407470703
5.1496124267578125
5.147266387939453
4.860027313232422
4.656261444091797
4.62835693359375
4.6065216064453125
4.883872985839844
4.531307220458984
4.598030090332031
4.867919921875
4.435115814208984
5.042552947998047
4.7367706298828125
4.722103118896484
4.618568420410156
4.669952392578125
4.842041015625
4.186679840087891
4.156951904296875
4.6778106689453125
4.485157012939453
4.403541564941406
4.451972961425781
4.756439208984375
4.774879455566406
4.641056060791016
4.97650146484375
5.208587646484375
4.5760955810546875
4.658203125
5.099151611328125
4.803409576416016
4.877513885498047
4.94256591796875
4.594387054443359
4.452846527099609
4.748291015625
4.917156219482422
4.678504943847656
5.0351409912109375
4.797634124755859
4.810176849365234
4.8336181640625
4.754142761230469
4.782276153564453
4.807376861572266
