1.9600906372070312
2.455303192138672
2.500732421875
2.0290489196777344
1.8200340270996094
1.9829826354980469
2.1075401306152344
1.9482345581054688
2.0692367553710938
2.1346969604492188
2.338939666748047
2.338428497314453
1.9112777709960938
2.2110633850097656
2.2021865844726562
2.0110511779785156
1.9429817199707031
2.1177444458007812
2.0539398193359375
2.185455322265625
2.032146453857422
2.087047576904297
2.0446739196777344
2.02264404296875
2.205310821533203
2.2167015075683594
2.1383743286132812
2.072925567626953
1.9545783996582031
2.417022705078125
2.2240219116210938
2.345958709716797
2.4445419311523438
2.2627716064453125
2.2378273010253906
2.2546615600585938
1.9861869812011719
2.3376846313476562
2.2427635192871094
2.1261520385742188
2.090930938720703
2.9834632873535156
1.8937339782714844
2.1919212341308594
1.8520545959472656
2.0986976623535156
1.9493865966796875
2.4314193725585938
2.2724037170410156
2.239501953125
2.5708694458007812
2.4138755798339844
2.5271453857421875
2.275775909423828
2.2903366088867188
1.8921966552734375
1.9635810852050781
2.016101837158203
1.9089546203613281
1.915435791015625
2.3994522094726562
2.2757530212402344
1.962005615234375
1.7723388671875
2.124675750732422
2.42340087890625
1.9466133117675781
1.9298591613769531
2.4386367797851562
2.145427703857422
2.2527847290039062
2.584430694580078
2.443470001220703
2.1433258056640625
2.4832115173339844
2.2027511596679688
2.168243408203125
2.0477676391601562
2.2081565856933594
2.0821800231933594
2.3993148803710938
2.1355934143066406
2.485980987548828
2.1946372985839844
1.9288978576660156
1.9172744750976562
1.6785659790039062
1.9532737731933594
1.9627723693847656
2.302398681640625
1.9332962036132812
1.9807624816894531
2.2458267211914062
2.2124252319335938
2.201671600341797
2.289134979248047
1.8680992126464844
2.118030548095703
1.9241943359375
2.2048492431640625
2.2491455078125
2.5343704223632812
2.627044677734375
2.1016883850097656
2.1340370178222656
2.5547523498535156
1.9843368530273438
2.209247589111328
2.2904319763183594
2.011962890625
2.250988006591797
2.0169296264648438
2.0562210083007812
1.8664436340332031
2.4871864318847656
2.232563018798828
2.4351577758789062
2.1493186950683594
2.356964111328125
1.98895263671875
2.214496612548828
2.216686248779297
2.251689910888672
2.4082298278808594
2.097339630126953
2.3838043212890625
1.8091697692871094
1.9239768981933594
2.0491485595703125
2.2114334106445312
3.0554161071777344
2.3644180297851562
1.8423194885253906
1.8573722839355469
2.0227890014648438
1.7939224243164062
1.8589096069335938
2.3109207153320312
1.7734870910644531
2.2488555908203125
2.02606201171875
2.2110061645507812
1.9084243774414062
2.0162277221679688
2.5275840759277344
2.032520294189453
2.372638702392578
2.0034866333007812
1.7876205444335938
2.1063461303710938
1.9794158935546875
2.0075950622558594
2.9248924255371094
1.8313217163085938
1.9954872131347656
2.0604782104492188
1.9094696044921875
2.4507293701171875
2.0212936401367188
1.8620643615722656
