6.435325622558594
6.616474151611328
6.898242950439453
6.475761413574219
6.525608062744141
6.198272705078125
6.3350372314453125
6.732948303222656
6.447910308837891
6.301971435546875
6.388172149658203
0.4280548095703125
79.38639831542969
587.8297576904297
6.078338623046875
6.864704132080078
6.913726806640625
6.316837310791016
6.547599792480469
6.408924102783203
6.578239440917969
6.614677429199219
6.092704772949219
6.602668762207031
6.925331115722656
6.619106292724609
6.5256805419921875
6.190673828125
6.149909973144531
6.370014190673828
6.604961395263672
6.376743316650391
6.9048919677734375
6.228782653808594
6.727855682373047
6.2428436279296875
6.476409912109375
6.492301940917969
6.6254119873046875
6.143547058105469
6.275753021240234
6.205287933349609
6.306522369384766
6.530338287353516
6.876964569091797
6.664817810058594
6.31988525390625
6.537746429443359
6.5737457275390625
6.488491058349609
6.83172607421875
6.568920135498047
6.643939971923828
6.522090911865234
6.700466156005859
6.6841888427734375
6.549461364746094
6.877010345458984
6.081409454345703
6.762310028076172
6.372669219970703
6.537681579589844
6.770271301269531
6.57110595703125
601.8404273986816
6.473152160644531
4.140560150146484
7.2281341552734375
6.629634857177734
7.025745391845703
6.257080078125
6.3127899169921875
6.880771636962891
6.926616668701172
6.202907562255859
6.780353546142578
6.395450592041016
6.676170349121094
6.176139831542969
6.090545654296875
7.042240142822266
6.919223785400391
6.137866973876953
6.554473876953125
6.516620635986328
6.715396881103516
6.16705322265625
6.482654571533203
6.4029541015625
6.558025360107422
6.190578460693359
6.410762786865234
6.004840850830078
6.8261871337890625
6.4510955810546875
5.917877197265625
6.123809814453125
6.763179779052734
6.611217498779297
6.675189971923828
6.750053405761719
6.986576080322266
6.5933990478515625
7.026863098144531
6.298442840576172
6.56903076171875
6.118560791015625
6.569694519042969
7.034889221191406
6.4539794921875
6.6648101806640625
6.7587127685546875
6.298957824707031
6.631767272949219
6.579551696777344
6.191169738769531
6.699028015136719
6.894744873046875
6.7241363525390625
6.835971832275391
6.758766174316406
6.736579895019531
6.4744110107421875
6.909221649169922
6.404407501220703
6.4859619140625
6.754207611083984
6.233917236328125
6.33074951171875
5.92523193359375
6.989505767822266
6.70111083984375
6.596168518066406
6.3621826171875
5.960369110107422
6.458152770996094
7.266223907470703
6.839328765869141
6.313804626464844
6.598670959472656
6.37286376953125
6.868721008300781
6.261573791503906
6.419513702392578
6.409305572509766
6.161033630371094
6.2578277587890625
6.2991943359375
6.428699493408203
6.475688934326172
6.383602142333984
6.011878967285156
5.941276550292969
6.557178497314453
6.6008148193359375
6.714382171630859
6.34991455078125
6.086017608642578
6.6896820068359375
6.954624176025391
6.6583709716796875
5.945915222167969
7.1951141357421875
6.173027038574219
6.314155578613281
6.070529937744141
