2.2309341430664062
3.0260848999023438
2.2043495178222656
2.8356094360351562
2.714069366455078
2104.0602493286133
2.9760704040527344
2.3890762329101562
2.150653839111328
2.7068824768066406
2.326507568359375
2.8977127075195312
2.6525840759277344
2.5842933654785156
2.982257843017578
2.7227516174316406
2.548206329345703
3.0393638610839844
1.907501220703125
2.858295440673828
2.6676597595214844
2.4553070068359375
2.530017852783203
3.012134552001953
2.6477699279785156
2.4156227111816406
2.4047164916992188
2.7058486938476562
2.491741180419922
2.384033203125
2.404064178466797
2.672924041748047
1.9530601501464844
2.5482711791992188
2.42376708984375
2.6671791076660156
2.164031982421875
2.6379852294921875
3.2044830322265625
3.003826141357422
2.7231788635253906
2.8201446533203125
2.8144874572753906
2.833240509033203
2.2138328552246094
2.603893280029297
2.3983688354492188
2.7322921752929688
2.4750823974609375
2.443267822265625
2.387737274169922
2.469188690185547
2.7958145141601562
2.4809532165527344
2.4770164489746094
3.226898193359375
2.3115310668945312
2.6176605224609375
2.6830291748046875
2.3393287658691406
2.4818572998046875
2.1294288635253906
2.1602745056152344
2.9100570678710938
2.2942581176757812
2.639575958251953
2.7105941772460938
2.620655059814453
2.316608428955078
3.069805145263672
2.502788543701172
2.675861358642578
2.268688201904297
2.380992889404297
2.4178390502929688
2.2655067443847656
2.565807342529297
2.6298179626464844
2.5808792114257812
2.111530303955078
2.6973495483398438
2.5159149169921875
2.2065048217773438
2.6522865295410156
2.5841217041015625
2.672931671142578
3.2075767517089844
2.9454803466796875
2.647594451904297
2.4743003845214844
2.3763275146484375
2.538196563720703
2.777172088623047
2.3241233825683594
2.5271530151367188
2.7242660522460938
2.9262619018554688
3.1949844360351562
2.52215576171875
2.248516082763672
2.174510955810547
2.485973358154297
2.4960060119628906
2.5956459045410156
2.6468505859375
2.359333038330078
2.0985870361328125
2.8316650390625
2.019359588623047
2.449310302734375
2.3908462524414062
2.797954559326172
2.6979637145996094
2.3944931030273438
2.787670135498047
2.7711029052734375
2.789989471435547
2.477611541748047
2.4859161376953125
2.492259979248047
2.8167572021484375
2.5786476135253906
2.4980735778808594
2.7763519287109375
2.1982955932617188
2.845348358154297
2.5878753662109375
2.423309326171875
2.4899024963378906
2.3492164611816406
2.7628173828125
1.9802818298339844
2.1741981506347656
2.488128662109375
2.357635498046875
2.366321563720703
2.404560089111328
2.4872169494628906
2.498882293701172
2.507373809814453
2.753002166748047
2.82647705078125
2.390735626220703
2.384143829345703
2.9201812744140625
2.6850852966308594
2.6220741271972656
2.8602256774902344
2.5250167846679688
2.2497024536132812
2.7305870056152344
2.8143844604492188
2.679595947265625
2.7076148986816406
2.3994293212890625
2.633068084716797
2.813579559326172
2.5682106018066406
2.370830535888672
2.5517501831054688
