6.478420257568359
7.290596008300781
7.325885772705078
7.244907379150391
7.264591217041016
7.115840911865234
7.418636322021484
7.274982452392578
6.745655059814453
6.884059906005859
7.2514190673828125
6.889667510986328
7.142574310302734
7.001312255859375
6.607704162597656
7.037498474121094
6.680866241455078
7.3296356201171875
6.505687713623047
6.510032653808594
7.010486602783203
7.172374725341797
6.374744415283203
6.723976135253906
7.147666931152344
6.706878662109375
7.013538360595703
6.66851806640625
7.138038635253906
6.778709411621094
7.016963958740234
6.830493927001953
6.999568939208984
7.456005096435547
7.119327545166016
7.162742614746094
7.108402252197266
7.066455841064453
7.5687713623046875
7.103221893310547
7.031299591064453
7.258296966552734
6.690528869628906
6.683513641357422
6.961025238037109
7.096504211425781
7.189788818359375
7.271717071533203
6.9079132080078125
6.906585693359375
6.7502899169921875
7.3806610107421875
6.779186248779297
6.6008453369140625
6.9365081787109375
6.652164459228516
7.371448516845703
6.810920715332031
7.174835205078125
7.2226715087890625
6.643280029296875
6.8936614990234375
6.809700012207031
6.708545684814453
6.900745391845703
7.653148651123047
7.341938018798828
6.945682525634766
7.198268890380859
7.2670440673828125
7.227298736572266
6.924053192138672
6.71453857421875
7.459095001220703
7.050071716308594
7.325584411621094
6.979320526123047
6.543819427490234
6.9561767578125
6.6345367431640625
7.101367950439453
7.1606597900390625
6.805473327636719
7.005214691162109
6.970802307128906
6.422763824462891
6.431282043457031
7.357906341552734
7.066867828369141
7.426822662353516
6.807342529296875
7.030551910400391
7.089565277099609
6.7186737060546875
7.36102294921875
6.901771545410156
7.0425872802734375
6.830169677734375
6.8155975341796875
6.582309722900391
6.528614044189453
6.835353851318359
7.349330902099609
7.011219024658203
7.363468170166016
6.890460968017578
7.677318572998047
7.244823455810547
6.673229217529297
7.3465576171875
6.712543487548828
6.6942138671875
7.771705627441406
7.032249450683594
7.430881500244141
7.012897491455078
7.121604919433594
7.1065521240234375
7.264759063720703
6.668659210205078
6.848762512207031
7.00958251953125
6.718044281005859
6.4672393798828125
6.6314544677734375
6.7039031982421875
7.446311950683594
7.083293914794922
6.957225799560547
6.493244171142578
7.370052337646484
7.057991027832031
6.908538818359375
6.889842987060547
6.653392791748047
7.559486389160156
6.740314483642578
6.829704284667969
7.170074462890625
7.352611541748047
6.958625793457031
6.592639923095703
7.146759033203125
7.257015228271484
6.930873870849609
7.223838806152344
6.451633453369141
7.179737091064453
7.266529083251953
7.005908966064453
6.941261291503906
7.2044219970703125
7.042640686035156
6.544055938720703
7.137481689453125
7.178234100341797
6.888206481933594
6.760551452636719
7.287380218505859
6.6352386474609375
7.114471435546875
7.653026580810547
7.032588958740234
6.869144439697266
6.4822235107421875
7.099025726318359
6.800487518310547
6.886821746826172
7.51177978515625
7.321460723876953
