1.80108642578125
1.7752532958984375
1.7429046630859375
1.7136268615722656
1.4768180847167969
1.7633285522460938
1.3045272827148438
1.3171424865722656
1.62469482421875
1.9238700866699219
1.2938423156738281
1.6927528381347656
1.5969276428222656
1.3442878723144531
1.9591102600097656
1.8593406677246094
1.6369972229003906
1.2416610717773438
1.7779579162597656
1.7314453125
1.5346336364746094
1.7709732055664062
1.5479316711425781
1.4720573425292969
1.6221580505371094
1.7517585754394531
1.6213645935058594
1.790924072265625
1.4941177368164062
1.7609481811523438
2.137035369873047
1.9393730163574219
1.9110641479492188
1.3379173278808594
1.6854286193847656
1.644989013671875
1.5918502807617188
1.4245071411132812
2.3076705932617188
1.6610145568847656
2.0105056762695312
1.6944351196289062
1.3074607849121094
1.3927001953125
1.780792236328125
1.9650688171386719
1.6881294250488281
1.9635887145996094
1.6004486083984375
1.7025909423828125
1.3143310546875
1.5789833068847656
1.3636016845703125
2.2860107421875
1.8039970397949219
1.8199958801269531
1.53741455078125
2.130451202392578
1.728240966796875
1.5906448364257812
1.6088409423828125
2.0159645080566406
2.0244483947753906
1.6304397583007812
1.56500244140625
1.6999664306640625
1.4084243774414062
1.5157928466796875
1.357452392578125
1.8661308288574219
1.7119941711425781
1.8891716003417969
1.520294189453125
2.1130905151367188
2.2299652099609375
1.7955741882324219
1.8481674194335938
1.8849525451660156
1.6324958801269531
1.3821144104003906
1.2883033752441406
1.5879783630371094
1.6805992126464844
1.7960319519042969
1.6361045837402344
1.6777915954589844
1.83465576171875
1.6755485534667969
2.08990478515625
1.8537483215332031
1.4658012390136719
1.4047813415527344
1.8897209167480469
1.9474678039550781
1.4888725280761719
1.9269447326660156
1.7970962524414062
1.8808784484863281
1.6798744201660156
1.5696487426757812
1.8412742614746094
1.8451919555664062
1.7825431823730469
2.115886688232422
1.8065299987792969
1.8425369262695312
1.559661865234375
2.187652587890625
1.9175529479980469
1.6246757507324219
1.4292984008789062
1.6783103942871094
1.4155044555664062
2.542621612548828
1.7241592407226562
1.6591072082519531
1.7933311462402344
2.0987014770507812
1.3931617736816406
1.6790962219238281
1.808349609375
1.3788719177246094
2.3377532958984375
2.17901611328125
1.7647132873535156
1.3567276000976562
2.070476531982422
1.7275581359863281
1.6086654663085938
2.169208526611328
1.9162139892578125
2.074596405029297
1.6435585021972656
1.4480972290039062
1.6645317077636719
1.8170242309570312
1.9284210205078125
1.4018707275390625
1.5161552429199219
1.6442985534667969
1.6007118225097656
1.9720268249511719
2.06951904296875
1.8866386413574219
1.9043197631835938
1.3331413269042969
1.3690452575683594
1.7800102233886719
1.8245925903320312
1.2559394836425781
1.6977081298828125
1.8052749633789062
1.8939437866210938
1.77374267578125
1.5424842834472656
1.8792190551757812
1.4956245422363281
1.41021728515625
