5.654449462890625
5.3978424072265625
5.164356231689453
5.328792572021484
0.3621482849121094
79.16935348510742
587.6821594238281
4.8665924072265625
5.747272491455078
5.801891326904297
5.224658966064453
5.354942321777344
5.3277587890625
5.424064636230469
5.486175537109375
4.9655914306640625
5.531871795654297
5.867637634277344
5.4090728759765625
5.313285827636719
5.082366943359375
5.011116027832031
5.200939178466797
5.471714019775391
5.2255706787109375
5.784996032714844
5.122982025146484
5.516883850097656
5.185874938964844
5.447505950927734
5.388988494873047
5.554981231689453
5.011909484863281
5.052394866943359
5.1279296875
5.216205596923828
5.293422698974609
5.723915100097656
5.5829620361328125
5.137210845947266
5.424335479736328
5.454006195068359
5.366291046142578
5.708080291748047
5.4597625732421875
5.577400207519531
5.353023529052734
5.521736145019531
5.563800811767578
5.325839996337891
5.763492584228516
5.024971008300781
5.584560394287109
5.2340240478515625
5.344829559326172
5.622486114501953
5.363834381103516
601.2544403076172
5.3582305908203125
3.4208755493164062
6.120960235595703
5.4753875732421875
5.909061431884766
5.0889434814453125
5.1951751708984375
5.682353973388672
5.804222106933594
5.056705474853516
5.6958160400390625
5.150787353515625
5.521747589111328
5.031639099121094
4.9844512939453125
5.968059539794922
5.877574920654297
4.965904235839844
5.454044342041016
5.324954986572266
5.586475372314453
5.009849548339844
5.247467041015625
5.221904754638672
5.4407196044921875
5.126483917236328
5.310688018798828
4.892375946044922
5.7598419189453125
5.409507751464844
4.801555633544922
5.036293029785156
5.616844177246094
5.549690246582031
5.511993408203125
5.661796569824219
5.922573089599609
5.434131622314453
5.8489227294921875
5.240322113037109
5.395122528076172
5.005290985107422
5.498138427734375
5.946502685546875
5.341541290283203
5.547542572021484
5.63525390625
5.168422698974609
5.597938537597656
5.516719818115234
5.061351776123047
5.643054962158203
5.729595184326172
5.591350555419922
5.782264709472656
5.6968536376953125
5.674736022949219
5.298915863037109
5.783367156982422
5.343864440917969
5.331306457519531
5.699256896972656
5.101902008056641
5.211048126220703
4.851238250732422
5.8837432861328125
5.552162170410156
5.533603668212891
5.233497619628906
4.844104766845703
5.4040069580078125
6.255714416503906
5.696571350097656
5.186595916748047
5.473949432373047
5.132820129394531
5.709941864013672
5.034870147705078
5.134185791015625
5.258750915527344
5.1016998291015625
5.156558990478516
5.166229248046875
5.313533782958984
5.310543060302734
5.193401336669922
4.901084899902344
4.814060211181641
5.378997802734375
5.462558746337891
5.567134857177734
5.204532623291016
4.950176239013672
5.476902008056641
5.744716644287109
5.483547210693359
4.8228607177734375
6.112506866455078
4.998180389404297
5.336704254150391
4.997364044189453
