3.6514129638671875
4.269329071044922
4.174308776855469
3.4263381958007812
4.23736572265625
3.47039794921875
3.7649078369140625
3.540882110595703
3.7590370178222656
4.035789489746094
3.4758758544921875
4.098594665527344
3.8144798278808594
3.792499542236328
4.180961608886719
3.662158966064453
3.977642059326172
4.468959808349609
4.385707855224609
3.8818817138671875
3.960357666015625
3.7292633056640625
3.6911849975585938
3.7595672607421875
3.829669952392578
4.2669677734375
3.5633392333984375
3.8060646057128906
3.8121566772460938
3.6253204345703125
3.8767051696777344
4.2539825439453125
3.718700408935547
3.4874649047851562
3.4277877807617188
4.058387756347656
3.834991455078125
4.119815826416016
3.6212615966796875
3.8118896484375
3.5492897033691406
3.9655227661132812
3.7975234985351562
4.106838226318359
3.6411666870117188
3.727428436279297
3.8516006469726562
3.4253692626953125
3.704334259033203
3.6261024475097656
3.9263381958007812
3.6938095092773438
4.362430572509766
4.326488494873047
3.7839431762695312
3.9584312438964844
3.713672637939453
3.8473472595214844
3.8643264770507812
4.299922943115234
4.16339111328125
3.9719314575195312
3.923919677734375
3.7048797607421875
4.717426300048828
3.6979942321777344
3.68682861328125
3.646697998046875
4.067474365234375
4.226448059082031
3.7182083129882812
4.009799957275391
4.188812255859375
3.776233673095703
3.2727203369140625
3.7938308715820312
3.7025604248046875
4.036231994628906
3.6239776611328125
3.883129119873047
3.929901123046875
4.145160675048828
4.182395935058594
4.320163726806641
3.981914520263672
3.941730499267578
3.8965606689453125
3.785614013671875
3.6741561889648438
3.9890899658203125
3.8802261352539062
4.013851165771484
3.6482276916503906
3.7448501586914062
3.7961578369140625
4.243904113769531
4.040367126464844
3.3972702026367188
4.018623352050781
4.216007232666016
4.229648590087891
3.54681396484375
4.007778167724609
4.658954620361328
3.780223846435547
4.186775207519531
3.582233428955078
4.331733703613281
3.861743927001953
4.0015716552734375
4.004764556884766
3.901824951171875
4.008750915527344
3.9185523986816406
3.9636878967285156
3.5937423706054688
3.8749122619628906
3.9830551147460938
4.025154113769531
3.707294464111328
3.438018798828125
3.7076568603515625
3.9555320739746094
4.027858734130859
4.23590087890625
3.8614654541015625
4.1631927490234375
3.3513717651367188
3.8376235961914062
3.828258514404297
3.4912643432617188
3.910888671875
3.8725967407226562
4.121608734130859
4.349826812744141
3.6275062561035156
3.9396286010742188
3.942371368408203
3.8231964111328125
4.303600311279297
3.8472366333007812
4.197898864746094
4.008403778076172
3.7137603759765625
4.182399749755859
3.5964317321777344
4.083599090576172
3.7235336303710938
3.5215187072753906
4.367465972900391
3.5380935668945312
4.404926300048828
3.9892616271972656
3.8349380493164062
3.7274627685546875
3.8320388793945312
3.7095718383789062
3.594512939453125
3.6245498657226562
3.510578155517578
3.6552963256835938
4.110450744628906
3.846965789794922
4.189563751220703
4.303050994873047
4.223903656005859
3.87481689453125
3.9121627807617188
3.8134536743164062
4.150287628173828
3.8805694580078125
