6.710262298583984
5.9235992431640625
5.909519195556641
5.710136413574219
6.117961883544922
6.2144317626953125
5.779930114746094
5.957042694091797
6.406024932861328
6.2769317626953125
5.88677978515625
6.0839691162109375
5.949848175048828
5.833713531494141
5.451160430908203
5.848114013671875
5.515384674072266
6.07513427734375
6.020622253417969
5.75482177734375
6.302574157714844
5.592750549316406
5.906288146972656
6.243366241455078
6.1009063720703125
5.710842132568359
5.973548889160156
5.806346893310547
5.243549346923828
6.094287872314453
5.975128173828125
5.647132873535156
5.663490295410156
5.751941680908203
5.449485778808594
6.527912139892578
6.613773345947266
5.975246429443359
6.249168395996094
5.851982116699219
5.479694366455078
6.825355529785156
6.041027069091797
5.524166107177734
5.767047882080078
6.643283843994141
6.5712432861328125
5.626003265380859
6.100433349609375
5.7816619873046875
5.775932312011719
5.789501190185547
5.994319915771484
5.727386474609375
5.859195709228516
6.3519439697265625
5.651462554931641
6.273067474365234
6.46929931640625
5.391597747802734
5.868389129638672
5.883853912353516
5.595745086669922
6.143150329589844
6.51409912109375
5.9190216064453125
6.092071533203125
5.768775939941406
6.017688751220703
5.8285064697265625
6.388896942138672
5.949001312255859
6.021263122558594
6.227840423583984
6.133205413818359
6.164730072021484
6.12432861328125
6.251487731933594
5.790073394775391
5.961311340332031
5.571727752685547
6.097206115722656
5.3816375732421875
6.910491943359375
5.731540679931641
6.106163024902344
5.8820648193359375
6.404552459716797
5.807102203369141
6.025909423828125
5.434947967529297
6.24774169921875
6.265560150146484
6.113216400146484
6.181602478027344
5.9620361328125
6.107875823974609
5.980747222900391
6.027427673339844
6.001701354980469
6.363899230957031
5.350379943847656
589.7014236450195
5.764682769775391
5.973052978515625
5.921772003173828
5.676597595214844
6.466285705566406
5.436443328857422
5.884502410888672
5.904296875
6.170276641845703
6.009929656982422
6.1998138427734375
5.489452362060547
5.9159393310546875
6.0413055419921875
5.9406890869140625
5.748172760009766
5.62347412109375
6.175605773925781
6.020191192626953
5.998512268066406
6.214611053466797
6.056972503662109
5.881023406982422
5.760185241699219
6.237907409667969
6.312831878662109
6.5792694091796875
5.964298248291016
6.246059417724609
6.197948455810547
6.1307373046875
5.388893127441406
6.308753967285156
6.5075225830078125
6.032371520996094
5.6075897216796875
6.032520294189453
5.904315948486328
5.964118957519531
6.388206481933594
6.4636993408203125
6.200752258300781
5.931671142578125
6.181598663330078
6.194793701171875
6.194038391113281
6.246555328369141
5.676174163818359
5.969734191894531
6.0561676025390625
5.7380523681640625
7.185436248779297
5.985393524169922
5.738750457763672
6.141563415527344
6.061180114746094
5.700874328613281
6.513065338134766
5.790515899658203
5.870815277099609
6.442604064941406
6.1085205078125
6.379005432128906
6.039371490478516
5.919212341308594
