2.624156951904297
2.892780303955078
2.4994964599609375
2.2912521362304688
2.630451202392578
2.887615203857422
2.625446319580078
2.4645843505859375
2.908050537109375
3.0615234375
2.5502700805664062
2.6222763061523438
2.7455978393554688
2.361705780029297
2.7172317504882812
2.594501495361328
2.9159927368164062
2.2810935974121094
2.466266632080078
2.8216476440429688
2.628620147705078
2.4265899658203125
2.8244895935058594
3.011016845703125
2.6888198852539062
2.684314727783203
2.879180908203125
2.491558074951172
2.827545166015625
2.328685760498047
2.8444175720214844
2.3088912963867188
2.5667495727539062
2.610748291015625
2.803741455078125
2.3672523498535156
2.8167266845703125
2.414958953857422
2.2658729553222656
2.4928321838378906
2.1846656799316406
2.6428298950195312
2.9970016479492188
2.515056610107422
2.766094207763672
2.5867919921875
2.202423095703125
2.591571807861328
2.4439544677734375
2.4272384643554688
2.488597869873047
2.544281005859375
2.5064048767089844
2.0643768310546875
2.0064735412597656
2.348114013671875
2.8696556091308594
3.0068397521972656
3.084156036376953
2.2269515991210938
2.42413330078125
2.1487083435058594
2.5353775024414062
2.3716392517089844
2.348590850830078
2.1364364624023438
2.8238677978515625
3.073963165283203
2.5695114135742188
2.720947265625
2.203094482421875
2.4820632934570312
2.796070098876953
2.3305130004882812
2.6048049926757812
3.0669021606445312
2.094005584716797
2.6148414611816406
2.8718032836914062
2.10791015625
2.3005714416503906
2.9432144165039062
2.7986602783203125
2.8708534240722656
2.1052627563476562
2.8115921020507812
3.1342544555664062
2.2694664001464844
2.375640869140625
2.3215370178222656
2.1747779846191406
2.5526161193847656
2.8741493225097656
2.5091934204101562
2.462078094482422
2.865306854248047
2.5449371337890625
2.70074462890625
2.7797584533691406
2.779022216796875
2.8181724548339844
2.474933624267578
2.7762374877929688
2.131237030029297
2.4734725952148438
2.5183448791503906
2.3863601684570312
2.364166259765625
2.406005859375
2.209026336669922
2.5066909790039062
2.4382057189941406
2.6033554077148438
2.3605422973632812
2.702808380126953
2.877307891845703
2.4434165954589844
2.7607994079589844
2.3514251708984375
2.4939422607421875
2.265380859375
2.581523895263672
2.2829208374023438
2.6529159545898438
2.348896026611328
2.4876174926757812
2.5837173461914062
2.626873016357422
2.9366798400878906
2.4931793212890625
2.408428192138672
2.7999801635742188
2.8266677856445312
2.330890655517578
2.4754486083984375
2.765399932861328
2.695159912109375
2.6345863342285156
2.8809127807617188
2.9067001342773438
2.748443603515625
2.6672744750976562
2.4827232360839844
2.3260345458984375
2.3879776000976562
2.5002593994140625
2.7619094848632812
2.834430694580078
2.309131622314453
2.2642974853515625
2.8161888122558594
