2.3953475952148438
2.2526206970214844
2.3899459838867188
1.936920166015625
1.8315963745117188
2.153900146484375
2.4918289184570312
2.448741912841797
2.0322227478027344
1.8752288818359375
1.7029953002929688
1.9830513000488281
2.2592391967773438
2.268321990966797
2.4802474975585938
2.0554122924804688
2.1536865234375
2.2992324829101562
1.9681472778320312
1.9393997192382812
2.0234107971191406
2.146465301513672
2.593006134033203
1.9589576721191406
2.1426773071289062
2.2489967346191406
2.0313720703125
1.94244384765625
2.063007354736328
1.9608001708984375
2.2233810424804688
1.8721046447753906
2.257709503173828
2.2810134887695312
2.183483123779297
2.656383514404297
2.3856582641601562
2.0661849975585938
2.1020889282226562
2.3626251220703125
2.8047752380371094
2.1141510009765625
1.99444580078125
2.4747047424316406
2.0755653381347656
1.8989524841308594
2.073455810546875
2.1125526428222656
2.1975326538085938
2.3129615783691406
2.0908470153808594
2.2995033264160156
2.1817283630371094
2.2795562744140625
2.1582374572753906
2.2498931884765625
2.20794677734375
1.9945907592773438
1.85986328125
2.4411354064941406
1.9790115356445312
1.7995758056640625
2.0309066772460938
2.4025497436523438
2.1510467529296875
1.8316688537597656
2.05816650390625
2.2438278198242188
1.8341445922851562
2.1383285522460938
2.3551712036132812
2.1704177856445312
1.9987831115722656
1.9372367858886719
2.320068359375
2.1516456604003906
1.96466064453125
2.288238525390625
2.0735740661621094
2.106548309326172
2.238353729248047
2.361652374267578
2.4992523193359375
2.4297561645507812
2.4149093627929688
2.4089508056640625
1.8632621765136719
2.0514564514160156
2.1305580139160156
1.9606857299804688
2.2614707946777344
2.1192893981933594
2.200878143310547
1.9806709289550781
2.519542694091797
2.0314674377441406
2.190399169921875
2.090961456298828
1.8411521911621094
1.9539070129394531
1.8696746826171875
2.379901885986328
1.9997177124023438
2.1498794555664062
1.9876976013183594
2.095539093017578
2.100666046142578
2.0939407348632812
2.162975311279297
2.3781814575195312
2.058349609375
2.136608123779297
1.8777275085449219
3.1675491333007812
2.1857872009277344
1.9690132141113281
2.009265899658203
1.981170654296875
2.201610565185547
2.3021278381347656
2.3837814331054688
1.8003120422363281
2.3188323974609375
1.7867012023925781
2.1351890563964844
2.051647186279297
2.057666778564453
2.2830581665039062
2.1803665161132812
2.0604171752929688
2.1043167114257812
2.2720680236816406
2.1669998168945312
2.1061134338378906
2.023365020751953
2.532085418701172
2.1421852111816406
2.0396575927734375
2.1528358459472656
2.1105880737304688
2.166839599609375
2.1599044799804688
1.9883880615234375
2.4719467163085938
1.9629020690917969
1.9087753295898438
2.40045166015625
2.140148162841797
2.1360092163085938
2.1703453063964844
1.9653816223144531
1.7155570983886719
2.0295944213867188
2.2333030700683594
1.9778976440429688
1.9439926147460938
2.1165084838867188
2.8974838256835938
2.0794715881347656
2.4202499389648438
