2.6723556518554688
2.257678985595703
1.8044281005859375
1141.1982536315918
2.4146156311035156
2.2112579345703125
1.9968757629394531
2.294635772705078
2.3113632202148438
2.2417678833007812
2.1227455139160156
2.1139793395996094
2.3543930053710938
2.8460617065429688
2.4038619995117188
2.5052032470703125
1.9961662292480469
1.8281631469726562
2.059326171875
2.2876968383789062
1.7398109436035156
2.0463218688964844
2.052978515625
2.1401824951171875
2.21588134765625
2.3881378173828125
2.276599884033203
1.9756584167480469
2.2422828674316406
2.3235816955566406
2.302783966064453
2.187114715576172
2.0311050415039062
2.4144821166992188
2.2401885986328125
2.0630035400390625
2.5183372497558594
2.233715057373047
2.1138954162597656
2.148357391357422
2.2997169494628906
2.5426597595214844
2.6412010192871094
2.223438262939453
1.7389984130859375
2.477794647216797
1.9862480163574219
1.8134117126464844
1.9369163513183594
1.9523506164550781
2.5987014770507812
2.0980606079101562
2.042266845703125
1.8212127685546875
2.08984375
2.3225784301757812
2.2440452575683594
2.630657196044922
2.257354736328125
2.6252059936523438
2.0457725524902344
2.3295669555664062
2.1569595336914062
2.2101478576660156
1.8435897827148438
2.4733428955078125
2.2878379821777344
2.5981712341308594
2.6999473571777344
1.9903907775878906
1.9399375915527344
2.3334426879882812
2.214466094970703
2.1321144104003906
2.5514144897460938
2.1974754333496094
2.303020477294922
2.0488510131835938
2.2658119201660156
2.199798583984375
2.2193832397460938
2.0076332092285156
2.1212730407714844
2.5475730895996094
1.6875839233398438
2.3659400939941406
2.0243759155273438
2.51348876953125
2.273509979248047
2.3065834045410156
2.1165847778320312
2.166698455810547
1.9805259704589844
1.7810707092285156
1.8391838073730469
2.366363525390625
1.7246665954589844
2.3109054565429688
2.271881103515625
2.016155242919922
2.1087989807128906
2.326507568359375
1.8817329406738281
2.122222900390625
2.7101402282714844
1.75811767578125
1.9555740356445312
2.034473419189453
2.4948768615722656
1.9445457458496094
2.3877220153808594
2.0350189208984375
1.9130287170410156
1.970245361328125
2.5097923278808594
2.1764755249023438
2.0512771606445312
2.0789756774902344
2.21240234375
2.090648651123047
2.541057586669922
2.141742706298828
2.3520584106445312
1.772003173828125
2.1096343994140625
2.0412025451660156
2.4070777893066406
2.089935302734375
2.1601219177246094
2.0477981567382812
1.907470703125
2.126544952392578
2.0809974670410156
2.2278709411621094
1.8186416625976562
2.213653564453125
1.8830146789550781
1.4527244567871094
2.1704940795898438
2.026691436767578
2.0972137451171875
1.806549072265625
1.7545928955078125
2.2146453857421875
2.098613739013672
2.048694610595703
2.2317581176757812
1.4205055236816406
2.269817352294922
2.0787811279296875
1.9691810607910156
1.70880126953125
1.9189605712890625
2.1331787109375
2.466136932373047
2.2372207641601562
2.1839523315429688
