1.8429908752441406
1.7068290710449219
1.7725372314453125
1.5256690979003906
1.80084228515625
1.7284927368164062
1.4416389465332031
1.5156440734863281
1.72509765625
1.5398292541503906
1.5856781005859375
1.3580398559570312
1.869171142578125
1.7810630798339844
1.4216117858886719
1.5059013366699219
1.6808242797851562
1.5565681457519531
1.8641204833984375
1.5903282165527344
1.6738777160644531
1.5518569946289062
1.8996925354003906
1.8985633850097656
1.9027671813964844
1.7945899963378906
1.4659500122070312
1.7436485290527344
2.0379371643066406
1.8751029968261719
1.7383651733398438
1.7591400146484375
1.4518775939941406
1.9233665466308594
1.2912750244140625
1.7637138366699219
1.7864875793457031
1.9122390747070312
1.7944297790527344
1.8172531127929688
1.6928482055664062
1.5229606628417969
1.6152381896972656
1.7415428161621094
1.7433319091796875
2.0783233642578125
1.4999465942382812
1.9544563293457031
1.6475639343261719
1.5253944396972656
1.4415359497070312
1.4829597473144531
1.9054832458496094
1.7230987548828125
1.5321769714355469
1.7322578430175781
1.6983451843261719
1.6179161071777344
1.9241981506347656
2.0110740661621094
1.3455848693847656
1.5911064147949219
1.5253715515136719
1.5871734619140625
2.1982498168945312
2.045135498046875
2.2977294921875
1.5322952270507812
1.9821052551269531
1.3703422546386719
1.5073089599609375
1.389068603515625
1.9531974792480469
2.4857826232910156
1.6398963928222656
1.5975914001464844
1.8389625549316406
1.271881103515625
1.507537841796875
1.6527137756347656
1.6871376037597656
1.6330642700195312
2.1671600341796875
1.7898063659667969
1.5047683715820312
1.7152175903320312
2.0157814025878906
1.904327392578125
2.2882118225097656
1.7631988525390625
1.7168121337890625
2.0055694580078125
2.057464599609375
2.0096893310546875
1.3739509582519531
1.4752273559570312
1.5571060180664062
1.4380035400390625
1.615478515625
1.6053237915039062
1.8821449279785156
1.8384933471679688
1.3384780883789062
1.6067543029785156
1.3482780456542969
1.6051902770996094
1.9280853271484375
1.3390045166015625
1.5906753540039062
1.9131393432617188
1.7064018249511719
1.4158706665039062
1.6046676635742188
1.6101913452148438
2.05780029296875
1.6787796020507812
1.9268798828125
1.5054244995117188
1.6416358947753906
1.5565032958984375
2.2806549072265625
1.4483146667480469
1.169677734375
1.5560646057128906
1.9136695861816406
1.8930206298828125
1.8808670043945312
1.9035530090332031
1.7152061462402344
1.7543983459472656
2.0012779235839844
1.7641983032226562
2.3576278686523438
1.4757614135742188
1.5636177062988281
2.0476303100585938
1.8179435729980469
1.4122581481933594
1.3686790466308594
2.104625701904297
1.5581550598144531
2.0123291015625
1.6572685241699219
1.5782470703125
1.5581474304199219
1.5426177978515625
1.3821640014648438
1.66510009765625
1.746368408203125
1.7545967102050781
1.4709701538085938
1.4057960510253906
1.9438514709472656
1.4155921936035156
1.5518646240234375
1.4450912475585938
1.8782196044921875
1.4521331787109375
