6.869014739990234
6.312816619873047
7.032886505126953
6.568977355957031
6.926048278808594
6.394039154052734
6.576930999755859
6.199100494384766
6.5279541015625
6.418666839599609
7.010932922363281
5.974712371826172
6.694591522216797
6.808551788330078
6.768566131591797
7.104549407958984
6.105461120605469
6.5868072509765625
6.841114044189453
6.606998443603516
6.617618560791016
6.687404632568359
6.242546081542969
6.14984130859375
6.522071838378906
6.270782470703125
6.644981384277344
6.628135681152344
6.590827941894531
6.700588226318359
6.145500183105469
6.969917297363281
6.323326110839844
6.270069122314453
6.221584320068359
6.742240905761719
6.368862152099609
6.258319854736328
7.175533294677734
6.290191650390625
6.488529205322266
6.388397216796875
6.422885894775391
6.405185699462891
6.3643798828125
6.343151092529297
6.1591796875
7.072025299072266
6.142108917236328
6.4985198974609375
6.6808929443359375
6.470149993896484
6.728630065917969
6.432979583740234
6.835063934326172
6.297935485839844
6.332244873046875
6.609336853027344
6.343616485595703
6.61175537109375
6.431194305419922
6.759716033935547
6.496036529541016
6.289623260498047
6.064731597900391
6.604644775390625
6.6709747314453125
7.135139465332031
6.097698211669922
6.650184631347656
6.234039306640625
6.36651611328125
6.259834289550781
6.380290985107422
6.634624481201172
6.3853302001953125
6.575111389160156
6.392879486083984
6.732738494873047
6.745510101318359
6.482704162597656
6.296455383300781
6.500160217285156
6.237861633300781
6.585193634033203
6.683963775634766
6.31658935546875
6.548469543457031
6.6781768798828125
6.888572692871094
7.073139190673828
6.301799774169922
6.435516357421875
6.1805877685546875
6.602790832519531
668.814208984375
6.520641326904297
7.108242034912109
6.6558380126953125
6.447536468505859
6.1702728271484375
6.642982482910156
6.241497039794922
6.380699157714844
6.8100433349609375
6.428974151611328
6.7261199951171875
6.763454437255859
6.480018615722656
6.420345306396484
6.3364105224609375
6.686046600341797
6.7612762451171875
6.776451110839844
6.702686309814453
6.7250213623046875
6.1850738525390625
6.256443023681641
7.1037445068359375
6.519359588623047
6.373558044433594
6.771076202392578
6.817249298095703
6.404823303222656
6.412853240966797
6.520145416259766
6.394493103027344
6.439846038818359
6.829410552978516
6.6781768798828125
6.3107147216796875
6.3275909423828125
6.762805938720703
6.601890563964844
6.620738983154297
6.697792053222656
6.457500457763672
6.615940093994141
6.950111389160156
6.789878845214844
6.80877685546875
6.286090850830078
6.234130859375
6.248497009277344
6.373561859130859
6.012779235839844
6.587394714355469
6.353816986083984
6.759395599365234
6.670841217041016
6.6920013427734375
6.826942443847656
6.157855987548828
6.341361999511719
6.178424835205078
6.487552642822266
6.447658538818359
6.723545074462891
6.178749084472656
6.644950866699219
6.683422088623047
6.420864105224609
6.546398162841797
6.707836151123047
6.181674957275391
6.221591949462891
6.518779754638672
6.376918792724609
6.245555877685547
6.415031433105469
