0.5093574523925781
0.23171615600585938
0.3420982360839844
0.2791748046875
0.28643798828125
0.3834114074707031
0.2426300048828125
0.3489799499511719
0.3483772277832031
0.2469482421875
0.27066802978515625
0.36574554443359375
0.2501068115234375
0.200897216796875
0.3495750427246094
0.22249984741210938
0.273773193359375
0.22661590576171875
0.31417083740234375
0.3747138977050781
0.21273040771484375
0.2532157897949219
0.3271675109863281
0.25397491455078125
0.35198974609375
0.17497634887695312
739.26318359375
0.24148178100585938
0.33568572998046875
0.3224906921386719
0.2990531921386719
0.21457290649414062
0.3757171630859375
0.47658538818359375
0.26165771484375
0.2754364013671875
0.3315238952636719
0.5079612731933594
0.3217506408691406
0.2781410217285156
0.4635047912597656
0.21797561645507812
0.5687522888183594
0.23627853393554688
0.3317756652832031
0.22737884521484375
0.24849700927734375
0.2358856201171875
0.34869384765625
0.3346138000488281
0.4205818176269531
1168.946647644043
0.2773933410644531
0.43917083740234375
0.22099685668945312
0.459228515625
0.36019134521484375
0.22035598754882812
0.35291290283203125
0.3850135803222656
0.3434333801269531
0.2934837341308594
0.3821601867675781
0.2620201110839844
0.286773681640625
0.19573593139648438
0.3671607971191406
0.3856163024902344
0.4943122863769531
0.34874725341796875
0.2996406555175781
0.2889747619628906
0.2820587158203125
0.301849365234375
0.341522216796875
0.3231391906738281
0.3027381896972656
0.3238334655761719
0.24278640747070312
0.30517578125
0.22502517700195312
0.4445343017578125
0.3772926330566406
0.3002586364746094
0.215972900390625
0.28289794921875
0.2509918212890625
0.3032722473144531
0.35071563720703125
0.5394096374511719
0.2764244079589844
0.5313987731933594
0.27618408203125
0.43437957763671875
0.3040885925292969
0.2604942321777344
0.2549171447753906
0.37848663330078125
0.3805274963378906
0.4857902526855469
0.3098907470703125
0.3829689025878906
0.2689476013183594
0.6992759704589844
0.3027610778808594
0.40956878662109375
0.2884864807128906
0.4731712341308594
0.24069976806640625
0.3014259338378906
0.2609443664550781
0.36843109130859375
0.21898269653320312
0.24707412719726562
0.31688690185546875
0.263763427734375
0.32993316650390625
0.2979621887207031
0.27396392822265625
0.293182373046875
0.245758056640625
0.20453262329101562
0.262664794921875
0.3296699523925781
0.3430824279785156
0.3657035827636719
0.25339508056640625
0.2501869201660156
0.4622383117675781
0.2869758605957031
0.2996864318847656
0.2886009216308594
0.34236907958984375
0.198272705078125
0.2504234313964844
0.3946800231933594
0.3478813171386719
0.29357147216796875
0.2978668212890625
0.41263580322265625
0.44085693359375
0.32262420654296875
0.34356689453125
0.35144805908203125
0.31420135498046875
0.2878684997558594
0.22754287719726562
0.352020263671875
0.3552436828613281
0.23862838745117188
0.22439956665039062
