3.2980270385742188
3.184051513671875
3.2823257446289062
2.8901443481445312
3.3034934997558594
3.3939056396484375
3.4267005920410156
2.9185104370117188
3.2753372192382812
3.1834449768066406
3.839458465576172
3.1521759033203125
3.557891845703125
3.507183074951172
3.386333465576172
3.032135009765625
2.675769805908203
3.3690567016601562
3.4124183654785156
3.6768417358398438
3.1865158081054688
3.3450965881347656
3.3234901428222656
3.1640586853027344
3.395488739013672
3.374828338623047
3.2030563354492188
3.0569610595703125
3.2579917907714844
3.1583709716796875
3.3200302124023438
3.2062950134277344
3.1756553649902344
3.170074462890625
3.591552734375
2.9935150146484375
3.467914581298828
3.538494110107422
3.3859634399414062
3.55047607421875
3.1449203491210938
3.4067916870117188
3.765705108642578
2.877368927001953
3.490856170654297
3.9339370727539062
3.59283447265625
3.3751754760742188
3.380268096923828
3.395038604736328
3.2080154418945312
3.022655487060547
3.0206871032714844
3.9121360778808594
3.7120018005371094
3.301605224609375
2.855480194091797
3.6697654724121094
2.91375732421875
3.207244873046875
2.8533935546875
3.698413848876953
3.530712127685547
2.9699058532714844
3.6750106811523438
3.5045623779296875
3.6587181091308594
3.4651832580566406
3.537303924560547
3.1584739685058594
3.4528160095214844
3.3065185546875
2.9277305603027344
2.8769874572753906
3.361225128173828
3.131092071533203
3.3715362548828125
3.6919097900390625
3.2658843994140625
3.4825782775878906
2.922473907470703
3.850372314453125
3.2961883544921875
3.17822265625
2.8587875366210938
3.007183074951172
3.4846839904785156
3.22674560546875
3.4075050354003906
3.275299072265625
3.6003799438476562
3.5121726989746094
2.9859962463378906
3.1009292602539062
2.972137451171875
2.8041419982910156
3.512462615966797
2.889739990234375
3.6375350952148438
2.8430747985839844
3.717456817626953
3.2164878845214844
3.671741485595703
3.0908966064453125
3.8223190307617188
3.1346054077148438
2.910449981689453
2.8596534729003906
3.1052780151367188
3.303131103515625
3.2109031677246094
3.126434326171875
2.9048728942871094
3.2384605407714844
3.0307388305664062
3.1816673278808594
3.1692161560058594
3.066844940185547
2.641063690185547
3.4907493591308594
2.791107177734375
2.962177276611328
3.00390625
3.218841552734375
3.191242218017578
4.019512176513672
2.9754791259765625
2.987903594970703
3.3452796936035156
2.9829139709472656
3.487934112548828
4.044059753417969
3.324016571044922
3.3388404846191406
3.1564788818359375
3.4296722412109375
3.0476951599121094
3.507953643798828
3.2386627197265625
3.2675857543945312
3.0807723999023438
3.090740203857422
3.400054931640625
3.6238555908203125
3.4246368408203125
3.5126800537109375
3.6056671142578125
3.29095458984375
2.8944320678710938
3.252838134765625
3.1989402770996094
3.30340576171875
3.347614288330078
2.9365882873535156
3.1418380737304688
2.936298370361328
3.7236175537109375
3.7577857971191406
3.03631591796875
3.4256744384765625
3.5956764221191406
3.6207504272460938
3.4869651794433594
3.280902862548828
3.488292694091797
3.0820999145507812
3.111248016357422
