6.542121887207031
6.788932800292969
7.0760498046875
7.372066497802734
7.411796569824219
6.820636749267578
6.963504791259766
7.056140899658203
7.079799652099609
7.302497863769531
7.228557586669922
7.215141296386719
7.120792388916016
6.995685577392578
7.035259246826172
1863.1973037719727
7.5299835205078125
6.822509765625
7.128879547119141
7.157615661621094
6.7556915283203125
6.915382385253906
6.671642303466797
6.8851776123046875
6.640190124511719
7.087921142578125
6.85882568359375
6.981639862060547
7.269203186035156
6.792964935302734
6.5715789794921875
7.029457092285156
7.088108062744141
6.866722106933594
6.7282257080078125
6.579723358154297
7.240947723388672
7.4045867919921875
7.3301239013671875
6.845237731933594
7.107112884521484
6.988216400146484
6.923740386962891
7.163082122802734
6.949073791503906
7.464900970458984
7.4048004150390625
6.64434814453125
7.798809051513672
7.1214141845703125
7.154258728027344
7.105354309082031
6.854610443115234
6.9772186279296875
7.029117584228516
7.117698669433594
7.254741668701172
6.676582336425781
6.699466705322266
7.029712677001953
7.0774078369140625
7.358867645263672
7.300968170166016
7.025768280029297
6.803813934326172
7.035945892333984
6.4796600341796875
7.125904083251953
6.9899444580078125
6.809623718261719
6.887092590332031
6.905826568603516
6.78564453125
6.847419738769531
6.745124816894531
6.838245391845703
6.857837677001953
7.497211456298828
7.378795623779297
6.6874542236328125
6.713176727294922
7.275409698486328
7.67755126953125
6.770366668701172
7.131523132324219
6.606353759765625
7.065086364746094
6.812255859375
7.038898468017578
7.136466979980469
6.439464569091797
6.924549102783203
6.6421356201171875
6.681835174560547
7.257225036621094
7.243793487548828
6.524761199951172
7.088039398193359
6.913066864013672
7.005435943603516
7.051082611083984
7.160800933837891
6.967044830322266
6.621929168701172
6.813507080078125
7.312084197998047
6.912910461425781
6.825935363769531
6.9432830810546875
7.567470550537109
6.893928527832031
7.1136474609375
6.436981201171875
6.969577789306641
7.023624420166016
7.753929138183594
6.981800079345703
7.050823211669922
6.958503723144531
7.334049224853516
7.120624542236328
7.305061340332031
7.072444915771484
6.600425720214844
6.497112274169922
6.856822967529297
7.627265930175781
6.8706207275390625
7.347808837890625
6.730945587158203
7.018428802490234
7.156856536865234
6.980537414550781
7.203952789306641
7.131824493408203
7.140087127685547
6.6913299560546875
6.841278076171875
7.099422454833984
7.205875396728516
6.474002838134766
6.773887634277344
6.403167724609375
7.004173278808594
6.924720764160156
6.67681884765625
7.0841217041015625
6.964763641357422
6.910495758056641
6.986564636230469
6.847686767578125
6.863777160644531
6.896121978759766
6.839488983154297
7.084251403808594
7.077152252197266
6.67236328125
6.81439208984375
6.871700286865234
6.723899841308594
7.185291290283203
7.056888580322266
6.941074371337891
6.826557159423828
7.153675079345703
6.869564056396484
6.876689910888672
7.040332794189453
7.010467529296875
6.670375823974609
