6.9915618896484375
6.735462188720703
6.58660888671875
6.672325134277344
6.277729034423828
6.6591644287109375
6.076744079589844
6.715892791748047
6.368309020996094
6.124107360839844
6.862522125244141
6.505496978759766
6.480571746826172
6.829559326171875
6.640956878662109
6.802814483642578
6.1526641845703125
6.482921600341797
6.470851898193359
6.2287445068359375
6.411689758300781
6.874523162841797
6.794990539550781
6.426021575927734
6.4460296630859375
6.422004699707031
6.436927795410156
6.315738677978516
6.456790924072266
6.421318054199219
6.278644561767578
6.604278564453125
6.154270172119141
6.301200866699219
6.382251739501953
5.839298248291016
6.452800750732422
6.113761901855469
6.446830749511719
6.3199005126953125
6.265064239501953
6.212528228759766
6.440086364746094
6.765048980712891
6.633201599121094
6.634998321533203
6.295192718505859
6.167900085449219
6.421234130859375
6.554645538330078
6.774517059326172
6.419185638427734
6.265209197998047
6.300868988037109
6.720676422119141
6.147609710693359
6.332309722900391
6.5018463134765625
6.1637420654296875
6.23419189453125
6.576686859130859
6.07696533203125
6.516269683837891
6.2494354248046875
6.857341766357422
6.6173858642578125
6.821338653564453
6.181499481201172
6.451141357421875
6.7778472900390625
6.1420135498046875
6.755153656005859
6.569202423095703
6.4951934814453125
6.490020751953125
6.4752655029296875
6.903949737548828
6.905452728271484
5.882450103759766
6.047462463378906
6.034080505371094
6.559177398681641
6.5453033447265625
6.605903625488281
6.30340576171875
6.949726104736328
6.555809020996094
6.816616058349609
6.274242401123047
6.141811370849609
6.487640380859375
6.606479644775391
6.54217529296875
6.566375732421875
6.869911193847656
6.412845611572266
6.119411468505859
6.32763671875
6.940151214599609
6.640159606933594
6.9588775634765625
6.806358337402344
6.442302703857422
6.660923004150391
6.41131591796875
6.352878570556641
6.236667633056641
6.240596771240234
6.143344879150391
7.091529846191406
6.698326110839844
6.162879943847656
6.690422058105469
6.476428985595703
5.955589294433594
6.4040985107421875
5.901947021484375
6.498134613037109
7.06243896484375
6.848117828369141
6.031757354736328
6.178203582763672
5.949363708496094
6.117839813232422
6.635570526123047
6.492809295654297
7.182178497314453
6.054691314697266
6.257118225097656
6.558101654052734
6.426990509033203
6.974536895751953
6.798957824707031
6.706108093261719
6.439186096191406
6.470817565917969
6.42572021484375
7.109130859375
6.699886322021484
6.332080841064453
6.434761047363281
6.441089630126953
6.131839752197266
6.712669372558594
6.147533416748047
6.49725341796875
6.762805938720703
6.21875
6.457710266113281
6.709941864013672
6.762844085693359
6.5498199462890625
6.2001953125
6.453968048095703
6.417938232421875
6.035648345947266
6.5191802978515625
6.729297637939453
6.597785949707031
6.5831146240234375
6.829631805419922
6.895484924316406
6.668186187744141
6.411556243896484
6.4390411376953125
6.418586730957031
6.233806610107422
6.643951416015625
6.365589141845703
6.497562408447266
6.217601776123047
