5.5930023193359375
5.592338562011719
5.774879455566406
5.5198974609375
58.5386848449707
3.3078269958496094
5.468559265136719
5.806060791015625
5.556285858154297
5.172760009765625
5.176914215087891
5.188747406005859
5.944355010986328
5.794086456298828
5.721027374267578
4.8350372314453125
4.931705474853516
5.648521423339844
5.185146331787109
6.208721160888672
5.760921478271484
5.852630615234375
5.472320556640625
5.0946197509765625
5.731075286865234
5.308204650878906
5.362968444824219
5.6183013916015625
5.772632598876953
5.293037414550781
4.865821838378906
6.185977935791016
737.1839332580566
5.426582336425781
4.977352142333984
5.153804779052734
5.285369873046875
5.540378570556641
5.013599395751953
5.576904296875
5.989013671875
5.313629150390625
5.274753570556641
5.023712158203125
5.200321197509766
5.477195739746094
5.439521789550781
5.547183990478516
4.846080780029297
5.300556182861328
5.533973693847656
5.610279083251953
5.301990509033203
5.5841827392578125
5.223724365234375
5.538364410400391
5.567695617675781
5.292331695556641
1.0247383117675781
5.171966552734375
5.840492248535156
5.153720855712891
5.504505157470703
5.4070281982421875
5.663295745849609
5.387645721435547
5.784843444824219
5.729442596435547
5.328372955322266
5.108268737792969
4.865135192871094
4.956493377685547
5.261638641357422
5.357841491699219
5.2597198486328125
5.326324462890625
5.6042938232421875
5.296062469482422
5.449436187744141
5.586925506591797
5.106437683105469
5.856285095214844
5.489048004150391
0.010433197021484375
4.979831695556641
5.467460632324219
5.587249755859375
5.222545623779297
5.472900390625
5.382915496826172
5.653785705566406
5.093841552734375
3.592914581298828
5.478752136230469
5.013156890869141
5.422447204589844
5.631950378417969
5.405704498291016
5.757457733154297
5.569217681884766
5.24041748046875
5.364269256591797
5.299358367919922
5.301403045654297
5.645488739013672
5.217487335205078
5.2506103515625
5.493541717529297
5.4561767578125
5.844825744628906
5.959842681884766
5.685478210449219
4.995502471923828
5.318492889404297
5.711551666259766
5.244720458984375
5.456634521484375
5.186466217041016
5.376560211181641
5.716270446777344
5.69110107421875
5.810234069824219
5.267829895019531
5.58148193359375
4.71881103515625
5.9082183837890625
5.733379364013672
5.337047576904297
5.2662353515625
5.68194580078125
5.301166534423828
5.7410736083984375
5.608390808105469
5.347209930419922
5.616123199462891
5.370189666748047
5.229625701904297
5.647556304931641
5.363460540771484
5.101543426513672
5.594352722167969
5.1485137939453125
5.406627655029297
5.182991027832031
5.736484527587891
5.7237091064453125
5.388694763183594
5.210094451904297
5.940895080566406
5.377796173095703
6.017452239990234
5.660762786865234
5.750858306884766
5.455230712890625
5.633319854736328
5.840660095214844
5.731391906738281
5.568153381347656
