1140.7387161254883
2.7986717224121094
2.6618804931640625
2.349029541015625
2.7089805603027344
2.6922683715820312
2.679370880126953
2.530681610107422
2.564342498779297
2.780292510986328
3.234912872314453
2.831584930419922
2.798046112060547
2.4236412048339844
2.270679473876953
2.413433074951172
2.713756561279297
2.1066436767578125
2.4702796936035156
2.5054588317871094
2.567432403564453
2.612457275390625
2.8224945068359375
2.7072181701660156
2.4430389404296875
2.6951904296875
2.7242507934570312
2.6834449768066406
2.590435028076172
2.4454574584960938
2.7860565185546875
2.6513748168945312
2.3952903747558594
2.9471282958984375
2.6212615966796875
2.5764808654785156
2.4726028442382812
2.689922332763672
2.951648712158203
3.0529403686523438
2.6389389038085938
2.1311988830566406
2.9322547912597656
2.3693923950195312
2.2234573364257812
2.3857650756835938
2.3750572204589844
3.0192489624023438
2.498668670654297
2.370147705078125
2.2434463500976562
2.547107696533203
2.722728729248047
2.627147674560547
3.0245895385742188
2.6220130920410156
3.0856857299804688
2.4725303649902344
2.7566986083984375
2.54571533203125
2.643951416015625
2.238128662109375
2.9203643798828125
2.676525115966797
2.9984169006347656
3.233531951904297
2.3914833068847656
2.353534698486328
2.7824325561523438
2.6546401977539062
2.5417404174804688
3.0447959899902344
2.6656455993652344
2.721088409423828
2.4703903198242188
2.7153854370117188
2.5792884826660156
2.6708831787109375
2.4006004333496094
2.498371124267578
3.0411720275878906
2.015289306640625
2.7775192260742188
2.457977294921875
2.9034996032714844
2.7525978088378906
2.744476318359375
2.5080184936523438
2.5262794494628906
2.3956871032714844
2.1405181884765625
2.1946868896484375
2.7937355041503906
2.125804901123047
2.7651138305664062
2.6441688537597656
2.3335800170898438
2.5058517456054688
2.7106399536132812
2.343761444091797
2.4831314086914062
3.144153594970703
2.1458511352539062
2.3940505981445312
2.4547119140625
2.9357376098632812
2.384723663330078
2.786609649658203
2.4792556762695312
2.3077392578125
2.4131698608398438
2.940338134765625
2.6308326721191406
2.4406280517578125
2.4962539672851562
2.683788299560547
2.4453659057617188
2.99755859375
2.5528526306152344
2.748870849609375
2.1134567260742188
2.523448944091797
2.4513473510742188
2.8075942993164062
2.456501007080078
2.5367393493652344
2.415630340576172
2.264904022216797
2.5918655395507812
2.492206573486328
2.7121810913085938
2.2107276916503906
2.6744041442871094
2.2840538024902344
1.8014297485351562
2.546489715576172
2.446380615234375
2.505908966064453
2.1926612854003906
2.1564102172851562
2.610504150390625
2.5691909790039062
2.4621124267578125
2.6745872497558594
1.7933692932128906
2.652069091796875
2.4907073974609375
2.358226776123047
2.062877655029297
2.2751083374023438
2.5840377807617188
2.8802490234375
2.6170196533203125
2.6334381103515625
