5.146797180175781
5.3408966064453125
5.8099365234375
5.703662872314453
5.237174987792969
5.444862365722656
5.3568878173828125
5.250461578369141
4.798301696777344
5.295829772949219
4.9512786865234375
5.539920806884766
5.436614990234375
5.133575439453125
5.760814666748047
4.967014312744141
5.262168884277344
5.662837982177734
5.468723297119141
5.156147003173828
5.417572021484375
5.1487579345703125
4.629528045654297
5.485725402832031
5.3993377685546875
5.081630706787109
5.071327209472656
5.169147491455078
4.871788024902344
6.000892639160156
5.980838775634766
5.407184600830078
5.6716461181640625
5.259693145751953
4.897315979003906
6.236915588378906
5.435691833496094
4.897899627685547
5.180767059326172
6.025123596191406
5.9874725341796875
5.015262603759766
5.540180206298828
5.153877258300781
5.172370910644531
5.175621032714844
5.379070281982422
5.121837615966797
5.203712463378906
5.754474639892578
5.092006683349609
5.578163146972656
5.899616241455078
4.8279876708984375
5.241809844970703
5.322212219238281
5.034915924072266
5.508209228515625
5.887077331542969
5.333988189697266
5.472679138183594
5.210575103759766
5.447288513183594
5.232765197753906
5.833179473876953
5.326606750488281
5.345916748046875
5.6276092529296875
5.557060241699219
5.562534332275391
5.545444488525391
5.656444549560547
5.143360137939453
5.399738311767578
4.987827301025391
5.496959686279297
4.7284088134765625
6.31048583984375
5.151275634765625
5.5411224365234375
5.273006439208984
5.813846588134766
5.184146881103516
5.376575469970703
4.858989715576172
5.648433685302734
5.7150421142578125
5.528469085693359
5.598209381103516
5.363273620605469
5.493263244628906
5.330738067626953
5.488037109375
5.408336639404297
5.780353546142578
4.748554229736328
589.2941131591797
5.175952911376953
5.3643341064453125
5.348163604736328
5.067485809326172
5.828479766845703
4.8877410888671875
5.283599853515625
5.316761016845703
5.569599151611328
5.4359130859375
5.560302734375
4.918495178222656
5.322731018066406
5.433437347412109
5.3621826171875
5.165901184082031
5.025077819824219
5.569183349609375
5.435977935791016
5.382591247558594
5.644199371337891
5.457828521728516
5.325061798095703
5.115047454833984
5.690052032470703
5.739910125732422
5.965934753417969
5.340198516845703
5.607536315917969
5.583522796630859
5.565650939941406
4.816844940185547
5.740592956542969
5.920570373535156
5.4216156005859375
5.023845672607422
5.4168853759765625
5.324871063232422
5.386711120605469
5.7998046875
5.773834228515625
5.646984100341797
5.386116027832031
5.5737457275390625
5.6104888916015625
5.562015533447266
5.697944641113281
5.059261322021484
5.418407440185547
5.446281433105469
5.11688232421875
6.6021575927734375
5.414905548095703
5.205669403076172
5.5712890625
5.477046966552734
5.144359588623047
5.913974761962891
5.20635986328125
5.2470245361328125
5.831630706787109
5.489662170410156
5.715839385986328
5.4331512451171875
5.305427551269531
