6.474525451660156
5.709804534912109
5.927619934082031
6.419803619384766
5.9708404541015625
5.845481872558594
6.269676208496094
5.97589111328125
5.572990417480469
5.682281494140625
6.299900054931641
5.627983093261719
6.053958892822266
6.205959320068359
6.247566223144531
6.155391693115234
5.882839202880859
6.871978759765625
6.096290588378906
5.773994445800781
6.133075714111328
6.236949920654297
6.157726287841797
5.941425323486328
5.54931640625
5.919990539550781
5.994853973388672
6.194000244140625
6.0676422119140625
6.158237457275391
5.626102447509766
6.344932556152344
6.3176116943359375
5.892177581787109
6.33953857421875
6.21075439453125
6.171360015869141
6.247379302978516
5.834804534912109
6.084865570068359
6.302852630615234
6.035968780517578
5.767459869384766
5.917503356933594
6.3648681640625
5.6107940673828125
5.905853271484375
5.954872131347656
6.667728424072266
5.880805969238281
5.7881317138671875
6.404178619384766
6.333827972412109
5.5184783935546875
6.140846252441406
5.508754730224609
6.035858154296875
6.280750274658203
6.231101989746094
5.901378631591797
5.728221893310547
6.052803039550781
6.074821472167969
6.224285125732422
5.755947113037109
5.779182434082031
5.800971984863281
5.756927490234375
5.656711578369141
6.036159515380859
6.044971466064453
6.232089996337891
5.47723388671875
5.8997955322265625
5.701259613037109
5.801517486572266
5.805614471435547
6.009738922119141
5.880329132080078
6.023048400878906
5.911281585693359
6.2175750732421875
6.186725616455078
6.223876953125
6.025661468505859
6.079792022705078
5.797351837158203
5.915946960449219
6.065708160400391
6.599330902099609
6.740543365478516
5.772998809814453
6.1106109619140625
5.9180145263671875
6.133556365966797
5.702938079833984
5.895393371582031
6.35455322265625
6.27655029296875
6.356201171875
6.187889099121094
5.689952850341797
6.014762878417969
5.745166778564453
6.326023101806641
6.211875915527344
6.138568878173828
5.629489898681641
5.784824371337891
5.539608001708984
5.9368743896484375
6.018230438232422
5.935203552246094
6.090576171875
6.051593780517578
6.011402130126953
5.77001953125
6.078548431396484
6.045925140380859
5.691886901855469
6.622714996337891
5.749172210693359
6.078769683837891
5.884143829345703
5.642856597900391
6.081371307373047
6.2683258056640625
5.599063873291016
6.002689361572266
6.25335693359375
5.883716583251953
5.941745758056641
6.4022064208984375
5.925395965576172
5.94805908203125
6.129547119140625
6.644874572753906
5.691631317138672
5.777767181396484
6.254081726074219
5.920101165771484
5.808265686035156
5.912281036376953
6.172508239746094
6.171947479248047
5.832050323486328
5.897167205810547
6.136863708496094
5.986721038818359
6.3883819580078125
6.3073272705078125
6.205303192138672
5.815498352050781
5.899539947509766
5.7389678955078125
6.305671691894531
6.264331817626953
6.364147186279297
5.721809387207031
5.926567077636719
5.846931457519531
6.065399169921875
6.025432586669922
6.024082183837891
6.406406402587891
5.9068145751953125
5.565986633300781
6.781890869140625
