4.309017181396484
4.801361083984375
4.727569580078125
4.063556671142578
4.333858489990234
4.91571044921875
4.881153106689453
5.007316589355469
5.278434753417969
4.503704071044922
4.486293792724609
4.528068542480469
4.437946319580078
4.699466705322266
4.568687438964844
4.918605804443359
4.897727966308594
4.579868316650391
5.09185791015625
4.716636657714844
4.248386383056641
5.066303253173828
4.693992614746094
4.315486907958984
4.278964996337891
4.659870147705078
4.930118560791016
4.213981628417969
5.088386535644531
5.078521728515625
4.673309326171875
5.029853820800781
5.0550079345703125
4.5252685546875
4.911064147949219
4.662899017333984
4.911857604980469
5.283634185791016
5.174175262451172
4.3829803466796875
4.288402557373047
4.500743865966797
4.765220642089844
5.476116180419922
4.607753753662109
4.599063873291016
4.406158447265625
4.684085845947266
4.998195648193359
4.775608062744141
4.981468200683594
5.2958526611328125
4.936676025390625
5.018932342529297
4.667079925537109
4.439674377441406
4.5852508544921875
5.081356048583984
4.566108703613281
4.714099884033203
4.417896270751953
4.398460388183594
4.738609313964844
4.751228332519531
4.513362884521484
4.960395812988281
4.788372039794922
4.907680511474609
4.568813323974609
4.719043731689453
4.0719451904296875
5.205257415771484
4.483959197998047
4.5385894775390625
5.051464080810547
4.596443176269531
5.041450500488281
4.852813720703125
4.5122528076171875
4.864574432373047
4.801605224609375
4.776531219482422
4.713462829589844
4.691036224365234
4.3082733154296875
5.120891571044922
4.5659942626953125
5.265552520751953
4.496803283691406
4.804832458496094
4.586582183837891
4.903327941894531
4.9547119140625
4.838840484619141
4.401885986328125
5.285831451416016
4.958404541015625
4.4724578857421875
5.1582794189453125
4.924354553222656
4.879341125488281
4.566356658935547
4.883296966552734
4.528774261474609
4.707328796386719
4.713222503662109
4.571933746337891
5.1920623779296875
4.842151641845703
4.631046295166016
4.659976959228516
4.823772430419922
4.679401397705078
4.55438232421875
4.8012542724609375
4.291328430175781
4.972648620605469
5.166355133056641
4.532733917236328
4.952281951904297
4.133815765380859
4.607326507568359
4.758182525634766
4.802394866943359
5.054206848144531
4.678081512451172
4.76025390625
4.709705352783203
5.011516571044922
4.022380828857422
5.184352874755859
4.3014373779296875
4.868427276611328
4.570018768310547
4.994777679443359
4.004177093505859
4.551662445068359
4.482242584228516
4.368106842041016
4.502471923828125
4.559772491455078
4.736438751220703
4.571434020996094
5.047161102294922
4.508110046386719
4.809886932373047
4.726554870605469
4.4409027099609375
4.684814453125
4.102909088134766
4.239612579345703
4.725849151611328
4.610668182373047
4.555301666259766
4.665519714355469
4.997764587402344
4.271800994873047
4.307777404785156
4.772548675537109
4.824676513671875
4.4963836669921875
4.560039520263672
4.931972503662109
4.467998504638672
