6.750297546386719
6.669273376464844
7.238311767578125
6.427265167236328
6.666004180908203
6.414829254150391
6.381195068359375
6.455165863037109
6.056915283203125
6.806392669677734
6.56927490234375
6.378093719482422
6.477077484130859
6.309059143066406
6.502826690673828
6.7533111572265625
6.404964447021484
6.893058776855469
6.074470520019531
6.163421630859375
6.2155609130859375
6.449466705322266
6.400737762451172
6.595672607421875
6.541599273681641
6.633083343505859
6.3254547119140625
6.390300750732422
6.292522430419922
6.625408172607422
7.034671783447266
6.0411376953125
6.450798034667969
6.356601715087891
6.872570037841797
6.188129425048828
6.648811340332031
6.528781890869141
6.5369110107421875
6.528766632080078
5.889656066894531
6.4368743896484375
6.163688659667969
6.60693359375
6.315265655517578
6.194953918457031
7.303485870361328
6.6871337890625
7.033924102783203
6.293601989746094
6.845432281494141
6.248973846435547
6.3844757080078125
5.945945739746094
6.531452178955078
6.6483306884765625
6.364349365234375
6.289398193359375
6.4481658935546875
6.571147918701172
6.403362274169922
6.801300048828125
6.630165100097656
6.2341766357421875
6.1324005126953125
6.440467834472656
6.283321380615234
5.943229675292969
6.942283630371094
6.478984832763672
6.320518493652344
6.937808990478516
6.192253112792969
6.340736389160156
6.682392120361328
6.509437561035156
6.4580078125
6.550746917724609
6.027759552001953
6.386283874511719
6.7436065673828125
6.042240142822266
6.3333282470703125
7.027187347412109
6.5378265380859375
6.788581848144531
6.165027618408203
6.555980682373047
6.395164489746094
6.355373382568359
6.746776580810547
6.706581115722656
7.296276092529297
6.475505828857422
6.70159912109375
6.739368438720703
6.468681335449219
6.744903564453125
6.355903625488281
6.443534851074219
6.642570495605469
6.555667877197266
6.820644378662109
6.521465301513672
6.303974151611328
6.150115966796875
6.5951995849609375
7.072723388671875
6.8746337890625
6.847511291503906
7.372524261474609
6.618492126464844
6.411769866943359
6.380290985107422
6.649684906005859
6.168872833251953
6.458431243896484
6.736553192138672
6.416027069091797
6.2814788818359375
6.461277008056641
6.460929870605469
6.6279449462890625
6.684383392333984
6.272953033447266
6.555599212646484
6.509914398193359
6.6816253662109375
6.492740631103516
6.215755462646484
6.792594909667969
6.142177581787109
6.884975433349609
6.4969940185546875
6.895679473876953
6.636619567871094
6.595844268798828
6.063686370849609
6.370765686035156
5.982719421386719
6.242496490478516
6.781017303466797
6.300270080566406
6.489006042480469
7.0814361572265625
6.481876373291016
6.167995452880859
6.863407135009766
6.114532470703125
5.903430938720703
6.7408447265625
6.413108825683594
6.464748382568359
6.975105285644531
6.305522918701172
