1.764190673828125
1.3262596130371094
1138.4008140563965
1.9818763732910156
1.7676544189453125
1.6102066040039062
1.8486289978027344
1.8696212768554688
1.7720375061035156
1.6722259521484375
1.6426315307617188
1.8793144226074219
2.3520774841308594
1.8606681823730469
2.1468429565429688
1.5164527893066406
1.3995742797851562
1.6536407470703125
1.794708251953125
1.3441581726074219
1.5658683776855469
1.5728988647460938
1.6495819091796875
1.811737060546875
1.8457298278808594
1.7666740417480469
1.4942855834960938
1.7439460754394531
1.8892097473144531
1.8693733215332031
1.8113670349121094
1.603363037109375
1.9476509094238281
1.8301239013671875
1.692626953125
1.9943656921386719
1.8539390563964844
1.5807228088378906
1.7089729309082031
1.8138236999511719
2.0526046752929688
2.13360595703125
1.7179069519042969
1.3272056579589844
2.0269699096679688
1.5219764709472656
1.3662452697753906
1.4538726806640625
1.4911880493164062
2.0839080810546875
1.6868667602539062
1.6750106811523438
1.3989067077636719
1.6094856262207031
1.8954086303710938
1.8313751220703125
2.181957244873047
1.83203125
2.1116104125976562
1.621124267578125
1.8751220703125
1.734893798828125
1.6866340637207031
1.4069175720214844
1.9722251892089844
1.8292617797851562
2.1167526245117188
2.098255157470703
1.5408935546875
1.5220832824707031
1.8465728759765625
1.7286491394042969
1.6653823852539062
2.0388107299804688
1.6401405334472656
1.8585281372070312
1.5970230102539062
1.7562789916992188
1.7601852416992188
1.7699317932128906
1.5812416076660156
1.6915168762207031
2.0113182067871094
1.3505210876464844
1.9423027038574219
1.5483894348144531
2.0360984802246094
1.7220230102539062
1.8030166625976562
1.6598777770996094
1.6916313171386719
1.5447540283203125
1.4286079406738281
1.4198989868164062
1.9007797241210938
1.3367042541503906
1.8617362976074219
1.8884849548339844
1.6307373046875
1.7304267883300781
1.9038238525390625
1.4213829040527344
1.6996192932128906
2.1816329956054688
1.3733100891113281
1.4441642761230469
1.5968894958496094
2.0432510375976562
1.509765625
1.9538192749023438
1.5904045104980469
1.474639892578125
1.520904541015625
2.08056640625
1.6932106018066406
1.6146659851074219
1.6795387268066406
1.7237815856933594
1.7156105041503906
2.0644454956054688
1.66876220703125
1.8714218139648438
1.4162788391113281
1.62451171875
1.6062355041503906
1.9869194030761719
1.6854629516601562
1.7084312438964844
1.6015586853027344
1.5112991333007812
1.6588783264160156
1.6683540344238281
1.6875228881835938
1.39990234375
1.7373046875
1.4238357543945312
1.0734100341796875
1.7090415954589844
1.5889549255371094
1.6488571166992188
1.4282913208007812
1.3213729858398438
1.8369636535644531
1.5847892761230469
1.6193962097167969
1.6812629699707031
1.0501861572265625
1.8186302185058594
1.6074638366699219
1.5171394348144531
1.3059005737304688
1.5170135498046875
1.6343536376953125
1.9601249694824219
1.8046226501464844
1.7348403930664062
