0.9163398742675781
0.5586051940917969
0.6116752624511719
0.7057456970214844
0.46231842041015625
0.5434799194335938
0.6561737060546875
0.6027755737304688
0.45208740234375
0.5452384948730469
0.7167434692382812
0.4537696838378906
0.6198539733886719
0.6999053955078125
0.7584228515625
0.6470756530761719
0.753814697265625
0.5953903198242188
0.8771476745605469
0.5460128784179688
0.57379150390625
0.9472999572753906
0.8446083068847656
0.5142402648925781
0.4461708068847656
0.4951591491699219
0.6613998413085938
0.7598838806152344
0.8164787292480469
0.7617454528808594
0.6179733276367188
0.6093025207519531
0.6665115356445312
0.7468338012695312
0.6070327758789062
1.00775146484375
0.8420372009277344
0.587921142578125
0.8183937072753906
0.5279731750488281
0.7039413452148438
1.0212974548339844
0.647552490234375
0.5550804138183594
0.5785636901855469
0.6513938903808594
0.6075935363769531
0.5931015014648438
0.7113914489746094
0.6828384399414062
0.8098564147949219
0.6498908996582031
0.6750144958496094
0.5279464721679688
0.438873291015625
0.8118972778320312
0.5638771057128906
0.7044677734375
0.6706390380859375
0.6842803955078125
0.9955291748046875
0.6846961975097656
0.8355331420898438
0.8455696105957031
0.4816856384277344
0.5997772216796875
0.5194664001464844
0.6736259460449219
0.52105712890625
0.7964630126953125
0.4498939514160156
1.0024871826171875
0.5153274536132812
0.6363639831542969
0.5742073059082031
0.4981269836425781
0.9150657653808594
0.6286659240722656
0.6330184936523438
0.6990242004394531
1.0174293518066406
0.6176910400390625
0.7927970886230469
0.80963134765625
0.6893386840820312
0.603973388671875
0.7558746337890625
0.5528755187988281
0.5966148376464844
0.872161865234375
0.5036582946777344
0.8483352661132812
0.5505943298339844
0.5902481079101562
0.6985511779785156
0.4718589782714844
0.728790283203125
0.629119873046875
0.5966835021972656
0.5226898193359375
0.593658447265625
0.8862800598144531
0.6129608154296875
0.9190292358398438
0.5798606872558594
0.5662269592285156
0.8804702758789062
0.7082939147949219
0.7786865234375
0.7722320556640625
0.6380424499511719
0.6700668334960938
0.7772789001464844
0.39129638671875
0.9902496337890625
0.6812400817871094
0.6865997314453125
0.5382156372070312
0.6599693298339844
0.4706687927246094
0.6518745422363281
0.5988121032714844
0.6630401611328125
0.4898643493652344
0.5402297973632812
0.7080116271972656
0.7062950134277344
0.8845748901367188
0.6841201782226562
1.0225791931152344
0.8063468933105469
0.4838142395019531
0.5401382446289062
0.44768524169921875
0.51470947265625
0.7311630249023438
0.6937370300292969
0.6268882751464844
0.777313232421875
0.5971946716308594
0.6096878051757812
0.6171226501464844
0.5968437194824219
0.7254791259765625
0.7315444946289062
0.6730690002441406
0.9514122009277344
0.46671295166015625
