2.2430877685546875
2.1361007690429688
2.5814743041992188
3.4390525817871094
2.2602081298828125
2.4436988830566406
2.7227935791015625
2.832683563232422
2.746917724609375
2.2724761962890625
2.4154090881347656
2.3272476196289062
2.5118675231933594
2.8233489990234375
2.7339324951171875
2.503376007080078
2.9133071899414062
2.739288330078125
2.3199195861816406
2.2152671813964844
2.1879119873046875
2.627288818359375
2.4328269958496094
2.2328567504882812
2.40533447265625
2.912403106689453
2.574237823486328
2.6536178588867188
2.353710174560547
3.2083396911621094
2.5776901245117188
2.794036865234375
2.5867958068847656
3.0430984497070312
2.750072479248047
2.8822021484375
2.7847747802734375
2.4494705200195312
2.496593475341797
2.600757598876953
2.2758636474609375
2.5004806518554688
2.635852813720703
2.3200912475585938
2.4818801879882812
2.7530899047851562
2.3904571533203125
2.9643707275390625
2.5079498291015625
2.6889305114746094
2.4613685607910156
2.7947959899902344
2.2996482849121094
2.3906173706054688
2.3719253540039062
2.6008682250976562
2.4632492065429688
2.439228057861328
2.376201629638672
2.9335784912109375
2.4975738525390625
2.5362281799316406
2.713897705078125
2.9468116760253906
2.043407440185547
2.1426353454589844
2.7127761840820312
2.0991287231445312
2.3529014587402344
2.2973251342773438
2.790355682373047
2.6142311096191406
2.59246826171875
2.6690406799316406
2.1634864807128906
2.643138885498047
2.5049171447753906
3.2174339294433594
2.3537216186523438
2.5290451049804688
2.4373130798339844
2.2118797302246094
2.5557594299316406
2.6098480224609375
2.4576416015625
2.5145263671875
2.2724571228027344
2.1784324645996094
2.8200607299804688
2.5575637817382812
2.81646728515625
2.8902435302734375
2.9131393432617188
2.638336181640625
2.4975318908691406
2.6258888244628906
2.8964271545410156
2.972309112548828
2.439990997314453
2.3033180236816406
2.5923614501953125
2.8635940551757812
2.8217811584472656
3.1446914672851562
2.400440216064453
2.2413597106933594
2.8288650512695312
2.4658279418945312
2.513744354248047
2.167552947998047
2.5916290283203125
2.6340789794921875
2.4555740356445312
2.5942764282226562
2.6043128967285156
2.5139541625976562
2.8158836364746094
3.1720352172851562
2.6064720153808594
2.7046127319335938
2.364513397216797
2.2513809204101562
2.464397430419922
2.4809951782226562
3.3128929138183594
2.474040985107422
2.5736427307128906
2.673969268798828
2.4855804443359375
3.0605392456054688
2.840435028076172
2.835277557373047
2.758533477783203
2.4770584106445312
2.4573593139648438
3.092987060546875
2.4818992614746094
2.604419708251953
2.3001060485839844
3.6646080017089844
2.6668663024902344
2.431610107421875
2.2734298706054688
2.503925323486328
2.1107406616210938
2.3924789428710938
2.381732940673828
2.2303466796875
3.1079750061035156
2.5829238891601562
2.609893798828125
2.5645408630371094
2.475208282470703
2.423675537109375
3.265380859375
2.634899139404297
2.7386436462402344
2.6683578491210938
2.3387603759765625
