6.286647796630859
5.686012268066406
6.346870422363281
5.919944763183594
5.891178131103516
6.817420959472656
5.415435791015625
5.913166046142578
5.899688720703125
5.908329010009766
6.2694854736328125
5.990364074707031
6.043792724609375
6.478057861328125
5.769264221191406
6.181243896484375
5.923435211181641
6.220314025878906
5.780372619628906
5.752651214599609
5.639949798583984
6.102069854736328
5.415218353271484
6.002979278564453
6.114398956298828
6.104827880859375
5.920539855957031
6.242931365966797
6.127094268798828
6.257793426513672
5.976268768310547
5.987308502197266
6.397846221923828
5.931846618652344
6.4232025146484375
6.214286804199219
6.364635467529297
6.080760955810547
5.711467742919922
5.814250946044922
5.943115234375
5.695072174072266
5.881160736083984
5.783092498779297
5.503566741943359
5.8333587646484375
5.8869781494140625
6.324840545654297
5.718528747558594
6.415584564208984
6.820705413818359
6.303936004638672
5.8670806884765625
5.776634216308594
6.059978485107422
6.068668365478516
6.368213653564453
5.7596588134765625
6.455085754394531
5.7119903564453125
6.550048828125
5.776576995849609
6.045368194580078
6.205165863037109
5.835247039794922
6.297767639160156
6.166500091552734
6.37872314453125
6.076267242431641
5.76312255859375
6.207763671875
6.262886047363281
5.9445953369140625
5.968006134033203
6.073917388916016
5.691417694091797
5.8478851318359375
5.690753936767578
6.137607574462891
5.9019927978515625
5.740455627441406
5.542045593261719
6.2140350341796875
6.179046630859375
6.211032867431641
6.281444549560547
5.8092498779296875
5.909156799316406
6.359287261962891
6.174160003662109
5.756267547607422
5.619964599609375
5.945064544677734
6.288021087646484
6.511146545410156
6.395603179931641
6.149871826171875
5.936443328857422
6.150814056396484
5.586284637451172
5.970531463623047
5.725490570068359
6.107337951660156
6.160369873046875
6.127143859863281
5.945728302001953
6.319969177246094
5.8760528564453125
6.095043182373047
6.517902374267578
5.971160888671875
5.8776092529296875
6.025276184082031
5.621864318847656
5.8826904296875
6.182323455810547
6.222389221191406
5.606693267822266
6.610527038574219
5.802268981933594
5.89068603515625
5.767299652099609
6.055431365966797
6.398735046386719
5.775978088378906
6.029148101806641
6.106197357177734
5.986255645751953
5.82073974609375
5.813323974609375
5.998645782470703
5.670539855957031
5.563148498535156
5.9424285888671875
5.830085754394531
6.058540344238281
6.005321502685547
6.005718231201172
6.597389221191406
5.606410980224609
5.628147125244141
5.740570068359375
5.762763977050781
5.241382598876953
6.070957183837891
6.0676422119140625
5.929039001464844
5.821186065673828
5.889774322509766
6.322502136230469
5.891101837158203
5.320728302001953
5.8509979248046875
6.086292266845703
5.5257110595703125
6.415691375732422
6.590538024902344
6.255138397216797
6.049816131591797
5.894500732421875
5.822868347167969
6.086139678955078
5.919734954833984
5.6761474609375
5.811241149902344
5.916385650634766
5.950916290283203
6.139488220214844
