0.3451385498046875
0.2733917236328125
0.4773101806640625
0.23682022094726562
0.31365203857421875
0.4942207336425781
0.3001670837402344
0.216796875
0.30780029296875
0.20241546630859375
0.19166183471679688
0.34648895263671875
0.3219184875488281
0.5424041748046875
0.19908523559570312
0.3683204650878906
0.24420547485351562
0.5525741577148438
0.4116668701171875
0.30849456787109375
0.36119842529296875
0.3809089660644531
0.37569427490234375
0.6626091003417969
0.4343605041503906
0.25730133056640625
0.40228271484375
0.3039588928222656
0.4686546325683594
0.1739501953125
0.4927406311035156
0.22639846801757812
0.31047821044921875
0.24889373779296875
0.3445281982421875
0.4116630554199219
0.19239044189453125
0.37720489501953125
0.3121757507324219
0.22167205810546875
0.5312690734863281
0.2656135559082031
0.2880973815917969
0.24648284912109375
0.27581024169921875
0.30922698974609375
0.41710662841796875
0.21861648559570312
0.24836349487304688
0.3275413513183594
0.2835693359375
0.2757911682128906
0.3917579650878906
0.2679901123046875
0.2652091979980469
0.4459724426269531
0.34173583984375
0.3384361267089844
0.3501396179199219
0.308685302734375
0.23964691162109375
0.3278694152832031
0.21282196044921875
0.23772430419921875
0.23908615112304688
0.7678909301757812
0.3656883239746094
0.41013336181640625
0.2773475646972656
0.4621620178222656
0.2761497497558594
0.3698463439941406
0.20668792724609375
0.3881263732910156
0.4088554382324219
0.2387847900390625
0.3885002136230469
0.38210296630859375
0.4136009216308594
0.18373489379882812
0.3497505187988281
0.2832450866699219
0.43283843994140625
0.20726394653320312
612.4770126342773
0.313720703125
0.2512664794921875
0.3023643493652344
0.28316497802734375
0.3769989013671875
0.22409439086914062
0.2862548828125
0.4168205261230469
0.2501640319824219
0.31252288818359375
0.2679481506347656
0.2077789306640625
0.3568077087402344
0.3295478820800781
0.25693511962890625
0.2954750061035156
0.20200729370117188
0.21396636962890625
0.317962646484375
0.3533897399902344
0.5227203369140625
0.38140106201171875
0.23067092895507812
0.22467803955078125
0.3280067443847656
0.33649444580078125
0.41066741943359375
0.3268318176269531
0.5042076110839844
0.3153266906738281
0.4263725280761719
0.24210739135742188
0.26031494140625
0.5487480163574219
0.26959228515625
0.24445724487304688
0.3812408447265625
0.2384796142578125
0.35418701171875
0.24937820434570312
0.25611114501953125
0.4074249267578125
0.2956352233886719
0.40789031982421875
0.34967803955078125
0.24586105346679688
0.4938201904296875
0.24874496459960938
0.3074607849121094
0.3318443298339844
0.4853630065917969
0.5234794616699219
0.2567253112792969
0.24642562866210938
0.4272308349609375
0.3752250671386719
0.2500190734863281
0.4640846252441406
0.31961822509765625
0.3394279479980469
0.2907447814941406
0.25628662109375
0.303619384765625
0.35761260986328125
0.28244781494140625
