1.8751296997070312
2.341869354248047
1.8040580749511719
211.65161895751953
2.643798828125
2.2732620239257812
2.3318939208984375
2.4406051635742188
2.0457763671875
2.6054763793945312
2.3848304748535156
2.3225059509277344
1.9577484130859375
2.234996795654297
2.3843421936035156
2.049407958984375
2.254810333251953
1.9408798217773438
2.475910186767578
1.6143302917480469
1.9771766662597656
2.2850494384765625
2.4415130615234375
1.80120849609375
2.164409637451172
2.0791969299316406
2.0891990661621094
1.8488349914550781
2.3715896606445312
2.300609588623047
1.8231697082519531
1.8893013000488281
2.2761459350585938
2.302013397216797
1.8677177429199219
2.202869415283203
2.3692169189453125
2.2155609130859375
2.1571006774902344
2.0442161560058594
2.1458053588867188
2.0011863708496094
2.1248321533203125
1.90606689453125
1.9578514099121094
2.1138267517089844
2.315704345703125
2.2240257263183594
2.0034255981445312
1.7315711975097656
2.285289764404297
1.8977432250976562
2.3642616271972656
2.0379371643066406
2.1357421875
2.0953826904296875
2.598907470703125
1.7783088684082031
2.300140380859375
2.362712860107422
2.2490158081054688
2.496105194091797
2.0063438415527344
1.7184829711914062
2.2011375427246094
1.886444091796875
2.1118125915527344
2.5507774353027344
2.5223388671875
1.9916839599609375
2.378093719482422
2.0229225158691406
1.5700950622558594
2.1002159118652344
2.378681182861328
2.3091354370117188
2.3863296508789062
2.264301300048828
2.1491661071777344
1.9509735107421875
2.3622360229492188
2.016876220703125
1.7662696838378906
2.007781982421875
2.319690704345703
2.065929412841797
2.0026092529296875
2.1034278869628906
1.7208633422851562
1.8067817687988281
2.1528396606445312
2.4983482360839844
2.4292068481445312
2.7764205932617188
1.764190673828125
2.280323028564453
2.1370010375976562
2.0693435668945312
2.0321121215820312
2.592029571533203
2.1579017639160156
2.4187698364257812
2.399097442626953
1.7943267822265625
1.7365798950195312
2.1274986267089844
1.9973564147949219
2.3143386840820312
2.0387420654296875
2.004669189453125
2.2604598999023438
1.8525581359863281
2.0250625610351562
2.2041778564453125
2.2788047790527344
1.9509201049804688
2.153461456298828
2.334747314453125
2.282215118408203
2.31353759765625
1.8474159240722656
1.9157524108886719
2.0984840393066406
2.5641021728515625
2.454631805419922
2.4004135131835938
2.4226150512695312
1.8725776672363281
2.1475753784179688
1.6946945190429688
2.131305694580078
2.371845245361328
2.0223312377929688
1.8899345397949219
2.589824676513672
2.0013999938964844
2.4583053588867188
1.7937774658203125
2.111907958984375
2.745319366455078
2.0500640869140625
2.028148651123047
2.310333251953125
2.2682151794433594
1.7760047912597656
2.5487403869628906
2.4488906860351562
2.3996734619140625
2.2531166076660156
2.0901145935058594
2.3036422729492188
2.1538619995117188
2.538623809814453
2.3082313537597656
2.1209373474121094
2.2820205688476562
2.067920684814453
1.9925765991210938
