6.69622802734375
6.424762725830078
7.095722198486328
6.581871032714844
6.3997802734375
6.408878326416016
6.317436218261719
6.8057098388671875
6.579669952392578
6.508636474609375
6.1735687255859375
6.456169128417969
6.134662628173828
7.1457977294921875
6.609737396240234
6.868400573730469
6.699710845947266
6.248374938964844
6.3382110595703125
5.927833557128906
6.748008728027344
6.650119781494141
7.149600982666016
6.329822540283203
6.6139373779296875
6.79522705078125
6.356098175048828
6.544651031494141
6.410499572753906
6.612125396728516
6.508735656738281
6.506916046142578
6.469871520996094
6.501029968261719
6.408718109130859
6.3585968017578125
6.6078033447265625
6.666561126708984
6.161586761474609
6.645843505859375
6.631626129150391
6.562549591064453
6.952243804931641
6.580833435058594
6.960716247558594
6.700798034667969
6.260250091552734
6.549278259277344
6.896900177001953
6.720539093017578
6.560401916503906
6.917732238769531
6.690364837646484
6.676006317138672
6.1359405517578125
6.173442840576172
6.7675018310546875
7.190757751464844
6.547210693359375
6.153221130371094
6.68756103515625
6.182243347167969
6.393596649169922
6.153034210205078
6.988391876220703
6.846553802490234
6.364501953125
6.900669097900391
6.522548675537109
6.92034912109375
6.5657196044921875
6.6084747314453125
6.496978759765625
6.805934906005859
6.583057403564453
6.088386535644531
6.369701385498047
6.660671234130859
6.448772430419922
6.421207427978516
6.683139801025391
6.490444183349609
6.78460693359375
6.177513122558594
7.111118316650391
6.584068298339844
6.198902130126953
6.077789306640625
6.315422058105469
6.792194366455078
6.741127014160156
6.768699645996094
6.769828796386719
7.00091552734375
6.788818359375
6.195098876953125
6.456279754638672
6.250160217285156
6.048683166503906
6.730979919433594
6.0202789306640625
6.758796691894531
6.132984161376953
7.007442474365234
6.359218597412109
6.867485046386719
6.5505828857421875
7.115039825439453
6.529045104980469
6.183574676513672
6.125568389892578
6.534305572509766
6.574024200439453
6.6887359619140625
6.515285491943359
6.28826904296875
6.478786468505859
6.418708801269531
6.6411590576171875
6.4104156494140625
6.324718475341797
5.9333343505859375
6.508628845214844
6.1622772216796875
6.37420654296875
6.348697662353516
6.326137542724609
6.507213592529297
7.0317840576171875
6.249382019042969
6.112598419189453
6.550163269042969
6.425666809082031
6.822349548339844
7.269561767578125
6.450107574462891
6.491249084472656
6.4928741455078125
6.6921539306640625
6.214359283447266
6.9475860595703125
6.435905456542969
6.599048614501953
6.498012542724609
6.264640808105469
6.621337890625
6.969215393066406
6.822364807128906
6.829998016357422
6.661083221435547
6.491176605224609
6.266410827636719
6.432712554931641
6.402256011962891
6.448520660400391
6.51934814453125
6.437892913818359
6.213157653808594
6.448371887207031
6.993740081787109
7.0084381103515625
6.395565032958984
6.728473663330078
6.929695129394531
6.859630584716797
6.960582733154297
6.440013885498047
6.843048095703125
6.4285888671875
6.588298797607422
