3.372234344482422
2.5212554931640625
3.2245216369628906
3.0982437133789062
2100.4449501037598
3.3543663024902344
2.8014907836914062
2.54302978515625
3.061065673828125
2.7331924438476562
3.3287811279296875
2.9980735778808594
2.9687728881835938
3.3647422790527344
3.06024169921875
2.9141769409179688
3.393360137939453
2.275684356689453
3.2784423828125
3.0115928649902344
2.852924346923828
2.9294204711914062
3.406383514404297
3.016773223876953
2.798259735107422
2.7822723388671875
3.0558395385742188
2.905109405517578
2.7852821350097656
2.7288856506347656
3.0882530212402344
2.2953720092773438
2.9241256713867188
2.8049888610839844
3.0959815979003906
2.5466842651367188
3.018749237060547
3.675079345703125
3.4110641479492188
3.1311111450195312
3.244029998779297
3.1608047485351562
3.201702117919922
2.606353759765625
3.0578651428222656
2.697185516357422
3.1362953186035156
2.861186981201172
2.802143096923828
2.706806182861328
2.845447540283203
3.1750411987304688
2.8669967651367188
2.8710708618164062
3.5388336181640625
2.6666793823242188
3.027355194091797
3.1015357971191406
2.7100563049316406
2.865154266357422
2.539691925048828
2.548553466796875
3.310230255126953
2.7233619689941406
3.0246009826660156
3.022663116455078
3.0190277099609375
2.6935462951660156
3.445240020751953
2.889507293701172
3.0050811767578125
2.6585159301757812
2.7107086181640625
2.7810897827148438
2.666584014892578
2.9648399353027344
3.008220672607422
2.967975616455078
2.4889488220214844
3.083629608154297
2.9109153747558594
2.600444793701172
3.015972137451172
2.958942413330078
3.037433624267578
3.573680877685547
3.339092254638672
3.061992645263672
2.86859130859375
2.801807403564453
2.9564208984375
3.1841659545898438
2.71234130859375
2.9188003540039062
3.136394500732422
3.3032379150390625
3.542217254638672
2.8352508544921875
2.6049270629882812
2.5652122497558594
2.8985137939453125
2.8972244262695312
2.984050750732422
3.023395538330078
2.7267189025878906
2.439655303955078
3.1593093872070312
2.4163360595703125
2.8308448791503906
2.7319984436035156
3.2109451293945312
3.1365966796875
2.7891693115234375
3.216480255126953
3.2139968872070312
3.1224899291992188
2.857818603515625
2.8490676879882812
2.828777313232422
3.1898345947265625
2.876476287841797
2.9054336547851562
3.1456146240234375
2.6278114318847656
3.2160606384277344
2.974712371826172
2.7859764099121094
2.8694686889648438
2.7709922790527344
3.1263656616210938
2.354236602783203
2.490306854248047
2.865680694580078
2.718372344970703
2.7401390075683594
2.7690811157226562
2.8790206909179688
2.9076461791992188
2.8735504150390625
3.1813888549804688
3.289020538330078
2.771533966064453
2.7736282348632812
3.3305587768554688
3.0472946166992188
3.024505615234375
3.205669403076172
2.8767471313476562
2.6242103576660156
3.102771759033203
3.1569061279296875
3.021472930908203
3.1353225708007812
2.83331298828125
3.0004959106445312
3.136127471923828
2.906585693359375
2.763042449951172
2.9761734008789062
