2.376239776611328
2.3113746643066406
2.1173439025878906
2.2310562133789062
1.9417457580566406
2.234424591064453
2.250690460205078
1.8890228271484375
1.9377593994140625
2.2196693420410156
1.95391845703125
2.0261993408203125
1.7692947387695312
2.3193740844726562
2.25994873046875
1.8783302307128906
1.8708114624023438
2.150257110595703
2.0356216430664062
2.320049285888672
2.0388450622558594
2.142200469970703
1.9721870422363281
2.3374595642089844
2.3019485473632812
2.4099769592285156
2.348285675048828
1.8351287841796875
2.206329345703125
2.510955810546875
2.3572044372558594
2.2192001342773438
2.199108123779297
1.875762939453125
2.338226318359375
1.6744766235351562
2.1591110229492188
2.2350502014160156
2.3738136291503906
2.249603271484375
2.3236846923828125
2.166461944580078
1.8869895935058594
2.0768356323242188
2.1864089965820312
2.234485626220703
2.5711135864257812
1.9874610900878906
2.4098739624023438
2.1615524291992188
1.9728126525878906
1.9097518920898438
1.8916435241699219
2.4549484252929688
2.1684646606445312
1.9139404296875
2.1066246032714844
2.151660919189453
2.1178627014160156
2.3708763122558594
2.401103973388672
1.7440376281738281
2.059101104736328
2.0442237854003906
2.0365753173828125
2.6749114990234375
2.453510284423828
2.811992645263672
1.9492454528808594
2.4758567810058594
1.8214492797851562
1.8900260925292969
1.8219490051269531
2.4048004150390625
3.00439453125
2.093494415283203
2.0259475708007812
2.2721633911132812
1.6929206848144531
1.941253662109375
2.147510528564453
2.1912155151367188
2.119659423828125
2.602733612060547
2.232330322265625
1.9482040405273438
2.161884307861328
2.584522247314453
2.3940086364746094
2.706745147705078
2.1972198486328125
2.215167999267578
2.54205322265625
2.564922332763672
2.3379669189453125
1.7748603820800781
1.8777275085449219
2.046459197998047
1.8884353637695312
2.025745391845703
1.9581222534179688
2.4021835327148438
2.3171920776367188
1.674652099609375
2.027080535888672
1.8270072937011719
2.062511444091797
2.3517799377441406
1.7706184387207031
1.9633827209472656
2.2810707092285156
2.072010040283203
1.82257080078125
2.0104217529296875
2.105937957763672
2.4906005859375
2.0749778747558594
2.4389381408691406
1.910858154296875
2.052173614501953
1.9809646606445312
2.764720916748047
1.907318115234375
1.5792694091796875
1.9586067199707031
2.4681739807128906
2.324176788330078
2.316741943359375
2.280792236328125
2.224437713623047
2.2058067321777344
2.5466270446777344
2.2321624755859375
2.8046875
1.85595703125
2.0272445678710938
2.6975135803222656
2.2450714111328125
1.8503227233886719
1.7910194396972656
2.5379486083984375
1.9189338684082031
2.474956512451172
2.097431182861328
1.9994697570800781
1.945587158203125
1.9278717041015625
1.8382492065429688
2.1978836059570312
2.247325897216797
2.214832305908203
1.8703994750976562
1.8172035217285156
2.2924232482910156
1.8194503784179688
2.024127960205078
1.8711357116699219
2.361175537109375
1.8433609008789062
