3.0218505859375
2.795276641845703
3.6311569213867188
3.50054931640625
2.9080963134765625
2.8387832641601562
3.2275543212890625
4.153690338134766
2.9901466369628906
3.126842498779297
3.534778594970703
3.5258331298828125
3.4993209838867188
2.9941940307617188
3.1216583251953125
3.103130340576172
3.173187255859375
3.5843276977539062
3.3846092224121094
3.344879150390625
3.702648162841797
3.520587921142578
2.993785858154297
2.892425537109375
2.8980712890625
3.3874969482421875
3.215831756591797
2.9840469360351562
3.197113037109375
3.716350555419922
3.3993186950683594
3.3323097229003906
3.068584442138672
3.939605712890625
3.2535362243652344
3.4540939331054688
3.303913116455078
3.7206497192382812
3.4101638793945312
3.511383056640625
3.4992446899414062
3.134052276611328
3.126697540283203
3.3595619201660156
3.0227279663085938
3.1894607543945312
3.374744415283203
2.998554229736328
3.1202964782714844
3.4054794311523438
3.1464920043945312
3.787425994873047
3.3071365356445312
3.6021728515625
3.283527374267578
3.5325889587402344
3.0912132263183594
3.1815528869628906
3.123401641845703
3.364238739013672
3.2251739501953125
3.1095848083496094
3.135051727294922
3.5697364807128906
3.1380844116210938
3.323802947998047
3.4006919860839844
3.6408653259277344
2.745330810546875
2.8707046508789062
3.496044158935547
2.7910118103027344
3.1170196533203125
3.004535675048828
3.4671287536621094
3.2707176208496094
3.4298095703125
3.41412353515625
2.8596572875976562
3.393230438232422
3.2181777954101562
3.903636932373047
3.0998001098632812
3.248279571533203
3.2071495056152344
2.969146728515625
3.2881240844726562
3.2623023986816406
3.137287139892578
3.2645187377929688
2.9185104370117188
2.8371734619140625
3.4515342712402344
3.347808837890625
3.5484848022460938
3.6427001953125
3.6199913024902344
3.3578643798828125
3.19940185546875
3.3156814575195312
3.596210479736328
3.7062721252441406
3.1082191467285156
3.0627212524414062
3.3955421447753906
3.625812530517578
3.522083282470703
3.7988243103027344
3.1383438110351562
2.946575164794922
3.6371917724609375
3.137767791748047
3.238727569580078
2.8655052185058594
3.3440589904785156
3.3586807250976562
3.183135986328125
3.3115997314453125
3.2863807678222656
3.2089004516601562
3.697906494140625
3.8566055297851562
3.3129501342773438
3.3623123168945312
3.0825347900390625
2.9660072326660156
3.1565818786621094
3.195568084716797
4.1080780029296875
3.1885147094726562
3.2724456787109375
3.4321632385253906
3.3016624450683594
3.67242431640625
3.59820556640625
3.4974021911621094
3.5231285095214844
3.1058807373046875
3.1372604370117188
3.7679710388183594
3.175537109375
3.364898681640625
2.9782752990722656
4.288898468017578
3.4166641235351562
3.149188995361328
3.0432281494140625
3.3616790771484375
2.8557510375976562
3.1298675537109375
3.1199989318847656
2.9908103942871094
3.8901138305664062
3.24658203125
3.28497314453125
3.226665496826172
3.278644561767578
3.2242088317871094
3.9272994995117188
3.4748153686523438
3.3364524841308594
3.38134765625
3.094280242919922
