5.474506378173828
5.449028015136719
5.044727325439453
5.355175018310547
5.092082977294922
5.9693145751953125
5.514057159423828
5.7013702392578125
5.592853546142578
5.195774078369141
5.259067535400391
4.764484405517578
5.644874572753906
5.465019226074219
5.978553771972656
5.2192535400390625
5.524684906005859
5.66998291015625
5.2628021240234375
5.4432525634765625
5.394405364990234
5.4211273193359375
5.298675537109375
5.426792144775391
5.434261322021484
5.3467559814453125
5.295413970947266
5.256237030029297
5.401313781738281
5.605567932128906
5.044490814208984
5.572399139404297
5.529014587402344
5.477870941162109
5.749732971191406
5.411113739013672
5.712425231933594
5.681983947753906
5.0879364013671875
5.504634857177734
5.825950622558594
5.560554504394531
5.402732849121094
5.6765594482421875
5.578090667724609
5.472393035888672
5.026214599609375
5.0210418701171875
5.685420989990234
5.98297119140625
5.460685729980469
5.000236511230469
5.708400726318359
5.082557678222656
5.291713714599609
4.9781646728515625
5.848636627197266
5.679481506347656
5.220268249511719
5.7855072021484375
5.415435791015625
5.777091979980469
5.452838897705078
5.515666961669922
5.351230621337891
5.644126892089844
5.468982696533203
5.010173797607422
5.145763397216797
5.572612762451172
5.292182922363281
5.321857452392578
5.653594970703125
5.357490539550781
5.661827087402344
4.983245849609375
5.979328155517578
5.437343597412109
5.141487121582031
4.912509918212891
5.1705169677734375
5.6590728759765625
5.513328552246094
5.6236114501953125
5.586063385009766
5.877887725830078
5.709629058837891
5.046550750732422
5.272365570068359
5.089080810546875
4.834514617919922
5.623420715332031
4.895133972167969
5.644905090332031
4.967018127441406
5.851066589355469
5.208805084228516
5.737140655517578
5.392131805419922
6.04266357421875
5.344337463378906
5.075374603271484
4.956523895263672
5.280998229980469
5.400440216064453
5.552448272705078
5.343498229980469
5.1468048095703125
5.422607421875
5.196033477783203
5.438911437988281
5.285282135009766
5.188117980957031
4.774173736572266
5.465415954589844
4.9311676025390625
5.171527862548828
5.190235137939453
5.179904937744141
5.329498291015625
5.992015838623047
5.131996154785156
5.028633117675781
5.422950744628906
5.219440460205078
5.716381072998047
6.139862060546875
5.333362579345703
5.476337432861328
5.3629302978515625
5.516788482666016
5.062366485595703
5.823387145996094
5.2890625
5.389698028564453
5.279815673828125
5.1384124755859375
5.462818145751953
5.805690765380859
5.688518524169922
5.720119476318359
5.690509796142578
5.3379974365234375
5.0819091796875
5.265388488769531
5.304225921630859
5.309959411621094
5.376045227050781
5.196586608886719
5.13983154296875
5.225215911865234
5.937419891357422
5.91552734375
5.249530792236328
5.616416931152344
5.782878875732422
5.7008209228515625
5.763236999511719
5.377540588378906
5.734130859375
5.2209014892578125
5.3601226806640625
