5.345344543457031
5.2115020751953125
5.843410491943359
4.863212585449219
5.604106903076172
5.6982421875
5.617397308349609
6.036792755126953
4.891941070556641
5.3680267333984375
5.723728179931641
5.5145263671875
5.409526824951172
5.574565887451172
5.127010345458984
5.039173126220703
5.4201812744140625
5.180458068847656
5.4513397216796875
5.514793395996094
5.497089385986328
5.620475769042969
5.018440246582031
5.800239562988281
5.211284637451172
5.1096954345703125
5.024051666259766
5.592002868652344
5.290157318115234
5.147743225097656
5.945842742919922
5.144020080566406
5.414222717285156
5.333183288574219
5.271633148193359
5.2855224609375
5.223575592041016
5.189380645751953
4.999092102050781
5.920673370361328
5.109096527099609
5.2747955322265625
5.613872528076172
5.396907806396484
5.586826324462891
5.2320556640625
5.601356506347656
5.213321685791016
5.133094787597656
5.480175018310547
5.260009765625
5.499809265136719
5.282917022705078
5.666973114013672
5.295475006103516
5.163520812988281
4.895393371582031
5.491569519042969
5.603904724121094
6.048839569091797
5.002155303955078
5.532863616943359
5.104228973388672
5.273242950439453
5.119113922119141
5.305023193359375
5.498313903808594
5.227581024169922
5.399665832519531
5.316375732421875
5.524188995361328
5.6847076416015625
5.353694915771484
5.120502471923828
5.419185638427734
5.1993865966796875
5.439441680908203
5.521121978759766
5.16705322265625
5.311710357666016
5.517341613769531
5.680961608886719
5.917354583740234
5.160312652587891
5.291278839111328
4.914039611816406
5.527072906494141
668.0428276062012
5.297065734863281
6.037319183349609
5.481986999511719
5.311801910400391
5.00567626953125
5.530155181884766
4.996124267578125
5.2671966552734375
5.623355865478516
5.275413513183594
5.578483581542969
5.70330810546875
5.35150146484375
5.262523651123047
5.331134796142578
5.506450653076172
5.466915130615234
5.563655853271484
5.589073181152344
5.611766815185547
5.061241149902344
5.0996856689453125
5.945533752441406
5.3590087890625
5.149135589599609
5.6335296630859375
5.799617767333984
5.3179473876953125
5.201320648193359
5.365165710449219
5.277915954589844
5.355342864990234
5.630092620849609
5.50140380859375
5.21759033203125
5.261940002441406
5.702922821044922
5.493938446044922
5.420803070068359
5.6724395751953125
5.412715911865234
5.510753631591797
5.712047576904297
5.590309143066406
5.709987640380859
5.100700378417969
5.0924224853515625
5.121791839599609
5.248481750488281
4.839611053466797
5.465290069580078
5.210102081298828
5.604511260986328
5.496730804443359
5.579189300537109
5.625446319580078
5.052570343017578
5.157520294189453
5.053367614746094
5.4388275146484375
5.331134796142578
5.608940124511719
5.035160064697266
5.467884063720703
5.588558197021484
5.289573669433594
5.443695068359375
5.437599182128906
5.029777526855469
5.1538543701171875
5.422046661376953
5.233898162841797
5.146934509277344
5.305980682373047
