3.716175079345703
3.928680419921875
4.209133148193359
4.475860595703125
3.876392364501953
3.832202911376953
3.8384132385253906
4.439186096191406
3.801654815673828
3.9959793090820312
4.108829498291016
4.332363128662109
4.085636138916016
3.5489234924316406
3.4574203491210938
4.403194427490234
3.761089324951172
3.5558395385742188
4.355751037597656
3.8835678100585938
4.011409759521484
3.714580535888672
4.1240234375
3.7105865478515625
3.9429550170898438
3.748035430908203
3.9850692749023438
4.341487884521484
3.9270668029785156
4.243297576904297
3.6123924255371094
4.3769073486328125
4.013618469238281
3.8256492614746094
4.126312255859375
4.212253570556641
4.337444305419922
4.175800323486328
4.228080749511719
3.8444595336914062
4.5536041259765625
3.6654396057128906
3.90875244140625
3.9245033264160156
4.036376953125
4.012351989746094
4.105186462402344
3.6481361389160156
4.033695220947266
3.4339523315429688
3.8731117248535156
3.7296714782714844
3.9348373413085938
4.243186950683594
3.912403106689453
3.6115684509277344
4.1511383056640625
4.220508575439453
3.7207603454589844
4.6836395263671875
3.8575973510742188
3.6354446411132812
3.770263671875
3.7268600463867188
4.003196716308594
4.04058837890625
4.087001800537109
4.464900970458984
3.6051673889160156
3.876209259033203
3.9152183532714844
3.7461166381835938
4.372219085693359
4.090198516845703
3.743396759033203
3.495014190673828
3.7703285217285156
3.9061431884765625
3.31561279296875
4.479572296142578
3.8026275634765625
3.8808326721191406
3.845928192138672
3.7384490966796875
4.045234680175781
4.296474456787109
3.8086318969726562
3.6632843017578125
3.355670928955078
3.660816192626953
3.27850341796875
3.7437591552734375
3.9999351501464844
4.319129943847656
3.902263641357422
3.3049774169921875
3.8184051513671875
3.888202667236328
3.699443817138672
4.439678192138672
3.453685760498047
3.8720703125
3.891143798828125
3.972900390625
3.169666290283203
3.7561073303222656
4.130035400390625
3.8202896118164062
3.6955718994140625
3.7473907470703125
4.030708312988281
4.140346527099609
3.8075637817382812
3.6140213012695312
3.795917510986328
3.7989959716796875
3.8902854919433594
4.0438690185546875
3.600727081298828
3.989643096923828
3.905559539794922
4.208347320556641
4.127117156982422
3.6631011962890625
4.184043884277344
4.045993804931641
3.6142921447753906
3.838703155517578
4.1612091064453125
3.933521270751953
3.743572235107422
4.180610656738281
3.787128448486328
3.8781700134277344
3.4732513427734375
3.8491058349609375
3.924121856689453
4.023159027099609
3.588214874267578
3.9635353088378906
3.8704605102539062
3.4216461181640625
4.119991302490234
3.877796173095703
3.810302734375
3.617839813232422
4.017303466796875
3.9026565551757812
3.8697433471679688
4.549213409423828
4.426120758056641
4.3762664794921875
3.6575660705566406
3.5392112731933594
3.999797821044922
3.5215606689453125
3.651439666748047
4.4884185791015625
3.65924072265625
3.9209442138671875
4.0320587158203125
4.187679290771484
3.4139366149902344
4.230770111083984
3.808300018310547
3.7816123962402344
4.0749053955078125
3.988910675048828
4.470134735107422
3.9306678771972656
3.6635284423828125
