0.3927001953125
0.4207878112792969
0.23013687133789062
0.25635528564453125
0.25551605224609375
0.27770233154296875
0.3273468017578125
0.39119720458984375
0.4231529235839844
0.23316574096679688
0.368408203125
0.35372161865234375
0.221832275390625
0.2561798095703125
0.2798614501953125
0.2790946960449219
0.2252349853515625
0.2501106262207031
0.3777656555175781
0.2161407470703125
0.2788963317871094
0.3588676452636719
0.4240150451660156
0.3030052185058594
0.3366279602050781
0.27025604248046875
0.6375656127929688
0.2906227111816406
0.2608604431152344
0.4552459716796875
0.42108154296875
0.24172592163085938
0.1883087158203125
0.21540451049804688
0.328094482421875
0.4630775451660156
0.3529167175292969
0.3822822570800781
0.2721595764160156
0.3044929504394531
0.31873321533203125
0.3976173400878906
0.28757476806640625
0.4937896728515625
0.45018768310546875
0.260040283203125
0.3582916259765625
0.23468017578125
0.3327598571777344
0.4885101318359375
0.2957115173339844
0.2674064636230469
0.25225067138671875
0.25974273681640625
0.2692108154296875
0.2645454406738281
0.32070159912109375
0.3496055603027344
0.3225898742675781
0.28527069091796875
0.31665802001953125
0.24335479736328125
0.186187744140625
0.4037818908691406
0.2600212097167969
0.35239410400390625
0.2902259826660156
0.3302459716796875
0.5230789184570312
0.29512786865234375
0.4196510314941406
0.38762664794921875
0.2502632141113281
0.2972145080566406
0.2661323547363281
0.3009681701660156
0.2234344482421875
0.4273872375488281
0.21315765380859375
0.505889892578125
0.22521209716796875
0.321441650390625
0.2722969055175781
0.2118377685546875
0.448883056640625
0.3108673095703125
0.3165702819824219
0.34639739990234375
0.4933319091796875
0.2711296081542969
0.3225059509277344
0.3590278625488281
0.3327674865722656
0.2997169494628906
0.432098388671875
0.27801513671875
0.2822914123535156
0.48085784912109375
0.22770309448242188
0.3647575378417969
0.24910354614257812
0.2612800598144531
0.3694114685058594
0.21166610717773438
0.3440589904785156
0.3318214416503906
0.2756156921386719
0.23848342895507812
0.28125762939453125
0.5845718383789062
0.30246734619140625
0.4941291809082031
0.27919769287109375
0.2623558044433594
0.484649658203125
0.355987548828125
0.3917694091796875
0.4239692687988281
0.2866706848144531
0.2793769836425781
0.34777069091796875
0.17948532104492188
0.5541229248046875
0.31195068359375
0.32324981689453125
0.23720169067382812
0.3472099304199219
0.20417022705078125
0.4436683654785156
0.2594261169433594
0.3048858642578125
0.2614479064941406
0.24110031127929688
0.32839202880859375
0.3004341125488281
0.41359710693359375
0.2881889343261719
0.4780769348144531
0.4168052673339844
0.22452545166015625
0.2579460144042969
0.20185470581054688
0.23399734497070312
0.3816986083984375
0.44992828369140625
0.3363990783691406
0.36217498779296875
0.2925148010253906
0.26117706298828125
0.27956390380859375
0.25653076171875
0.3399696350097656
0.3335113525390625
0.357177734375
0.5070571899414062
0.20925521850585938
