2.671192169189453
2.907360076904297
2.3061981201171875
2.180553436279297
2.493701934814453
2.8782577514648438
2.8503379821777344
2.4623794555664062
2.2526893615722656
2.0746192932128906
2.399463653564453
2.722614288330078
2.6925430297851562
2.9180755615234375
2.434711456298828
2.545055389404297
2.7543106079101562
2.4111366271972656
2.355907440185547
2.4489364624023438
2.5769195556640625
2.961811065673828
2.3928260803222656
2.6009483337402344
2.6547622680664062
2.4698638916015625
2.3135910034179688
2.472301483154297
2.3148345947265625
2.5572242736816406
2.2547569274902344
2.6464195251464844
2.6789016723632812
2.5944366455078125
3.0232582092285156
2.7622604370117188
2.5592689514160156
2.4734230041503906
2.751556396484375
3.2141952514648438
2.5643234252929688
2.3527908325195312
2.8810501098632812
2.404682159423828
2.2814407348632812
2.4268264770507812
2.4807777404785156
2.606914520263672
2.6803817749023438
2.5228652954101562
2.7013092041015625
2.647815704345703
2.756366729736328
2.5828018188476562
2.6945838928222656
2.5886459350585938
2.4447708129882812
2.2547836303710938
2.8411483764648438
2.3948898315429688
2.219829559326172
2.47015380859375
2.8136215209960938
2.573974609375
2.1951675415039062
2.4210968017578125
2.6318016052246094
2.204601287841797
2.531402587890625
2.8043174743652344
2.603343963623047
2.421234130859375
2.3089866638183594
2.7397918701171875
2.5756187438964844
2.336273193359375
2.7349586486816406
2.5079879760742188
2.490997314453125
2.6287879943847656
2.773723602294922
2.954944610595703
2.751537322998047
2.746021270751953
2.790973663330078
2.3100013732910156
2.4400901794433594
2.5153350830078125
2.37103271484375
2.683788299560547
2.5194625854492188
2.596435546875
2.394481658935547
3.041461944580078
2.4474868774414062
2.6308937072753906
2.469818115234375
2.2189064025878906
2.3419761657714844
2.292144775390625
2.831756591796875
2.4060287475585938
2.5718994140625
2.3311080932617188
2.451885223388672
2.541858673095703
2.4590072631835938
2.5456161499023438
2.857666015625
2.511425018310547
2.4933319091796875
2.281707763671875
3.5579147338867188
2.5489501953125
2.3517379760742188
2.4227294921875
2.3470611572265625
2.6390342712402344
2.7202377319335938
2.8277015686035156
2.217212677001953
2.6694374084472656
2.215686798095703
2.5128440856933594
2.393218994140625
2.4867820739746094
2.7508087158203125
2.6241722106933594
2.4892616271972656
2.4724349975585938
2.675434112548828
2.647552490234375
2.4540863037109375
2.4744300842285156
2.914958953857422
2.5050086975097656
2.4118881225585938
2.6330642700195312
2.5300559997558594
2.5217742919921875
2.5343589782714844
2.4055824279785156
2.85162353515625
2.3090858459472656
2.2383880615234375
2.796489715576172
2.6082687377929688
2.522930145263672
2.5658645629882812
2.387287139892578
2.1225242614746094
2.4337387084960938
2.6069984436035156
2.3372955322265625
2.316364288330078
2.5477561950683594
3.3063697814941406
2.4923858642578125
2.8297691345214844
