1.8607711791992188
1.9267578125
0.21417999267578125
78.16935348510742
584.3646430969238
1.2993354797363281
2.160003662109375
2.2209625244140625
1.49737548828125
1.5924186706542969
1.7697029113769531
1.5417366027832031
1.8821029663085938
1.4233245849609375
1.9530258178710938
2.073261260986328
1.6615753173828125
1.8396530151367188
1.5696067810058594
1.5118980407714844
1.8109664916992188
1.7033195495605469
1.6164665222167969
1.7387619018554688
1.7943534851074219
1.8249931335449219
1.6715011596679688
1.7956809997558594
1.5833930969238281
1.8950729370117188
1.392303466796875
1.4511375427246094
1.4404869079589844
1.8008651733398438
1.5289421081542969
1.5750961303710938
1.826751708984375
1.3245048522949219
1.5868263244628906
1.6391677856445312
1.7795944213867188
1.9228401184082031
1.5828704833984375
1.7788505554199219
1.5942306518554688
1.6103134155273438
1.9579238891601562
1.4128341674804688
1.9973564147949219
1.5790367126464844
1.8486976623535156
1.4314346313476562
1.6429977416992188
1.9664344787597656
1.4695625305175781
595.2683143615723
1.6832771301269531
0.9440345764160156
2.032135009765625
1.7901268005371094
2.123859405517578
1.4906883239746094
1.76007080078125
1.8235740661621094
1.8742713928222656
1.3623542785644531
2.603466033935547
1.3358230590820312
1.9653968811035156
1.3252830505371094
1.6910972595214844
2.038837432861328
2.1145896911621094
1.1854896545410156
1.8426017761230469
1.6200675964355469
1.8290824890136719
1.5922622680664062
1.3869094848632812
1.5332412719726562
1.6198234558105469
1.6541366577148438
1.8466224670410156
1.3399734497070312
1.7271766662597656
1.8815422058105469
1.3029937744140625
1.5413894653320312
1.7522659301757812
1.7413177490234375
1.7035598754882812
2.0515174865722656
2.3181724548339844
1.8606910705566406
1.8409385681152344
1.6662025451660156
1.7386741638183594
1.3223609924316406
1.7343559265136719
2.0325546264648438
1.4805374145507812
1.9334335327148438
1.7496337890625
1.5793037414550781
1.7532730102539062
1.8891944885253906
1.5340461730957031
1.8545341491699219
2.1022109985351562
1.533905029296875
2.0901870727539062
1.8232841491699219
1.9591484069824219
1.8191452026367188
1.8315010070800781
1.499755859375
1.6100654602050781
1.9823150634765625
1.6631927490234375
1.6006813049316406
1.2664947509765625
1.9827919006347656
1.8832359313964844
1.5407333374023438
1.575225830078125
1.5354804992675781
1.6850090026855469
2.4668502807617188
1.8312606811523438
1.7340240478515625
1.7627372741699219
1.3618125915527344
1.7669258117675781
1.500732421875
1.4679489135742188
1.5362625122070312
1.5484809875488281
1.7353744506835938
1.6884536743164062
1.7536125183105469
1.6003265380859375
1.4771041870117188
1.6088218688964844
1.5995521545410156
1.6104812622070312
1.7245903015136719
1.9554786682128906
1.3857383728027344
1.667938232421875
1.7482986450195312
1.9683418273925781
1.8413009643554688
1.2877540588378906
2.3752975463867188
1.6524124145507812
1.9181137084960938
1.3683509826660156
