1.3805313110351562
1.4635009765625
1.9496536254882812
1.5182456970214844
1.4530982971191406
1.8145179748535156
1.7343826293945312
1.8231735229492188
1.5546684265136719
1.873138427734375
1.667083740234375
1.7386054992675781
1.7670783996582031
1.9030570983886719
1.8378677368164062
1.6822128295898438
2.1837425231933594
1.4665756225585938
2.375530242919922
1.6996307373046875
1.7677040100097656
1.7527694702148438
2.0739479064941406
1.9240760803222656
2.0190696716308594
2.1663360595703125
1.5112648010253906
2.102081298828125
1.3843994140625
1.7192878723144531
1.7067070007324219
1.8399505615234375
1.5995254516601562
1.7687530517578125
1.3811531066894531
1.9765739440917969
1.4000167846679688
1.6270561218261719
1.6520233154296875
1.8560523986816406
1.8395843505859375
1.7301483154296875
1.7097930908203125
1.7563095092773438
1.9802207946777344
1.3828277587890625
2.0811233520507812
1.5579299926757812
1.4248466491699219
1.6818771362304688
1.553436279296875
1.7213211059570312
1.6924858093261719
1.7783393859863281
2.003368377685547
1.4826240539550781
1.6649360656738281
1.5411453247070312
1.7439689636230469
2.3000259399414062
1.8202018737792969
1.64288330078125
1.4190406799316406
1.4782752990722656
1.7494354248046875
1.4237098693847656
2.1545372009277344
1.5154151916503906
1.7814750671386719
1.6114883422851562
1.6208915710449219
1.6488685607910156
2.0691452026367188
1.6655197143554688
1.4645919799804688
1.3447952270507812
1.4995346069335938
1.3220710754394531
1.5162734985351562
1.8245849609375
1.971893310546875
1.6347084045410156
1.344512939453125
1.7072410583496094
1.7336883544921875
1.4195938110351562
2.1654281616210938
1.3543128967285156
1.7574234008789062
1.7429924011230469
1.8227729797363281
1.2382583618164062
1.6299972534179688
1.9619026184082031
1.6749610900878906
1.3660125732421875
1.6063957214355469
1.6557693481445312
1.9193344116210938
1.7041740417480469
1.4217987060546875
1.5178604125976562
1.8008460998535156
1.4853591918945312
1.891632080078125
1.3616523742675781
1.691650390625
1.6804962158203125
2.2441558837890625
1.8675880432128906
1.4567451477050781
1.7236480712890625
1.5899124145507812
1.5327835083007812
1.8938026428222656
1.8623008728027344
1.9261245727539062
1.5355033874511719
1.87530517578125
1.9139518737792969
1.5641593933105469
1.3886184692382812
1.5353164672851562
1.7369956970214844
1.6316375732421875
1.5296516418457031
1.5837936401367188
1.6917991638183594
1.3069076538085938
1.8371849060058594
1.6315193176269531
1.6941337585449219
1.3854904174804688
1.7358779907226562
1.7165031433105469
1.5565872192382812
2.1015892028808594
1.7363777160644531
2.0113258361816406
1.4094505310058594
1.5720291137695312
1.7421188354492188
1.4359169006347656
1.5076980590820312
2.0411109924316406
1.6269569396972656
1.6382331848144531
1.8853683471679688
1.8159332275390625
1.4263038635253906
2.0725555419921875
1.5259819030761719
1.57415771484375
1.7298660278320312
1.6652984619140625
1.850067138671875
1.676605224609375
1.4436607360839844
