3.278728485107422
2.9815826416015625
3.4292373657226562
3.006328582763672
58.36730194091797
1.7609825134277344
2.882732391357422
3.212329864501953
2.9595565795898438
2.7789268493652344
2.6130905151367188
2.7255325317382812
3.3740615844726562
3.2975845336914062
3.0328025817871094
2.3507537841796875
2.5602684020996094
2.947307586669922
2.5096969604492188
3.591136932373047
3.2104835510253906
3.2604522705078125
2.7901763916015625
2.8133277893066406
3.3559913635253906
3.0664749145507812
2.92547607421875
3.2447738647460938
3.1822166442871094
2.8916664123535156
2.578338623046875
3.4457626342773438
736.4379005432129
2.8756484985351562
2.5943527221679688
2.6433258056640625
2.6565322875976562
2.840587615966797
2.5343780517578125
2.990558624267578
3.3295822143554688
3.083782196044922
3.0596084594726562
2.612628936767578
2.6507225036621094
2.5562477111816406
2.7083396911621094
3.0074386596679688
2.5985069274902344
2.7623329162597656
3.1891403198242188
3.257080078125
2.750335693359375
2.974414825439453
2.7733230590820312
3.0915489196777344
3.0594444274902344
2.8693008422851562
0.4581794738769531
2.667896270751953
3.2019004821777344
2.84075927734375
2.8706932067871094
2.998607635498047
3.0628509521484375
2.878814697265625
3.306194305419922
3.0989761352539062
2.96600341796875
2.727386474609375
2.4525718688964844
2.384021759033203
2.866161346435547
3.1300086975097656
2.7211952209472656
2.7346115112304688
2.7920455932617188
2.9859161376953125
3.0152435302734375
2.9751815795898438
2.673553466796875
3.5292396545410156
2.9899444580078125
0.004184722900390625
2.7299041748046875
2.963794708251953
3.095996856689453
2.6527366638183594
3.122211456298828
2.8923988342285156
3.2292709350585938
2.7554283142089844
2.00872802734375
3.0429534912109375
2.644622802734375
2.6945724487304688
3.1053085327148438
2.6346664428710938
3.232044219970703
3.1663551330566406
2.671710968017578
2.8189735412597656
2.8025054931640625
2.9047317504882812
3.2395591735839844
2.708423614501953
2.7967872619628906
2.8960189819335938
2.9564208984375
3.0993881225585938
3.374114990234375
3.1124305725097656
2.5497512817382812
2.9292945861816406
3.144256591796875
2.7589073181152344
3.0271377563476562
2.7863006591796875
2.698345184326172
3.141735076904297
3.0899124145507812
3.215290069580078
2.727069854736328
3.2933387756347656
2.4842567443847656
3.22149658203125
3.0377464294433594
2.7117347717285156
2.887042999267578
3.1359481811523438
2.7147293090820312
3.397022247314453
3.0243873596191406
2.903430938720703
3.3118019104003906
2.7976341247558594
2.6569175720214844
3.1340484619140625
3.034271240234375
2.5933380126953125
2.9379196166992188
2.69464111328125
2.839080810546875
2.7608718872070312
3.259380340576172
3.02154541015625
2.8383102416992188
2.565296173095703
3.322040557861328
2.8477516174316406
3.702312469482422
3.1738014221191406
3.329486846923828
2.765960693359375
3.1374244689941406
3.4349403381347656
3.1854476928710938
3.0154685974121094
