5.570102691650391
5.729816436767578
5.4621429443359375
5.550800323486328
5.571254730224609
5.259502410888672
5.63775634765625
4.983432769775391
5.518302917480469
5.500267028808594
4.998176574707031
5.063018798828125
5.575412750244141
5.135772705078125
5.248634338378906
4.910053253173828
5.652530670166016
5.613170623779297
5.3832244873046875
5.010501861572266
5.394008636474609
5.183383941650391
5.6142578125
5.547393798828125
5.421337127685547
5.476905822753906
5.2233123779296875
5.183834075927734
5.7675933837890625
5.743137359619141
4.909782409667969
5.54571533203125
5.606498718261719
5.548851013183594
5.446952819824219
5.721549987792969
5.404243469238281
5.59027099609375
5.0440673828125
5.274227142333984
5.680637359619141
5.408267974853516
5.446846008300781
5.469097137451172
5.51995849609375
4.868518829345703
5.604942321777344
5.2646636962890625
5.607067108154297
5.706348419189453
5.355449676513672
5.288360595703125
5.578716278076172
5.264503479003906
5.310779571533203
5.267307281494141
5.774238586425781
5.309623718261719
4.972236633300781
5.261264801025391
5.357044219970703
5.649028778076172
5.830913543701172
5.517982482910156
4.994319915771484
5.210163116455078
5.399349212646484
4.9261322021484375
5.61773681640625
5.474647521972656
6.0732574462890625
5.191677093505859
5.547050476074219
5.292530059814453
5.264671325683594
5.231678009033203
5.520027160644531
6.310115814208984
5.175014495849609
5.345603942871094
5.554630279541016
5.1154632568359375
5.141933441162109
5.353546142578125
5.516624450683594
5.502658843994141
5.7770233154296875
5.285400390625
5.1980438232421875
5.620555877685547
6.154914855957031
5.648468017578125
5.5997772216796875
5.460914611816406
5.718906402587891
6.091693878173828
5.699440002441406
5.288841247558594
5.312339782714844
5.116523742675781
5.345458984375
5.044696807861328
5.372562408447266
4.975849151611328
5.724235534667969
5.537933349609375
4.899433135986328
5.092864990234375
5.2890472412109375
5.231117248535156
5.5354461669921875
5.078929901123047
5.071311950683594
5.368434906005859
5.09344482421875
5.292858123779297
4.942577362060547
5.297004699707031
5.566932678222656
5.049095153808594
5.680156707763672
5.026096343994141
5.156394958496094
5.263217926025391
5.726776123046875
5.2353515625
4.958583831787109
4.82861328125
5.789215087890625
5.666145324707031
5.641624450683594
5.277496337890625
5.569587707519531
5.279869079589844
5.926116943359375
5.650074005126953
5.591068267822266
5.064922332763672
5.287807464599609
5.858448028564453
5.459220886230469
5.27703857421875
4.995128631591797
5.742900848388672
4.976524353027344
5.931125640869141
5.013916015625
5.156528472900391
5.004371643066406
5.04791259765625
5.09130859375
5.507610321044922
5.366687774658203
5.346015930175781
5.178192138671875
4.9758758544921875
5.333660125732422
5.273658752441406
5.479499816894531
5.321075439453125
5.5236358642578125
4.917972564697266
