5.165737152099609
5.385398864746094
4.8995513916015625
5.553672790527344
4.911266326904297
5.722698211669922
5.465003967285156
2100.2985649108887
5.624881744384766
5.305641174316406
5.081569671630859
5.4820709228515625
5.196811676025391
5.7362518310546875
5.444591522216797
5.478279113769531
5.939628601074219
5.203216552734375
5.484760284423828
5.734386444091797
4.770412445068359
5.701740264892578
5.401908874511719
5.509391784667969
5.50750732421875
5.76043701171875
5.688423156738281
5.379203796386719
5.436664581298828
5.473079681396484
5.453338623046875
5.218414306640625
5.014980316162109
5.8136444091796875
4.716133117675781
5.3445892333984375
5.372596740722656
5.684040069580078
4.886211395263672
5.403827667236328
6.151737213134766
5.972438812255859
5.669452667236328
5.770084381103516
5.56536865234375
5.6667633056640625
5.025485992431641
5.766948699951172
4.962810516357422
5.511043548583984
5.363189697265625
5.070869445800781
5.189826965332031
5.494071960449219
5.609966278076172
5.454982757568359
5.370738983154297
5.927642822265625
5.137542724609375
5.562122344970703
5.638191223144531
5.208225250244141
5.609668731689453
5.075141906738281
5.1697998046875
5.553749084472656
5.301189422607422
5.4706268310546875
5.200885772705078
5.573970794677734
5.129695892333984
5.645210266113281
5.474830627441406
5.374843597412109
5.129291534423828
5.059513092041016
5.2338104248046875
5.2208251953125
5.558200836181641
5.488651275634766
5.238136291503906
4.940422058105469
5.889839172363281
5.244743347167969
5.140270233154297
5.506416320800781
5.555908203125
5.627986907958984
5.768421173095703
5.652210235595703
5.42510986328125
5.614841461181641
5.30889892578125
5.477375030517578
5.417102813720703
5.312824249267578
5.370849609375
5.4922332763671875
5.661983489990234
6.066204071044922
5.264751434326172
4.998146057128906
4.965541839599609
5.344699859619141
5.421272277832031
5.3422698974609375
5.221912384033203
5.1511383056640625
4.771827697753906
5.748710632324219
5.078941345214844
5.337940216064453
5.277309417724609
5.864234924316406
5.75421142578125
5.261238098144531
5.763332366943359
5.898372650146484
5.5570831298828125
5.343471527099609
5.328338623046875
5.313182830810547
5.548870086669922
5.181816101074219
5.286842346191406
5.580204010009766
5.1259307861328125
5.71331787109375
5.400127410888672
5.405952453613281
5.2608184814453125
5.368621826171875
5.523612976074219
4.86773681640625
4.843070983886719
5.402576446533203
5.147266387939453
5.089561462402344
5.174430847167969
5.460376739501953
5.537452697753906
5.401176452636719
5.633586883544922
5.936164855957031
5.285606384277344
5.343406677246094
5.818729400634766
5.511329650878906
5.5776214599609375
5.634502410888672
5.2656707763671875
5.114429473876953
5.437812805175781
5.616085052490234
5.3552093505859375
5.804431915283203
5.511516571044922
5.510326385498047
5.474193572998047
5.493324279785156
5.503711700439453
5.552452087402344
