3.992431640625
3.992431640625
3.992431640625
3.992431640625
3.992431640625
4.1754150390625
4.020751953125
4.0560302734375
4.17425537109375
3.88458251953125
3.85150146484375
4.09368896484375
4.04534912109375
4.4205322265625
4.2332763671875
4.052001953125
3.8494873046875
4.30029296875
4.0426025390625
4.1722412109375
4.113525390625
3.9234619140625
4.337158203125
4.02197265625
4.08514404296875
4.30926513671875
3.98541259765625
4.31048583984375
3.7520751953125
3.99627685546875
4.11065673828125
3.92657470703125
3.8006591796875
4.125732421875
3.94598388671875
3.8431396484375
4.08477783203125
3.769775390625
4.1275634765625
4.03167724609375
4.0255126953125
4.20977783203125
4.04534912109375
4.0096435546875
4.09722900390625
4.03765869140625
4.28021240234375
3.98370361328125
3.99700927734375
4.0286865234375
4.01873779296875
3.9105224609375
4.11737060546875
4.15716552734375
3.99932861328125
4.075927734375
3.78466796875
4.38409423828125
3.93365478515625
3.80328369140625
4.05255126953125
4.1412353515625
4.03216552734375
4.1038818359375
4.1141357421875
4.11859130859375
4.03814697265625
4.15936279296875
3.97528076171875
4.0240478515625
4.30426025390625
4.08544921875
4.17791748046875
3.937255859375
4.20501708984375
4.1094970703125
4.08038330078125
4.0634765625
4.029052734375
4.1865234375
3.5994873046875
4.12579345703125
4.09765625
4.09954833984375
4.028076171875
4.19268798828125
3.87908935546875
3.99017333984375
4.005126953125
4.1690673828125
4.1478271484375
4.04193115234375
4.12115478515625
4.083984375
4.09100341796875
4.22418212890625
4.1787109375
4.09246826171875
4.21942138671875
4.04351806640625
4.12689208984375
4.11956787109375
3.834716796875
4.153564453125
3.93511962890625
3.8529052734375
4.07611083984375
4.18988037109375
3.9346923828125
4.037353515625
3.9658203125
4.01361083984375
3.9632568359375
4.015625
4.1944580078125
4.068115234375
4.32293701171875
4.17041015625
4.21234130859375
4.09991455078125
4.1922607421875
4.2635498046875
3.85028076171875
4.1182861328125
4.03192138671875
4.0172119140625
3.91552734375
4.1195068359375
4.193359375
4.04052734375
4.01068115234375
4.31231689453125
4.17205810546875
3.9124755859375
4.2340087890625
4.0218505859375
4.10626220703125
4.2022705078125
4.2939453125
4.02044677734375
4.09283447265625
4.27093505859375
4.14459228515625
3.8729248046875
4.1221923828125
4.19873046875
4.15582275390625
4.12713623046875
4.04290771484375
4.0947265625
4.06243896484375
4.1322021484375
4.04779052734375
4.201416015625
4.35986328125
4.12286376953125
4.0103759765625
4.271484375
4.01751708984375
4.19305419921875
4.29791259765625
4.15771484375
4.019775390625
3.93096923828125
4.05938720703125
3.9525146484375
3.87176513671875
3.7882080078125
4.0540771484375
4.103271484375
3.79925537109375
3.99169921875
3.97735595703125
4.1995849609375
4.1356201171875
4.09808349609375
3.94305419921875
3.9310302734375
4.18865966796875
3.64385986328125
4.0814208984375
4.11090087890625
4.209228515625
4.22698974609375
4.02227783203125
3.85980224609375
4.23553466796875
4.2369384765625
3.82196044921875
4.03656005859375
3.969482421875
4.196533203125
4.45892333984375
3.94647216796875
3.923828125
4.120361328125
4.21075439453125
4.3079833984375
4.06988525390625
3.92822265625
3.9566650390625
3.91064453125
4.08642578125
4.10882568359375
4.291015625
4.17657470703125
4.168212890625
4.00811767578125
4.25494384765625
4.22698974609375
3.892822265625
4.44342041015625
3.93072509765625
4.04248046875
4.29998779296875
4.1748046875
4.01177978515625
4.249267578125
4.04150390625
4.01116943359375
4.17144775390625
3.9896240234375
3.802734375
4.08447265625
3.87908935546875
4.01922607421875
4.06097412109375
3.7081298828125
4.148193359375
4.20086669921875
3.75506591796875
3.8499755859375
4.0689697265625
4.0548095703125
3.87872314453125
3.93316650390625
4.00042724609375
3.981201171875
4.260009765625
4.20648193359375
4.23358154296875
3.92822265625
4.05780029296875
4.08160400390625
3.994140625
4.2899169921875
4.14154052734375
4.0440673828125
3.81640625
4.10546875
4.11376953125
4.0933837890625
3.9598388671875
4.118408203125
3.75750732421875
4.19805908203125
4.0032958984375
4.2783203125
4.05712890625
4.1075439453125
4.08551025390625
4.05804443359375
3.9752197265625
4.13262939453125
3.83453369140625
4.135986328125
4.1107177734375
4.1043701171875
4.1802978515625
3.98388671875
4.19964599609375
4.26934814453125
4.11328125
4.109619140625
4.15643310546875
4.01409912109375
4.1627197265625
4.23211669921875
3.97412109375
4.1561279296875
3.98712158203125
3.9830322265625
4.2880859375
3.8797607421875
4.28497314453125
4.23748779296875
3.87042236328125
4.49261474609375
3.90362548828125
3.7774658203125
4.00982666015625
4.05859375
4.1981201171875
3.9010009765625
3.94537353515625
3.72918701171875
4.127197265625
4.1787109375
4.14154052734375
4.1640625
3.85882568359375
3.9044189453125
4.10552978515625
4.27154541015625
4.2601318359375
4.04168701171875
4.121337890625
4.00152587890625
4.01214599609375
4.1881103515625
3.97344970703125
4.08648681640625
3.96856689453125
4.16461181640625
3.96185302734375
3.953125
4.20538330078125
4.36407470703125
3.98974609375
4.05926513671875
4.07568359375
4.02618408203125
3.8028564453125
4.057373046875
4.01141357421875
4.0546875
4.0125732421875
4.1593017578125
3.980224609375
4.180419921875
4.34576416015625
4.39593505859375
4.176513671875
3.824951171875
3.97772216796875
4.186279296875
4.23583984375
4.4295654296875
4.018798828125
3.89935302734375
4.03125
4.09381103515625
3.86785888671875
3.82330322265625
3.8641357421875
4.16143798828125
4.12786865234375
4.04376220703125
3.9462890625
3.80181884765625
3.9326171875
4.281005859375
3.95660400390625
4.15478515625
3.9224853515625
3.9329833984375
3.887939453125
3.92266845703125
4.34521484375
4.19439697265625
4.08740234375
4.246826171875
4.267822265625
4.2030029296875
4.0875244140625
4.03948974609375
4.04718017578125
4.33917236328125
3.90185546875
3.9261474609375
4.13720703125
3.93505859375
4.0684814453125
4.25244140625
4.0313720703125
4.1060791015625
4.18994140625
3.921630859375
4.0322265625
4.2706298828125
4.16986083984375
4.19281005859375
3.9892578125
3.78228759765625
4.03436279296875
3.78021240234375
4.077880859375
4.19647216796875
4.11712646484375
4.29571533203125
4.1806640625
3.9710693359375
4.080322265625
4.182861328125
4.2364501953125
4.12908935546875
4.239990234375
3.96270751953125
3.99749755859375
4.19549560546875
4.24859619140625
4.20050048828125
4.2481689453125
3.98138427734375
3.9603271484375
4.2120361328125
4.10223388671875
3.85528564453125
4.15899658203125
3.9364013671875
3.99371337890625
3.98284912109375
4.34124755859375
3.95440673828125
4.0201416015625
4.03472900390625
4.319091796875
4.20306396484375
4.0234375
4.170166015625
4.1204833984375
4.2174072265625
3.85009765625
4.1690673828125
3.822265625
3.80328369140625
4.19073486328125
3.91192626953125
4.09429931640625
3.98992919921875
4.236328125
4.31646728515625
3.86773681640625
4.07684326171875
4.22509765625
4.197265625
4.27850341796875
3.91864013671875
4.11212158203125
4.26556396484375
4.16241455078125
4.2176513671875
4.06201171875
3.98858642578125
4.1058349609375
4.279052734375
3.9349365234375
4.04302978515625
4.02557373046875
3.98699951171875
4.10076904296875
4.0284423828125
4.2900390625
4.18072509765625
3.7969970703125
4.2581787109375
4.0316162109375
3.77996826171875
4.23388671875
4.0687255859375
3.69110107421875
4.03759765625
4.00909423828125
4.23046875
4.176513671875
3.89306640625
4.03985595703125
4.043701171875
4.07537841796875
4.16064453125
4.4407958984375
3.9815673828125
3.97552490234375
4.195068359375
4.11431884765625
4.26702880859375
4.37939453125
4.1396484375
3.90606689453125
3.8470458984375
4.11279296875
4.12420654296875
3.91314697265625
4.25579833984375
4.10888671875
3.85418701171875
4.18548583984375
4.05035400390625
3.9888916015625
3.88104248046875
4.212158203125
4.21484375
3.85455322265625
4.13739013671875
4.23406982421875
4.08270263671875
4.22003173828125
