0.53717041015625
0.53717041015625
0.53717041015625
0.53717041015625
0.53717041015625
0.53717041015625
0.53717041015625
0.645263671875
0.58270263671875
0.64276123046875
0.5272216796875
0.527099609375
0.57440185546875
0.66815185546875
0.596923828125
0.60296630859375
0.71917724609375
0.60186767578125
0.5458984375
0.6103515625
0.543212890625
0.5413818359375
0.693603515625
0.589599609375
0.562744140625
0.5906982421875
0.639892578125
0.5498046875
0.52276611328125
0.57965087890625
0.701171875
0.573974609375
0.4962158203125
0.5465087890625
0.64398193359375
0.58544921875
0.540283203125
0.6300048828125
0.5548095703125
0.612060546875
0.43585205078125
0.6055908203125
0.7452392578125
0.73468017578125
0.54229736328125
0.5115966796875
0.52532958984375
0.60284423828125
0.55010986328125
0.69171142578125
0.5435791015625
0.6644287109375
0.5699462890625
0.6444091796875
0.6737060546875
0.6318359375
0.54583740234375
0.57940673828125
0.566162109375
0.5870361328125
0.51031494140625
0.59832763671875
0.60888671875
0.5673828125
0.6636962890625
0.66510009765625
0.54266357421875
0.66943359375
0.62451171875
0.51556396484375
0.6878662109375
0.5555419921875
0.61572265625
0.58624267578125
0.6279296875
0.5416259765625
0.65283203125
0.657470703125
0.57501220703125
0.56536865234375
0.6717529296875
0.58807373046875
0.5364990234375
0.580810546875
0.73931884765625
0.52703857421875
0.7083740234375
0.6864013671875
0.81689453125
0.70562744140625
0.55230712890625
0.658203125
0.59735107421875
0.5789794921875
0.55438232421875
0.67578125
0.564208984375
0.563720703125
0.6783447265625
0.6514892578125
0.71478271484375
0.55462646484375
0.526611328125
0.61358642578125
0.56805419921875
0.52008056640625
0.69696044921875
0.52288818359375
0.58612060546875
0.7139892578125
0.58251953125
0.644287109375
0.58489990234375
0.62646484375
0.7099609375
0.57366943359375
0.58526611328125
0.56060791015625
0.5947265625
0.58734130859375
0.59197998046875
0.63568115234375
0.688720703125
0.5869140625
0.56878662109375
0.69073486328125
0.561767578125
0.5328369140625
0.5240478515625
0.6341552734375
0.6505126953125
0.508544921875
0.6031494140625
0.62030029296875
0.533447265625
0.56689453125
0.50238037109375
0.5357666015625
0.59857177734375
0.59320068359375
0.6580810546875
0.7276611328125
0.65087890625
0.54339599609375
0.66778564453125
0.669921875
0.56298828125
0.5338134765625
0.54034423828125
0.59136962890625
0.68023681640625
0.58013916015625
0.68084716796875
0.57403564453125
0.61181640625
0.57177734375
0.55694580078125
0.6138916015625
0.67041015625
0.622802734375
0.55499267578125
0.5576171875
0.52947998046875
0.60247802734375
0.58331298828125
0.50762939453125
0.52740478515625
0.641357421875
0.7449951171875
0.63946533203125
0.69818115234375
0.53277587890625
0.49554443359375
0.60870361328125
0.65155029296875
0.68463134765625
0.5321044921875
0.52325439453125
0.5513916015625
0.6187744140625
0.717041015625
0.54998779296875
0.68011474609375
0.62109375
0.70355224609375
0.57122802734375
0.61846923828125
0.5771484375
0.54180908203125
0.70416259765625
0.57171630859375
0.5496826171875
0.61029052734375
0.55224609375
0.5780029296875
0.6365966796875
0.57098388671875
0.5908203125
0.5177001953125
0.599853515625
0.586669921875
0.6361083984375
0.63885498046875
0.586669921875
0.60516357421875
0.85076904296875
0.70166015625
0.57421875
0.57171630859375
0.5899658203125
0.564208984375
0.57672119140625
0.5474853515625
0.58837890625
0.73486328125
0.6988525390625
0.6226806640625
0.72186279296875
0.58233642578125
0.63836669921875
0.7225341796875
0.546142578125
0.5845947265625
0.58050537109375
0.48699951171875
0.55401611328125
0.60589599609375
0.54449462890625
0.58099365234375
0.5869140625
0.61553955078125
0.55609130859375
0.65106201171875
0.61932373046875
0.479736328125
0.60443115234375
0.7332763671875
0.5096435546875
0.57977294921875
0.5965576171875
0.54583740234375
0.6678466796875
0.50872802734375
0.57635498046875
0.70263671875
0.6295166015625
0.5816650390625
0.53460693359375
0.57427978515625
0.55877685546875
0.5169677734375
0.52587890625
0.58331298828125
0.62335205078125
0.6767578125
0.70538330078125
0.57904052734375
0.57916259765625
0.6573486328125
0.56939697265625
0.63714599609375
0.70172119140625
0.61248779296875
0.56512451171875
0.60675048828125
0.53375244140625
0.605224609375
0.547607421875
0.51171875
0.709228515625
0.7314453125
0.55621337890625
0.53802490234375
0.55804443359375
0.59075927734375
0.51806640625
0.60980224609375
0.5994873046875
0.7059326171875
0.62274169921875
0.59161376953125
0.5845947265625
0.57177734375
0.54779052734375
0.6270751953125
0.612060546875
0.57452392578125
0.523193359375
0.572265625
0.5306396484375
0.531494140625
0.54486083984375
0.56231689453125
0.5230712890625
0.6307373046875
0.679443359375
0.51580810546875
0.5653076171875
0.611083984375
0.65472412109375
0.6180419921875
0.5958251953125
0.5888671875
0.58343505859375
0.5946044921875
0.6883544921875
0.7230224609375
0.6075439453125
0.6358642578125
0.513671875
0.57073974609375
0.708251953125
0.60028076171875
0.6280517578125
0.58306884765625
0.6063232421875
0.55010986328125
0.694091796875
0.624267578125
0.6881103515625
0.5830078125
0.52880859375
0.66302490234375
0.65966796875
0.53240966796875
0.57196044921875
0.536376953125
0.5135498046875
0.64288330078125
0.58990478515625
0.6190185546875
0.5462646484375
0.650634765625
0.6353759765625
0.5567626953125
0.5908203125
0.646728515625
0.4908447265625
0.55987548828125
0.7525634765625
0.7001953125
0.52685546875
0.59967041015625
0.51873779296875
0.6424560546875
0.596435546875
0.6649169921875
0.581298828125
0.55841064453125
0.6160888671875
0.48687744140625
0.58087158203125
0.60162353515625
0.63409423828125
0.60882568359375
0.56085205078125
0.69134521484375
0.5848388671875
0.55438232421875
0.64105224609375
0.614501953125
0.61767578125
0.54437255859375
0.64788818359375
0.67938232421875
0.536376953125
0.70245361328125
0.56146240234375
0.65972900390625
0.74163818359375
0.6077880859375
0.50775146484375
0.52862548828125
0.6483154296875
0.60040283203125
0.6107177734375
0.689697265625
0.56585693359375
0.53778076171875
0.73712158203125
0.58648681640625
0.7535400390625
0.67755126953125
0.52911376953125
0.611572265625
0.52447509765625
0.464111328125
0.788330078125
0.53277587890625
0.743408203125
0.5697021484375
0.63653564453125
0.6011962890625
0.535400390625
0.55364990234375
0.5738525390625
0.695068359375
0.6292724609375
0.50653076171875
0.67694091796875
0.5838623046875
0.66375732421875
0.6910400390625
0.58831787109375
0.600830078125
0.625732421875
0.513671875
0.5704345703125
0.58282470703125
0.55816650390625
0.64404296875
0.498046875
0.7255859375
0.51080322265625
0.4947509765625
0.6173095703125
0.604736328125
0.81561279296875
0.6431884765625
0.62860107421875
0.57489013671875
0.57781982421875
0.669189453125
0.57037353515625
0.582763671875
0.5330810546875
0.7662353515625
0.48419189453125
0.523681640625
0.63720703125
0.5760498046875
0.57061767578125
0.5482177734375
0.6656494140625
0.6068115234375
0.75982666015625
0.54754638671875
0.7152099609375
0.58349609375
0.5738525390625
0.536865234375
0.6116943359375
0.64923095703125
0.56268310546875
0.7052001953125
0.5400390625
0.51458740234375
0.5806884765625
0.667236328125
0.6015625
0.71368408203125
0.62188720703125
0.55072021484375
0.527587890625
0.4722900390625
0.72772216796875
0.560546875
0.6168212890625
0.567138671875
0.5679931640625
0.581298828125
0.77557373046875
0.7310791015625
0.8001708984375
0.5552978515625
0.68328857421875
0.62994384765625
0.63092041015625
0.59332275390625
0.560791015625
0.703857421875
0.64080810546875
0.71868896484375
0.59564208984375
0.565185546875
0.6890869140625
0.55999755859375
0.71630859375
0.81549072265625
0.82861328125
0.58697509765625
0.597900390625
