0.932861328125
0.932861328125
0.932861328125
0.932861328125
0.932861328125
0.932861328125
1.17218017578125
0.972412109375
1.14361572265625
1.0894775390625
1.08905029296875
1.1824951171875
1.05841064453125
1.224609375
1.07232666015625
1.36358642578125
1.09783935546875
1.32342529296875
1.13299560546875
1.13006591796875
0.9600830078125
1.06085205078125
1.07525634765625
1.2821044921875
1.07489013671875
1.22705078125
0.97906494140625
1.11846923828125
1.1439208984375
1.08349609375
1.01922607421875
1.21917724609375
1.14190673828125
1.03448486328125
1.15338134765625
1.0458984375
1.06787109375
1.0426025390625
1.07293701171875
1.086669921875
1.01092529296875
1.1068115234375
0.942138671875
1.1695556640625
1.15850830078125
1.23687744140625
1.07354736328125
1.30535888671875
1.10498046875
1.0478515625
0.9891357421875
1.0841064453125
1.11767578125
1.125244140625
1.14886474609375
1.37347412109375
1.0789794921875
1.02935791015625
1.27447509765625
1.2479248046875
1.16973876953125
1.1304931640625
1.15380859375
1.078857421875
1.07177734375
1.10614013671875
1.01348876953125
1.1519775390625
1.2105712890625
0.93157958984375
1.19390869140625
1.01129150390625
1.22198486328125
1.01263427734375
1.04486083984375
1.114990234375
1.0687255859375
1.12127685546875
0.97265625
1.21142578125
1.1075439453125
0.99615478515625
1.12432861328125
0.97991943359375
1.26123046875
0.90521240234375
1.1302490234375
1.12115478515625
1.07659912109375
1.0440673828125
1.01959228515625
0.885986328125
1.1337890625
0.9996337890625
1.32806396484375
1.24755859375
1.00433349609375
1.1468505859375
1.07464599609375
1.03594970703125
1.04583740234375
1.23260498046875
1.22406005859375
1.05743408203125
1.05731201171875
0.91900634765625
1.20037841796875
1.09539794921875
1.3419189453125
1.11651611328125
1.13836669921875
1.11383056640625
1.04071044921875
1.09033203125
1.29217529296875
1.0318603515625
0.99993896484375
1.0572509765625
1.01153564453125
1.322509765625
1.2257080078125
1.05224609375
0.9876708984375
1.192138671875
1.0843505859375
1.18548583984375
1.1092529296875
1.12994384765625
0.95159912109375
1.06146240234375
1.0421142578125
0.984619140625
1.1710205078125
1.26910400390625
1.19732666015625
1.125244140625
1.0496826171875
1.0181884765625
1.06024169921875
1.1871337890625
1.10711669921875
1.03924560546875
1.2154541015625
1.12371826171875
1.15301513671875
1.12115478515625
1.2474365234375
1.0633544921875
1.0914306640625
1.08038330078125
1.00634765625
0.9200439453125
1.15374755859375
0.843994140625
1.1365966796875
1.12091064453125
1.1287841796875
1.05462646484375
1.075927734375
1.19940185546875
0.9698486328125
0.98065185546875
1.1068115234375
1.12274169921875
0.93292236328125
1.153076171875
1.27923583984375
0.96697998046875
1.12615966796875
1.026123046875
1.05792236328125
0.93310546875
1.05743408203125
1.14532470703125
1.2105712890625
1.0887451171875
1.17431640625
1.0780029296875
1.0679931640625
1.31201171875
1.24908447265625
1.0548095703125
1.2874755859375
1.2413330078125
1.17840576171875
0.99920654296875
1.09716796875
1.248046875
0.973876953125
1.04376220703125
1.16790771484375
1.12567138671875
1.07666015625
1.07421875
1.087646484375
1.271728515625
0.9886474609375
1.11309814453125
1.136962890625
1.2059326171875
1.2054443359375
1.0985107421875
1.01837158203125
1.1092529296875
1.18426513671875
1.1080322265625
1.0933837890625
1.1632080078125
1.0693359375
1.19573974609375
1.05010986328125
0.9581298828125
1.1170654296875
1.04443359375
1.22357177734375
1.26129150390625
1.140625
1.05328369140625
1.16339111328125
1.09649658203125
1.06890869140625
1.14373779296875
1.01348876953125
1.05859375
1.12396240234375
1.2161865234375
1.132080078125
1.023193359375
1.11468505859375
1.14593505859375
1.2132568359375
1.02435302734375
1.10284423828125
1.005126953125
1.07232666015625
1.28167724609375
1.11590576171875
1.0963134765625
1.09637451171875
1.1142578125
1.03271484375
1.1602783203125
1.0919189453125
1.12945556640625
1.165771484375
0.9688720703125
1.05078125
1.21783447265625
1.026123046875
1.0364990234375
1.29095458984375
1.11474609375
1.12823486328125
1.001708984375
1.07568359375
1.10845947265625
0.96527099609375
1.31243896484375
1.18572998046875
1.16790771484375
1.1529541015625
1.01031494140625
1.0855712890625
0.8912353515625
1.16473388671875
1.1588134765625
1.07086181640625
1.09979248046875
1.07159423828125
1.13037109375
1.09619140625
1.086181640625
1.3885498046875
1.2176513671875
1.14862060546875
1.13568115234375
0.9998779296875
1.0751953125
1.0821533203125
0.9644775390625
1.05438232421875
1.11920166015625
1.05218505859375
1.17620849609375
1.16943359375
1.217529296875
1.05096435546875
1.2872314453125
1.13446044921875
1.12445068359375
1.0794677734375
1.21282958984375
0.97637939453125
1.08941650390625
0.90350341796875
1.16180419921875
1.166259765625
0.980712890625
1.10137939453125
1.2369384765625
1.07275390625
1.11199951171875
1.10479736328125
1.09735107421875
1.14373779296875
1.16046142578125
1.04388427734375
1.044921875
1.14849853515625
1.27545166015625
1.15576171875
1.1834716796875
1.070556640625
1.32904052734375
1.1142578125
1.23175048828125
1.1478271484375
1.09234619140625
1.04693603515625
1.0716552734375
1.03790283203125
1.03045654296875
0.9534912109375
0.999267578125
1.1414794921875
1.1253662109375
1.14080810546875
1.143310546875
1.08251953125
1.105224609375
1.28302001953125
1.13995361328125
1.09466552734375
1.20965576171875
1.243896484375
0.993408203125
1.10693359375
1.11383056640625
1.11236572265625
0.9703369140625
1.123046875
0.9871826171875
1.0010986328125
1.20660400390625
1.074462890625
1.16192626953125
1.2166748046875
1.1297607421875
1.0084228515625
1.04400634765625
1.11102294921875
1.2139892578125
1.07452392578125
1.025390625
1.19720458984375
0.96551513671875
1.076171875
1.1068115234375
1.14471435546875
1.11273193359375
1.00494384765625
1.04974365234375
1.04345703125
1.09576416015625
1.0430908203125
1.2266845703125
1.168212890625
1.09906005859375
1.10736083984375
1.07757568359375
1.0335693359375
1.037109375
1.22503662109375
1.18353271484375
0.98651123046875
1.28912353515625
1.1614990234375
1.1197509765625
1.19610595703125
1.19140625
1.18023681640625
1.09002685546875
1.07470703125
1.31561279296875
1.13323974609375
1.0379638671875
1.21661376953125
0.9622802734375
1.09735107421875
1.0020751953125
1.1285400390625
1.141357421875
1.10015869140625
1.1763916015625
1.10101318359375
1.02655029296875
1.2352294921875
1.25604248046875
0.9781494140625
1.03521728515625
1.1378173828125
1.03643798828125
1.35906982421875
1.0068359375
1.04107666015625
1.169921875
1.080322265625
1.05169677734375
1.09228515625
1.02838134765625
1.133056640625
1.05096435546875
1.1243896484375
1.2442626953125
1.2723388671875
1.01898193359375
1.11700439453125
1.04461669921875
1.1915283203125
1.01251220703125
1.05218505859375
1.22845458984375
1.13165283203125
1.11944580078125
1.10479736328125
1.0618896484375
1.1263427734375
1.090576171875
1.01318359375
1.02874755859375
1.0531005859375
1.03662109375
1.13116455078125
1.12847900390625
1.15399169921875
1.02130126953125
1.079345703125
1.2606201171875
1.08203125
1.13922119140625
1.26983642578125
1.0848388671875
1.2657470703125
1.12579345703125
1.19305419921875
1.085205078125
1.1417236328125
1.106201171875
1.0672607421875
1.125244140625
1.0009765625
1.16424560546875
1.05926513671875
1.011962890625
0.94244384765625
1.08544921875
1.0177001953125
0.97296142578125
0.8863525390625
1.1593017578125
1.161865234375
1.1771240234375
0.994140625
0.990966796875
1.10003662109375
1.10870361328125
1.14215087890625
1.0672607421875
1.15460205078125
1.1007080078125
1.1627197265625
0.99298095703125
1.0262451171875
1.08929443359375
1.070068359375
1.12017822265625
1.19866943359375
1.30438232421875
1.12554931640625
1.0325927734375
1.12103271484375
1.21710205078125
1.08856201171875
1.00762939453125
1.1517333984375
1.2352294921875
0.99609375
1.12548828125
1.1453857421875
1.1732177734375
1.01214599609375
1.10589599609375
1.177490234375
1.13787841796875
1.03350830078125
1.18701171875
1.24664306640625
1.06512451171875
