6.932373046875
6.932373046875
6.932373046875
6.932373046875
6.932373046875
6.932373046875
6.932373046875
6.65203857421875
6.5340576171875
6.693115234375
6.51080322265625
6.695068359375
6.6090087890625
6.605712890625
7.01837158203125
6.729736328125
6.62115478515625
6.66619873046875
6.53814697265625
6.81085205078125
6.76031494140625
6.6617431640625
6.4251708984375
6.77642822265625
6.60943603515625
6.55303955078125
6.79638671875
6.36419677734375
6.6915283203125
6.65240478515625
6.42010498046875
6.50970458984375
6.302734375
6.79052734375
6.63421630859375
6.65447998046875
6.859619140625
6.64801025390625
6.545166015625
6.4576416015625
6.27935791015625
6.75189208984375
6.97235107421875
6.487548828125
6.80694580078125
6.68389892578125
6.74310302734375
6.7347412109375
6.69854736328125
6.4307861328125
6.6295166015625
6.5897216796875
6.80303955078125
6.44000244140625
6.9093017578125
6.54931640625
6.78271484375
6.7232666015625
6.59344482421875
6.9298095703125
6.96636962890625
6.87939453125
6.33941650390625
6.624267578125
6.294921875
6.5242919921875
6.53717041015625
6.67974853515625
6.7037353515625
6.87152099609375
6.77716064453125
6.85357666015625
6.6915283203125
6.95513916015625
6.75262451171875
6.8001708984375
6.69842529296875
6.2808837890625
6.64776611328125
7.0216064453125
6.69012451171875
6.6998291015625
6.45391845703125
6.769287109375
6.4757080078125
6.35650634765625
6.68341064453125
6.41143798828125
6.56085205078125
6.57427978515625
6.57891845703125
6.62457275390625
6.675048828125
6.75921630859375
6.77276611328125
6.6556396484375
6.704833984375
6.6478271484375
6.79620361328125
6.58074951171875
6.72100830078125
6.468505859375
6.664306640625
6.49041748046875
6.761962890625
7.00177001953125
6.66119384765625
6.78851318359375
6.54638671875
6.57708740234375
6.71875
6.894287109375
6.41986083984375
6.79522705078125
6.85113525390625
6.54681396484375
6.3739013671875
6.70684814453125
6.72198486328125
6.80389404296875
6.57635498046875
6.8084716796875
6.763671875
6.66204833984375
6.69317626953125
6.21673583984375
6.83319091796875
6.542236328125
6.80157470703125
6.4691162109375
6.68695068359375
6.5008544921875
6.85845947265625
6.56298828125
6.39361572265625
6.3743896484375
6.6839599609375
6.8431396484375
6.99151611328125
6.40802001953125
6.69683837890625
6.59344482421875
6.6279296875
6.628173828125
6.74029541015625
6.87408447265625
6.97650146484375
6.5887451171875
6.51416015625
6.63983154296875
6.4969482421875
6.92364501953125
6.72930908203125
6.87432861328125
6.52374267578125
6.661865234375
6.75994873046875
6.70294189453125
6.89947509765625
6.7716064453125
6.76385498046875
6.79345703125
6.5986328125
6.7008056640625
6.5589599609375
6.84185791015625
6.88629150390625
6.5740966796875
6.7330322265625
6.5562744140625
6.7791748046875
6.80035400390625
6.39801025390625
6.83795166015625
6.465087890625
6.538330078125
6.80889892578125
6.72454833984375
6.7662353515625
6.6826171875
6.65374755859375
6.53594970703125
6.7025146484375
6.7745361328125
6.5897216796875
6.56201171875
6.5418701171875
6.42095947265625
7.00482177734375
6.657958984375
6.67822265625
6.697998046875
6.6165771484375
6.7890625
6.77679443359375
6.56341552734375
6.811767578125
6.6231689453125
7.025390625
6.788330078125
6.94189453125
6.5611572265625
6.83258056640625
6.75115966796875
6.52734375
6.717529296875
6.6270751953125
6.59796142578125
6.6666259765625
6.71539306640625
6.97357177734375
6.6126708984375
6.49603271484375
6.6943359375
6.64703369140625
6.28875732421875
6.79791259765625
6.69586181640625
6.5418701171875
6.7310791015625
6.85693359375
6.65106201171875
6.7841796875
6.7435302734375
6.58966064453125
6.796875
6.8084716796875
6.61004638671875
6.8001708984375
6.34063720703125
6.62518310546875
6.64837646484375
6.71295166015625
6.2117919921875
6.41424560546875
6.580078125
6.63116455078125
6.5921630859375
6.54168701171875
6.80615234375
6.85223388671875
6.83087158203125
6.7633056640625
6.61822509765625
6.63629150390625
6.6480712890625
6.69818115234375
6.7529296875
6.73419189453125
6.67596435546875
6.56988525390625
6.566162109375
6.89508056640625
6.93341064453125
6.84844970703125
6.6669921875
6.46044921875
6.62506103515625
6.503662109375
6.60943603515625
6.61907958984375
6.4619140625
6.90423583984375
6.68426513671875
6.768310546875
6.66668701171875
6.740966796875
6.91259765625
6.6419677734375
6.48681640625
6.7279052734375
6.75054931640625
6.55743408203125
6.5172119140625
6.51104736328125
6.69970703125
6.720947265625
6.6719970703125
6.69598388671875
6.6505126953125
6.46014404296875
6.73468017578125
6.76824951171875
6.90008544921875
6.393798828125
6.75250244140625
6.545654296875
6.47021484375
6.8631591796875
6.70281982421875
6.61578369140625
6.49267578125
6.802490234375
6.64129638671875
6.75665283203125
6.7972412109375
6.95025634765625
6.3465576171875
6.720703125
6.7276611328125
6.4876708984375
6.79803466796875
6.68865966796875
6.71453857421875
6.71905517578125
6.9007568359375
6.98016357421875
6.71392822265625
6.5828857421875
6.83642578125
6.6385498046875
6.601318359375
6.38995361328125
6.40606689453125
6.5821533203125
6.80230712890625
6.6722412109375
6.79443359375
6.9010009765625
6.574951171875
6.9520263671875
7.14056396484375
6.685791015625
6.530029296875
6.75274658203125
6.9459228515625
6.76495361328125
6.67071533203125
6.519775390625
6.56854248046875
6.8470458984375
6.74908447265625
6.42535400390625
6.98040771484375
6.71429443359375
6.5716552734375
6.3751220703125
6.32098388671875
6.51580810546875
6.59747314453125
6.3873291015625
6.39776611328125
6.68878173828125
6.60980224609375
6.5111083984375
6.576904296875
6.58758544921875
6.695068359375
6.76861572265625
6.12713623046875
7.0748291015625
6.76934814453125
6.49365234375
6.706787109375
6.6468505859375
6.7176513671875
6.73748779296875
6.5767822265625
6.4168701171875
6.825439453125
6.7012939453125
6.3704833984375
6.87835693359375
6.5338134765625
6.74346923828125
6.7596435546875
6.3095703125
6.61468505859375
6.81561279296875
6.5643310546875
6.92926025390625
6.73919677734375
6.69757080078125
6.674072265625
6.94964599609375
6.908935546875
6.54547119140625
6.69598388671875
6.6708984375
6.81915283203125
6.75335693359375
6.61309814453125
6.93133544921875
6.602294921875
6.67041015625
6.6800537109375
6.48187255859375
6.95013427734375
6.42730712890625
6.83514404296875
6.70745849609375
6.8638916015625
6.67938232421875
6.61199951171875
6.6190185546875
6.77886962890625
6.94464111328125
6.3795166015625
6.79058837890625
6.51336669921875
6.383544921875
7.03668212890625
6.61529541015625
6.5968017578125
6.79498291015625
6.7840576171875
6.2049560546875
6.810546875
6.7987060546875
6.51702880859375
6.65008544921875
6.7442626953125
6.71209716796875
6.7861328125
6.59356689453125
6.4302978515625
6.43426513671875
6.52130126953125
6.69720458984375
6.33636474609375
6.8074951171875
6.67041015625
6.5291748046875
6.839599609375
6.7474365234375
6.6639404296875
6.8187255859375
6.48797607421875
6.83355712890625
6.62945556640625
6.75872802734375
6.97430419921875
6.58697509765625
7.02642822265625
6.57647705078125
6.793212890625
6.70025634765625
6.6839599609375
6.35321044921875
6.75970458984375
6.70166015625
6.760498046875
6.87335205078125
6.3106689453125
6.69488525390625
6.782470703125
6.6865234375
6.84637451171875
6.66925048828125
7.01727294921875
6.83392333984375
6.9459228515625
6.79541015625
6.6136474609375
6.51434326171875
6.78961181640625
6.95892333984375
6.9512939453125
6.7203369140625
6.72607421875
6.74249267578125
6.64739990234375
6.47125244140625
6.78973388671875
6.79168701171875
6.60223388671875
6.49383544921875
6.47064208984375
6.81878662109375
6.651123046875
6.70123291015625
6.40106201171875
6.52294921875
6.76849365234375
6.48779296875
6.69415283203125
6.58642578125
6.41204833984375
6.45556640625
6.7528076171875
6.364990234375
