6.39080810546875
6.23809814453125
5.93084716796875
6.23779296875
6.06109619140625
6.35894775390625
6.1011962890625
6.1417236328125
5.998046875
6.2987060546875
5.72637939453125
5.95947265625
6.189697265625
6.20635986328125
6.2701416015625
6.26226806640625
6.01336669921875
6.17645263671875
6.1444091796875
6.01898193359375
6.50341796875
6.49468994140625
5.8734130859375
6.21868896484375
5.85040283203125
6.17059326171875
6.42901611328125
6.38018798828125
6.05975341796875
6.27008056640625
6.38043212890625
6.3135986328125
6.1275634765625
6.48541259765625
6.0928955078125
6.130615234375
6.03900146484375
6.244873046875
6.10400390625
6.1461181640625
6.12908935546875
6.4110107421875
6.18817138671875
6.18133544921875
6.2686767578125
6.0196533203125
6.21490478515625
5.94927978515625
6.2025146484375
6.0545654296875
6.2783203125
6.27105712890625
6.2698974609375
6.3599853515625
6.439697265625
6.26263427734375
6.4237060546875
6.07769775390625
6.132080078125
6.08624267578125
6.22119140625
6.2725830078125
6.1588134765625
6.2142333984375
6.03173828125
6.314453125
6.15753173828125
5.9097900390625
6.35443115234375
6.3431396484375
6.1265869140625
6.4644775390625
6.12506103515625
6.28643798828125
6.20526123046875
6.25885009765625
6.194580078125
6.34173583984375
6.14532470703125
6.2783203125
6.35772705078125
6.21343994140625
6.0794677734375
6.20831298828125
6.26666259765625
6.44061279296875
6.113525390625
6.08270263671875
6.5201416015625
6.27301025390625
5.90277099609375
5.96875
6.2791748046875
5.90777587890625
6.10186767578125
6.19097900390625
6.216064453125
6.187744140625
6.2752685546875
6.117431640625
6.15643310546875
6.342041015625
6.14306640625
6.20977783203125
6.3787841796875
6.2767333984375
6.3890380859375
6.39208984375
6.25457763671875
6.32818603515625
6.1329345703125
6.359375
6.25543212890625
6.34228515625
6.00537109375
6.20343017578125
6.11279296875
6.017333984375
5.9031982421875
6.52679443359375
6.1214599609375
5.9769287109375
6.63311767578125
5.83642578125
6.00970458984375
6.22900390625
6.23486328125
6.33782958984375
6.41729736328125
6.201904296875
6.058837890625
5.9967041015625
6.3353271484375
6.15533447265625
6.36688232421875
6.22271728515625
6.22943115234375
6.43621826171875
6.11737060546875
5.498291015625
6.128662109375
6.1612548828125
6.0582275390625
6.35888671875
6.111328125
6.24456787109375
6.395751953125
5.987548828125
6.1572265625
6.19891357421875
6.57244873046875
6.1661376953125
6.0823974609375
6.43206787109375
6.159423828125
5.83538818359375
6.14288330078125
6.22900390625
6.1529541015625
6.08447265625
6.2967529296875
6.419677734375
6.09320068359375
6.15252685546875
5.97430419921875
6.09912109375
6.09783935546875
6.11248779296875
6.2110595703125
6.10760498046875
6.2506103515625
6.0042724609375
6.39080810546875
6.35418701171875
6.27532958984375
5.980712890625
6.36029052734375
6.42486572265625
6.1497802734375
6.1402587890625
6.15118408203125
6.41021728515625
5.90118408203125
6.08294677734375
6.197998046875
6.1329345703125
6.34613037109375
5.85601806640625
6.35546875
6.38189697265625
5.83355712890625
5.7896728515625
6.41888427734375
6.3492431640625
5.95660400390625
6.45465087890625
5.96392822265625
6.30548095703125
5.69219970703125
6.0206298828125
6.2508544921875
6.24700927734375
5.9815673828125
6.48199462890625
5.815673828125
5.94464111328125
6.39141845703125
6.29010009765625
6.09326171875
6.0208740234375
6.3360595703125
6.0626220703125
6.31756591796875
6.31396484375
6.4100341796875
6.251953125
6.32000732421875
5.780517578125
6.2532958984375
5.882080078125
6.008544921875
6.3458251953125
6.01568603515625
6.59930419921875
6.157958984375
5.925048828125
6.5179443359375
6.09344482421875
6.42913818359375
6.271728515625
6.22686767578125
6.3155517578125
6.1646728515625
6.23486328125
6.24200439453125
6.27557373046875
6.3656005859375
6.16876220703125
6.144287109375
6.2647705078125
6.01605224609375
6.1236572265625
6.12493896484375
6.11474609375
6.128662109375
6.170166015625
6.05303955078125
6.19219970703125
6.224853515625
6.18365478515625
6.15045166015625
6.41619873046875
6.46221923828125
6.3443603515625
6.01202392578125
6.00787353515625
6.32080078125
6.0244140625
6.0396728515625
6.12127685546875
6.07470703125
6.32684326171875
6.365478515625
5.96429443359375
6.1455078125
6.294921875
6.44866943359375
6.06402587890625
6.21844482421875
5.93988037109375
6.36285400390625
5.7523193359375
6.14410400390625
6.14434814453125
6.43255615234375
6.1953125
6.24530029296875
6.220703125
6.450439453125
6.05926513671875
5.961669921875
6.4464111328125
6.22662353515625
6.4420166015625
5.9501953125
6.40020751953125
6.06011962890625
6.32281494140625
6.07861328125
6.03387451171875
6.1923828125
6.0498046875
6.3880615234375
5.8233642578125
6.285888671875
6.106201171875
6.427490234375
6.0521240234375
6.31890869140625
5.98077392578125
6.163818359375
6.57391357421875
5.85052490234375
6.49627685546875
5.98138427734375
6.24188232421875
6.113037109375
6.220458984375
6.24664306640625
6.4771728515625
6.487060546875
6.0650634765625
6.331298828125
6.23638916015625
6.14898681640625
6.09075927734375
6.4107666015625
6.02581787109375
6.15460205078125
5.92767333984375
6.1629638671875
6.3367919921875
6.188720703125
6.19293212890625
6.35577392578125
6.56610107421875
6.30303955078125
6.15557861328125
6.11572265625
6.2650146484375
6.0697021484375
6.2230224609375
6.46826171875
6.61553955078125
6.23974609375
6.12237548828125
6.1094970703125
6.0760498046875
6.2574462890625
6.1578369140625
6.185546875
6.408203125
6.21075439453125
6.18853759765625
6.5465087890625
6.16851806640625
6.32867431640625
6.3291015625
6.41717529296875
6.22076416015625
6.08770751953125
6.0924072265625
6.2884521484375
6.324951171875
6.1873779296875
6.3060302734375
6.097900390625
6.16827392578125
6.29779052734375
6.1812744140625
6.1044921875
6.15643310546875
6.3004150390625
6.0770263671875
6.207275390625
6.232177734375
6.37664794921875
6.14892578125
6.24737548828125
6.41748046875
6.3109130859375
5.880615234375
6.27001953125
6.15045166015625
5.98712158203125
6.53082275390625
6.0238037109375
6.0377197265625
6.41900634765625
6.43695068359375
6.07049560546875
6.2088623046875
6.3154296875
6.20867919921875
6.1112060546875
5.66192626953125
6.18780517578125
6.1339111328125
6.2939453125
6.23236083984375
6.34246826171875
5.823486328125
6.12347412109375
6.30487060546875
6.21807861328125
5.87091064453125
6.48919677734375
6.12652587890625
6.37847900390625
6.1787109375
6.30633544921875
6.49444580078125
6.2275390625
6.1036376953125
6.24517822265625
6.2374267578125
6.007080078125
6.3182373046875
6.06365966796875
6.16973876953125
6.2567138671875
6.14404296875
6.1295166015625
6.19970703125
6.3677978515625
6.11920166015625
6.3040771484375
6.1107177734375
6.36444091796875
6.32525634765625
6.36114501953125
6.2496337890625
6.42681884765625
6.04998779296875
6.31884765625
6.35614013671875
6.22113037109375
6.356201171875
6.29730224609375
6.29278564453125
6.3570556640625
6.0145263671875
5.91204833984375
6.4847412109375
6.1776123046875
6.16949462890625
6.15631103515625
6.25836181640625
6.19281005859375
6.49627685546875
6.334228515625
6.05291748046875
6.087646484375
6.420654296875
6.16082763671875
5.7568359375
6.2960205078125
6.4520263671875
6.4998779296875
6.1558837890625
6.42498779296875
6.26446533203125
6.22119140625
6.32940673828125
6.16131591796875
5.69830322265625
6.257080078125
6.31842041015625
6.22259521484375
6.07952880859375
6.2186279296875
6.47149658203125
6.4183349609375
6.1790771484375
5.833984375
6.27947998046875
6.18060302734375
6.3214111328125
5.97235107421875
6.08807373046875
6.41796875
6.316162109375
6.46734619140625
5.9384765625
6.14959716796875
6.35577392578125
6.53106689453125
6.29376220703125
6.28607177734375
6.35223388671875
5.88629150390625
6.59588623046875
6.36761474609375
6.42779541015625
5.938232421875
6.19525146484375
6.05670166015625
6.04803466796875
5.9573974609375
6.35009765625
6.18365478515625
6.12457275390625
5.888671875
6.2518310546875
6.14971923828125
6.37994384765625
6.051513671875
6.1527099609375
