4.37176513671875
4.37176513671875
4.37176513671875
4.37176513671875
4.36065673828125
4.47833251953125
4.49658203125
4.6414794921875
4.4649658203125
4.50634765625
4.06866455078125
4.29730224609375
4.5264892578125
4.4525146484375
4.30975341796875
4.54522705078125
4.514892578125
4.14678955078125
4.4720458984375
4.42059326171875
4.5303955078125
4.56903076171875
4.50482177734375
4.60479736328125
4.52313232421875
4.3868408203125
4.15069580078125
4.45428466796875
4.3660888671875
4.5909423828125
4.4320068359375
4.59735107421875
4.34423828125
4.2620849609375
4.20172119140625
4.5169677734375
4.25701904296875
4.28973388671875
4.65313720703125
4.40936279296875
4.5833740234375
4.1124267578125
4.39263916015625
4.5718994140625
4.6273193359375
4.37109375
4.56353759765625
4.37158203125
4.65191650390625
4.2659912109375
4.4228515625
4.46795654296875
4.46600341796875
4.48797607421875
4.50579833984375
4.30511474609375
4.43060302734375
4.53411865234375
4.46044921875
4.43768310546875
4.41119384765625
4.5362548828125
4.2572021484375
4.31134033203125
4.56494140625
4.27337646484375
4.448486328125
4.3297119140625
4.284912109375
4.52874755859375
4.5367431640625
4.66143798828125
4.51416015625
4.5506591796875
4.55487060546875
4.62237548828125
4.6610107421875
4.4493408203125
4.16583251953125
4.51678466796875
4.32275390625
4.57220458984375
4.21484375
4.42950439453125
4.21295166015625
4.16595458984375
4.44384765625
4.17431640625
4.217529296875
4.57720947265625
4.2764892578125
4.291015625
4.57843017578125
4.2545166015625
4.33355712890625
4.4656982421875
4.339599609375
4.2498779296875
4.3232421875
4.48992919921875
4.1871337890625
4.46173095703125
4.60797119140625
4.20477294921875
4.57904052734375
4.37255859375
4.3416748046875
4.30853271484375
4.29315185546875
4.524169921875
4.38433837890625
4.45062255859375
4.38323974609375
4.36669921875
4.53765869140625
4.402099609375
4.204833984375
4.0341796875
3.9619140625
4.5433349609375
4.21856689453125
4.211669921875
4.412841796875
4.1929931640625
4.06304931640625
4.46270751953125
4.3970947265625
4.4144287109375
4.45367431640625
4.28985595703125
4.47198486328125
4.400390625
4.3345947265625
4.48883056640625
4.33544921875
4.3851318359375
4.44219970703125
4.19329833984375
4.4508056640625
4.63641357421875
4.53582763671875
4.453125
4.52734375
4.2108154296875
4.4833984375
4.25189208984375
4.4453125
4.589111328125
4.4796142578125
4.48785400390625
4.2412109375
4.40960693359375
4.37872314453125
4.31256103515625
4.40155029296875
4.2916259765625
4.40374755859375
4.21746826171875
4.44976806640625
4.4874267578125
4.35296630859375
4.51995849609375
4.51202392578125
4.55389404296875
4.2381591796875
4.400146484375
4.29376220703125
4.1673583984375
4.50048828125
4.1343994140625
4.4322509765625
4.4111328125
4.47174072265625
4.54473876953125
4.3692626953125
4.3472900390625
4.34478759765625
4.18792724609375
4.38916015625
4.50640869140625
4.6549072265625
4.420654296875
4.31561279296875
4.18792724609375
4.23968505859375
4.182373046875
4.30419921875
4.309326171875
4.3392333984375
4.4593505859375
4.32232666015625
4.2806396484375
4.28558349609375
4.27777099609375
4.27081298828125
4.43865966796875
4.3795166015625
4.2115478515625
4.3975830078125
4.1387939453125
4.3394775390625
4.5067138671875
4.36419677734375
4.27862548828125
4.31884765625
4.15814208984375
4.2484130859375
4.5032958984375
4.44281005859375
4.4696044921875
4.31671142578125
4.58270263671875
4.51751708984375
4.1514892578125
4.27685546875
4.37799072265625
4.68267822265625
4.43212890625
4.4573974609375
4.46728515625
4.53326416015625
4.44476318359375
4.32257080078125
4.3878173828125
4.470703125
4.11175537109375
4.5267333984375
4.5460205078125
4.3289794921875
4.19390869140625
4.34814453125
4.06494140625
4.57159423828125
4.21124267578125
4.3408203125
4.31488037109375
4.58428955078125
4.32965087890625
4.239013671875
4.3848876953125
4.2880859375
4.437744140625
4.3837890625
4.4014892578125
4.3668212890625
4.33111572265625
4.35302734375
4.42254638671875
4.384765625
4.36749267578125
4.461181640625
4.6077880859375
4.50262451171875
4.20477294921875
4.36663818359375
4.17742919921875
4.5113525390625
4.27923583984375
4.6748046875
4.2183837890625
4.3868408203125
4.33160400390625
4.5015869140625
4.525634765625
4.337158203125
4.3787841796875
4.15740966796875
4.5516357421875
4.30792236328125
4.29290771484375
4.2476806640625
4.00390625
4.35345458984375
4.62921142578125
4.49212646484375
4.15478515625
4.44000244140625
4.504150390625
4.48065185546875
4.15411376953125
4.2747802734375
4.181640625
4.46502685546875
4.42889404296875
4.5206298828125
4.53314208984375
4.44793701171875
4.25164794921875
4.5137939453125
4.38702392578125
4.3056640625
4.472900390625
4.5294189453125
4.29119873046875
4.33984375
4.3892822265625
4.282958984375
4.34844970703125
4.64453125
4.23712158203125
4.28839111328125
4.31451416015625
4.30535888671875
4.3057861328125
4.509033203125
4.51202392578125
4.365966796875
4.34527587890625
4.6038818359375
4.4971923828125
4.4954833984375
4.1961669921875
4.496826171875
4.3541259765625
4.444580078125
4.58734130859375
4.48358154296875
4.51129150390625
4.44500732421875
4.3934326171875
4.2720947265625
4.24053955078125
4.59210205078125
4.552490234375
4.49908447265625
4.40887451171875
4.387939453125
4.3946533203125
4.25042724609375
4.44805908203125
4.625732421875
4.6412353515625
4.44775390625
4.407470703125
4.2330322265625
4.54327392578125
4.25262451171875
4.1837158203125
4.09942626953125
4.44158935546875
4.3583984375
4.1080322265625
4.24822998046875
4.444580078125
4.5562744140625
4.33953857421875
4.50360107421875
4.35137939453125
4.35430908203125
4.3275146484375
4.425048828125
4.2664794921875
4.75653076171875
4.29327392578125
4.60418701171875
4.40728759765625
4.41156005859375
4.488525390625
4.541259765625
4.613037109375
4.4119873046875
4.395751953125
4.40283203125
4.50311279296875
4.42401123046875
4.33538818359375
4.1947021484375
4.40899658203125
4.395263671875
4.37646484375
4.39996337890625
4.19171142578125
4.4893798828125
4.26031494140625
4.70587158203125
4.271240234375
4.51708984375
4.31396484375
4.4737548828125
4.28363037109375
4.48919677734375
4.61029052734375
4.3880615234375
4.4930419921875
4.4727783203125
4.34307861328125
4.46478271484375
4.452880859375
4.45751953125
3.90460205078125
4.26202392578125
4.5533447265625
4.43511962890625
4.48248291015625
4.712646484375
4.39630126953125
4.54058837890625
4.51690673828125
4.1165771484375
4.23480224609375
4.614013671875
4.34393310546875
4.5
4.3297119140625
4.5546875
4.3388671875
4.50030517578125
4.34857177734375
4.501708984375
4.4971923828125
4.3414306640625
4.3936767578125
4.4013671875
4.2791748046875
4.5675048828125
4.6541748046875
4.25421142578125
4.50103759765625
4.41241455078125
4.5130615234375
4.33953857421875
4.52935791015625
4.444091796875
4.45501708984375
4.4144287109375
4.41058349609375
4.35882568359375
4.4703369140625
4.40911865234375
4.3172607421875
4.15606689453125
4.31353759765625
4.452880859375
4.47607421875
4.45391845703125
4.24957275390625
4.05377197265625
4.3663330078125
4.294677734375
4.30615234375
4.53900146484375
4.45416259765625
4.2969970703125
4.62396240234375
4.4903564453125
4.2919921875
4.6849365234375
4.29376220703125
4.1751708984375
4.28387451171875
4.542724609375
4.56689453125
4.42645263671875
4.5543212890625
4.71051025390625
4.513916015625
4.21282958984375
4.60882568359375
4.2738037109375
4.56536865234375
4.4013671875
4.43194580078125
4.632080078125
4.45867919921875
4.71826171875
4.2984619140625
4.7783203125
4.65863037109375
4.3621826171875
4.58087158203125
4.2509765625
4.2333984375
4.59527587890625
4.5933837890625
4.60308837890625
4.44927978515625
4.4891357421875
4.6634521484375
4.3795166015625
4.237548828125
4.6224365234375
4.4833984375
4.23980712890625
4.4102783203125
4.33349609375
4.5694580078125
4.42181396484375
4.46331787109375
4.51318359375
4.4615478515625
4.47247314453125
4.34564208984375
4.2366943359375
4.380126953125
4.2109375
4.3009033203125
4.1990966796875
