1.39971923828125
1.39971923828125
1.39971923828125
1.39971923828125
1.39971923828125
1.39971923828125
1.65869140625
1.43634033203125
1.71368408203125
1.56414794921875
1.56134033203125
1.6705322265625
1.55267333984375
1.74127197265625
1.48443603515625
1.8048095703125
1.58050537109375
1.72454833984375
1.6263427734375
1.66497802734375
1.447021484375
1.5546875
1.5711669921875
1.70458984375
1.504150390625
1.82977294921875
1.48468017578125
1.60198974609375
1.70025634765625
1.55914306640625
1.500244140625
1.62933349609375
1.73504638671875
1.49810791015625
1.62322998046875
1.5626220703125
1.60516357421875
1.54901123046875
1.51739501953125
1.56195068359375
1.51080322265625
1.56475830078125
1.42596435546875
1.6351318359375
1.5726318359375
1.61480712890625
1.500244140625
1.6669921875
1.61480712890625
1.57623291015625
1.47802734375
1.612060546875
1.56988525390625
1.5758056640625
1.63067626953125
1.85308837890625
1.505615234375
1.55999755859375
1.81097412109375
1.7904052734375
1.5225830078125
1.61798095703125
1.617431640625
1.52178955078125
1.528076171875
1.486572265625
1.52642822265625
1.5806884765625
1.6265869140625
1.3865966796875
1.74334716796875
1.51275634765625
1.677490234375
1.52801513671875
1.49176025390625
1.57916259765625
1.58123779296875
1.501953125
1.47027587890625
1.66180419921875
1.52886962890625
1.4857177734375
1.6051025390625
1.4853515625
1.723876953125
1.33782958984375
1.61773681640625
1.6212158203125
1.52178955078125
1.48797607421875
1.466064453125
1.331298828125
1.5333251953125
1.51287841796875
1.84527587890625
1.6529541015625
1.44915771484375
1.69775390625
1.51837158203125
1.506103515625
1.48443603515625
1.67889404296875
1.755615234375
1.58819580078125
1.50811767578125
1.3677978515625
1.73260498046875
1.56536865234375
1.81097412109375
1.57965087890625
1.61669921875
1.56024169921875
1.36041259765625
1.64752197265625
1.776123046875
1.49615478515625
1.43218994140625
1.5667724609375
1.49786376953125
1.65728759765625
1.72857666015625
1.52874755859375
1.3851318359375
1.59088134765625
1.51995849609375
1.71917724609375
1.6529541015625
1.5960693359375
1.44580078125
1.50341796875
1.49688720703125
1.4149169921875
1.67169189453125
1.76776123046875
1.6651611328125
1.68548583984375
1.55511474609375
1.5238037109375
1.51806640625
1.5911865234375
1.6746826171875
1.4810791015625
1.6204833984375
1.65240478515625
1.730712890625
1.60162353515625
1.69024658203125
1.530517578125
1.50439453125
1.62896728515625
1.5078125
1.38970947265625
1.59661865234375
1.267333984375
1.63934326171875
1.670654296875
1.5692138671875
1.5311279296875
1.52032470703125
1.6187744140625
1.46759033203125
1.485595703125
1.6058349609375
1.5184326171875
1.3704833984375
1.71453857421875
1.73760986328125
1.4256591796875
1.58636474609375
1.5494384765625
1.5274658203125
1.38775634765625
1.58917236328125
1.602294921875
1.705322265625
1.5618896484375
1.76702880859375
1.62457275390625
1.515869140625
1.82135009765625
1.706787109375
1.58953857421875
1.7923583984375
1.72332763671875
1.73675537109375
1.5208740234375
1.65386962890625
1.72406005859375
1.46942138671875
1.4974365234375
1.7327880859375
1.63970947265625
1.51971435546875
1.5050048828125
1.6317138671875
1.76611328125
1.490478515625
1.6173095703125
1.653564453125
1.63848876953125
1.75732421875
1.53289794921875
1.5399169921875
1.56951904296875
1.661376953125
1.6898193359375
1.55889892578125
1.56982421875
1.61688232421875
1.726318359375
1.570068359375
1.44219970703125
1.5323486328125
1.58203125
1.677734375
1.68310546875
1.5897216796875
1.5076904296875
1.67706298828125
1.5711669921875
1.51361083984375
1.65618896484375
1.4749755859375
1.6005859375
1.60693359375
1.7620849609375
1.60333251953125
1.487060546875
1.677490234375
1.68841552734375
1.72772216796875
1.53289794921875
1.6363525390625
1.51568603515625
1.5361328125
1.80450439453125
1.63323974609375
1.66546630859375
1.60693359375
1.6146240234375
1.540283203125
1.63714599609375
1.56622314453125
1.62786865234375
1.755859375
1.46624755859375
1.52178955078125
1.7425537109375
1.550048828125
1.505859375
1.71856689453125
1.64080810546875
1.616455078125
1.52392578125
1.53338623046875
1.55670166015625
1.47857666015625
1.72979736328125
1.63189697265625
1.5841064453125
1.72906494140625
1.49688720703125
1.58294677734375
1.34600830078125
1.748779296875
1.766845703125
1.59234619140625
1.569091796875
1.62359619140625
1.63726806640625
1.592041015625
1.60186767578125
1.7515869140625
1.6412353515625
1.6259765625
1.63458251953125
1.43255615234375
1.59124755859375
1.54156494140625
1.40740966796875
1.4981689453125
1.65081787109375
1.55548095703125
1.62249755859375
1.62677001953125
1.694091796875
1.5072021484375
1.7957763671875
1.71221923828125
1.57586669921875
1.48992919921875
1.67401123046875
1.46795654296875
1.58453369140625
1.361328125
1.71331787109375
1.69329833984375
1.44683837890625
1.58294677734375
1.7667236328125
1.61444091796875
1.6322021484375
1.63433837890625
1.467041015625
1.6290283203125
1.67523193359375
1.550537109375
1.55718994140625
1.575927734375
1.752197265625
1.62640380859375
1.74798583984375
1.56524658203125
1.82000732421875
1.5670166015625
1.80474853515625
1.65069580078125
1.50970458984375
1.56982421875
1.6190185546875
1.55389404296875
1.524169921875
1.359375
1.48907470703125
1.58935546875
1.60333251953125
1.63995361328125
1.65899658203125
1.6190185546875
1.60223388671875
1.74652099609375
1.63092041015625
1.5750732421875
1.80206298828125
1.603515625
1.49810791015625
1.5146484375
1.596923828125
1.5975341796875
1.45745849609375
1.61358642578125
1.48345947265625
1.51788330078125
1.78033447265625
1.61053466796875
1.61669921875
1.69757080078125
1.66558837890625
1.50848388671875
1.46759033203125
1.6292724609375
1.67608642578125
1.59906005859375
1.50592041015625
1.67767333984375
1.44927978515625
1.6353759765625
1.57470703125
1.64617919921875
1.595947265625
1.44927978515625
1.56036376953125
1.5318603515625
1.585693359375
1.5699462890625
1.82305908203125
1.64569091796875
1.58770751953125
1.6427001953125
1.59552001953125
1.509033203125
1.51104736328125
1.82745361328125
1.65948486328125
1.42901611328125
1.728759765625
1.6810302734375
1.65557861328125
1.65338134765625
1.765380859375
1.70526123046875
1.62823486328125
1.571044921875
1.80755615234375
1.61724853515625
1.5294189453125
1.70196533203125
1.41119384765625
1.65704345703125
1.50567626953125
1.56488037109375
1.66094970703125
1.6158447265625
1.7666015625
1.49114990234375
1.50030517578125
1.826904296875
1.67828369140625
1.4222412109375
1.50244140625
1.62274169921875
1.5482177734375
1.7196044921875
1.5145263671875
1.57537841796875
1.75567626953125
1.59698486328125
1.51361083984375
1.6658935546875
1.5174560546875
1.60687255859375
1.4970703125
1.612060546875
1.8616943359375
1.72607421875
1.47906494140625
1.69000244140625
1.50726318359375
1.67626953125
1.49102783203125
1.5343017578125
1.656005859375
1.60882568359375
1.555908203125
1.650146484375
1.54132080078125
1.64617919921875
1.597412109375
1.5008544921875
1.52825927734375
1.5965576171875
1.60064697265625
1.67510986328125
1.518310546875
1.6871337890625
1.487548828125
1.61932373046875
1.747802734375
1.5665283203125
1.67987060546875
1.7705078125
1.5799560546875
1.7318115234375
1.68463134765625
1.73248291015625
1.595703125
1.64361572265625
1.57373046875
1.5137939453125
1.57073974609375
1.46612548828125
1.7012939453125
1.5447998046875
1.48297119140625
1.414306640625
1.54339599609375
1.46697998046875
1.46533203125
1.3302001953125
1.59619140625
1.63909912109375
1.6995849609375
1.5020751953125
1.44677734375
1.57342529296875
1.5753173828125
1.5882568359375
1.59112548828125
1.6588134765625
1.58123779296875
1.63848876953125
1.48681640625
1.44805908203125
1.5504150390625
1.61810302734375
1.58892822265625
1.68157958984375
1.74542236328125
1.62890625
1.47296142578125
1.65850830078125
1.6956787109375
1.64654541015625
1.52716064453125
1.7310791015625
1.79791259765625
1.51171875
1.62896728515625
1.5784912109375
1.6363525390625
1.52996826171875
1.541259765625
1.7393798828125
1.66644287109375
1.5396728515625
1.716064453125
1.70550537109375
1.5999755859375
