1.88323974609375
2.11279296875
2.0057373046875
2.1923828125
2.07989501953125
2.139892578125
2.052001953125
2.0880126953125
2.00311279296875
2.11334228515625
1.96405029296875
2.03204345703125
2.162841796875
2.0819091796875
2.12969970703125
2.11517333984375
1.78533935546875
2.1431884765625
1.93756103515625
2.08258056640625
2.11181640625
2.1341552734375
1.92138671875
2.0621337890625
1.8785400390625
2.001953125
2.32171630859375
2.1954345703125
2.284423828125
2.13800048828125
2.10882568359375
2.21435546875
2.16064453125
2.198486328125
2.04949951171875
2.1180419921875
2.135498046875
1.94677734375
2.22943115234375
2.08349609375
1.98291015625
2.086181640625
2.0904541015625
1.98516845703125
1.96270751953125
2.0535888671875
1.9901123046875
1.91546630859375
2.02972412109375
1.978271484375
2.1571044921875
2.0643310546875
1.91888427734375
2.115478515625
2.08074951171875
2.019775390625
2.12347412109375
1.9976806640625
1.913818359375
2.17767333984375
2.109619140625
2.16558837890625
1.90911865234375
2.1165771484375
2.115478515625
2.121826171875
2.03900146484375
1.95538330078125
2.19586181640625
1.8885498046875
1.9588623046875
2.1728515625
2.04302978515625
1.98126220703125
2.1787109375
1.890625
1.94354248046875
2.2060546875
2.06683349609375
2.0230712890625
2.09954833984375
2.1141357421875
1.9632568359375
2.040771484375
2.0074462890625
1.9852294921875
2.00360107421875
1.94287109375
2.23065185546875
1.94189453125
1.996337890625
2.02496337890625
1.94573974609375
1.993896484375
2.070068359375
2.14105224609375
2.14892578125
1.9376220703125
2.17047119140625
1.970703125
1.9422607421875
2.160888671875
2.19097900390625
2.05670166015625
2.0362548828125
2.12432861328125
2.13232421875
2.03338623046875
2.21966552734375
2.0025634765625
2.07684326171875
2.0150146484375
1.9697265625
2.205810546875
1.9473876953125
2.21881103515625
1.98358154296875
2.0743408203125
1.962158203125
2.0887451171875
2.04730224609375
2.16064453125
2.16754150390625
1.92071533203125
1.87896728515625
2.0986328125
1.9620361328125
2.080078125
2.253662109375
2.0269775390625
2.07281494140625
1.8482666015625
2.01153564453125
1.91558837890625
2.079833984375
1.8868408203125
2.24554443359375
2.03125
2.06573486328125
1.712890625
2.13433837890625
2.0904541015625
2.18170166015625
2.0103759765625
2.12890625
2.084228515625
2.00714111328125
1.9390869140625
1.9971923828125
2.1666259765625
2.05865478515625
2.09136962890625
2.0618896484375
2.150390625
2.230224609375
1.9677734375
2.16937255859375
2.02197265625
2.10406494140625
1.93817138671875
2.313720703125
1.98016357421875
2.1756591796875
1.88116455078125
2.15478515625
1.9722900390625
2.14544677734375
2.196044921875
1.99212646484375
2.14263916015625
2.02825927734375
2.11602783203125
2.331787109375
2.06805419921875
2.0186767578125
2.24017333984375
2.01409912109375
2.084228515625
1.91766357421875
2.04998779296875
1.99700927734375
2.00445556640625
1.865966796875
1.96868896484375
2.09716796875
1.94329833984375
2.14935302734375
1.9412841796875
1.9949951171875
1.96630859375
1.86370849609375
1.84051513671875
2.03961181640625
2.08489990234375
2.03167724609375
2.22998046875
1.7156982421875
2.22137451171875
1.768310546875
2.09259033203125
1.95452880859375
2.23193359375
2.00518798828125
2.11029052734375
1.86346435546875
2.0029296875
2.029052734375
2.12042236328125
1.99957275390625
2.11566162109375
2.15496826171875
2.00604248046875
2.11578369140625
2.3646240234375
2.13116455078125
2.0533447265625
2.206787109375
1.98126220703125
2.17120361328125
1.84454345703125
2.0826416015625
2.093505859375
1.96307373046875
2.36859130859375
2.1033935546875
2.12646484375
2.064453125
2.01885986328125
2.092041015625
2.24627685546875
1.97808837890625
2.1744384765625
2.1298828125
2.07843017578125
2.215087890625
2.00335693359375
2.0623779296875
2.06787109375
2.137451171875
2.0767822265625
2.2210693359375
2.12701416015625
1.97247314453125
2.05584716796875
1.9625244140625
2.013916015625
2.22509765625
2.031494140625
2.1199951171875
2.04986572265625
2.10772705078125
2.05181884765625
2.02288818359375
2.0966796875
2.03173828125
1.91961669921875
2.04559326171875
1.98101806640625
2.08306884765625
2.1131591796875
2.06842041015625
2.07672119140625
2.0467529296875
1.90966796875
2.14862060546875
2.1064453125
2.03387451171875
1.98382568359375
1.95953369140625
1.837158203125
2.2493896484375
2.05938720703125
2.16217041015625
2.08734130859375
2.04486083984375
2.043701171875
2.0244140625
2.139404296875
2.03814697265625
2.0140380859375
1.88079833984375
2.2032470703125
2.00872802734375
2.065673828125
2.1058349609375
2.11065673828125
2.06719970703125
1.8912353515625
2.05865478515625
2.0535888671875
2.153564453125
2.076904296875
2.30816650390625
1.87872314453125
1.98980712890625
1.9200439453125
2.2421875
1.95452880859375
2.15289306640625
1.93646240234375
1.940673828125
2.09625244140625
2.08428955078125
2.22259521484375
2.2027587890625
1.981689453125
1.85272216796875
2.04315185546875
2.1170654296875
2.089111328125
2.11541748046875
1.94281005859375
2.158447265625
1.92840576171875
2.1693115234375
2.0712890625
2.08721923828125
2.10589599609375
2.23699951171875
2.09100341796875
2.10345458984375
2.1688232421875
2.0478515625
2.0260009765625
2.06658935546875
2.181396484375
1.97735595703125
1.93353271484375
1.94854736328125
2.065673828125
2.02069091796875
2.0849609375
2.257080078125
2.11981201171875
2.24737548828125
1.81170654296875
2.04730224609375
2.0450439453125
1.8760986328125
2.2735595703125
2.0643310546875
2.15252685546875
2.13665771484375
2.0421142578125
2.178466796875
2.00482177734375
1.9029541015625
2.126220703125
2.06781005859375
2.15576171875
1.99798583984375
2.074462890625
2.12054443359375
2.19610595703125
2.17413330078125
2.04547119140625
2.1275634765625
1.947998046875
2.1107177734375
2.1845703125
1.92718505859375
2.15631103515625
2.08843994140625
2.2119140625
2.207275390625
2.1646728515625
1.941650390625
1.92266845703125
1.980712890625
2.2071533203125
2.12945556640625
2.14581298828125
1.9371337890625
1.90240478515625
2.0933837890625
2.2032470703125
1.9688720703125
2.134765625
2.201416015625
2.25909423828125
1.93878173828125
2.15570068359375
2.26641845703125
2.05828857421875
2.130859375
1.8433837890625
1.99859619140625
1.882568359375
2.07562255859375
2.11517333984375
2.0960693359375
2.0262451171875
1.966552734375
2.010986328125
2.08184814453125
1.8662109375
2.30560302734375
2.06829833984375
2.1607666015625
2.0552978515625
1.9931640625
2.18048095703125
2.08831787109375
1.97601318359375
2.09564208984375
2.11029052734375
1.78448486328125
2.18060302734375
2.08026123046875
2.01220703125
2.0499267578125
1.8701171875
2.2171630859375
2.0863037109375
2.08734130859375
1.94268798828125
2.09429931640625
1.988037109375
2.06097412109375
2.08807373046875
2.25982666015625
2.0806884765625
2.12200927734375
2.152099609375
2.01654052734375
2.23699951171875
1.9468994140625
2.09814453125
2.11846923828125
2.1820068359375
1.89068603515625
2.0350341796875
1.939697265625
2.0849609375
2.0430908203125
2.09722900390625
2.14105224609375
2.14532470703125
1.9801025390625
2.0804443359375
2.21038818359375
1.93011474609375
1.93621826171875
2.1688232421875
2.09051513671875
1.9703369140625
2.0863037109375
2.0584716796875
2.07403564453125
1.841064453125
2.273681640625
2.0780029296875
2.16107177734375
2.177001953125
2.1640625
1.78662109375
2.170166015625
1.96405029296875
2.215576171875
1.85662841796875
2.03057861328125
2.09869384765625
2.064697265625
1.8912353515625
2.1669921875
2.2518310546875
2.12615966796875
2.10650634765625
2.12261962890625
2.11480712890625
2.109130859375
2.1268310546875
2.23602294921875
1.851806640625
1.985595703125
2.21356201171875
2.267333984375
2.203857421875
1.93353271484375
2.048583984375
2.1322021484375
2.25946044921875
2.03289794921875
2.102783203125
1.927978515625
2.02044677734375
2.3106689453125
1.9837646484375
2.1591796875
2.34649658203125
1.88421630859375
2.0255126953125
2.00048828125
2.16412353515625
1.97381591796875
2.25927734375
2.08160400390625
2.15234375
1.8861083984375
