2.7457275390625
2.7457275390625
2.7457275390625
2.7457275390625
2.7457275390625
2.7457275390625
3.06097412109375
2.95654296875
2.86376953125
2.96942138671875
3.013671875
3.06512451171875
2.935791015625
2.918701171875
3.000732421875
2.746826171875
2.82598876953125
2.8165283203125
2.9552001953125
2.9708251953125
3.1419677734375
3.0047607421875
2.990234375
3.2320556640625
3.22314453125
2.9598388671875
3.0740966796875
2.83880615234375
2.97760009765625
2.94537353515625
2.81744384765625
2.8795166015625
3.11456298828125
2.88665771484375
2.940673828125
3.00994873046875
2.96728515625
2.8509521484375
3.0230712890625
2.9024658203125
2.881103515625
2.88922119140625
3.04486083984375
2.805908203125
3.02935791015625
2.6661376953125
2.8477783203125
2.837646484375
3.057861328125
2.98077392578125
2.60089111328125
3.03533935546875
2.6689453125
2.975830078125
2.8197021484375
3.00750732421875
3.0992431640625
2.93017578125
2.90093994140625
2.75701904296875
2.88665771484375
2.81903076171875
2.88531494140625
2.95135498046875
3.09674072265625
3.04876708984375
2.9296875
3.01239013671875
2.6998291015625
2.76385498046875
2.84832763671875
2.7606201171875
3.010009765625
2.86773681640625
3.00201416015625
3.067626953125
2.921875
2.84637451171875
2.71990966796875
2.97381591796875
2.93780517578125
2.52484130859375
2.80712890625
2.92169189453125
2.83966064453125
2.82550048828125
2.98876953125
2.99078369140625
3.05224609375
2.94354248046875
2.8843994140625
2.8365478515625
2.9178466796875
2.88873291015625
3.07623291015625
2.8331298828125
2.81640625
2.82830810546875
2.9136962890625
2.95562744140625
2.78271484375
2.829833984375
2.92706298828125
3.0684814453125
2.92572021484375
2.9302978515625
2.90655517578125
3.182861328125
2.88140869140625
3.04644775390625
3.10174560546875
2.8797607421875
2.93865966796875
2.7694091796875
2.83526611328125
3.249267578125
3.0780029296875
2.86541748046875
2.9149169921875
3.09820556640625
2.86907958984375
2.98211669921875
2.78363037109375
3.002197265625
2.95404052734375
2.94305419921875
2.89910888671875
2.80517578125
2.7972412109375
2.826171875
2.63873291015625
3.15899658203125
2.98077392578125
3.0245361328125
2.89691162109375
3.007568359375
3.19842529296875
2.77862548828125
3.11737060546875
3.03155517578125
3.03759765625
2.76507568359375
2.83935546875
2.9866943359375
2.9700927734375
2.93829345703125
2.85552978515625
2.65216064453125
2.85089111328125
3.03741455078125
3.11474609375
3.27178955078125
2.918701171875
2.9095458984375
2.8819580078125
3.0318603515625
2.8333740234375
3.00433349609375
3.00177001953125
3.0006103515625
2.915771484375
2.98785400390625
3.08831787109375
2.98236083984375
2.9365234375
3.06689453125
2.775634765625
2.78082275390625
3.1549072265625
2.81854248046875
2.95587158203125
2.9090576171875
3.01641845703125
2.98455810546875
2.8370361328125
2.9150390625
2.77545166015625
2.8507080078125
2.785400390625
3.04583740234375
2.8895263671875
2.92877197265625
2.964111328125
2.88751220703125
3.01080322265625
3.18182373046875
2.87237548828125
2.77252197265625
2.91632080078125
3.03021240234375
3.00921630859375
2.89080810546875
2.9930419921875
2.73095703125
2.9095458984375
2.8468017578125
2.864990234375
2.88372802734375
2.73321533203125
2.85101318359375
2.92071533203125
2.75244140625
2.83123779296875
2.91534423828125
2.99395751953125
2.917236328125
2.92724609375
3.055419921875
2.99456787109375
3.16448974609375
2.950927734375
2.98870849609375
2.89471435546875
2.97943115234375
3.1529541015625
2.84808349609375
2.9693603515625
3.0885009765625
3.01397705078125
3.01123046875
3.0120849609375
3.071533203125
2.79443359375
2.99468994140625
2.98193359375
3.03851318359375
2.9263916015625
3.0399169921875
2.86431884765625
2.7435302734375
2.931396484375
2.875
2.77935791015625
2.938232421875
3.0247802734375
3.01104736328125
2.63360595703125
3.21417236328125
3.04107666015625
2.7161865234375
2.90118408203125
2.94061279296875
2.85943603515625
2.69219970703125
2.77880859375
2.85943603515625
2.9498291015625
3.04986572265625
2.94830322265625
2.89959716796875
2.81488037109375
2.9359130859375
2.7943115234375
2.98284912109375
2.99847412109375
2.54144287109375
2.99688720703125
3.041015625
2.83807373046875
2.92724609375
3.04620361328125
2.8173828125
2.82977294921875
2.88250732421875
3.0025634765625
2.95721435546875
2.9683837890625
2.90643310546875
3.12884521484375
2.979736328125
2.74151611328125
2.88250732421875
2.98345947265625
3.11962890625
2.83660888671875
2.8955078125
3.02117919921875
2.8604736328125
2.84368896484375
2.7703857421875
3.041259765625
2.93408203125
2.95745849609375
2.93280029296875
2.83111572265625
3.0225830078125
2.8359375
3.13018798828125
2.6929931640625
2.83447265625
3.03131103515625
2.86968994140625
2.9615478515625
2.73980712890625
2.99151611328125
2.8717041015625
2.6795654296875
3.013916015625
2.7049560546875
2.8111572265625
2.80389404296875
2.84234619140625
2.92620849609375
2.86529541015625
2.86383056640625
2.8878173828125
2.97174072265625
2.81365966796875
2.77618408203125
2.8231201171875
3.201904296875
2.94866943359375
3.00848388671875
2.85247802734375
2.7734375
3.10009765625
3.00909423828125
2.7332763671875
2.763427734375
2.96160888671875
2.940673828125
2.90045166015625
2.93994140625
2.908935546875
2.8211669921875
2.98883056640625
3.02093505859375
2.7462158203125
2.86553955078125
2.7393798828125
2.84918212890625
2.9119873046875
2.91143798828125
3.13055419921875
2.865478515625
2.857421875
2.849365234375
2.826904296875
2.81488037109375
2.95672607421875
2.97039794921875
3.09033203125
2.84405517578125
2.82421875
2.9056396484375
2.85302734375
2.74932861328125
2.83251953125
2.90069580078125
2.95318603515625
2.843505859375
2.76800537109375
2.9796142578125
2.98614501953125
2.9874267578125
2.69140625
3.04376220703125
3.0562744140625
2.97711181640625
2.99285888671875
2.87744140625
2.99871826171875
2.79327392578125
3.2445068359375
2.91326904296875
3.0560302734375
2.81182861328125
2.91162109375
2.695068359375
3.0474853515625
2.85198974609375
2.8819580078125
2.77667236328125
2.94866943359375
2.9036865234375
3.04705810546875
2.8572998046875
2.91607666015625
2.9251708984375
2.9210205078125
2.8619384765625
2.97467041015625
2.66949462890625
2.90234375
2.86004638671875
3.03216552734375
2.95208740234375
3.0211181640625
2.91229248046875
2.7208251953125
3.0394287109375
2.85699462890625
3.02880859375
2.848876953125
3.137939453125
2.65655517578125
2.88519287109375
2.9002685546875
3.0120849609375
2.84112548828125
2.95208740234375
2.9468994140625
2.997314453125
3.01251220703125
2.8580322265625
3.08111572265625
2.98907470703125
2.83843994140625
3.05010986328125
2.9295654296875
3.090087890625
2.8875732421875
2.9246826171875
3.08966064453125
2.913330078125
2.91180419921875
2.88067626953125
2.97705078125
2.8720703125
2.97259521484375
3.08526611328125
2.786376953125
2.989501953125
3.0556640625
2.95111083984375
2.96661376953125
2.9091796875
3.03741455078125
2.90948486328125
2.93133544921875
2.90252685546875
2.84808349609375
2.8834228515625
2.9488525390625
3.01275634765625
2.7032470703125
3.114990234375
2.72235107421875
3.0220947265625
2.9305419921875
3.083740234375
3.15716552734375
2.833251953125
2.99261474609375
2.88690185546875
3.11212158203125
3.02593994140625
3.05450439453125
2.9912109375
2.9735107421875
3.06781005859375
2.53253173828125
2.93017578125
2.957763671875
2.98321533203125
2.76678466796875
2.908447265625
2.90264892578125
2.75775146484375
2.9095458984375
3.1884765625
3.03546142578125
2.8580322265625
2.75457763671875
2.634521484375
2.9637451171875
2.9132080078125
2.97528076171875
2.84613037109375
2.79180908203125
2.875732421875
3.01678466796875
3.10357666015625
2.98040771484375
2.8011474609375
2.9876708984375
2.84051513671875
2.97344970703125
2.804931640625
2.8873291015625
2.977783203125
2.84503173828125
2.8472900390625
3.32049560546875
2.879150390625
2.76275634765625
2.91583251953125
2.71185302734375
3.0279541015625
2.95233154296875
3.0283203125
2.87164306640625
2.94586181640625
2.9656982421875
2.84686279296875
3.1190185546875
3.12274169921875
3.03570556640625
