8.098388671875
8.098388671875
8.098388671875
8.098388671875
7.94085693359375
7.5838623046875
7.437744140625
7.69189453125
7.96942138671875
7.73052978515625
7.72589111328125
7.88690185546875
7.75323486328125
7.61383056640625
7.89324951171875
7.8221435546875
7.66693115234375
7.95062255859375
8.0184326171875
7.5718994140625
7.3289794921875
7.8846435546875
7.797119140625
7.7452392578125
7.7266845703125
7.7572021484375
7.65679931640625
8.0277099609375
8.25811767578125
7.9755859375
7.87493896484375
7.71392822265625
7.561767578125
7.90997314453125
8.0133056640625
7.65850830078125
7.6865234375
7.82647705078125
7.47119140625
8.0848388671875
7.4700927734375
7.685546875
7.72113037109375
7.73809814453125
8.03729248046875
7.82635498046875
8.08587646484375
7.8834228515625
7.7049560546875
7.80682373046875
7.47833251953125
7.88043212890625
7.96429443359375
7.89697265625
7.58245849609375
7.99786376953125
8.192626953125
7.87518310546875
7.58929443359375
8.04547119140625
7.80218505859375
7.65484619140625
7.86956787109375
7.59698486328125
7.9127197265625
7.8839111328125
7.7369384765625
7.9468994140625
7.78887939453125
7.60565185546875
8.38311767578125
8.03765869140625
7.6468505859375
8.0546875
7.73773193359375
7.489501953125
7.646484375
8.0574951171875
7.66259765625
8.06256103515625
7.9627685546875
7.64117431640625
7.97589111328125
8.108642578125
7.9019775390625
7.5054931640625
7.9915771484375
7.931884765625
7.72650146484375
7.73040771484375
7.92724609375
7.71917724609375
7.79791259765625
7.78533935546875
7.71624755859375
7.49041748046875
7.69830322265625
7.65386962890625
7.79736328125
7.43536376953125
7.97943115234375
7.27764892578125
7.8880615234375
7.64825439453125
7.99188232421875
7.92333984375
7.6971435546875
7.5302734375
7.9132080078125
8.01953125
7.63623046875
7.97833251953125
8.13690185546875
8.00152587890625
7.88250732421875
7.66455078125
7.732177734375
7.90472412109375
7.70361328125
7.96600341796875
8.03070068359375
7.81494140625
7.880615234375
7.73284912109375
7.8763427734375
7.64910888671875
7.98773193359375
8.03350830078125
7.67352294921875
7.6165771484375
7.72430419921875
7.48828125
8.1865234375
7.78314208984375
7.7177734375
7.7835693359375
7.64544677734375
7.727294921875
7.561279296875
7.79168701171875
7.752685546875
7.513671875
7.80914306640625
7.56658935546875
7.3896484375
8.06756591796875
7.80804443359375
8.07958984375
7.81671142578125
7.6531982421875
7.61810302734375
7.62042236328125
7.8011474609375
7.68902587890625
7.7022705078125
7.8878173828125
7.84576416015625
7.544189453125
7.8441162109375
7.8055419921875
7.7183837890625
7.8985595703125
7.8765869140625
7.91082763671875
7.681640625
7.93060302734375
7.7725830078125
7.75238037109375
8.07470703125
7.73004150390625
7.9141845703125
8.15948486328125
7.5458984375
7.46746826171875
8.16925048828125
7.53204345703125
7.85546875
7.76483154296875
7.70257568359375
7.78582763671875
7.77001953125
7.9404296875
7.79876708984375
8.031494140625
7.779296875
7.6414794921875
7.82537841796875
7.8780517578125
8.02752685546875
7.8055419921875
7.8912353515625
7.85516357421875
7.81842041015625
7.86883544921875
7.9583740234375
8.2919921875
7.7745361328125
7.57977294921875
7.49554443359375
8.02191162109375
7.9630126953125
7.6439208984375
7.92364501953125
7.5081787109375
7.9786376953125
8.16082763671875
7.67779541015625
7.7354736328125
7.6580810546875
7.8919677734375
7.56439208984375
7.65869140625
7.6087646484375
7.72259521484375
7.65350341796875
7.7371826171875
7.93719482421875
7.761962890625
7.2340087890625
7.809326171875
7.64874267578125
7.992431640625
7.8507080078125
7.57830810546875
7.78936767578125
8.0205078125
7.35662841796875
7.29168701171875
8.14788818359375
7.652099609375
7.7113037109375
7.64251708984375
7.85760498046875
7.74169921875
7.62060546875
7.83416748046875
7.80133056640625
7.725830078125
7.54290771484375
7.93634033203125
7.73773193359375
7.7430419921875
7.71356201171875
8.09674072265625
7.9390869140625
7.79638671875
7.91259765625
7.8575439453125
7.722900390625
7.88568115234375
7.97137451171875
8.01824951171875
7.7264404296875
7.861328125
7.667236328125
7.77880859375
7.8223876953125
7.862060546875
7.788330078125
7.7630615234375
7.64434814453125
7.73529052734375
7.816650390625
7.99395751953125
7.96527099609375
8.068359375
8.04327392578125
7.89501953125
7.90667724609375
7.6075439453125
7.5087890625
7.44195556640625
8.11029052734375
7.6290283203125
7.81878662109375
7.82861328125
7.691162109375
7.80303955078125
7.39263916015625
7.84503173828125
7.74481201171875
7.8310546875
7.54522705078125
7.73333740234375
8.03125
7.46722412109375
7.5863037109375
7.495361328125
7.65948486328125
7.87933349609375
7.7216796875
7.4228515625
7.9403076171875
8.017822265625
7.99871826171875
7.74822998046875
7.7208251953125
7.96112060546875
7.4681396484375
7.62091064453125
7.8316650390625
7.58782958984375
7.683837890625
8.05340576171875
7.67071533203125
7.79962158203125
7.8349609375
7.88104248046875
7.625
7.84527587890625
7.66290283203125
7.7198486328125
7.6966552734375
8.01605224609375
7.8851318359375
7.5172119140625
7.80157470703125
7.70111083984375
7.357421875
7.8497314453125
7.809326171875
7.9189453125
7.7388916015625
7.85833740234375
7.68878173828125
7.9193115234375
7.62445068359375
7.94281005859375
7.80987548828125
7.93243408203125
7.44171142578125
7.68267822265625
7.73443603515625
7.74609375
7.676513671875
7.73394775390625
7.71270751953125
7.7900390625
7.54364013671875
7.6707763671875
7.78021240234375
7.8673095703125
7.86322021484375
8.01312255859375
7.8726806640625
7.54632568359375
7.63177490234375
7.763671875
7.86956787109375
7.8135986328125
7.38714599609375
7.55242919921875
7.89141845703125
7.66943359375
7.55389404296875
7.4752197265625
7.82720947265625
7.6324462890625
7.94219970703125
7.68646240234375
7.7027587890625
7.56536865234375
7.84075927734375
7.68194580078125
7.73968505859375
7.59832763671875
7.72894287109375
7.66802978515625
7.61932373046875
7.91546630859375
7.997314453125
7.84625244140625
7.72772216796875
7.860595703125
7.90252685546875
7.89349365234375
7.7005615234375
7.9779052734375
7.82586669921875
7.65777587890625
7.53704833984375
7.83447265625
7.57781982421875
7.7156982421875
7.81207275390625
7.8287353515625
7.631591796875
7.89410400390625
7.84442138671875
7.5101318359375
8.00506591796875
7.75787353515625
8.3035888671875
7.606201171875
8.02264404296875
7.4122314453125
7.71826171875
7.424072265625
8.05731201171875
7.6881103515625
7.83148193359375
7.683837890625
7.68853759765625
7.73382568359375
7.70074462890625
7.6119384765625
7.98016357421875
7.62518310546875
7.89764404296875
7.58355712890625
7.81884765625
7.96014404296875
7.52703857421875
7.62579345703125
8.091064453125
8.11419677734375
7.71484375
7.90106201171875
7.92230224609375
7.52850341796875
7.682861328125
7.8583984375
7.511474609375
7.5167236328125
7.86834716796875
7.535888671875
8.07672119140625
7.84930419921875
7.5086669921875
7.779296875
7.91668701171875
7.8934326171875
7.46417236328125
7.76641845703125
7.63623046875
7.79803466796875
7.75836181640625
7.88330078125
7.70489501953125
8.0797119140625
7.8876953125
7.7939453125
7.96478271484375
7.7379150390625
7.6162109375
7.67559814453125
7.6668701171875
7.63330078125
7.670654296875
8.135498046875
7.7164306640625
8.0308837890625
7.903076171875
7.7982177734375
7.99383544921875
7.84466552734375
7.73553466796875
7.85137939453125
8.10809326171875
7.64862060546875
7.7127685546875
7.74420166015625
7.30572509765625
8.142333984375
7.8187255859375
7.8233642578125
7.98565673828125
7.97955322265625
7.9598388671875
7.92437744140625
7.840576171875
7.67291259765625
7.70257568359375
7.6241455078125
8.00396728515625
7.848388671875
8.00634765625
7.71600341796875
7.8956298828125
7.4466552734375
7.96075439453125
7.5548095703125
7.7255859375
7.8868408203125
7.2855224609375
7.85205078125
7.64495849609375
7.5313720703125
7.5428466796875
7.3497314453125
7.705322265625
7.9505615234375
7.82672119140625
8.06829833984375
7.84979248046875
8.02197265625
7.3511962890625
7.86883544921875
