7.19720458984375
6.9927978515625
6.6514892578125
6.91217041015625
6.7584228515625
7.07989501953125
6.82159423828125
6.8309326171875
6.70343017578125
6.99468994140625
6.411865234375
6.7108154296875
6.879638671875
6.888916015625
6.99383544921875
6.97479248046875
6.73089599609375
6.82647705078125
6.89581298828125
6.6943359375
7.27227783203125
7.2144775390625
6.59747314453125
6.9393310546875
6.54449462890625
6.91180419921875
7.11895751953125
7.0880126953125
6.7547607421875
6.9693603515625
7.1282958984375
7.02825927734375
6.846435546875
7.21533203125
6.7899169921875
6.79345703125
6.7581787109375
6.93975830078125
6.86181640625
6.84674072265625
6.87542724609375
7.16607666015625
6.90081787109375
6.8902587890625
7.0264892578125
6.70556640625
6.92657470703125
6.632080078125
6.9595947265625
6.7926025390625
7.03070068359375
7.0252685546875
7.01788330078125
7.0198974609375
7.15185546875
6.99114990234375
7.1318359375
6.77581787109375
6.8173828125
6.8197021484375
6.94146728515625
6.9342041015625
6.900634765625
6.8734130859375
6.73736572265625
7.02838134765625
6.89013671875
6.5841064453125
7.111572265625
7.10986328125
6.875
7.1673583984375
6.8336181640625
7.02294921875
6.88299560546875
6.99041748046875
6.9146728515625
7.0384521484375
6.87664794921875
7.04815673828125
7.1148681640625
6.88232421875
6.79144287109375
6.95660400390625
6.99652099609375
7.1993408203125
6.81671142578125
6.76611328125
7.28411865234375
7.0211181640625
6.5965576171875
6.734375
7.09490966796875
6.5938720703125
6.8436279296875
6.91375732421875
6.93402099609375
6.90771484375
7.03680419921875
6.82354736328125
6.87939453125
7.03204345703125
6.79302978515625
6.93084716796875
7.11041259765625
7.00103759765625
7.08331298828125
7.14947509765625
6.97454833984375
7.064697265625
6.80584716796875
7.11212158203125
6.99896240234375
7.03668212890625
6.80462646484375
6.9578857421875
6.80902099609375
6.718017578125
6.60308837890625
7.25341796875
6.8243408203125
6.71917724609375
7.36822509765625
6.51983642578125
6.73309326171875
6.906005859375
6.98211669921875
7.06890869140625
7.1376953125
6.944091796875
6.79681396484375
6.7457275390625
7.08551025390625
6.9464111328125
7.060302734375
6.96124267578125
6.94085693359375
7.16448974609375
6.85736083984375
6.20196533203125
6.82440185546875
6.8662109375
6.77264404296875
7.09271240234375
6.822998046875
6.98162841796875
7.1175537109375
6.70257568359375
6.876708984375
6.89300537109375
7.32745361328125
6.83428955078125
6.735595703125
7.13653564453125
6.90289306640625
6.53009033203125
6.93499755859375
6.95867919921875
6.89434814453125
6.8096923828125
7.01715087890625
7.11309814453125
6.76177978515625
6.89178466796875
6.64337158203125
6.80523681640625
6.772216796875
6.80780029296875
6.9390869140625
6.86578369140625
6.97161865234375
6.708251953125
7.145263671875
7.10650634765625
7.03973388671875
6.69281005859375
7.07354736328125
7.158935546875
6.9066162109375
6.86328125
6.85162353515625
7.14593505859375
6.6541748046875
6.82708740234375
6.89117431640625
6.82550048828125
7.10528564453125
6.5557861328125
7.095458984375
7.16668701171875
6.5693359375
6.4595947265625
7.16558837890625
7.0042724609375
6.6400146484375
7.10980224609375
6.706787109375
7.0103759765625
6.4276123046875
6.72406005859375
6.9552001953125
6.9932861328125
6.70538330078125
7.1859130859375
6.4989013671875
6.70086669921875
7.102294921875
7.04248046875
6.862548828125
6.7196044921875
7.085205078125
6.8013916015625
7.079833984375
6.99578857421875
7.14385986328125
6.962890625
7.08453369140625
6.50762939453125
6.98565673828125
6.56817626953125
6.7197265625
7.08819580078125
6.74609375
7.263916015625
6.91156005859375
6.595703125
7.2255859375
6.7724609375
7.21429443359375
6.93609619140625
6.966552734375
7.0869140625
6.86627197265625
6.92010498046875
6.94110107421875
6.96490478515625
7.1925048828125
6.9266357421875
6.86724853515625
6.990966796875
6.70465087890625
6.81219482421875
6.8505859375
6.84490966796875
6.86456298828125
6.836181640625
6.7686767578125
6.92108154296875
6.97393798828125
6.93133544921875
6.86761474609375
7.13433837890625
7.2125244140625
7.072021484375
6.76593017578125
6.692138671875
7.029296875
6.76397705078125
6.80120849609375
6.82122802734375
6.8197021484375
7.03271484375
7.06048583984375
6.73583984375
6.7808837890625
7.010498046875
7.1641845703125
6.8121337890625
6.9652099609375
6.635498046875
7.0523681640625
6.4144287109375
6.8555908203125
6.86822509765625
7.137939453125
6.962646484375
6.965087890625
6.95391845703125
7.21246337890625
6.80816650390625
6.6591796875
7.1175537109375
6.92987060546875
7.1968994140625
6.62506103515625
7.1436767578125
6.7864990234375
7.015869140625
6.7425537109375
6.76129150390625
6.9007568359375
6.74462890625
7.11614990234375
6.58306884765625
7.02130126953125
6.79754638671875
7.1036376953125
6.8292236328125
7.03948974609375
6.67144775390625
6.92156982421875
7.39605712890625
6.58197021484375
7.2210693359375
6.6181640625
6.99114990234375
6.90618896484375
7.05535888671875
6.96954345703125
7.19415283203125
7.23138427734375
6.80718994140625
7.035888671875
6.99298095703125
6.85308837890625
6.73297119140625
7.11822509765625
6.76837158203125
6.87579345703125
6.60833740234375
6.9107666015625
7.0264892578125
6.92333984375
6.9649658203125
7.078125
7.2685546875
7.0396728515625
6.9036865234375
6.833251953125
7.03204345703125
6.7965087890625
6.9287109375
7.1722412109375
7.41363525390625
6.9473876953125
6.88067626953125
6.82427978515625
6.7271728515625
6.96881103515625
6.89208984375
6.897216796875
7.1182861328125
6.93438720703125
6.91729736328125
7.2947998046875
6.8863525390625
7.152099609375
7.10443115234375
7.1229248046875
6.94268798828125
6.8292236328125
6.7962646484375
7.02947998046875
7.03924560546875
6.92156982421875
7.08551025390625
6.78570556640625
6.907958984375
7.01788330078125
6.89727783203125
6.87255859375
6.8826904296875
7.007568359375
6.83111572265625
6.94293212890625
6.9412841796875
7.1568603515625
6.84954833984375
7.04779052734375
7.11865234375
7.08087158203125
6.59429931640625
7.08251953125
6.89166259765625
6.63104248046875
7.27520751953125
6.7867431640625
6.7205810546875
7.12567138671875
7.16552734375
6.79736328125
6.96319580078125
7.05712890625
6.9095458984375
6.80694580078125
6.35845947265625
6.98028564453125
6.920166015625
6.98199462890625
6.9365234375
7.07177734375
6.5401611328125
6.85272216796875
7.0264892578125
6.97393798828125
6.5791015625
7.2530517578125
6.84014892578125
7.1243896484375
6.92254638671875
7.0875244140625
7.229736328125
6.94000244140625
6.85107421875
6.978759765625
6.92852783203125
6.76544189453125
7.03692626953125
6.77813720703125
6.9014892578125
6.93414306640625
6.86328125
6.81353759765625
6.88726806640625
7.11505126953125
6.8363037109375
6.9951171875
6.87799072265625
7.0894775390625
7.10015869140625
7.08612060546875
6.9609375
7.18939208984375
6.8214111328125
7.0828857421875
7.06732177734375
6.90313720703125
7.0655517578125
6.9910888671875
7.01446533203125
7.11761474609375
6.65814208984375
6.66973876953125
7.22015380859375
6.85089111328125
6.86688232421875
6.861572265625
7.03338623046875
6.95306396484375
7.2774658203125
7.03265380859375
6.77825927734375
6.8114013671875
7.1488037109375
6.9031982421875
6.39813232421875
6.974365234375
7.2421875
7.22900390625
6.91717529296875
7.130615234375
7.023681640625
6.9615478515625
7.14306640625
6.8846435546875
6.39678955078125
6.9659423828125
7.0714111328125
6.924072265625
6.8377685546875
6.99761962890625
7.2122802734375
7.10784912109375
6.8883056640625
6.560302734375
6.98590087890625
6.90167236328125
7.12188720703125
6.6514892578125
6.780029296875
7.13262939453125
7.03857421875
7.1583251953125
6.6552734375
6.833740234375
7.07952880859375
7.2244873046875
6.95184326171875
6.99114990234375
7.08978271484375
6.583251953125
7.31817626953125
7.10791015625
7.1453857421875
6.60150146484375
6.93829345703125
6.745849609375
6.806396484375
6.69293212890625
7.0142822265625
6.92938232421875
6.85968017578125
6.578125
6.95697021484375
6.93157958984375
7.11016845703125
6.775146484375
6.84918212890625
