3.17694091796875
3.17694091796875
3.17694091796875
3.17694091796875
3.17694091796875
3.3724365234375
3.23919677734375
3.27813720703125
3.4119873046875
3.1309814453125
3.10888671875
3.30084228515625
3.31524658203125
3.66778564453125
3.44903564453125
3.32537841796875
3.0570068359375
3.52191162109375
3.359375
3.46148681640625
3.37701416015625
3.22454833984375
3.4833984375
3.31103515625
3.3720703125
3.597900390625
3.24737548828125
3.56689453125
3.03509521484375
3.2659912109375
3.3336181640625
3.19586181640625
3.12591552734375
3.40313720703125
3.21954345703125
3.1082763671875
3.3321533203125
3.02484130859375
3.43603515625
3.29534912109375
3.223388671875
3.46441650390625
3.27349853515625
3.27252197265625
3.331298828125
3.32318115234375
3.56610107421875
3.2449951171875
3.31634521484375
3.3819580078125
3.252197265625
3.29241943359375
3.35589599609375
3.3740234375
3.28533935546875
3.29266357421875
3.0914306640625
3.6380615234375
3.16680908203125
3.11322021484375
3.30364990234375
3.37396240234375
3.3353271484375
3.34979248046875
3.39215087890625
3.34814453125
3.30572509765625
3.454345703125
3.278076171875
3.32525634765625
3.5589599609375
3.31158447265625
3.4052734375
3.1890869140625
3.42327880859375
3.35888671875
3.3011474609375
3.40191650390625
3.251220703125
3.41827392578125
2.90673828125
3.34075927734375
3.31951904296875
3.38311767578125
3.27752685546875
3.38751220703125
3.12103271484375
3.20166015625
3.22052001953125
3.41070556640625
3.4141845703125
3.24334716796875
3.39898681640625
3.3836669921875
3.32879638671875
3.5220947265625
3.3699951171875
3.286865234375
3.520263671875
3.34893798828125
3.39239501953125
3.33477783203125
3.08282470703125
3.4554443359375
3.223388671875
3.12744140625
3.31573486328125
3.44635009765625
3.234375
3.30096435546875
3.18768310546875
3.28515625
3.28564453125
3.2991943359375
3.40673828125
3.3555908203125
3.51837158203125
3.4422607421875
3.433349609375
3.35833740234375
3.443115234375
3.539794921875
3.16790771484375
3.34423828125
3.3187255859375
3.200927734375
3.2310791015625
3.31964111328125
3.48748779296875
3.29510498046875
3.28173828125
3.50994873046875
3.353759765625
3.16693115234375
3.474365234375
3.36090087890625
3.3341064453125
3.3701171875
3.53656005859375
3.2523193359375
3.3653564453125
3.55255126953125
3.4287109375
3.153564453125
3.43084716796875
3.409912109375
3.3360595703125
3.37908935546875
3.26214599609375
3.34698486328125
3.34429931640625
3.3980712890625
3.31268310546875
3.370849609375
3.5208740234375
3.39306640625
3.24322509765625
3.55328369140625
3.28466796875
3.42510986328125
3.466552734375
3.37860107421875
3.29864501953125
3.227294921875
3.29339599609375
3.22674560546875
3.09490966796875
3.0623779296875
3.37139892578125
3.4056396484375
3.06622314453125
3.27960205078125
3.2294921875
3.4420166015625
3.44024658203125
3.38201904296875
3.22430419921875
3.17572021484375
3.359375
2.96929931640625
3.383544921875
3.380615234375
3.47119140625
3.5048828125
3.2559814453125
3.1981201171875
3.5028076171875
3.42633056640625
3.10089111328125
3.3035888671875
3.1942138671875
3.39801025390625
3.65399169921875
3.1998291015625
3.18475341796875
3.3848876953125
3.4815673828125
3.485595703125
3.32318115234375
3.137939453125
3.217529296875
3.17095947265625
3.39801025390625
3.3603515625
3.5467529296875
3.4759521484375
3.380859375
3.20892333984375
3.477783203125
3.46478271484375
3.2830810546875
3.630859375
3.1690673828125
3.29742431640625
3.4984130859375
3.42645263671875
3.30712890625
3.4351806640625
3.296142578125
3.2633056640625
3.383056640625
3.28778076171875
3.07818603515625
3.38885498046875
3.19000244140625
3.3648681640625
3.30743408203125
3.0120849609375
3.40716552734375
3.47955322265625
3.03302001953125
3.09844970703125
3.34173583984375
3.2752685546875
3.2022705078125
3.2474365234375
3.18121337890625
3.2857666015625
3.47222900390625
3.4522705078125
3.4593505859375
3.15216064453125
3.34765625
3.32281494140625
3.2679443359375
3.4700927734375
3.39202880859375
3.29180908203125
3.1055908203125
3.404541015625
3.43212890625
3.34814453125
3.19293212890625
3.3743896484375
3.0035400390625
3.478759765625
3.2989501953125
3.52496337890625
3.241455078125
3.4129638671875
3.37200927734375
3.33831787109375
3.23712158203125
3.35382080078125
3.14794921875
3.3856201171875
3.34295654296875
3.487548828125
3.44580078125
3.22113037109375
3.48394775390625
3.48046875
3.359619140625
3.37078857421875
3.3311767578125
3.327880859375
3.42047119140625
3.59515380859375
3.2825927734375
3.43487548828125
3.2518310546875
3.230224609375
3.5384521484375
3.195068359375
3.544189453125
3.53326416015625
3.1849365234375
3.6444091796875
3.18768310546875
3.09808349609375
3.26763916015625
3.30389404296875
3.52386474609375
3.21246337890625
3.24603271484375
3.02423095703125
3.3900146484375
3.47406005859375
3.41607666015625
3.4031982421875
3.10198974609375
3.1561279296875
3.42626953125
3.569580078125
3.480712890625
3.27545166015625
3.2972412109375
3.21466064453125
3.28741455078125
3.4593505859375
3.339111328125
3.2899169921875
3.2694091796875
3.4342041015625
3.2674560546875
3.1993408203125
3.45318603515625
3.5762939453125
3.3023681640625
3.30865478515625
3.31182861328125
3.25408935546875
3.018798828125
3.327880859375
3.32843017578125
3.30328369140625
3.3172607421875
3.3753662109375
3.2509765625
3.4158935546875
3.6016845703125
3.58843994140625
3.38995361328125
3.15277099609375
3.21807861328125
3.42608642578125
3.47076416015625
3.68359375
3.317626953125
3.2110595703125
3.310791015625
3.37457275390625
3.16522216796875
3.10302734375
3.20745849609375
3.41265869140625
3.3865966796875
3.1939697265625
3.17724609375
3.1116943359375
3.175537109375
3.54791259765625
3.24139404296875
3.412353515625
3.1925048828125
3.171875
3.16278076171875
3.22760009765625
3.5516357421875
3.429931640625
3.34033203125
3.40130615234375
3.4576416015625
3.43804931640625
3.28668212890625
3.30120849609375
3.3299560546875
3.5496826171875
3.18560791015625
3.2396240234375
3.34661865234375
3.2095947265625
3.275390625
3.4722900390625
3.3016357421875
3.34234619140625
3.3880615234375
3.1884765625
3.27423095703125
3.40948486328125
3.3770751953125
3.4007568359375
3.25738525390625
3.080322265625
3.2252197265625
3.0401611328125
3.32659912109375
3.473388671875
3.382080078125
3.5501708984375
3.43695068359375
3.186767578125
3.3602294921875
3.41180419921875
3.41510009765625
3.328125
3.5306396484375
3.257080078125
3.35052490234375
3.50750732421875
3.50390625
3.5057373046875
3.4541015625
3.2772216796875
3.28271484375
3.3756103515625
3.35223388671875
3.2005615234375
3.367431640625
3.182861328125
3.2762451171875
3.2313232421875
3.5455322265625
3.22021484375
3.291015625
3.293701171875
3.667236328125
3.4642333984375
3.27642822265625
3.370849609375
3.3717041015625
3.40972900390625
3.09161376953125
3.37310791015625
3.12799072265625
3.07562255859375
3.44635009765625
3.23211669921875
3.3682861328125
3.20501708984375
3.5289306640625
3.5306396484375
3.17431640625
3.36627197265625
3.447998046875
3.40411376953125
3.47064208984375
3.15692138671875
3.359375
3.530517578125
3.45574951171875
3.45867919921875
3.3154296875
3.3092041015625
3.297607421875
3.53155517578125
3.16455078125
3.381103515625
3.32867431640625
3.30902099609375
3.39208984375
3.259765625
3.49530029296875
3.41571044921875
3.033447265625
3.5023193359375
3.2701416015625
3.04351806640625
3.4156494140625
3.2928466796875
2.95648193359375
3.34576416015625
3.24017333984375
3.44842529296875
3.3897705078125
3.22808837890625
3.3226318359375
3.287841796875
3.3841552734375
3.387939453125
3.6544189453125
3.24322509765625
3.26611328125
3.3634033203125
3.33245849609375
3.4478759765625
3.59991455078125
3.35052490234375
3.2698974609375
3.07568359375
3.3575439453125
3.3521728515625
3.21844482421875
3.46893310546875
3.350830078125
3.11639404296875
3.4560546875
3.3013916015625
3.2318115234375
3.09295654296875
3.46923828125
3.4093017578125
3.114013671875
3.29656982421875
3.47894287109375
3.3377685546875
3.50970458984375
