1.88323974609375
1.88323974609375
1.88323974609375
1.88323974609375
2.210205078125
2.11773681640625
2.1617431640625
2.26861572265625
2.08709716796875
2.130126953125
1.94921875
1.89776611328125
2.2454833984375
1.99261474609375
2.044189453125
2.0899658203125
2.01531982421875
1.9287109375
2.14801025390625
2.07794189453125
2.2938232421875
2.2303466796875
2.14093017578125
2.26116943359375
2.14678955078125
2.210205078125
1.91546630859375
2.1314697265625
1.9730224609375
2.198974609375
2.08837890625
2.19342041015625
2.0936279296875
1.94134521484375
1.877685546875
2.03924560546875
2.15252685546875
1.958984375
2.08966064453125
1.983154296875
1.98455810546875
1.90496826171875
1.9888916015625
2.24468994140625
2.13525390625
2.01165771484375
2.052490234375
2.02923583984375
2.0653076171875
1.95367431640625
1.98284912109375
1.93988037109375
2.05059814453125
2.09893798828125
2.2657470703125
2.001953125
2.15966796875
2.08868408203125
2.12603759765625
2.22705078125
1.98944091796875
2.12384033203125
1.89349365234375
1.9119873046875
2.14093017578125
2.07904052734375
2.03570556640625
1.87432861328125
1.9820556640625
2.2059326171875
2.1785888671875
2.14324951171875
2.00201416015625
2.03106689453125
2.18682861328125
2.07080078125
2.2786865234375
2.00439453125
1.8687744140625
2.04449462890625
2.077392578125
2.2037353515625
1.9495849609375
2.16455078125
1.98529052734375
1.97601318359375
2.008544921875
1.85858154296875
1.9818115234375
2.00555419921875
2.0079345703125
1.953369140625
2.1077880859375
2.2515869140625
1.92730712890625
2.1529541015625
2.11383056640625
1.890625
1.88763427734375
2.03411865234375
1.91229248046875
2.09466552734375
2.31976318359375
1.77593994140625
2.2171630859375
1.97406005859375
2.00421142578125
1.9176025390625
2.00616455078125
2.031005859375
2.09979248046875
2.0819091796875
2.097900390625
1.906494140625
2.0325927734375
2.10369873046875
2.06964111328125
1.74212646484375
1.810791015625
2.19049072265625
2.06036376953125
1.9652099609375
2.10076904296875
1.88421630859375
1.89404296875
2.1807861328125
2.03759765625
2.04364013671875
2.06549072265625
2.01263427734375
2.12939453125
2.03948974609375
2.13397216796875
2.06982421875
1.9892578125
2.02105712890625
2.09130859375
2.01873779296875
2.115966796875
2.1893310546875
2.19964599609375
2.03326416015625
2.0045166015625
2.00384521484375
2.0570068359375
1.8531494140625
2.1063232421875
2.24066162109375
2.16156005859375
2.1356201171875
1.76165771484375
2.2027587890625
2.14678955078125
1.84637451171875
2.0927734375
1.98138427734375
2.01080322265625
2.02679443359375
2.14569091796875
2.110107421875
2.08221435546875
2.06829833984375
2.00518798828125
2.0831298828125
2.018798828125
2.018310546875
1.9881591796875
1.862060546875
2.09210205078125
1.8016357421875
2.13055419921875
2.1314697265625
2.20318603515625
2.1192626953125
2.02496337890625
2.023193359375
1.98236083984375
1.8092041015625
2.0506591796875
2.11083984375
2.2362060546875
1.94189453125
1.93804931640625
1.92901611328125
1.91058349609375
2.04803466796875
2.0791015625
1.9791259765625
2.0767822265625
2.01019287109375
1.9951171875
2.01641845703125
1.92327880859375
2.02880859375
2.12933349609375
2.0435791015625
2.12054443359375
2.0355224609375
2.12677001953125
1.920166015625
2.18084716796875
2.0289306640625
2.09368896484375
2.03240966796875
1.98712158203125
1.92291259765625
1.839599609375
2.12274169921875
2.20843505859375
2.00347900390625
1.95526123046875
2.2034912109375
2.12237548828125
1.98199462890625
2.05389404296875
1.97662353515625
2.04998779296875
2.032470703125
2.1134033203125
2.06890869140625
2.01300048828125
1.98046875
1.9552001953125
1.99359130859375
1.987060546875
1.83056640625
2.2464599609375
2.2222900390625
2.09588623046875
2.0787353515625
1.92523193359375
1.8050537109375
2.06085205078125
1.86419677734375
2.06329345703125
2.11810302734375
2.17755126953125
2.069091796875
1.96722412109375
2.02410888671875
1.874755859375
2.18011474609375
2.2083740234375
2.08245849609375
2.0423583984375
1.86785888671875
1.93902587890625
2.0225830078125
2.17034912109375
2.024169921875
2.0487060546875
2.18365478515625
2.05584716796875
1.85931396484375
1.9285888671875
1.89227294921875
2.15228271484375
1.984619140625
2.41363525390625
2.0177001953125
2.015869140625
2.09149169921875
2.04864501953125
2.1181640625
2.0010986328125
1.95263671875
1.98345947265625
2.06805419921875
2.08148193359375
2.1279296875
1.9488525390625
1.82843017578125
2.08111572265625
2.21405029296875
2.058349609375
1.93218994140625
2.08404541015625
2.06060791015625
2.12225341796875
2.03753662109375
1.9207763671875
1.93304443359375
1.946533203125
2.09912109375
2.1888427734375
2.28118896484375
2.02410888671875
2.03472900390625
2.08697509765625
2.16973876953125
2.02398681640625
2.0601806640625
2.13995361328125
2.1246337890625
2.0753173828125
1.95611572265625
1.89208984375
2.01165771484375
2.29351806640625
1.88385009765625
1.96185302734375
2.18792724609375
2.03033447265625
1.8555908203125
2.106689453125
2.060302734375
1.95367431640625
2.07037353515625
2.23980712890625
2.0355224609375
2.23199462890625
1.9110107421875
2.22515869140625
1.91351318359375
1.98858642578125
2.060791015625
2.06146240234375
2.090576171875
2.05755615234375
2.08026123046875
1.85577392578125
1.85986328125
2.12042236328125
2.18463134765625
2.02239990234375
2.01995849609375
2.06805419921875
2.20928955078125
1.9122314453125
1.9267578125
2.1121826171875
2.19952392578125
2.04913330078125
2.0225830078125
1.9610595703125
2.2093505859375
2.0045166015625
1.99053955078125
1.9534912109375
2.19158935546875
2.0660400390625
2.00555419921875
1.9002685546875
2.09716796875
2.13836669921875
1.952392578125
2.0423583984375
2.0604248046875
2.03070068359375
1.89593505859375
2.0330810546875
2.03485107421875
2.22369384765625
1.96087646484375
2.08465576171875
1.91668701171875
1.995361328125
1.99493408203125
2.1221923828125
2.1627197265625
1.974365234375
2.08074951171875
1.91790771484375
2.08148193359375
2.07373046875
2.0306396484375
1.8797607421875
2.03106689453125
2.005615234375
2.1536865234375
2.05157470703125
1.9853515625
2.0902099609375
1.963134765625
2.14862060546875
2.1201171875
2.11505126953125
1.94122314453125
2.04583740234375
2.158447265625
2.23687744140625
2.14239501953125
1.9932861328125
2.0672607421875
2.0029296875
1.95703125
2.05938720703125
2.1204833984375
2.05462646484375
1.70941162109375
1.8868408203125
2.2135009765625
2.15228271484375
2.23626708984375
2.1768798828125
2.11468505859375
2.2139892578125
2.27618408203125
1.84906005859375
1.89471435546875
2.11883544921875
2.08563232421875
2.173583984375
2.0535888671875
2.19561767578125
2.01953125
2.12347412109375
2.13006591796875
2.1075439453125
2.09893798828125
2.2484130859375
1.97869873046875
2.162109375
2.0191650390625
2.2052001953125
2.1304931640625
1.9593505859375
2.0751953125
1.90167236328125
2.07171630859375
2.15740966796875
2.01849365234375
2.07611083984375
2.1005859375
2.0037841796875
2.1195068359375
2.01593017578125
2.14605712890625
1.9063720703125
1.93975830078125
1.92626953125
2.024169921875
2.205322265625
2.0467529296875
2.2100830078125
1.9656982421875
1.93731689453125
2.0001220703125
2.0382080078125
1.9781494140625
2.1634521484375
1.949462890625
2.0489501953125
2.41143798828125
2.2412109375
2.0224609375
2.2718505859375
2.01641845703125
2.0111083984375
1.967041015625
2.09234619140625
2.2076416015625
1.98638916015625
2.07208251953125
2.1754150390625
2.01715087890625
1.84832763671875
2.16632080078125
2.020263671875
2.1580810546875
2.019287109375
2.23052978515625
2.0908203125
1.995361328125
2.23675537109375
1.8760986328125
2.07476806640625
2.09869384765625
2.0421142578125
2.15423583984375
2.0048828125
1.96990966796875
2.09600830078125
2.192138671875
2.19537353515625
2.1015625
2.1640625
2.16046142578125
2.09228515625
2.05072021484375
2.1240234375
1.92547607421875
2.127685546875
2.1785888671875
1.9180908203125
2.05181884765625
2.07025146484375
1.99041748046875
2.12152099609375
1.97515869140625
2.0877685546875
2.03741455078125
1.93939208984375
1.9344482421875
2.0040283203125
1.90191650390625
1.97894287109375
