6.39080810546875
6.39080810546875
6.39080810546875
6.39080810546875
6.39080810546875
6.39080810546875
6.128173828125
6.23760986328125
5.95440673828125
5.84906005859375
6.41131591796875
6.2279052734375
6.283203125
6.09820556640625
6.17376708984375
5.572265625
6.2476806640625
6.510498046875
6.09503173828125
6.220947265625
6.11920166015625
6.39080810546875
6.37115478515625
6.07562255859375
6.20050048828125
6.32806396484375
6.4923095703125
6.087158203125
6.4771728515625
6.27301025390625
6.1793212890625
6.10858154296875
6.15057373046875
6.206298828125
6.3052978515625
6.17919921875
6.2890625
6.427734375
5.98388671875
5.99615478515625
6.051025390625
5.8834228515625
6.2841796875
6.45001220703125
6.3486328125
6.3089599609375
6.12823486328125
5.94842529296875
6.06512451171875
6.4044189453125
5.97357177734375
6.15478515625
5.891357421875
6.2669677734375
6.1419677734375
6.4512939453125
6.2261962890625
6.119140625
6.4732666015625
5.9891357421875
6.40338134765625
6.1260986328125
6.384765625
6.0224609375
6.1549072265625
6.128173828125
6.15411376953125
6.42242431640625
6.5460205078125
6.15087890625
6.24072265625
6.6044921875
6.24566650390625
6.54302978515625
6.20513916015625
6.0523681640625
6.17626953125
6.3216552734375
6.20849609375
6.04058837890625
6.3299560546875
5.9976806640625
6.2249755859375
6.22662353515625
6.079345703125
6.00140380859375
6.3592529296875
6.10198974609375
5.954345703125
6.36639404296875
5.9910888671875
6.51947021484375
6.36663818359375
6.25445556640625
6.4443359375
6.4208984375
6.6236572265625
5.96539306640625
6.302734375
6.31036376953125
6.3148193359375
6.45611572265625
6.152099609375
6.4041748046875
6.36248779296875
6.47906494140625
6.20635986328125
6.25323486328125
6.1922607421875
6.59210205078125
6.36376953125
6.2314453125
6.137451171875
6.22003173828125
6.1876220703125
6.0107421875
6.051513671875
6.32183837890625
6.3192138671875
6.4681396484375
6.079345703125
5.84588623046875
6.36883544921875
6.19781494140625
6.12615966796875
5.98211669921875
6.4014892578125
6.07415771484375
6.07928466796875
6.162841796875
6.2337646484375
6.28143310546875
6.2039794921875
6.154052734375
6.279296875
5.9664306640625
6.20867919921875
6.07147216796875
6.37298583984375
6.34893798828125
6.351806640625
6.26422119140625
6.458740234375
6.239013671875
5.99169921875
6.09979248046875
6.08795166015625
6.13128662109375
6.01861572265625
6.33355712890625
5.983642578125
5.9041748046875
6.03887939453125
6.26959228515625
6.031494140625
6.1434326171875
6.37347412109375
6.30230712890625
6.3466796875
6.33685302734375
6.13238525390625
6.344482421875
6.04290771484375
6.36334228515625
6.49127197265625
6.44451904296875
6.00469970703125
6.381103515625
6.17913818359375
6.32135009765625
5.8836669921875
5.7640380859375
6.22857666015625
6.1229248046875
6.3299560546875
6.03271484375
6.35357666015625
6.00537109375
6.0133056640625
6.0657958984375
6.17742919921875
6.0670166015625
6.2305908203125
6.16546630859375
5.91290283203125
6.2777099609375
5.984619140625
6.118896484375
6.2572021484375
6.24761962890625
6.09423828125
6.35833740234375
6.4437255859375
6.31573486328125
6.4295654296875
6.31475830078125
6.21484375
6.16412353515625
6.3206787109375
6.106689453125
5.92523193359375
6.12969970703125
6.2528076171875
6.2509765625
6.1282958984375
6.12603759765625
6.3077392578125
6.11376953125
6.16461181640625
6.34466552734375
6.39288330078125
6.38427734375
6.2598876953125
6.1329345703125
6.10321044921875
6.117919921875
6.292236328125
6.14874267578125
6.3636474609375
6.4122314453125
6.19073486328125
6.16937255859375
6.357666015625
6.26708984375
6.349853515625
6.302978515625
6.080322265625
6.1505126953125
5.9591064453125
6.62933349609375
6.382568359375
6.0780029296875
6.48309326171875
6.2884521484375
6.4197998046875
6.056640625
6.22283935546875
6.4024658203125
6.30596923828125
6.03948974609375
6.1279296875
5.909423828125
6.523681640625
6.2010498046875
6.26953125
6.1929931640625
6.4171142578125
6.2913818359375
6.03790283203125
6.31591796875
6.0931396484375
6.24609375
6.38873291015625
6.26678466796875
6.3385009765625
6.09521484375
6.057373046875
6.28125
5.94488525390625
6.22113037109375
6.05230712890625
6.23992919921875
6.22509765625
5.9537353515625
6.45355224609375
6.43548583984375
6.178955078125
6.24224853515625
6.2296142578125
6.33050537109375
5.9095458984375
6.33258056640625
6.1907958984375
5.91143798828125
6.04364013671875
6.3365478515625
6.203125
6.08160400390625
6.0426025390625
6.32666015625
6.13739013671875
6.3023681640625
5.749267578125
6.074462890625
6.09716796875
6.20672607421875
6.253173828125
6.2098388671875
5.95623779296875
6.28070068359375
6.10211181640625
6.2802734375
6.24578857421875
6.21246337890625
6.1181640625
6.23516845703125
6.1075439453125
6.345947265625
6.11724853515625
6.2843017578125
6.28466796875
6.1551513671875
6.4488525390625
6.18878173828125
5.91290283203125
6.11309814453125
6.41754150390625
6.2156982421875
5.92962646484375
6.17413330078125
6.41412353515625
6.34881591796875
6.49871826171875
6.479248046875
6.20465087890625
5.96099853515625
6.54486083984375
6.4111328125
6.49285888671875
6.1407470703125
6.02789306640625
6.2010498046875
6.46612548828125
6.44293212890625
6.03387451171875
6.32562255859375
6.03173828125
6.345458984375
6.05718994140625
6.5013427734375
6.47216796875
6.3447265625
6.07391357421875
6.48406982421875
6.28399658203125
5.95941162109375
6.092041015625
6.205810546875
5.97174072265625
6.131591796875
6.1917724609375
6.504150390625
6.4146728515625
6.42724609375
6.39215087890625
5.92767333984375
6.19451904296875
6.199951171875
6.381103515625
6.29913330078125
6.12799072265625
6.10504150390625
6.22784423828125
6.43157958984375
6.0733642578125
6.2281494140625
5.66552734375
6.4693603515625
6.28271484375
6.0611572265625
6.33184814453125
6.2205810546875
6.600341796875
6.40496826171875
6.2236328125
6.12164306640625
5.832763671875
6.415771484375
6.15850830078125
6.03662109375
6.248291015625
6.22149658203125
6.29345703125
6.660888671875
6.36474609375
6.5711669921875
6.0384521484375
6.2183837890625
6.11083984375
6.11578369140625
6.1063232421875
6.11798095703125
6.16815185546875
6.079833984375
6.3004150390625
6.2686767578125
6.00164794921875
6.611083984375
6.29461669921875
5.7515869140625
6.4091796875
6.2252197265625
6.443115234375
6.224365234375
6.50830078125
6.15228271484375
6.22357177734375
6.3990478515625
6.20367431640625
6.257568359375
6.7781982421875
6.05712890625
6.17913818359375
6.25701904296875
6.14501953125
6.125
6.24578857421875
6.02752685546875
6.35943603515625
6.224853515625
6.17694091796875
6.0679931640625
6.21490478515625
6.4034423828125
6.20147705078125
6.343017578125
6.43304443359375
6.3369140625
6.30718994140625
6.07928466796875
6.08868408203125
6.254638671875
6.228271484375
6.19854736328125
6.028564453125
5.9898681640625
6.28436279296875
6.18896484375
6.30560302734375
6.31939697265625
6.1158447265625
6.39794921875
5.9312744140625
5.99542236328125
6.44573974609375
6.0552978515625
6.28765869140625
6.42535400390625
6.0504150390625
6.02557373046875
5.9127197265625
6.37353515625
6.37005615234375
6.08905029296875
5.9002685546875
6.32684326171875
6.38836669921875
6.33343505859375
6.16302490234375
5.72686767578125
6.07061767578125
6.33697509765625
6.122802734375
5.9371337890625
6.445556640625
6.081298828125
6.46514892578125
6.2601318359375
6.21197509765625
6.2005615234375
6.180419921875
6.31304931640625
6.044921875
6.2503662109375
6.43341064453125
6.2913818359375
5.94049072265625
6.1964111328125
6.211669921875
6.4610595703125
6.09442138671875
5.77642822265625
5.8221435546875
6.10125732421875
6.0284423828125
6.21612548828125
6.14385986328125
6.09637451171875
6.2099609375
6.1163330078125
6.335693359375
6.19012451171875
6.0087890625
6.43756103515625
6.20404052734375
6.1202392578125
6.39886474609375
6.16046142578125
6.12884521484375
6.265380859375
6.3643798828125
6.35052490234375
6.12603759765625
6.0206298828125
6.1396484375
5.76470947265625
6.640869140625
5.97637939453125
