6.08233642578125
6.08233642578125
6.08233642578125
6.08233642578125
6.08233642578125
6.08233642578125
5.8646240234375
5.95745849609375
5.69366455078125
5.60260009765625
6.1282958984375
5.970703125
6.02081298828125
5.83966064453125
5.91595458984375
5.29119873046875
5.97393798828125
6.2486572265625
5.85211181640625
5.9539794921875
5.83770751953125
6.14068603515625
6.08624267578125
5.8109130859375
5.90924072265625
6.0830078125
6.2144775390625
5.819091796875
6.19390869140625
5.99322509765625
5.912109375
5.82611083984375
5.88153076171875
5.927734375
6.02227783203125
5.8934326171875
6.0115966796875
6.145751953125
5.7061767578125
5.71728515625
5.7733154296875
5.6263427734375
5.98004150390625
6.17803955078125
6.050048828125
6.030517578125
5.84912109375
5.70404052734375
5.78338623046875
6.1234130859375
5.69830322265625
5.89752197265625
5.62615966796875
5.9984130859375
5.85284423828125
6.18585205078125
5.940673828125
5.82354736328125
6.19488525390625
5.7349853515625
6.13275146484375
5.845703125
6.10113525390625
5.7476806640625
5.8795166015625
5.871337890625
5.8828125
6.133056640625
6.2435302734375
5.87017822265625
5.94842529296875
6.29754638671875
5.95599365234375
6.26092529296875
5.92694091796875
5.77490234375
5.932373046875
6.05352783203125
5.95648193359375
5.7620849609375
6.0595703125
5.73309326171875
5.955810546875
5.94989013671875
5.81146240234375
5.731689453125
6.1065673828125
5.81573486328125
5.66522216796875
6.0980224609375
5.7288818359375
6.24365234375
6.10333251953125
5.98992919921875
6.159423828125
6.13446044921875
6.33111572265625
5.67950439453125
6.0047607421875
6.03253173828125
6.0263671875
6.1715087890625
5.88409423828125
6.11663818359375
6.0772705078125
6.2176513671875
5.9512939453125
5.96392822265625
5.90185546875
6.29656982421875
6.0738525390625
5.9833984375
5.87408447265625
5.9425048828125
5.92742919921875
5.7467041015625
5.74456787109375
6.05792236328125
6.03826904296875
6.19287109375
5.8123779296875
5.5731201171875
6.0657958984375
5.9197998046875
5.84735107421875
5.70941162109375
6.11602783203125
5.8065185546875
5.8037109375
5.8763427734375
5.97833251953125
5.9896240234375
5.9298095703125
5.87860107421875
5.9930419921875
5.70745849609375
5.92218017578125
5.80279541015625
6.10321044921875
6.0540771484375
6.06231689453125
6.000732421875
6.1748046875
5.95819091796875
5.74493408203125
5.83892822265625
5.82427978515625
5.8409423828125
5.73223876953125
6.049072265625
5.7208251953125
5.62017822265625
5.77691650390625
6.0028076171875
5.7537841796875
5.84466552734375
6.07757568359375
6.0184326171875
6.0562744140625
6.0584716796875
5.85455322265625
6.077392578125
5.7872314453125
6.077880859375
6.2030029296875
6.14385986328125
5.74652099609375
6.1025390625
5.90045166015625
6.0325927734375
5.62359619140625
5.51220703125
5.9482421875
5.8524169921875
6.06170654296875
5.73870849609375
6.0528564453125
5.7567138671875
5.75262451171875
5.7958984375
5.91064453125
5.79730224609375
5.969970703125
5.9002685546875
5.6494140625
6.0015869140625
5.72821044921875
5.835205078125
5.99853515625
5.95758056640625
5.8255615234375
6.09222412109375
6.15771484375
6.05413818359375
6.17626953125
6.04229736328125
5.92279052734375
5.880126953125
6.03790283203125
5.83209228515625
5.65771484375
5.86334228515625
5.9708251953125
5.96710205078125
5.87139892578125
5.85516357421875
6.038330078125
5.848876953125
5.8931884765625
6.0469970703125
6.08709716796875
6.1025390625
5.99285888671875
5.8404541015625
5.82281494140625
5.84783935546875
6.029052734375
5.85479736328125
6.089111328125
6.12445068359375
5.92218017578125
5.89849853515625
6.05987548828125
5.99884033203125
6.05645751953125
6.01568603515625
5.82489013671875
5.888427734375
5.7022705078125
6.35638427734375
6.0931396484375
5.82080078125
6.2005615234375
6.0196533203125
6.15240478515625
5.79974365234375
5.9256591796875
6.1102294921875
6.0250244140625
5.78582763671875
5.8656005859375
5.660888671875
6.2332763671875
5.9429931640625
5.99664306640625
5.91632080078125
6.13006591796875
6.00506591796875
5.75543212890625
6.02960205078125
5.830810546875
5.97283935546875
6.0963134765625
5.98760986328125
6.06951904296875
5.826171875
5.77349853515625
6.00390625
5.65631103515625
5.95550537109375
5.7913818359375
5.99041748046875
5.97015380859375
5.6802978515625
6.1541748046875
6.15447998046875
5.8992919921875
5.96600341796875
5.96319580078125
6.050048828125
5.6529541015625
6.05780029296875
5.93408203125
5.640380859375
5.79498291015625
6.0716552734375
5.93109130859375
5.784423828125
5.748291015625
6.04876708984375
5.85247802734375
6.024169921875
5.4825439453125
5.8209228515625
5.805908203125
5.93707275390625
5.98199462890625
5.95135498046875
5.70172119140625
6.0029296875
5.83056640625
6.0111083984375
5.96258544921875
5.93280029296875
5.84698486328125
5.96270751953125
5.822998046875
6.0482177734375
5.84490966796875
6.00213623046875
6.00823974609375
5.90008544921875
6.1510009765625
5.90985107421875
5.64520263671875
5.86004638671875
6.12969970703125
5.92034912109375
5.6614990234375
5.9044189453125
6.1265869140625
6.08135986328125
6.202392578125
6.215087890625
5.91717529296875
5.68328857421875
6.24700927734375
6.1385498046875
6.2130126953125
5.877197265625
5.76837158203125
5.9129638671875
6.18206787109375
6.1444091796875
5.7630615234375
6.0440673828125
5.74267578125
6.07220458984375
5.7703857421875
6.19732666015625
6.1905517578125
6.052734375
5.7958984375
6.21533203125
6.01434326171875
5.6973876953125
5.82843017578125
5.91632080078125
5.729248046875
5.87060546875
5.89483642578125
6.20086669921875
6.13897705078125
6.150390625
6.1258544921875
5.6812744140625
5.91619873046875
5.92059326171875
6.10699462890625
6.014892578125
5.84637451171875
5.84112548828125
5.95013427734375
6.1341552734375
5.80426025390625
5.9339599609375
5.40338134765625
6.1822509765625
6.01470947265625
5.7930908203125
6.0504150390625
5.9593505859375
6.32452392578125
6.11767578125
5.94415283203125
5.83746337890625
5.57073974609375
6.13916015625
5.87890625
5.78472900390625
5.9847412109375
5.93798828125
6.03594970703125
6.38018798828125
6.09246826171875
6.2835693359375
5.7615966796875
5.92608642578125
5.857177734375
5.8536376953125
5.83935546875
5.85552978515625
5.904052734375
5.82537841796875
6.04595947265625
6.00335693359375
5.724365234375
6.339599609375
6.01715087890625
5.48260498046875
6.1256103515625
5.944580078125
6.1541748046875
5.9564208984375
6.21148681640625
5.8818359375
5.92779541015625
6.1085205078125
5.95611572265625
5.98846435546875
6.4801025390625
5.774169921875
5.90386962890625
5.9945068359375
5.88690185546875
5.859375
5.98455810546875
5.75299072265625
6.07916259765625
5.94677734375
5.90850830078125
5.81390380859375
5.9383544921875
6.11798095703125
5.93585205078125
6.07354736328125
6.1253662109375
6.075927734375
5.9969482421875
5.794677734375
5.82562255859375
5.97381591796875
5.959228515625
5.9366455078125
5.7587890625
5.70550537109375
6.01654052734375
5.9013671875
6.01251220703125
6.0528564453125
5.84124755859375
6.11199951171875
5.66021728515625
5.7330322265625
6.16400146484375
5.77490234375
6.0030517578125
6.14056396484375
5.7689208984375
5.7396240234375
5.64508056640625
6.11627197265625
6.0648193359375
5.82171630859375
5.64105224609375
6.05389404296875
6.120361328125
6.055419921875
5.89971923828125
5.442138671875
5.8177490234375
6.0587158203125
5.840576171875
5.6868896484375
6.1480712890625
5.83404541015625
6.1795654296875
5.978759765625
5.93194580078125
5.897216796875
5.905029296875
6.04644775390625
5.78240966796875
5.97235107421875
6.15948486328125
6.03936767578125
5.68572998046875
5.9171142578125
5.9354248046875
6.19000244140625
5.84027099609375
5.5286865234375
5.55816650390625
5.82275390625
5.73492431640625
5.95465087890625
5.86383056640625
5.8389892578125
5.92266845703125
5.8548583984375
6.05645751953125
5.9307861328125
5.74078369140625
6.1448974609375
5.9617919921875
5.8590087890625
6.1102294921875
5.905029296875
5.857177734375
5.984619140625
6.088134765625
6.07958984375
5.8460693359375
5.746826171875
5.86895751953125
5.50299072265625
6.3531494140625
5.7015380859375
