8.098388671875
7.89288330078125
7.50616455078125
7.718017578125
7.59368896484375
7.92376708984375
7.67291259765625
7.66644287109375
7.55413818359375
7.79925537109375
7.26800537109375
7.60577392578125
7.67205810546875
7.6806640625
7.84210205078125
7.81304931640625
7.591552734375
7.61102294921875
7.7850341796875
7.515380859375
8.16796875
8.0538330078125
7.44085693359375
7.8358154296875
7.37152099609375
7.7908935546875
7.90362548828125
7.93255615234375
7.58245849609375
7.78277587890625
8.02655029296875
7.8480224609375
7.69952392578125
8.05853271484375
7.6209716796875
7.60205078125
7.61175537109375
7.77374267578125
7.759033203125
7.6817626953125
7.754638671875
8.0235595703125
7.737548828125
7.7137451171875
7.93487548828125
7.54449462890625
7.7728271484375
7.449951171875
7.831787109375
7.684814453125
7.87884521484375
7.91796875
7.9080810546875
7.8050537109375
7.99066162109375
7.8865966796875
7.97796630859375
7.62860107421875
7.66607666015625
7.7008056640625
7.79241943359375
7.7052001953125
7.751953125
7.71875
7.56561279296875
7.86566162109375
7.7496337890625
7.41156005859375
7.9947509765625
7.994140625
7.7408447265625
8.00225830078125
7.6695556640625
7.912353515625
7.69384765625
7.87786865234375
7.7615966796875
7.85015869140625
7.74505615234375
7.9188232421875
7.99822998046875
7.68603515625
7.62890625
7.8350830078125
7.861328125
8.090087890625
7.66741943359375
7.58599853515625
8.18316650390625
7.92327880859375
7.41278076171875
7.62890625
8.0255126953125
7.4154052734375
7.72711181640625
7.7535400390625
7.78253173828125
7.754150390625
7.93310546875
7.67169189453125
7.724609375
7.88494873046875
7.5712890625
7.79931640625
7.9931640625
7.84405517578125
7.88671875
8.03314208984375
7.83917236328125
7.9276123046875
7.588623046875
7.99462890625
7.89068603515625
7.85858154296875
7.7281494140625
7.84210205078125
7.65869140625
7.56170654296875
7.440673828125
8.09710693359375
7.65020751953125
7.61517333984375
8.22393798828125
7.32464599609375
7.57476806640625
7.69622802734375
7.8455810546875
7.933349609375
8.008056640625
7.7998046875
7.6514892578125
7.6536865234375
7.94781494140625
7.8846435546875
7.87371826171875
7.8338623046875
7.8101806640625
8.0013427734375
7.7265625
7.02093505859375
7.6575927734375
7.7191162109375
7.621337890625
7.94580078125
7.6590576171875
7.85052490234375
7.94061279296875
7.55426025390625
7.73773193359375
7.72930908203125
8.24249267578125
7.6343994140625
7.5076904296875
7.9757080078125
7.7928466796875
7.37445068359375
7.8641357421875
7.845458984375
7.777099609375
7.67138671875
7.89739990234375
7.9227294921875
7.5546875
7.7518310546875
7.46875
7.656982421875
7.55224609375
7.65875244140625
7.8079833984375
7.766357421875
7.822998046875
7.54730224609375
8.01092529296875
7.961181640625
7.94976806640625
7.55584716796875
7.95880126953125
8.00048828125
7.78350830078125
7.71600341796875
7.67828369140625
7.995849609375
7.55865478515625
7.693603515625
7.72637939453125
7.63787841796875
7.994140625
7.3966064453125
7.947998046875
8.08892822265625
7.42449951171875
7.28961181640625
8.03814697265625
7.80462646484375
7.4718017578125
7.89984130859375
7.59539794921875
7.82421875
7.28497314453125
7.57989501953125
7.78765869140625
7.87518310546875
7.5506591796875
8.01507568359375
7.28155517578125
7.5634765625
7.932861328125
7.94342041015625
7.78338623046875
7.5264892578125
7.957275390625
7.69598388671875
7.944091796875
7.8173828125
8.038330078125
7.80072021484375
7.97821044921875
7.3729248046875
7.83514404296875
7.39111328125
7.5863037109375
7.96173095703125
7.63043212890625
8.029052734375
7.78948974609375
7.40869140625
8.069580078125
7.58099365234375
8.11065673828125
7.7139892578125
7.82550048828125
7.99432373046875
7.71002197265625
7.7274169921875
7.76812744140625
7.7921142578125
8.15350341796875
7.8123779296875
7.69085693359375
7.852783203125
7.50042724609375
7.60888671875
7.7020263671875
7.70440673828125
7.7384033203125
7.64935302734375
7.5938720703125
7.7841796875
7.8436279296875
7.81903076171875
7.73809814453125
7.99041748046875
8.09234619140625
7.92474365234375
7.6343994140625
7.5050048828125
7.86395263671875
7.61492919921875
7.72906494140625
7.6611328125
7.71209716796875
7.87249755859375
7.90582275390625
7.62615966796875
7.58184814453125
7.8541259765625
7.9725341796875
7.69677734375
7.83306884765625
7.46405029296875
7.86932373046875
7.21331787109375
7.688232421875
7.72552490234375
7.96502685546875
7.8753662109375
7.81378173828125
7.80364990234375
8.07275390625
7.66766357421875
7.49676513671875
7.91943359375
7.77691650390625
8.0706787109375
7.4366455078125
8.0020751953125
7.65789794921875
7.82659912109375
7.55401611328125
7.6185302734375
7.735107421875
7.58062744140625
7.9697265625
7.49102783203125
7.8818359375
7.62255859375
7.94091796875
7.72833251953125
7.877197265625
7.502197265625
7.81695556640625
8.3463134765625
7.4324951171875
8.09222412109375
7.40142822265625
7.8583984375
7.81451416015625
8.01776123046875
7.82415771484375
8.01702880859375
8.1063232421875
7.68731689453125
7.8671875
7.8819580078125
7.71246337890625
7.5400390625
7.965087890625
7.65814208984375
7.70208740234375
7.42852783203125
7.81292724609375
7.87933349609375
7.783935546875
7.8565673828125
7.916015625
8.11761474609375
7.9024658203125
7.783447265625
7.7174072265625
7.9344482421875
7.62481689453125
7.76593017578125
7.98760986328125
8.296630859375
7.7823486328125
7.77447509765625
7.65625
7.5167236328125
7.818603515625
7.74468994140625
7.734375
7.96905517578125
7.79486083984375
7.79351806640625
8.20367431640625
7.74554443359375
8.1055908203125
8.017578125
7.962646484375
7.75958251953125
7.65130615234375
7.63824462890625
7.90899658203125
7.87176513671875
7.78900146484375
7.9700927734375
7.59771728515625
7.78680419921875
7.85906982421875
7.74542236328125
7.762939453125
7.7708740234375
7.86016845703125
7.7420654296875
7.79327392578125
7.7618408203125
8.06292724609375
7.7025146484375
7.966796875
7.930419921875
7.979248046875
7.435546875
8.00714111328125
7.76123046875
7.44207763671875
8.1298828125
7.69439697265625
7.5513916015625
7.94549560546875
8.04449462890625
7.66888427734375
7.867431640625
7.9730224609375
7.7374267578125
7.6385498046875
7.19012451171875
7.899169921875
7.81964111328125
7.80377197265625
7.77642822265625
7.9722900390625
7.38006591796875
7.72906494140625
7.87322998046875
7.820068359375
7.4185791015625
8.1322021484375
7.67425537109375
7.9854736328125
7.79351806640625
7.9620361328125
8.0985107421875
7.78289794921875
7.7325439453125
7.83856201171875
7.74737548828125
7.6649169921875
7.88446044921875
7.60845947265625
7.800537109375
7.747802734375
7.68988037109375
7.61956787109375
7.69305419921875
7.994384765625
7.69720458984375
7.80401611328125
7.7698974609375
7.9647216796875
7.99945068359375
7.95458984375
7.7813720703125
8.07562255859375
7.739990234375
7.97265625
7.928466796875
7.70538330078125
7.8883056640625
7.828125
7.85089111328125
7.999267578125
7.441162109375
7.54034423828125
8.09210205078125
7.6854248046875
7.7041015625
7.72216796875
7.9736328125
7.82879638671875
8.1732177734375
7.86260986328125
7.61468505859375
7.67449951171875
7.99383544921875
7.76519775390625
7.1888427734375
7.77911376953125
8.12457275390625
8.07720947265625
7.7901611328125
7.96697998046875
7.9144287109375
7.8311767578125
8.10205078125
7.73870849609375
7.20513916015625
7.84185791015625
7.9383544921875
7.76483154296875
7.738525390625
7.9053955078125
8.06866455078125
7.93304443359375
7.7227783203125
7.41943359375
7.81646728515625
7.74261474609375
8.01422119140625
7.46734619140625
7.60101318359375
7.9935302734375
7.91278076171875
7.97430419921875
7.49871826171875
7.6346435546875
7.92095947265625
8.04193115234375
7.72869873046875
7.8333740234375
7.97003173828125
7.410888671875
8.1871337890625
7.9599609375
7.999267578125
7.39727783203125
7.85205078125
7.566650390625
7.68798828125
7.56854248046875
7.8289794921875
7.803955078125
7.73876953125
7.40301513671875
7.7918701171875
7.824462890625
7.98101806640625
7.61279296875
7.68023681640625
