2.7457275390625
2.7457275390625
2.7457275390625
2.7457275390625
2.7457275390625
2.7457275390625
2.9093017578125
2.845947265625
3.100830078125
2.7996826171875
2.8468017578125
2.9569091796875
2.85333251953125
3.0260009765625
2.6458740234375
3.00604248046875
2.94573974609375
2.93304443359375
2.9185791015625
3.06805419921875
2.750732421875
2.87261962890625
2.86029052734375
2.876708984375
2.7684326171875
3.12445068359375
2.7518310546875
2.9033203125
3.1826171875
2.92010498046875
2.88397216796875
2.93768310546875
3.0858154296875
2.85626220703125
2.9854736328125
2.8372802734375
2.917236328125
2.80859375
2.7918701171875
2.85382080078125
2.88580322265625
2.8590087890625
2.83917236328125
2.86370849609375
2.8074951171875
2.7843017578125
2.791748046875
2.8388671875
2.97552490234375
2.8642578125
2.88848876953125
2.93450927734375
2.9830322265625
2.8621826171875
2.98046875
3.11566162109375
2.762939453125
2.93316650390625
3.11383056640625
3.023193359375
2.70074462890625
2.91998291015625
2.891845703125
2.82037353515625
2.71771240234375
2.79254150390625
2.83538818359375
2.8232421875
2.9327392578125
2.68359375
3.09075927734375
2.92877197265625
2.78765869140625
3.0301513671875
2.8179931640625
2.930419921875
3.0189208984375
2.74493408203125
2.82769775390625
2.882080078125
2.8045654296875
2.8856201171875
2.97833251953125
2.9351806640625
2.94842529296875
2.58990478515625
3.07965087890625
2.8917236328125
2.82818603515625
2.766357421875
2.70159912109375
2.5792236328125
2.75384521484375
2.8807373046875
2.964599609375
2.8343505859375
2.81231689453125
2.9539794921875
2.8265380859375
2.90252685546875
2.87030029296875
2.74114990234375
3.09991455078125
3.04949951171875
2.65521240234375
2.63665771484375
3.20440673828125
2.94207763671875
2.98907470703125
2.8173828125
2.8529052734375
2.88299560546875
2.535888671875
2.9571533203125
3.13983154296875
2.84075927734375
2.67950439453125
3.02325439453125
2.927001953125
2.7847900390625
2.9443359375
2.894287109375
2.5919189453125
2.8250732421875
2.82305908203125
2.9296875
2.94384765625
2.85687255859375
2.8919677734375
2.862060546875
2.80279541015625
2.694091796875
3.04376220703125
3.04833984375
2.97998046875
3.03955078125
2.94683837890625
2.94293212890625
2.84344482421875
2.86114501953125
3.0435791015625
2.6241455078125
2.91351318359375
2.93304443359375
3.06781005859375
2.8927001953125
2.81402587890625
2.8472900390625
2.82611083984375
2.9307861328125
2.86993408203125
2.6712646484375
2.875
2.45721435546875
2.83050537109375
2.96441650390625
2.9246826171875
2.8087158203125
2.82403564453125
2.856689453125
2.8963623046875
2.87066650390625
3.031005859375
2.69281005859375
2.66497802734375
3.13836669921875
2.86541748046875
2.75079345703125
2.865234375
3.04241943359375
2.88067626953125
2.6575927734375
3.05889892578125
2.8829345703125
2.93719482421875
2.853759765625
3.04559326171875
2.9793701171875
2.83990478515625
3.3309326171875
2.97174072265625
2.92529296875
3.05609130859375
2.94097900390625
3.150634765625
2.85125732421875
2.86993408203125
3.096923828125
2.80615234375
2.79541015625
3.07391357421875
3.00250244140625
2.85198974609375
2.8189697265625
3.0582275390625
3.042236328125
2.78863525390625
3.01385498046875
2.96173095703125
2.966796875
3.05023193359375
2.7572021484375
2.88800048828125
2.94622802734375
3.08758544921875
3.06915283203125
2.83026123046875
2.74017333984375
2.9261474609375
3.1715087890625
2.87835693359375
2.78692626953125
2.798583984375
3.0201416015625
2.9176025390625
2.87762451171875
2.87396240234375
2.799072265625
2.96063232421875
2.84490966796875
2.764892578125
3.09185791015625
2.73638916015625
3.07354736328125
2.98577880859375
3.0706787109375
2.879150390625
2.7691650390625
3.12261962890625
3.1124267578125
3.03985595703125
2.87957763671875
2.89813232421875
2.85003662109375
2.968017578125
3.1683349609375
2.95806884765625
3.0301513671875
2.8533935546875
2.8746337890625
2.87872314453125
2.9990234375
2.89154052734375
2.91229248046875
3.03662109375
2.84454345703125
2.866455078125
3.00970458984375
3.0369873046875
2.81549072265625
3.0841064453125
3.03375244140625
3.0086669921875
2.932861328125
2.8692626953125
2.90087890625
2.83575439453125
3.00262451171875
2.87481689453125
2.9046630859375
3.14544677734375
2.83428955078125
2.87933349609375
2.71807861328125
3.20709228515625
3.1495361328125
3.0611572265625
2.86199951171875
3.12939453125
3.04107666015625
2.9669189453125
2.890625
2.9150390625
2.8770751953125
3.0396728515625
2.94818115234375
2.670654296875
2.96368408203125
2.7501220703125
2.77734375
2.83392333984375
2.97265625
2.94158935546875
2.96728515625
2.96295166015625
3.11474609375
2.82391357421875
3.11248779296875
3.12396240234375
2.9276123046875
2.81439208984375
2.912109375
2.9376220703125
2.946044921875
2.7310791015625
3.00079345703125
3.10076904296875
2.7958984375
2.88616943359375
3.07708740234375
3.093017578125
2.95013427734375
3.10858154296875
2.69921875
2.89825439453125
2.8692626953125
2.958740234375
2.997802734375
2.78582763671875
3.05670166015625
3.02728271484375
3.1064453125
2.79827880859375
3.2152099609375
2.91998291015625
3.14801025390625
2.94512939453125
2.8115234375
2.98638916015625
2.92034912109375
2.89495849609375
2.7559814453125
2.587646484375
2.85284423828125
2.904052734375
2.89068603515625
3.02386474609375
2.9583740234375
2.9151611328125
2.96441650390625
3.01171875
2.83123779296875
2.976806640625
3.11236572265625
2.71990966796875
2.9259033203125
2.80145263671875
2.9254150390625
2.86163330078125
2.8240966796875
2.94775390625
2.95623779296875
2.8648681640625
3.0711669921875
3.04669189453125
3.00189208984375
2.9468994140625
3.04473876953125
2.8787841796875
2.7464599609375
2.9837646484375
2.88897705078125
2.95697021484375
2.87164306640625
3.0211181640625
2.755859375
3.0577392578125
2.90753173828125
2.9254150390625
2.9290771484375
2.6890869140625
2.95306396484375
2.876953125
2.854248046875
3.0028076171875
3.211181640625
2.920166015625
2.9677734375
2.96466064453125
3.0382080078125
2.87408447265625
2.726318359375
3.22027587890625
2.8505859375
2.802001953125
2.94122314453125
2.88287353515625
3.0809326171875
2.98223876953125
3.03753662109375
2.99322509765625
2.94061279296875
2.911376953125
3.098388671875
2.924072265625
2.91143798828125
3.0032958984375
2.7030029296875
3.00677490234375
2.8172607421875
2.95843505859375
2.95306396484375
3.08782958984375
3.0753173828125
2.76019287109375
2.89691162109375
3.19329833984375
2.8494873046875
2.729736328125
2.73773193359375
2.91204833984375
3.01763916015625
2.9283447265625
2.98748779296875
2.92266845703125
3.16363525390625
2.8812255859375
2.79888916015625
3.069091796875
2.75531005859375
2.89874267578125
2.91021728515625
2.99139404296875
3.29986572265625
2.91070556640625
2.83056640625
3.05499267578125
2.8797607421875
2.8134765625
2.7921142578125
2.83856201171875
2.6802978515625
2.945556640625
2.76806640625
3.08160400390625
2.769287109375
2.91143798828125
3.01434326171875
2.85931396484375
2.83843994140625
3.0535888671875
2.8336181640625
3.028564453125
2.7659912109375
3.052490234375
2.84521484375
2.85455322265625
2.95361328125
2.77581787109375
2.98150634765625
3.138916015625
2.97332763671875
3.01934814453125
2.9864501953125
3.14263916015625
2.91534423828125
2.90911865234375
2.95379638671875
2.78277587890625
2.78961181640625
2.7225341796875
3.049560546875
2.97760009765625
2.79443359375
2.7232666015625
2.83648681640625
2.87939453125
2.8614501953125
2.64617919921875
2.833984375
2.87286376953125
3.18450927734375
2.757568359375
2.723876953125
2.962646484375
2.93499755859375
2.857177734375
2.95794677734375
2.8880615234375
2.807861328125
3.00958251953125
2.877685546875
2.73779296875
2.78057861328125
3.07147216796875
2.84100341796875
2.932373046875
2.9677734375
3.01068115234375
2.78839111328125
2.8604736328125
2.95062255859375
3.0523681640625
2.8941650390625
3.03253173828125
3.17193603515625
2.92547607421875
3.07843017578125
2.7215576171875
2.845703125
3.02947998046875
2.84405517578125
3.0364990234375
3.081298828125
2.95416259765625
3.02923583984375
2.99200439453125
3.108154296875
