4.37176513671875
4.37176513671875
4.37176513671875
4.37176513671875
4.37176513671875
4.37176513671875
4.34576416015625
4.39031982421875
4.2237548828125
4.22003173828125
4.482421875
4.52008056640625
4.50732421875
4.3272705078125
4.466796875
3.74609375
4.41925048828125
4.65338134765625
4.4969482421875
4.36749267578125
4.30670166015625
4.70257568359375
4.5546875
4.32440185546875
4.3406982421875
4.65533447265625
4.6622314453125
4.38592529296875
4.53271484375
4.46002197265625
4.3310546875
4.27728271484375
4.44403076171875
4.355224609375
4.5126953125
4.31207275390625
4.47412109375
4.58929443359375
4.18212890625
4.2249755859375
4.29345703125
4.244140625
4.36541748046875
4.63616943359375
4.45654296875
4.46514892578125
4.322021484375
4.34222412109375
4.2744140625
4.55401611328125
4.16961669921875
4.48431396484375
4.13519287109375
4.51312255859375
4.3182373046875
4.63671875
4.35888671875
4.2034912109375
4.625
4.34307861328125
4.6099853515625
4.317626953125
4.5338134765625
4.27349853515625
4.3643798828125
4.44647216796875
4.38983154296875
4.486328125
4.61328125
4.31671142578125
4.3128662109375
4.61700439453125
4.3353271484375
4.708251953125
4.3831787109375
4.2635498046875
4.471923828125
4.5712890625
4.48712158203125
4.28350830078125
4.54205322265625
4.26123046875
4.41351318359375
4.4688720703125
4.3739013671875
4.30743408203125
4.613037109375
4.27862548828125
4.10235595703125
4.61553955078125
4.25518798828125
4.66082763671875
4.53302001953125
4.50592041015625
4.6015625
4.54705810546875
4.67193603515625
4.11932373046875
4.43194580078125
4.4647216796875
4.50927734375
4.59149169921875
4.46649169921875
4.4984130859375
4.50396728515625
4.72064208984375
4.5074462890625
4.3836669921875
4.28369140625
4.6026611328125
4.4373779296875
4.51226806640625
4.447021484375
4.380615234375
4.4798583984375
4.28533935546875
4.05560302734375
4.60565185546875
4.51873779296875
4.662109375
4.32843017578125
4.10308837890625
4.44549560546875
4.3504638671875
4.306884765625
4.23974609375
4.54803466796875
4.3553466796875
4.2708740234375
4.2890625
4.556640625
4.36163330078125
4.42144775390625
4.37652587890625
4.396728515625
4.30255126953125
4.40020751953125
4.41107177734375
4.58294677734375
4.44830322265625
4.46600341796875
4.4881591796875
4.63189697265625
4.4136962890625
4.3115234375
4.35382080078125
4.3531494140625
4.1917724609375
4.2205810546875
4.48748779296875
4.17047119140625
4.11083984375
4.359375
4.52191162109375
4.23248291015625
4.2503662109375
4.46185302734375
4.43658447265625
4.40777587890625
4.53472900390625
4.3651123046875
4.54833984375
4.29266357421875
4.491943359375
4.598876953125
4.492919921875
4.3072509765625
4.5272216796875
4.37713623046875
4.4752197265625
4.208984375
4.12750244140625
4.352783203125
4.360107421875
4.556640625
4.15643310546875
4.3623046875
4.355224609375
4.30615234375
4.3338623046875
4.4520263671875
4.26043701171875
4.50042724609375
4.40411376953125
4.1944580078125
4.4814453125
4.3192138671875
4.29681396484375
4.530029296875
4.38104248046875
4.3359375
4.5682373046875
4.62066650390625
4.51373291015625
4.7425537109375
4.44110107421875
4.361083984375
4.29022216796875
4.3720703125
4.3280029296875
4.18963623046875
4.3731689453125
4.42919921875
4.40740966796875
4.474365234375
4.3553466796875
4.589599609375
4.41033935546875
4.35009765625
4.40399169921875
4.4078369140625
4.5496826171875
4.50775146484375
4.26470947265625
4.2926025390625
4.3487548828125
4.56610107421875
4.23101806640625
4.5316162109375
4.55023193359375
4.41949462890625
4.35955810546875
4.38128662109375
4.4720458984375
4.44598388671875
4.40753173828125
4.44671630859375
4.409423828125
4.25689697265625
4.775146484375
4.45953369140625
4.407958984375
4.59375
4.4730224609375
4.74456787109375
4.4136962890625
4.32391357421875
4.52789306640625
4.46221923828125
4.357421875
4.3721923828125
4.32952880859375
4.62689208984375
4.5120849609375
4.5030517578125
4.33203125
4.52117919921875
4.383056640625
4.21673583984375
4.47027587890625
4.39190673828125
4.46417236328125
4.43902587890625
4.46307373046875
4.61199951171875
4.34906005859375
4.34844970703125
4.47369384765625
4.08880615234375
4.4544677734375
4.37860107421875
4.6204833984375
4.47467041015625
4.1934814453125
4.5570068359375
4.61083984375
4.358154296875
4.4422607421875
4.49957275390625
4.48211669921875
4.18499755859375
4.51947021484375
4.46539306640625
4.13592529296875
4.3426513671875
4.60845947265625
4.384765625
4.22991943359375
4.20208740234375
4.53009033203125
4.26812744140625
4.44427490234375
4.0609130859375
4.38909912109375
4.195556640625
4.43353271484375
4.49664306640625
4.5028076171875
4.28887939453125
4.4229736328125
4.3170166015625
4.4742431640625
4.37298583984375
4.36669921875
4.41064453125
4.51007080078125
4.25799560546875
4.38641357421875
4.39910888671875
4.463623046875
4.50469970703125
4.4859619140625
4.4652099609375
4.3914794921875
4.11431884765625
4.39532470703125
4.495849609375
4.3450927734375
4.27667236328125
4.4583740234375
4.53741455078125
4.57244873046875
4.466796875
4.64788818359375
4.44775390625
4.1602783203125
4.64508056640625
4.5780029296875
4.67230224609375
4.407958984375
4.38140869140625
4.29925537109375
4.5538330078125
4.505126953125
4.332275390625
4.52288818359375
4.20391845703125
4.56915283203125
4.26824951171875
4.5076904296875
4.638916015625
4.4918212890625
4.3447265625
4.6204833984375
4.51361083984375
4.21392822265625
4.3604736328125
4.32464599609375
4.36334228515625
4.5013427734375
4.27783203125
4.5263671875
4.54400634765625
4.63592529296875
4.67822265625
4.2689208984375
4.37396240234375
4.42138671875
4.47039794921875
4.46075439453125
4.363037109375
4.32513427734375
4.40899658203125
4.46551513671875
4.346435546875
4.406005859375
3.965087890625
4.57794189453125
4.57659912109375
4.21356201171875
4.542236328125
4.48077392578125
4.70697021484375
4.55303955078125
4.41265869140625
4.29302978515625
4.1302490234375
4.6239013671875
4.3289794921875
4.3023681640625
4.48699951171875
4.39892578125
4.542724609375
4.85211181640625
4.58782958984375
4.602294921875
4.2435302734375
4.37249755859375
4.37615966796875
4.3719482421875
4.38763427734375
4.368408203125
4.4002685546875
4.35986328125
4.58868408203125
4.46044921875
4.25042724609375
4.76348876953125
4.43304443359375
3.98101806640625
4.51751708984375
4.42578125
4.5216064453125
4.5379638671875
4.59375
4.30682373046875
4.2991943359375
4.44818115234375
4.5989990234375
4.4508056640625
4.8173828125
4.1934814453125
4.408447265625
4.54901123046875
4.3431396484375
4.3511962890625
4.4775390625
4.258544921875
4.53125
4.3973388671875
4.38287353515625
4.3692626953125
4.3446044921875
4.55670166015625
4.42523193359375
4.5535888671875
4.45452880859375
4.552734375
4.3978271484375
4.2503662109375
4.3626708984375
4.40716552734375
4.39959716796875
4.5203857421875
4.33502197265625
4.13604736328125
4.47271728515625
4.3033447265625
4.501953125
4.44830322265625
4.3447265625
4.5499267578125
4.16400146484375
4.2618408203125
4.52435302734375
4.25604248046875
4.45556640625
4.5885009765625
4.2340087890625
4.14990234375
4.2491455078125
4.64697265625
4.37310791015625
4.36407470703125
4.22430419921875
4.507568359375
4.5601806640625
4.4832763671875
4.470947265625
3.95196533203125
4.345703125
4.5233154296875
4.26812744140625
4.26763916015625
4.510498046875
4.42926025390625
4.5330810546875
4.42401123046875
4.3868408203125
4.324951171875
4.34649658203125
4.53564453125
4.32537841796875
4.48468017578125
4.57012939453125
4.521240234375
4.28369140625
4.42120361328125
4.37481689453125
4.64959716796875
4.46136474609375
4.1746826171875
4.1273193359375
4.2891845703125
4.1309814453125
4.45306396484375
4.336669921875
4.36724853515625
4.3826904296875
4.3397216796875
4.47833251953125
4.47052001953125
4.33209228515625
4.529541015625
4.62115478515625
4.37945556640625
4.5589599609375
4.44677734375
4.39208984375
4.3966064453125
4.5919189453125
4.55438232421875
4.2952880859375
4.2392578125
4.31988525390625
4.08551025390625
4.699951171875
4.21136474609375
