6.08233642578125
6.08233642578125
6.08233642578125
6.08233642578125
6.08233642578125
6.22705078125
5.85748291015625
6.01629638671875
5.99737548828125
5.75531005859375
5.75360107421875
6.08544921875
5.7557373046875
6.24749755859375
6.1973876953125
5.9561767578125
5.80853271484375
6.1588134765625
5.808837890625
5.92864990234375
5.90216064453125
5.701416015625
6.38311767578125
5.92138671875
5.8790283203125
6.171142578125
5.9541015625
6.0478515625
5.57977294921875
5.83013916015625
5.945068359375
5.8541259765625
5.641357421875
5.9981689453125
5.82891845703125
5.7147216796875
6.0015869140625
5.623779296875
5.9188232421875
5.792724609375
5.97930908203125
6.02001953125
5.8740234375
5.85986328125
5.959228515625
5.84893798828125
6.05999755859375
5.92388916015625
5.83575439453125
5.7794189453125
5.96453857421875
5.6080322265625
6.02496337890625
6.0220947265625
5.83477783203125
6.02325439453125
5.68182373046875
6.23931884765625
5.85040283203125
5.67095947265625
5.8714599609375
5.89971923828125
5.8302001953125
6.03045654296875
5.9256591796875
6.00799560546875
5.8458251953125
5.99847412109375
5.8538818359375
5.83349609375
6.12652587890625
6.0084228515625
5.9639892578125
5.87518310546875
6.2960205078125
6.02001953125
6.0535888671875
5.85662841796875
5.846435546875
6.055908203125
5.39447021484375
5.9395751953125
6.00140380859375
5.76715087890625
5.95654296875
6.11981201171875
5.81243896484375
5.8994140625
5.89617919921875
6.00726318359375
5.9796142578125
6.0235595703125
5.95477294921875
5.81097412109375
6.0540771484375
6.11236572265625
6.0736083984375
6.04931640625
6.061767578125
5.90924072265625
5.97418212890625
6.0294189453125
5.74066162109375
5.94891357421875
5.7694091796875
5.72216796875
6.03204345703125
6.042236328125
5.66387939453125
5.951416015625
5.8448486328125
5.94061279296875
5.70556640625
5.7830810546875
6.176513671875
5.924560546875
6.1746826171875
5.98870849609375
6.13775634765625
5.92596435546875
6.01708984375
6.088623046875
5.67633056640625
6.01104736328125
5.92645263671875
5.9830322265625
5.71588134765625
6.11126708984375
6.043701171875
6.0140380859375
5.7713623046875
6.32269287109375
6.1923828125
5.82366943359375
6.07879638671875
5.7501220703125
6.09332275390625
6.31463623046875
6.23370361328125
5.871826171875
5.88909912109375
6.03271484375
6.01959228515625
5.69512939453125
5.8255615234375
6.16021728515625
6.15771484375
6.0577392578125
5.91552734375
5.90216064453125
5.83758544921875
5.95672607421875
5.85992431640625
6.2484130859375
6.43017578125
5.9156494140625
5.96240234375
5.98040771484375
5.8653564453125
6.18304443359375
6.202880859375
6.0660400390625
5.9100341796875
5.741455078125
5.918701171875
5.81341552734375
5.78802490234375
5.607421875
5.87237548828125
5.9869384765625
5.619384765625
5.9176025390625
5.80072021484375
6.1444091796875
5.987060546875
5.96661376953125
5.79296875
5.73114013671875
6.14215087890625
5.44012451171875
5.86260986328125
5.86688232421875
6.04864501953125
6.04791259765625
5.9249267578125
5.6767578125
6.03314208984375
6.1552734375
5.72540283203125
5.87078857421875
5.98077392578125
6.1217041015625
6.42901611328125
5.7872314453125
5.833740234375
5.96551513671875
6.06585693359375
6.23486328125
5.85906982421875
5.81072998046875
5.74407958984375
5.77252197265625
5.8448486328125
5.80615234375
6.14263916015625
5.98675537109375
6.04925537109375
6.00994873046875
6.25555419921875
6.0880126953125
5.619873046875
6.37518310546875
5.8197021484375
5.90594482421875
6.16204833984375
6.0810546875
5.8665771484375
6.20697021484375
5.9798583984375
5.974609375
5.9564208984375
6.0244140625
5.70635986328125
5.8970947265625
5.70916748046875
5.74224853515625
5.9072265625
5.40692138671875
6.14837646484375
5.9052734375
5.531005859375
5.66937255859375
5.9981689453125
6.01263427734375
5.7373046875
5.7659912109375
6.00537109375
5.88201904296875
6.114013671875
5.96783447265625
6.15533447265625
5.86077880859375
5.89630126953125
6.03076171875
5.89544677734375
6.09893798828125
5.9488525390625
5.90167236328125
5.6163330078125
5.80975341796875
5.74310302734375
6.0269775390625
5.98760986328125
5.95831298828125
5.679931640625
6.02386474609375
5.73651123046875
6.0379638671875
6.06793212890625
5.8978271484375
5.9219970703125
5.808349609375
5.85693359375
5.94415283203125
5.67608642578125
5.98333740234375
5.9140625
5.79656982421875
6.039306640625
5.76727294921875
6.0770263671875
6.07794189453125
5.9918212890625
5.90838623046875
6.10101318359375
5.63995361328125
5.99755859375
5.8963623046875
5.8275146484375
5.9742431640625
5.8612060546875
5.912841796875
6.1802978515625
5.49609375
6.07720947265625
6.12310791015625
5.5616455078125
6.45654296875
5.87005615234375
5.58599853515625
5.92987060546875
5.864501953125
6.04248046875
5.74578857421875
5.82958984375
5.66424560546875
5.90997314453125
5.86651611328125
5.88140869140625
6.08935546875
5.73199462890625
5.7073974609375
5.82110595703125
6.104736328125
6.13739013671875
5.9007568359375
6.15625
6.0517578125
5.89141845703125
6.09710693359375
5.6324462890625
6.04736328125
5.7569580078125
6.11077880859375
5.74676513671875
5.8974609375
5.9940185546875
6.31280517578125
5.89190673828125
5.9290771484375
6.08270263671875
5.86932373046875
5.74853515625
5.9285888671875
5.79180908203125
5.92010498046875
5.82818603515625
6.168212890625
5.8116455078125
6.0277099609375
6.31597900390625
6.26129150390625
6.1588134765625
5.63592529296875
5.809326171875
6.0499267578125
6.0511474609375
6.18841552734375
5.73028564453125
5.71112060546875
5.94512939453125
5.94024658203125
5.79534912109375
5.74591064453125
5.61224365234375
5.96624755859375
5.97686767578125
6.1788330078125
5.87152099609375
5.5836181640625
5.76263427734375
6.1441650390625
5.7115478515625
6.1524658203125
5.7989501953125
5.778076171875
5.694091796875
5.73980712890625
6.20416259765625
5.976318359375
5.94989013671875
6.35211181640625
6.21636962890625
6.1595458984375
6.130859375
5.89947509765625
5.897216796875
6.275146484375
5.7744140625
5.6981201171875
6.10162353515625
5.74884033203125
6.01959228515625
5.9736328125
5.89788818359375
5.9378662109375
6.045654296875
5.693603515625
5.927001953125
6.22991943359375
5.98785400390625
6.05731201171875
5.9012451171875
5.68133544921875
6.01513671875
5.593505859375
5.99365234375
6.076416015625
5.8951416015625
6.1605224609375
6.06695556640625
5.9263916015625
5.8992919921875
6.13702392578125
6.16864013671875
5.82769775390625
6.1475830078125
5.72674560546875
5.78155517578125
5.89617919921875
6.23504638671875
6.02606201171875
6.14093017578125
5.73553466796875
5.67205810546875
6.2408447265625
5.96905517578125
5.59417724609375
6.10626220703125
5.8807373046875
5.6912841796875
5.8138427734375
6.23223876953125
5.86505126953125
5.95037841796875
5.83929443359375
6.00152587890625
6.1025390625
5.8955078125
6.11199951171875
5.9921875
6.208740234375
5.66094970703125
6.061279296875
5.5997314453125
5.49993896484375
6.13848876953125
5.64105224609375
5.884765625
6.02532958984375
5.907470703125
6.22125244140625
5.7130126953125
5.8292236328125
6.083740234375
6.1676025390625
6.15399169921875
5.8343505859375
6.14886474609375
6.002197265625
5.892822265625
6.01177978515625
5.86962890625
5.81756591796875
5.98309326171875
6.17230224609375
5.8228759765625
5.77069091796875
5.92620849609375
5.9031982421875
5.88031005859375
5.921630859375
6.18084716796875
6.159423828125
5.71295166015625
6.060546875
5.91131591796875
5.7230224609375
6.24798583984375
6.052490234375
5.50457763671875
5.82110595703125
5.99713134765625
6.20916748046875
6.04345703125
5.5804443359375
5.93157958984375
5.90087890625
5.91632080078125
6.0897216796875
6.2608642578125
5.7510986328125
5.827392578125
6.122314453125
5.8892822265625
6.279052734375
6.25689697265625
6.04412841796875
5.5277099609375
5.7108154296875
5.98675537109375
6.117431640625
5.61322021484375
6.1568603515625
6.138916015625
5.775146484375
6.083740234375
5.9267578125
5.97296142578125
5.845458984375
6.03125
6.334716796875
5.8975830078125
6.1207275390625
6.01861572265625
5.88232421875
6.04779052734375
