3.992431640625
3.992431640625
3.992431640625
3.992431640625
4.06280517578125
4.04486083984375
3.90557861328125
3.9642333984375
4.1995849609375
4.06005859375
4.08599853515625
3.95269775390625
4.18072509765625
4.0723876953125
4.0545654296875
4.03643798828125
3.857666015625
4.27130126953125
3.951904296875
4.019287109375
3.770263671875
4.255126953125
4.08172607421875
4.08660888671875
4.20208740234375
3.99945068359375
4.005859375
4.14190673828125
4.4072265625
4.016845703125
4.04681396484375
3.97576904296875
3.759521484375
4.12701416015625
4.123046875
3.95904541015625
4.02685546875
4.1585693359375
3.76507568359375
4.241943359375
3.910888671875
4.12646484375
4.11590576171875
4.0963134765625
4.1846923828125
4.11273193359375
4.15582275390625
4.10198974609375
4.03485107421875
3.88232421875
4.02227783203125
4.05743408203125
4.1727294921875
4.190673828125
3.73114013671875
4.0830078125
4.08038330078125
4.15185546875
3.91058349609375
4.02374267578125
4.08697509765625
4.0633544921875
4.01434326171875
4.07562255859375
4.1939697265625
4.0904541015625
3.7901611328125
4.1031494140625
3.93829345703125
3.901123046875
4.2742919921875
4.31195068359375
3.92376708984375
4.16571044921875
4.13543701171875
4.1058349609375
4.01165771484375
4.123046875
3.78265380859375
4.35870361328125
4.05633544921875
4.00030517578125
4.24871826171875
4.212890625
4.117431640625
3.92669677734375
4.25152587890625
4.05242919921875
4.04742431640625
4.11163330078125
4.24493408203125
4.0247802734375
4.20635986328125
4.072998046875
3.91741943359375
3.97186279296875
4.0888671875
4.01263427734375
3.96966552734375
3.9251708984375
4.01971435546875
3.8880615234375
4.22198486328125
4.041015625
4.097412109375
3.94427490234375
4.143310546875
3.78759765625
4.20758056640625
4.240234375
4.12744140625
4.028076171875
4.3414306640625
4.08966064453125
4.11199951171875
3.897216796875
4.0362548828125
4.188720703125
3.994140625
4.138427734375
3.98956298828125
4.21795654296875
4.14239501953125
3.9637451171875
4.16790771484375
4.1910400390625
4.0904541015625
4.24700927734375
4.0087890625
3.92230224609375
3.93756103515625
4.06378173828125
4.27545166015625
4.111328125
3.94818115234375
4.07891845703125
3.8641357421875
4.05560302734375
4.05535888671875
4.0008544921875
4.0692138671875
4.1041259765625
4.08941650390625
3.91949462890625
3.9482421875
4.2239990234375
4.17962646484375
4.22509765625
3.96014404296875
4.173828125
4.12237548828125
4.0911865234375
3.96185302734375
3.95391845703125
3.9942626953125
4.07537841796875
4.189208984375
4.144775390625
3.92364501953125
4.16534423828125
4.0794677734375
4.22900390625
4.076416015625
4.3375244140625
4.1123046875
4.22869873046875
4.15728759765625
4.27978515625
4.1485595703125
3.996826171875
4.03887939453125
4.26470947265625
3.9068603515625
3.7435302734375
4.3712158203125
3.87548828125
4.1319580078125
4.14483642578125
3.98931884765625
4.105712890625
4.30743408203125
4.17852783203125
4.08380126953125
4.10772705078125
4.2135009765625
4.02130126953125
4.05462646484375
4.17315673828125
4.213134765625
4.10150146484375
4.16302490234375
4.0482177734375
4.35205078125
3.99688720703125
4.14715576171875
4.20770263671875
4.1031494140625
4.0323486328125
3.8299560546875
4.20648193359375
4.188232421875
3.96875
4.07305908203125
3.8304443359375
3.9805908203125
4.1141357421875
4.014404296875
4.13348388671875
3.97137451171875
3.9713134765625
3.88006591796875
4.06646728515625
3.91180419921875
4.04107666015625
3.8323974609375
3.98779296875
4.191162109375
4.02471923828125
3.67071533203125
4.2996826171875
4.17132568359375
4.15985107421875
4.2373046875
3.962646484375
4.2313232421875
4.20947265625
3.76141357421875
3.79180908203125
4.29876708984375
3.83978271484375
4.12310791015625
4.192138671875
4.0262451171875
4.06610107421875
4.21099853515625
4.1383056640625
4.13580322265625
3.99603271484375
3.96588134765625
4.1558837890625
4.114501953125
3.925048828125
3.8819580078125
4.3133544921875
3.9293212890625
4.097412109375
4.21923828125
4.14471435546875
4.07598876953125
4.15545654296875
4.20794677734375
4.34710693359375
4.112548828125
3.99053955078125
3.94329833984375
4.05364990234375
4.07928466796875
4.22821044921875
4.0665283203125
4.1065673828125
4.164794921875
3.96856689453125
3.9073486328125
4.308349609375
4.03411865234375
4.248779296875
4.14385986328125
4.17657470703125
4.0404052734375
4.0093994140625
4.035888671875
3.92669677734375
4.16064453125
3.947265625
3.90618896484375
4.29583740234375
4.07257080078125
4.14453125
3.83941650390625
4.03125
4.09356689453125
4.089111328125
3.86676025390625
3.83929443359375
4.19732666015625
3.8302001953125
3.96875
3.9556884765625
4.0999755859375
4.12359619140625
4.12109375
3.8028564453125
4.0029296875
4.0601806640625
4.15277099609375
4.156005859375
4.05682373046875
4.2059326171875
3.7689208984375
4.02557373046875
4.21429443359375
4.130859375
3.93499755859375
4.25848388671875
3.7896728515625
4.14178466796875
4.20672607421875
3.92254638671875
4.05072021484375
4.03253173828125
4.08538818359375
4.11541748046875
3.98919677734375
4.287353515625
4.0120849609375
3.96038818359375
4.1895751953125
4.19744873046875
3.87786865234375
4.022705078125
4.0853271484375
4.18145751953125
4.06646728515625
4.17681884765625
4.04644775390625
4.14361572265625
3.910888671875
4.1470947265625
4.1033935546875
4.07733154296875
3.88421630859375
4.03912353515625
3.90460205078125
3.92974853515625
3.8182373046875
3.94415283203125
3.88140869140625
4.0594482421875
3.87548828125
3.9344482421875
3.90435791015625
4.1129150390625
4.0699462890625
4.15850830078125
4.25347900390625
4.1331787109375
3.7811279296875
4.10943603515625
4.1226806640625
4.10040283203125
3.7786865234375
3.80914306640625
4.2236328125
3.92132568359375
4.06805419921875
3.80987548828125
4.0982666015625
3.99627685546875
4.2325439453125
3.8482666015625
4.06744384765625
3.87298583984375
4.18597412109375
3.9930419921875
4.13385009765625
3.974853515625
4.11273193359375
4.05523681640625
4.1002197265625
4.16741943359375
4.09259033203125
4.25848388671875
4.08428955078125
4.0792236328125
4.219482421875
3.96563720703125
3.9073486328125
4.23529052734375
4.00152587890625
4.01202392578125
3.8748779296875
3.8812255859375
4.24969482421875
4.15234375
4.01922607421875
4.054931640625
4.1112060546875
4.2305908203125
4.1136474609375
3.81317138671875
4.3182373046875
4.05609130859375
4.19244384765625
3.885986328125
4.2474365234375
3.95562744140625
4.1324462890625
3.89990234375
4.1163330078125
3.88201904296875
4.22100830078125
3.97808837890625
4.1083984375
3.9456787109375
4.017822265625
4.08154296875
4.068115234375
4.12890625
4.06561279296875
4.0322265625
3.90155029296875
4.12567138671875
4.0989990234375
3.973876953125
4.288818359375
4.22821044921875
4.1085205078125
4.18536376953125
4.23553466796875
3.93304443359375
3.97998046875
4.277587890625
3.83392333984375
3.7265625
4.1549072265625
3.82635498046875
4.245849609375
4.19061279296875
3.9761962890625
3.98699951171875
4.08367919921875
4.282470703125
3.86126708984375
4.1595458984375
3.97955322265625
3.99578857421875
4.12274169921875
4.08740234375
4.08319091796875
4.28936767578125
4.1739501953125
4.0753173828125
4.21142578125
4.02496337890625
3.87164306640625
3.984375
4.03253173828125
3.9766845703125
3.9869384765625
4.29705810546875
4.13568115234375
4.2144775390625
4.03704833984375
4.0828857421875
4.09869384765625
4.05316162109375
4.085693359375
4.17266845703125
4.32135009765625
4.05938720703125
4.19622802734375
4.0792236328125
3.74951171875
4.18829345703125
4.15374755859375
4.05615234375
4.08514404296875
4.13946533203125
4.1854248046875
4.01983642578125
4.38330078125
4.00335693359375
4.06353759765625
4.08587646484375
4.26806640625
4.21136474609375
4.12451171875
4.3702392578125
4.15936279296875
4.05859375
4.11151123046875
3.84967041015625
3.96844482421875
4.124267578125
3.89031982421875
4.13470458984375
3.93280029296875
4.0926513671875
3.9427490234375
3.8409423828125
4.021240234375
4.3311767578125
4.017822265625
4.17047119140625
4.08624267578125
4.15966796875
3.73992919921875
4.20697021484375
