3.59771728515625
3.59771728515625
3.39874267578125
3.4447021484375
3.7449951171875
3.68365478515625
3.719970703125
3.80950927734375
4.05389404296875
3.91607666015625
3.6514892578125
3.586669921875
3.693603515625
3.751220703125
3.38824462890625
3.5594482421875
3.814697265625
3.77569580078125
3.9713134765625
3.71075439453125
3.7283935546875
3.4158935546875
3.75579833984375
3.41314697265625
3.65435791015625
3.67230224609375
3.77996826171875
3.5555419921875
3.622314453125
3.4388427734375
3.61859130859375
3.75860595703125
3.85626220703125
3.6260986328125
3.68505859375
3.845458984375
3.92193603515625
3.7532958984375
3.6214599609375
3.75750732421875
4.03314208984375
3.6834716796875
3.82464599609375
3.49468994140625
3.47869873046875
3.9195556640625
3.5506591796875
3.57733154296875
3.7388916015625
3.5565185546875
3.81787109375
3.60491943359375
3.73626708984375
3.57470703125
3.86602783203125
3.74945068359375
3.74420166015625
3.71142578125
3.55584716796875
3.81475830078125
3.7052001953125
3.69854736328125
3.574951171875
3.38275146484375
3.70220947265625
3.6781005859375
3.8125
3.6024169921875
3.714599609375
4.07232666015625
3.614013671875
3.6763916015625
3.8580322265625
3.52630615234375
3.779541015625
3.663818359375
3.68048095703125
3.6063232421875
3.54840087890625
3.820556640625
3.64898681640625
3.64373779296875
3.52081298828125
3.74786376953125
3.84466552734375
3.9410400390625
3.6180419921875
3.53826904296875
3.6695556640625
3.5845947265625
3.7156982421875
3.66436767578125
3.811279296875
3.721435546875
3.76092529296875
3.6571044921875
3.90850830078125
3.53875732421875
3.50994873046875
3.88995361328125
3.585205078125
3.69561767578125
3.68927001953125
3.645751953125
3.6527099609375
3.808837890625
3.78045654296875
3.47119140625
3.80230712890625
3.6904296875
3.707763671875
3.65631103515625
3.76763916015625
3.638671875
3.4569091796875
3.6861572265625
3.7003173828125
3.6654052734375
3.57464599609375
3.7113037109375
3.792236328125
3.501708984375
3.710693359375
3.7210693359375
3.49224853515625
3.56707763671875
3.71142578125
3.637939453125
3.61175537109375
3.7747802734375
3.71575927734375
3.61712646484375
3.608154296875
3.8056640625
3.7327880859375
3.68914794921875
3.63818359375
3.637939453125
3.53564453125
3.52984619140625
3.6973876953125
3.80499267578125
3.6392822265625
3.5711669921875
3.53570556640625
3.60516357421875
3.8463134765625
3.74505615234375
3.73150634765625
3.6512451171875
3.66741943359375
3.87115478515625
3.76629638671875
3.57159423828125
3.652099609375
3.74078369140625
3.7313232421875
3.69891357421875
3.795654296875
3.883544921875
3.8001708984375
3.4881591796875
3.74871826171875
3.65533447265625
3.74603271484375
3.817626953125
3.6815185546875
3.73297119140625
3.70123291015625
3.5938720703125
3.5985107421875
3.82806396484375
3.64141845703125
3.83062744140625
3.8226318359375
3.244873046875
3.57977294921875
3.52490234375
3.73406982421875
3.70269775390625
3.6497802734375
3.68487548828125
3.7720947265625
3.6630859375
3.44659423828125
3.60345458984375
3.66156005859375
3.8323974609375
3.62384033203125
3.60943603515625
3.4512939453125
3.5419921875
3.81890869140625
3.728759765625
3.56134033203125
3.90826416015625
3.6737060546875
3.67620849609375
3.30987548828125
3.8165283203125
3.857421875
3.58953857421875
3.68035888671875
3.58941650390625
3.833251953125
3.66796875
3.42059326171875
3.6837158203125
3.73681640625
3.478759765625
3.4925537109375
3.752685546875
3.80059814453125
3.5263671875
3.90875244140625
3.7965087890625
3.89996337890625
3.740234375
3.78228759765625
3.74151611328125
3.583251953125
3.4788818359375
3.85455322265625
3.63031005859375
3.5999755859375
3.66473388671875
3.60552978515625
3.68487548828125
4.05267333984375
3.7781982421875
3.43682861328125
3.6734619140625
3.5706787109375
3.71087646484375
3.65814208984375
3.6978759765625
3.61627197265625
3.7548828125
3.41253662109375
3.62420654296875
3.988525390625
3.5726318359375
3.5777587890625
3.42193603515625
3.7442626953125
3.6121826171875
3.6669921875
3.4105224609375
3.78753662109375
3.6785888671875
3.818359375
3.8446044921875
3.55438232421875
3.60107421875
3.7796630859375
3.9547119140625
3.57513427734375
3.513427734375
3.80419921875
3.72393798828125
3.78765869140625
3.5223388671875
3.9219970703125
3.8564453125
3.73968505859375
3.581298828125
3.71356201171875
3.6556396484375
3.66326904296875
3.5213623046875
3.84765625
3.5343017578125
3.8453369140625
3.71221923828125
3.72955322265625
3.67889404296875
3.6312255859375
3.81317138671875
3.56842041015625
3.66802978515625
3.56732177734375
3.77691650390625
3.71160888671875
3.62158203125
3.50927734375
3.53704833984375
3.72821044921875
3.72015380859375
3.63177490234375
3.7696533203125
3.64471435546875
3.65643310546875
3.56396484375
3.56475830078125
3.6876220703125
3.9576416015625
3.625
3.9114990234375
3.8426513671875
3.48388671875
3.91455078125
3.90887451171875
3.72998046875
3.5521240234375
3.62115478515625
3.81292724609375
3.8472900390625
3.7445068359375
3.6614990234375
3.3428955078125
3.6356201171875
3.723388671875
3.73828125
3.69671630859375
3.62689208984375
3.860595703125
3.605712890625
3.738037109375
3.786376953125
3.7720947265625
3.62677001953125
3.802490234375
3.8817138671875
3.857177734375
3.64337158203125
3.8453369140625
3.5198974609375
3.7176513671875
3.67822265625
3.85150146484375
3.57012939453125
3.7064208984375
3.7139892578125
3.69873046875
3.7470703125
3.53509521484375
3.7042236328125
3.8126220703125
3.6656494140625
3.80426025390625
3.85943603515625
3.63629150390625
3.64862060546875
3.84942626953125
3.9083251953125
3.87518310546875
3.79278564453125
3.82647705078125
3.66351318359375
3.8155517578125
3.8458251953125
3.5340576171875
3.6600341796875
3.69329833984375
3.8919677734375
3.46954345703125
3.76654052734375
3.70599365234375
3.837158203125
3.70159912109375
3.54718017578125
3.47674560546875
3.809326171875
3.66143798828125
3.97613525390625
3.78643798828125
3.54998779296875
3.60491943359375
3.9476318359375
3.62481689453125
4.01708984375
3.72637939453125
3.84271240234375
3.56060791015625
3.75897216796875
3.81719970703125
3.57550048828125
3.69854736328125
3.833740234375
3.56884765625
3.75421142578125
3.6583251953125
3.80255126953125
3.7052001953125
3.69891357421875
3.70361328125
3.562744140625
3.9764404296875
3.7999267578125
3.68621826171875
3.6553955078125
3.95172119140625
3.59521484375
3.80731201171875
3.46612548828125
3.6336669921875
3.60137939453125
3.7574462890625
3.620361328125
3.6322021484375
3.786865234375
3.73724365234375
3.5103759765625
3.709228515625
3.58477783203125
3.69073486328125
3.6168212890625
3.7655029296875
3.6832275390625
3.38006591796875
3.59063720703125
3.61993408203125
3.91864013671875
3.69775390625
3.5269775390625
3.65167236328125
3.84710693359375
3.74957275390625
3.62799072265625
3.73822021484375
3.66326904296875
3.72857666015625
3.87957763671875
3.4378662109375
3.9022216796875
3.6751708984375
3.7962646484375
3.49688720703125
3.9156494140625
3.8399658203125
3.94976806640625
3.781005859375
3.7083740234375
3.65875244140625
3.50836181640625
3.517822265625
3.7701416015625
3.62847900390625
3.6431884765625
3.66168212890625
3.6456298828125
4.00860595703125
3.70281982421875
3.74896240234375
4.03118896484375
3.7137451171875
3.86468505859375
3.6983642578125
3.48907470703125
3.75146484375
3.59149169921875
3.728759765625
3.872802734375
3.76983642578125
3.7320556640625
3.80810546875
3.86737060546875
3.6824951171875
3.81781005859375
3.8961181640625
3.7376708984375
3.54107666015625
3.5970458984375
3.5419921875
3.89312744140625
3.58489990234375
3.89239501953125
3.76031494140625
3.74468994140625
3.68341064453125
3.6842041015625
3.79449462890625
3.619140625
3.81109619140625
3.67706298828125
3.68255615234375
3.77923583984375
3.5372314453125
3.5491943359375
3.666015625
3.67230224609375
3.80743408203125
3.82281494140625
3.75665283203125
3.84136962890625
3.69989013671875
3.528076171875
3.7855224609375
3.6807861328125
3.7974853515625
3.70947265625
3.70513916015625
3.47998046875
3.47906494140625
3.5845947265625
3.61187744140625
3.7236328125
3.7327880859375
