2.00885009765625
2.00885009765625
2.00885009765625
2.00885009765625
2.23492431640625
2.41473388671875
2.2552490234375
2.32391357421875
2.34564208984375
2.390625
2.49346923828125
2.518798828125
2.43896484375
2.28375244140625
2.423583984375
2.21368408203125
2.25775146484375
2.48431396484375
2.2156982421875
2.10015869140625
2.45343017578125
2.2578125
2.32818603515625
2.180419921875
2.29107666015625
2.30413818359375
2.45562744140625
2.17724609375
2.3543701171875
2.566162109375
2.22247314453125
2.40167236328125
2.3173828125
2.34271240234375
2.22442626953125
2.16070556640625
2.42523193359375
2.12030029296875
2.232177734375
2.38946533203125
2.5062255859375
1.96746826171875
2.08837890625
2.601318359375
2.3236083984375
2.157470703125
2.457275390625
2.53619384765625
2.44805908203125
2.45562744140625
2.2020263671875
2.55975341796875
2.6475830078125
2.24957275390625
2.26300048828125
2.24969482421875
1.9407958984375
2.4681396484375
2.4176025390625
2.1837158203125
2.1324462890625
2.3240966796875
2.29656982421875
2.09832763671875
2.5179443359375
2.1485595703125
2.1234130859375
2.37701416015625
2.5096435546875
2.276123046875
2.4345703125
2.39813232421875
2.33123779296875
2.6600341796875
2.1634521484375
2.374267578125
2.5343017578125
1.952880859375
2.22784423828125
2.25830078125
2.1097412109375
2.4530029296875
2.1873779296875
2.195068359375
2.3548583984375
2.3819580078125
2.56292724609375
2.50396728515625
2.36376953125
2.193115234375
2.31573486328125
2.40020751953125
2.34747314453125
2.4129638671875
2.41046142578125
2.30450439453125
2.04266357421875
2.0672607421875
2.5003662109375
2.30194091796875
2.5865478515625
2.341796875
2.49139404296875
2.334228515625
2.45660400390625
2.2186279296875
2.4468994140625
2.61956787109375
2.4005126953125
2.42535400390625
2.42852783203125
2.35931396484375
2.39691162109375
2.1025390625
2.22705078125
2.46630859375
2.47039794921875
2.2523193359375
2.3912353515625
2.38287353515625
2.65582275390625
2.50189208984375
2.43701171875
2.44488525390625
2.2218017578125
2.3758544921875
2.55706787109375
2.0667724609375
2.29168701171875
2.33013916015625
2.3250732421875
2.34820556640625
2.332275390625
2.37091064453125
2.444091796875
2.372802734375
2.47235107421875
2.50799560546875
2.4161376953125
2.4281005859375
2.1038818359375
2.39935302734375
2.40386962890625
2.5660400390625
1.99188232421875
2.4759521484375
2.29180908203125
2.3646240234375
2.400634765625
2.10003662109375
2.31268310546875
2.69189453125
2.087158203125
2.2603759765625
2.37847900390625
2.14556884765625
2.3026123046875
2.29522705078125
2.557373046875
2.6177978515625
2.30224609375
2.17510986328125
2.10931396484375
2.50531005859375
2.20037841796875
2.55218505859375
2.3370361328125
2.40875244140625
2.0623779296875
2.15594482421875
2.58758544921875
2.03472900390625
2.33880615234375
1.85968017578125
2.4136962890625
2.468017578125
2.35498046875
2.40155029296875
2.41107177734375
2.31231689453125
2.6903076171875
2.0711669921875
2.2623291015625
2.61865234375
2.37188720703125
2.2686767578125
2.1927490234375
2.28643798828125
2.25946044921875
2.277099609375
2.70220947265625
2.34368896484375
2.53961181640625
2.4617919921875
2.48077392578125
2.2606201171875
2.44671630859375
2.37353515625
2.3365478515625
2.099853515625
2.31500244140625
2.40350341796875
2.32073974609375
2.41864013671875
2.25762939453125
2.4127197265625
2.41180419921875
2.000244140625
2.292236328125
2.152587890625
2.40618896484375
2.47039794921875
2.1951904296875
2.2503662109375
2.3638916015625
2.3834228515625
2.17755126953125
2.45672607421875
2.327392578125
1.99468994140625
2.36370849609375
2.477783203125
2.4249267578125
2.26531982421875
2.3843994140625
2.41290283203125
2.0833740234375
2.5626220703125
2.249755859375
2.2208251953125
2.63653564453125
2.54205322265625
2.49102783203125
2.2469482421875
2.2740478515625
2.3394775390625
2.39208984375
2.529296875
2.42462158203125
2.08245849609375
2.38299560546875
2.30859375
2.252685546875
2.3878173828125
2.27545166015625
2.14544677734375
2.048095703125
2.53924560546875
2.27001953125
2.08026123046875
2.43505859375
2.35723876953125
2.11260986328125
2.1334228515625
2.200439453125
2.2032470703125
2.6297607421875
2.40777587890625
2.63116455078125
2.40704345703125
2.57940673828125
2.09991455078125
2.08056640625
2.616943359375
2.1729736328125
2.480224609375
2.2579345703125
2.55584716796875
2.42803955078125
2.31829833984375
2.5279541015625
2.3126220703125
2.68084716796875
2.222412109375
2.534423828125
2.6947021484375
2.52288818359375
2.2769775390625
2.5045166015625
2.41253662109375
2.37744140625
2.37591552734375
2.467041015625
2.56036376953125
2.360107421875
2.27032470703125
2.248046875
2.1719970703125
2.55523681640625
2.1195068359375
2.3741455078125
2.36700439453125
1.99822998046875
2.43414306640625
2.3095703125
2.456298828125
2.34796142578125
2.291259765625
2.29644775390625
2.09271240234375
2.28961181640625
2.4451904296875
2.225341796875
2.05084228515625
2.275390625
2.65509033203125
2.32916259765625
2.4290771484375
2.23358154296875
2.33544921875
2.143798828125
2.18646240234375
2.440673828125
2.52032470703125
2.2142333984375
2.3602294921875
2.3739013671875
2.4776611328125
2.471435546875
2.41455078125
2.2606201171875
2.1685791015625
2.22979736328125
2.31585693359375
2.27691650390625
2.47857666015625
2.69635009765625
2.42327880859375
2.59991455078125
2.42681884765625
2.50933837890625
2.41949462890625
2.3709716796875
2.27557373046875
2.53021240234375
2.30712890625
2.3843994140625
2.351318359375
2.48675537109375
2.34271240234375
2.2208251953125
2.54241943359375
2.62738037109375
2.52313232421875
2.234375
2.48309326171875
2.48828125
2.5443115234375
2.22735595703125
2.27362060546875
2.0574951171875
2.30419921875
2.455322265625
2.43902587890625
2.22979736328125
2.358642578125
2.29205322265625
2.43121337890625
2.118408203125
2.551513671875
2.23944091796875
2.21673583984375
2.40142822265625
2.17474365234375
2.176513671875
2.60321044921875
2.3118896484375
2.4302978515625
2.20269775390625
2.3038330078125
2.327880859375
2.52386474609375
2.5283203125
2.48828125
2.191162109375
2.482177734375
2.24481201171875
2.55352783203125
2.2613525390625
2.097900390625
2.400390625
2.4471435546875
2.11431884765625
2.1337890625
2.49359130859375
2.17529296875
2.34063720703125
2.5047607421875
2.5162353515625
2.4361572265625
2.41253662109375
2.1085205078125
2.41363525390625
2.25341796875
2.3494873046875
2.28216552734375
2.32269287109375
2.4814453125
2.6561279296875
2.42333984375
2.32757568359375
2.56451416015625
2.5550537109375
2.14471435546875
2.07073974609375
2.3795166015625
2.489013671875
2.31396484375
2.36871337890625
2.4315185546875
2.17144775390625
2.36944580078125
2.1927490234375
2.06329345703125
2.5010986328125
2.5340576171875
2.25213623046875
2.39715576171875
2.2373046875
2.4769287109375
2.2857666015625
2.22064208984375
2.2958984375
2.5064697265625
2.4561767578125
2.66656494140625
2.13433837890625
2.44189453125
2.26220703125
2.2362060546875
2.26751708984375
2.44134521484375
2.34100341796875
2.5216064453125
2.7100830078125
2.11859130859375
2.241455078125
2.29156494140625
2.611572265625
2.098388671875
2.45269775390625
2.1607666015625
2.22125244140625
2.4132080078125
2.425537109375
2.18670654296875
2.41522216796875
2.34490966796875
2.28564453125
2.09619140625
2.635986328125
2.207275390625
2.3299560546875
2.26629638671875
2.26141357421875
2.24114990234375
2.35992431640625
2.42266845703125
2.25811767578125
2.2645263671875
2.496337890625
2.2554931640625
2.48760986328125
2.31158447265625
2.3023681640625
2.14495849609375
2.33154296875
2.1903076171875
2.236328125
2.31072998046875
2.16900634765625
2.309326171875
2.54803466796875
2.26708984375
2.61279296875
2.34375
2.5457763671875
2.25299072265625
2.21588134765625
2.1693115234375
2.30889892578125
2.0904541015625
2.2088623046875
2.50299072265625
2.53839111328125
2.437744140625
2.1951904296875
2.4974365234375
2.08349609375
2.18389892578125
2.27630615234375
2.361083984375
2.53948974609375
2.0970458984375
2.39471435546875
2.43414306640625
2.067138671875
2.08135986328125
2.28753662109375
2.34832763671875
2.3673095703125
2.4932861328125
2.34442138671875
2.47161865234375
2.57757568359375
2.35809326171875
2.10174560546875
2.38153076171875
2.13006591796875
2.44097900390625
2.27191162109375
2.3988037109375
2.16241455078125
2.3690185546875
2.15655517578125
2.5887451171875
1.911865234375
2.377685546875
2.379638671875
2.42987060546875
2.49578857421875
2.64337158203125
2.45770263671875
2.17236328125
2.51934814453125
2.5662841796875
2.40411376953125
2.1978759765625
2.30438232421875
2.327392578125
2.1263427734375
2.26483154296875
2.3204345703125
2.4161376953125
2.21063232421875
2.2593994140625
2.348388671875
2.3917236328125
2.24365234375
2.32965087890625
2.20458984375
2.47601318359375
2.198974609375
2.27386474609375
2.365478515625
2.35113525390625
2.22283935546875
2.13238525390625
2.2073974609375
2.1947021484375
2.20654296875
2.6510009765625
2.3128662109375
2.3388671875
2.47747802734375
2.4930419921875
2.1273193359375
2.4664306640625
2.427978515625
2.0732421875
2.38519287109375
2.1214599609375
2.1943359375
2.470703125
2.33349609375
2.20037841796875
2.13397216796875
2.21051025390625
2.13897705078125
2.64263916015625
2.37347412109375
2.32470703125
2.3834228515625
2.507568359375
2.38665771484375
2.341552734375
2.49072265625
2.3179931640625
2.43798828125
2.33251953125
2.19476318359375
2.44720458984375
2.55535888671875
2.00872802734375
2.45526123046875
2.49774169921875
2.4437255859375
2.187744140625
2.4901123046875
2.1322021484375
2.47027587890625
2.45513916015625
2.327392578125
2.294189453125
2.20220947265625
2.18994140625
2.472412109375
2.29541015625
1.944580078125
2.341796875
2.4267578125
2.35650634765625
2.34747314453125
2.341064453125
2.42645263671875
2.3309326171875
2.620361328125
2.21160888671875
2.46978759765625
2.302978515625
2.2938232421875
2.32586669921875
2.17156982421875
2.2490234375
2.22381591796875
2.39013671875
2.37628173828125
2.3065185546875
2.56304931640625
2.27532958984375
2.1346435546875
2.383544921875
2.2498779296875
2.09210205078125
2.1318359375
2.632080078125
1.9578857421875
2.35980224609375
2.4599609375
2.49053955078125
2.3515625
2.50537109375
2.17864990234375
2.20977783203125
2.34869384765625
2.11920166015625
2.23748779296875
2.38720703125
2.46478271484375
2.31488037109375
2.51373291015625
2.40533447265625
2.44732666015625
2.38726806640625
2.29443359375
2.41070556640625
2.46856689453125
2.2802734375
2.16632080078125
2.26507568359375
2.25970458984375
2.405029296875
2.43798828125
2.4351806640625
2.20733642578125
2.0537109375
2.35382080078125
2.14129638671875
2.49310302734375
2.0665283203125
2.486328125
2.147705078125
2.43231201171875
2.428466796875
2.323974609375
2.3785400390625
2.477783203125
2.13348388671875
2.16748046875
2.0780029296875
1.96759033203125
2.28826904296875
2.24249267578125
2.49652099609375
2.34991455078125
2.55078125
2.3017578125
2.23541259765625
2.23046875
2.3321533203125
2.6173095703125
2.4278564453125
2.41619873046875
2.2974853515625
2.4207763671875
2.1763916015625
2.2969970703125
2.27789306640625
2.2891845703125
2.423095703125
2.4053955078125
2.5567626953125
2.5361328125
2.66009521484375
2.56817626953125
2.25091552734375
2.4395751953125
2.32269287109375
2.3450927734375
2.474853515625
2.2510986328125
2.3731689453125
1.8719482421875
2.4801025390625
2.38885498046875
2.18048095703125
2.47589111328125
2.3681640625
2.01141357421875
2.28497314453125
2.552001953125
2.4473876953125
2.3065185546875
2.13897705078125
2.2808837890625
2.3798828125
2.26513671875
2.18231201171875
2.43255615234375
2.3514404296875
2.1287841796875
2.31787109375
1.957275390625
2.0474853515625
2.37115478515625
2.53070068359375
2.4549560546875
2.23004150390625
2.35211181640625
2.05047607421875
2.18902587890625
2.13165283203125
2.26910400390625
2.35302734375
2.07916259765625
2.2694091796875
2.18133544921875
2.31011962890625
2.2139892578125
2.19970703125
2.19189453125
2.1329345703125
2.3302001953125
2.122802734375
2.26220703125
2.44940185546875
2.3284912109375
2.17828369140625
2.51007080078125
2.4757080078125
2.51129150390625
2.3409423828125
2.38458251953125
2.11834716796875
2.40087890625
2.460693359375
2.28521728515625
2.507080078125
2.46435546875
2.1571044921875
2.42730712890625
2.49658203125
2.14739990234375
2.29766845703125
2.40838623046875
2.20703125
2.2684326171875
2.31396484375
2.1214599609375
2.32989501953125
2.23211669921875
2.3662109375
2.243408203125
2.34759521484375
2.51947021484375
2.48712158203125
2.289306640625
2.14910888671875
2.5042724609375
2.390625
2.4276123046875
2.34674072265625
2.60009765625
2.1488037109375
2.64837646484375
2.4013671875
2.3680419921875
2.18505859375
2.555419921875
2.36309814453125
2.28106689453125
2.20025634765625
2.388916015625
2.479736328125
2.15283203125
2.278564453125
2.43450927734375
2.3980712890625
2.2960205078125
2.19390869140625
2.35382080078125
2.36248779296875
2.36798095703125
2.5745849609375
2.4500732421875
2.19329833984375
2.4144287109375
2.33154296875
2.529296875
2.1549072265625
2.52581787109375
2.57928466796875
2.08331298828125
2.449951171875
2.247314453125
2.228759765625
2.2938232421875
2.21832275390625
2.36871337890625
2.397216796875
2.2088623046875
2.658203125
2.27581787109375
2.41815185546875
2.306884765625
2.305908203125
2.21221923828125
1.96673583984375
2.20086669921875
2.32452392578125
2.534912109375
2.300537109375
2.2015380859375
2.3604736328125
2.3077392578125
2.2532958984375
2.11346435546875
2.542236328125
2.366455078125
2.35498046875
2.306884765625
2.10992431640625
2.23797607421875
2.45513916015625
2.30755615234375
1.94140625
2.38336181640625
2.283203125
2.17510986328125
2.5374755859375
2.38671875
2.32061767578125
2.4791259765625
2.2545166015625
2.29150390625
2.44696044921875
2.31671142578125
2.128173828125
2.24603271484375
2.3204345703125
2.4091796875
2.08062744140625
2.0709228515625
2.4197998046875
2.3717041015625
2.52496337890625
2.16302490234375
2.4136962890625
2.3450927734375
2.20660400390625
2.24774169921875
2.2054443359375
2.318359375
2.40325927734375
2.294921875
2.45458984375
1.873291015625
2.40777587890625
2.429931640625
2.62109375
2.41546630859375
2.10528564453125
2.01361083984375
2.048583984375
2.42022705078125
2.4512939453125
2.30230712890625
2.46844482421875
2.24072265625
2.01324462890625
2.434326171875
2.28033447265625
2.33062744140625
2.61883544921875
2.3121337890625
2.14398193359375
2.338623046875
2.410888671875
2.2186279296875
2.45611572265625
2.3570556640625
2.4061279296875
2.306396484375
2.3092041015625
2.54522705078125
2.2470703125
2.59674072265625
2.44635009765625
2.359375
2.26190185546875
2.45465087890625
2.4669189453125
2.40679931640625
2.40234375
2.45147705078125
2.40826416015625
2.45361328125
2.4056396484375
2.41607666015625
2.529296875
