2.29461669921875
2.29461669921875
2.29461669921875
2.29461669921875
2.29461669921875
2.29461669921875
2.29461669921875
2.29461669921875
2.29461669921875
2.42547607421875
2.472412109375
2.71600341796875
2.46728515625
2.5445556640625
2.63568115234375
2.69635009765625
2.59735107421875
2.4688720703125
2.37811279296875
2.6593017578125
2.6207275390625
2.6605224609375
2.4765625
2.4276123046875
2.55523681640625
2.6529541015625
2.57391357421875
2.33392333984375
2.66595458984375
2.6019287109375
2.5816650390625
2.96221923828125
2.61083984375
2.4617919921875
2.7421875
2.64215087890625
2.36724853515625
2.87188720703125
2.50054931640625
2.52117919921875
2.32171630859375
2.48541259765625
2.2938232421875
2.46453857421875
2.420166015625
2.54315185546875
2.46258544921875
2.693603515625
2.4906005859375
2.6566162109375
2.63720703125
2.50634765625
2.49224853515625
2.814453125
2.69122314453125
2.48443603515625
2.7978515625
2.680419921875
2.4993896484375
2.42645263671875
2.666748046875
2.54095458984375
2.65887451171875
2.6898193359375
2.82977294921875
2.6043701171875
2.72955322265625
2.55816650390625
2.895263671875
2.60662841796875
2.518310546875
2.43768310546875
2.7156982421875
2.366455078125
2.5062255859375
2.5360107421875
2.270751953125
2.18621826171875
2.64874267578125
2.58648681640625
2.369873046875
2.83807373046875
2.47186279296875
2.64239501953125
2.30511474609375
2.56817626953125
2.5057373046875
2.600341796875
2.49298095703125
2.52301025390625
2.66790771484375
2.74676513671875
2.38238525390625
2.82525634765625
2.5888671875
2.38311767578125
2.4212646484375
2.76239013671875
2.58526611328125
2.81854248046875
2.703125
2.4749755859375
2.7093505859375
2.6265869140625
2.53009033203125
2.31915283203125
2.57373046875
2.66656494140625
2.45513916015625
2.49456787109375
2.56787109375
2.760986328125
2.63623046875
2.6041259765625
2.53363037109375
2.656982421875
2.2296142578125
2.51519775390625
2.7354736328125
2.746337890625
2.43511962890625
2.568115234375
2.58978271484375
2.82879638671875
2.72247314453125
2.4632568359375
2.51025390625
2.60894775390625
2.410400390625
2.6978759765625
2.74444580078125
2.73577880859375
2.5211181640625
2.47900390625
2.638427734375
2.79925537109375
2.8187255859375
2.4322509765625
2.44915771484375
2.51641845703125
2.75628662109375
2.78704833984375
2.7652587890625
2.43634033203125
2.5810546875
2.8521728515625
2.36187744140625
2.86767578125
2.73681640625
2.5081787109375
2.59674072265625
2.7205810546875
2.44097900390625
2.37896728515625
2.62286376953125
2.64398193359375
2.50848388671875
2.4185791015625
2.54473876953125
2.5252685546875
2.499267578125
2.6181640625
2.74468994140625
2.5665283203125
2.66864013671875
2.70159912109375
2.7008056640625
2.70172119140625
2.27734375
2.4578857421875
3.00054931640625
2.6263427734375
2.41204833984375
2.38116455078125
2.67449951171875
2.79620361328125
2.698974609375
2.7275390625
2.66607666015625
2.49810791015625
2.6749267578125
2.7174072265625
2.9000244140625
2.33990478515625
2.9034423828125
2.481201171875
2.518798828125
2.4932861328125
2.71270751953125
2.473388671875
2.71051025390625
2.57757568359375
2.66827392578125
2.36785888671875
2.705810546875
2.647705078125
2.59002685546875
2.4921875
2.89642333984375
2.5638427734375
2.50103759765625
2.356689453125
2.5750732421875
2.389892578125
2.41180419921875
2.74334716796875
2.49749755859375
2.41552734375
2.82220458984375
2.7003173828125
2.707275390625
2.74395751953125
2.49749755859375
2.7138671875
2.5001220703125
2.59149169921875
2.280517578125
2.6954345703125
2.552734375
2.61376953125
2.62664794921875
2.65057373046875
2.6956787109375
2.6361083984375
2.56793212890625
2.3631591796875
2.653076171875
2.609619140625
2.631103515625
2.613037109375
2.8009033203125
2.59112548828125
2.4097900390625
2.5482177734375
2.72503662109375
2.45025634765625
2.57025146484375
2.481201171875
2.7479248046875
2.8294677734375
2.75897216796875
2.1817626953125
2.2496337890625
2.3292236328125
2.49029541015625
2.768310546875
2.60491943359375
2.765625
2.3594970703125
2.37548828125
2.62359619140625
2.85308837890625
2.6346435546875
2.8419189453125
2.4061279296875
2.67962646484375
2.6680908203125
2.70355224609375
2.74151611328125
2.53271484375
2.53558349609375
2.91436767578125
2.73187255859375
2.77960205078125
2.44744873046875
2.442138671875
2.31488037109375
2.7196044921875
2.45556640625
2.686279296875
2.72723388671875
2.6070556640625
2.575439453125
2.7315673828125
2.595703125
2.34521484375
2.3306884765625
2.45703125
2.531982421875
2.63507080078125
2.62164306640625
2.62750244140625
2.71661376953125
2.652099609375
2.43341064453125
2.52374267578125
2.79541015625
2.6331787109375
2.48602294921875
2.54541015625
2.5089111328125
2.696044921875
2.3443603515625
2.45416259765625
2.70123291015625
2.61175537109375
2.51678466796875
2.41387939453125
2.6868896484375
2.739013671875
2.46820068359375
2.73046875
2.6534423828125
2.6419677734375
2.5264892578125
2.45111083984375
2.56732177734375
2.7633056640625
2.6842041015625
2.6719970703125
2.8067626953125
2.60247802734375
2.58123779296875
2.72515869140625
2.68658447265625
2.6727294921875
2.55902099609375
2.72705078125
2.36456298828125
2.71142578125
2.66619873046875
2.563720703125
2.56231689453125
2.5770263671875
2.68658447265625
2.431884765625
2.39605712890625
2.5804443359375
2.5965576171875
2.48822021484375
2.50048828125
2.59100341796875
2.67803955078125
2.8795166015625
2.593994140625
2.71746826171875
2.7218017578125
2.52923583984375
2.47125244140625
2.30438232421875
2.35870361328125
2.68603515625
2.534912109375
2.61541748046875
2.65118408203125
2.67645263671875
2.62066650390625
2.71063232421875
2.5985107421875
2.63818359375
2.6552734375
2.64569091796875
2.4371337890625
2.63702392578125
2.6708984375
2.6763916015625
2.59759521484375
2.39166259765625
2.60858154296875
2.4732666015625
2.57269287109375
2.8837890625
2.239013671875
2.45355224609375
2.401123046875
2.5911865234375
2.53448486328125
2.49859619140625
2.69415283203125
2.499755859375
2.64093017578125
2.32330322265625
2.5230712890625
2.8277587890625
2.53070068359375
2.43560791015625
2.5921630859375
2.639404296875
2.39501953125
2.630859375
2.47332763671875
2.48907470703125
2.36407470703125
2.2725830078125
2.8043212890625
2.36932373046875
2.53826904296875
2.64862060546875
2.5335693359375
2.80810546875
2.61737060546875
2.7677001953125
2.34619140625
2.493408203125
2.68060302734375
2.64892578125
2.4034423828125
2.35772705078125
2.7423095703125
2.5374755859375
2.44573974609375
2.42547607421875
2.584716796875
2.4583740234375
2.39361572265625
2.5115966796875
2.57464599609375
2.35211181640625
2.377685546875
2.31195068359375
2.6104736328125
2.31695556640625
2.72503662109375
2.6512451171875
2.83404541015625
2.48333740234375
2.56982421875
2.42279052734375
2.8123779296875
2.29840087890625
2.60369873046875
2.5841064453125
2.302001953125
2.4730224609375
2.4383544921875
2.7587890625
2.6673583984375
2.4766845703125
2.65838623046875
2.3865966796875
2.9539794921875
2.6248779296875
2.70721435546875
2.5721435546875
2.53497314453125
2.734375
2.35498046875
2.7677001953125
2.60089111328125
2.59716796875
2.74920654296875
2.34832763671875
2.6961669921875
2.59832763671875
2.7396240234375
2.49932861328125
2.346435546875
2.52130126953125
2.4893798828125
2.76043701171875
2.5623779296875
2.8680419921875
2.7255859375
2.7882080078125
2.5419921875
2.58721923828125
2.63787841796875
2.55816650390625
2.51080322265625
2.922607421875
2.584716796875
2.69287109375
2.8966064453125
2.28912353515625
2.42205810546875
2.25732421875
2.68206787109375
2.46136474609375
2.65216064453125
2.73638916015625
2.6416015625
2.4833984375
2.80010986328125
2.7237548828125
2.751220703125
2.47265625
2.95074462890625
2.5638427734375
2.5050048828125
2.590087890625
2.6075439453125
2.70025634765625
2.5491943359375
2.54449462890625
2.59173583984375
2.43792724609375
2.45123291015625
2.53656005859375
2.4976806640625
2.87371826171875
2.55499267578125
2.4971923828125
2.65240478515625
2.77972412109375
2.66656494140625
2.60986328125
2.54632568359375
2.239501953125
2.4351806640625
2.7032470703125
2.7386474609375
2.57928466796875
2.25531005859375
2.71661376953125
2.560302734375
2.60076904296875
2.7689208984375
2.32733154296875
2.404296875
2.60858154296875
2.5084228515625
2.6070556640625
2.61407470703125
2.63238525390625
2.71759033203125
2.7027587890625
2.4002685546875
2.39715576171875
2.267333984375
2.5506591796875
2.3702392578125
2.56683349609375
2.55059814453125
2.72723388671875
2.49835205078125
2.720947265625
2.78533935546875
2.35211181640625
2.4525146484375
2.77825927734375
2.82763671875
2.587158203125
2.512451171875
2.6551513671875
2.7171630859375
2.61541748046875
2.37164306640625
2.58154296875
2.4580078125
2.55047607421875
2.8055419921875
2.3192138671875
2.40863037109375
2.5595703125
2.61065673828125
2.66650390625
2.40960693359375
2.4749755859375
2.84808349609375
2.540283203125
2.65032958984375
2.88134765625
2.455322265625
2.58612060546875
2.46881103515625
2.651611328125
2.70941162109375
2.47247314453125
2.590087890625
2.78179931640625
2.40057373046875
2.835693359375
2.5699462890625
2.68548583984375
2.68951416015625
2.67889404296875
2.36834716796875
2.47564697265625
2.330322265625
2.28277587890625
2.80267333984375
2.5721435546875
2.35150146484375
2.43255615234375
2.624267578125
2.66595458984375
2.7503662109375
2.543212890625
2.57659912109375
2.51873779296875
2.52862548828125
2.670166015625
2.38580322265625
2.890869140625
2.8060302734375
2.79132080078125
2.8853759765625
2.52813720703125
2.70672607421875
2.56976318359375
2.81817626953125
2.64654541015625
2.3265380859375
2.7235107421875
2.54443359375
2.81903076171875
2.5611572265625
2.6143798828125
2.59539794921875
2.5865478515625
2.39532470703125
2.77801513671875
2.387451171875
2.3470458984375
2.5242919921875
2.83563232421875
2.44268798828125
2.45770263671875
2.4332275390625
2.4195556640625
2.77374267578125
2.33734130859375
2.68939208984375
2.4652099609375
2.498291015625
2.57794189453125
2.69854736328125
2.6231689453125
2.63409423828125
2.9354248046875
2.79364013671875
2.50042724609375
3.0316162109375
2.53704833984375
2.357666015625
2.57110595703125
2.4437255859375
2.30291748046875
2.54376220703125
2.62109375
2.86199951171875
2.4837646484375
2.69586181640625
2.70916748046875
2.44384765625
2.4288330078125
2.5673828125
2.58575439453125
2.44647216796875
2.34075927734375
2.65985107421875
2.52740478515625
2.57177734375
2.5472412109375
2.6275634765625
2.60675048828125
2.8704833984375
2.67413330078125
2.41595458984375
2.55596923828125
2.471923828125
2.55322265625
2.70269775390625
2.57037353515625
2.56732177734375
2.7293701171875
2.73992919921875
2.40924072265625
2.60284423828125
2.4617919921875
2.94158935546875
2.88677978515625
2.5523681640625
2.36517333984375
2.7418212890625
2.36810302734375
2.4697265625
2.4273681640625
2.70697021484375
2.61199951171875
2.3551025390625
2.51806640625
2.79736328125
2.6015625
2.46038818359375
2.41400146484375
2.788330078125
2.335693359375
2.678466796875
2.58319091796875
2.680908203125
2.69000244140625
2.61944580078125
2.73455810546875
2.55291748046875
2.53106689453125
2.72991943359375
2.31219482421875
3.05615234375
2.4915771484375
2.722900390625
2.5887451171875
2.3909912109375
2.591552734375
2.19647216796875
2.766845703125
2.52044677734375
2.67578125
2.65777587890625
2.335693359375
2.59576416015625
2.59429931640625
2.572998046875
2.58697509765625
2.20416259765625
2.38519287109375
2.51617431640625
2.48504638671875
2.3460693359375
2.59576416015625
2.65582275390625
2.56005859375
2.0430908203125
2.77093505859375
2.385498046875
2.35284423828125
2.68682861328125
2.54022216796875
2.91290283203125
2.66168212890625
2.7972412109375
2.66943359375
2.3721923828125
2.6572265625
2.48681640625
2.59002685546875
2.8681640625
2.59326171875
2.47479248046875
2.5406494140625
2.37493896484375
2.514892578125
2.658935546875
2.48822021484375
2.48406982421875
2.29962158203125
2.9183349609375
2.660400390625
2.58685302734375
2.74224853515625
2.76275634765625
2.7698974609375
2.53411865234375
2.41326904296875
2.64715576171875
2.44927978515625
2.38812255859375
2.50726318359375
2.83148193359375
2.72393798828125
2.4412841796875
2.59649658203125
2.6927490234375
2.6119384765625
2.6353759765625
2.285888671875
2.58489990234375
2.65631103515625
2.514892578125
2.4229736328125
2.46148681640625
2.81494140625
2.69171142578125
2.872314453125
2.60638427734375
2.21197509765625
2.5499267578125
2.876708984375
2.5469970703125
2.66046142578125
2.50738525390625
2.3009033203125
2.615966796875
2.37139892578125
2.742431640625
2.67401123046875
2.6693115234375
2.40283203125
2.38238525390625
2.59613037109375
2.5269775390625
2.8746337890625
2.709716796875
2.41351318359375
2.48370361328125
2.5994873046875
2.5272216796875
2.7054443359375
2.81097412109375
2.28619384765625
2.4423828125
2.8050537109375
2.39678955078125
2.53167724609375
2.60296630859375
2.61077880859375
2.48583984375
2.48101806640625
2.59832763671875
2.59515380859375
2.6181640625
2.5020751953125
2.40704345703125
2.60577392578125
2.6329345703125
2.40692138671875
2.61669921875
2.3126220703125
2.57818603515625
2.37750244140625
2.75653076171875
2.8270263671875
2.3463134765625
2.6094970703125
2.4486083984375
2.5804443359375
2.5631103515625
2.7125244140625
2.85986328125
2.8004150390625
2.75775146484375
2.75030517578125
2.7542724609375
2.84454345703125
2.6983642578125
2.76776123046875
2.5291748046875
2.536865234375
2.48052978515625
2.48321533203125
2.5657958984375
2.31158447265625
2.6082763671875
2.58734130859375
2.5474853515625
2.6370849609375
2.51202392578125
2.2344970703125
2.696044921875
2.6259765625
2.3284912109375
2.66033935546875
2.69952392578125
2.54656982421875
2.34814453125
2.39727783203125
2.51849365234375
2.4835205078125
2.68475341796875
2.310302734375
2.780517578125
2.6275634765625
2.345947265625
2.68145751953125
2.6182861328125
2.60546875
2.5267333984375
2.322265625
2.28936767578125
2.6083984375
2.54119873046875
2.750732421875
2.70452880859375
2.61676025390625
2.50445556640625
2.71826171875
2.77569580078125
2.706787109375
2.55389404296875
2.71820068359375
2.74151611328125
2.42938232421875
2.8902587890625
2.64544677734375
2.63800048828125
2.3572998046875
2.35699462890625
2.5003662109375
2.59271240234375
2.49114990234375
2.47686767578125
2.36529541015625
2.288818359375
2.7667236328125
2.594482421875
2.576171875
2.57720947265625
2.7088623046875
2.673583984375
2.90203857421875
2.47088623046875
2.22119140625
2.3011474609375
2.30389404296875
2.64288330078125
2.3851318359375
2.6260986328125
2.57513427734375
2.5933837890625
2.78875732421875
3.010498046875
2.50592041015625
2.526611328125
2.27783203125
2.48638916015625
2.63128662109375
2.2066650390625
2.7520751953125
2.65936279296875
2.61431884765625
2.69952392578125
2.65625
2.44732666015625
2.67724609375
2.3409423828125
2.53460693359375
2.6873779296875
