2.36187744140625
2.36187744140625
2.36187744140625
2.36187744140625
2.36187744140625
2.3983154296875
2.496337890625
2.82684326171875
2.3336181640625
2.606201171875
2.38995361328125
2.597900390625
2.502197265625
2.50927734375
2.40509033203125
2.7901611328125
2.85601806640625
2.50299072265625
2.6629638671875
2.60870361328125
2.51690673828125
2.63470458984375
2.497314453125
2.7142333984375
2.42901611328125
2.77215576171875
2.8118896484375
2.62518310546875
2.58135986328125
2.53955078125
2.640625
2.7860107421875
2.70037841796875
2.70208740234375
2.65570068359375
2.47125244140625
2.603271484375
2.6549072265625
2.92840576171875
2.63287353515625
2.74664306640625
2.72491455078125
2.7607421875
2.63916015625
2.5859375
2.6983642578125
2.51910400390625
2.39288330078125
2.50640869140625
2.73388671875
2.88958740234375
2.97564697265625
2.5025634765625
2.75457763671875
2.45556640625
2.6304931640625
2.697265625
2.78118896484375
2.62725830078125
2.39593505859375
2.5140380859375
2.8372802734375
2.43853759765625
2.78680419921875
2.6480712890625
2.49566650390625
3.00738525390625
2.5399169921875
2.789794921875
2.2159423828125
2.4775390625
2.80078125
2.8067626953125
2.65911865234375
2.65753173828125
2.6373291015625
2.943603515625
2.48284912109375
2.5289306640625
2.93731689453125
2.320556640625
2.373779296875
2.6539306640625
2.48809814453125
2.8406982421875
2.5234375
2.6922607421875
2.6529541015625
2.5533447265625
2.460693359375
2.5968017578125
2.55999755859375
2.56488037109375
2.52178955078125
2.96142578125
2.9034423828125
2.38037109375
2.5330810546875
2.4771728515625
2.66705322265625
2.55792236328125
2.6251220703125
2.7777099609375
2.691162109375
2.80706787109375
2.80712890625
2.84234619140625
2.85577392578125
2.4957275390625
2.75762939453125
2.61572265625
2.5198974609375
2.68145751953125
2.79241943359375
2.7005615234375
2.62615966796875
2.48193359375
2.69598388671875
2.7418212890625
2.5992431640625
2.617431640625
2.3990478515625
2.75482177734375
2.6536865234375
2.8035888671875
2.77471923828125
2.764404296875
2.64324951171875
2.6365966796875
2.63250732421875
2.75482177734375
2.62432861328125
2.70947265625
2.69610595703125
2.6092529296875
2.69818115234375
2.4609375
2.75701904296875
2.7781982421875
2.77435302734375
2.58148193359375
2.510009765625
2.57373046875
2.76177978515625
2.7703857421875
2.68560791015625
2.75286865234375
2.7459716796875
2.7933349609375
2.69989013671875
2.82708740234375
2.79931640625
2.6246337890625
2.62530517578125
2.6435546875
2.77679443359375
2.25750732421875
2.64813232421875
2.63690185546875
2.76025390625
2.64764404296875
2.89239501953125
2.81719970703125
2.6529541015625
2.57623291015625
2.29803466796875
2.6143798828125
2.9395751953125
2.749755859375
2.63482666015625
2.58990478515625
2.52642822265625
2.757080078125
2.8951416015625
2.632568359375
2.661376953125
2.59246826171875
2.7239990234375
2.57403564453125
2.64910888671875
2.70068359375
2.52447509765625
2.638671875
2.5770263671875
2.5872802734375
2.7454833984375
2.6990966796875
2.4266357421875
2.68841552734375
2.38336181640625
2.5010986328125
2.68658447265625
2.6256103515625
2.4693603515625
2.88421630859375
2.524658203125
2.5897216796875
2.44952392578125
2.61358642578125
2.633056640625
2.67578125
2.36358642578125
2.8721923828125
2.9808349609375
2.7598876953125
2.682861328125
2.5576171875
2.7545166015625
2.83966064453125
2.752685546875
2.9095458984375
2.66912841796875
2.6307373046875
2.64697265625
2.653564453125
2.46807861328125
2.8709716796875
2.41595458984375
2.58526611328125
2.5216064453125
2.45257568359375
2.73516845703125
2.6776123046875
2.54107666015625
2.7977294921875
2.5230712890625
2.7275390625
2.736083984375
2.87646484375
2.326171875
2.5301513671875
2.6607666015625
2.705322265625
2.689208984375
2.886962890625
2.67779541015625
2.6314697265625
2.72760009765625
2.4742431640625
2.60479736328125
2.59161376953125
2.66485595703125
2.9510498046875
2.4791259765625
2.65777587890625
2.7669677734375
2.66864013671875
2.57952880859375
2.93426513671875
2.8701171875
2.7486572265625
2.88885498046875
2.337646484375
2.50323486328125
2.5811767578125
2.6702880859375
2.5364990234375
2.46185302734375
2.59466552734375
2.59033203125
2.77581787109375
2.655517578125
2.7237548828125
2.26513671875
2.53582763671875
2.73388671875
2.76806640625
2.80029296875
2.713623046875
2.81024169921875
2.17547607421875
2.7725830078125
2.50982666015625
2.5589599609375
2.62799072265625
2.772216796875
2.54071044921875
2.77166748046875
2.84625244140625
2.72039794921875
2.599609375
2.60382080078125
2.8741455078125
2.407470703125
2.71612548828125
2.51953125
2.6932373046875
2.57794189453125
2.96038818359375
2.62701416015625
2.56060791015625
2.8699951171875
2.59368896484375
2.57257080078125
2.56304931640625
2.5894775390625
2.8187255859375
2.72149658203125
2.30615234375
2.68865966796875
2.77496337890625
2.89349365234375
2.85589599609375
2.65374755859375
2.8763427734375
2.26031494140625
2.540283203125
2.8282470703125
2.7845458984375
2.73687744140625
2.53271484375
2.51385498046875
2.63201904296875
2.626708984375
2.6748046875
2.61834716796875
2.70208740234375
2.747314453125
2.6583251953125
2.760498046875
2.67572021484375
2.79974365234375
2.62689208984375
2.76617431640625
2.779052734375
2.46881103515625
2.78118896484375
2.27276611328125
2.95635986328125
2.47174072265625
2.7646484375
2.351806640625
2.55279541015625
2.66998291015625
2.825439453125
2.82177734375
2.550537109375
2.34197998046875
2.78814697265625
2.684814453125
2.63299560546875
2.7470703125
2.7403564453125
2.47454833984375
2.8182373046875
2.4971923828125
2.6392822265625
2.81622314453125
2.477294921875
2.5736083984375
2.83160400390625
2.814453125
2.61016845703125
2.9554443359375
2.3172607421875
2.70098876953125
2.6993408203125
2.689208984375
2.638427734375
2.53765869140625
2.55804443359375
2.79339599609375
2.631103515625
2.4556884765625
2.78424072265625
2.5076904296875
2.51971435546875
2.51385498046875
2.83233642578125
2.8363037109375
2.80438232421875
2.4765625
2.462646484375
2.69610595703125
2.545654296875
2.70135498046875
2.61700439453125
2.62353515625
2.444580078125
2.5557861328125
2.30291748046875
2.7020263671875
2.51416015625
2.76055908203125
2.81756591796875
2.8419189453125
2.78125
2.3265380859375
2.7630615234375
2.94024658203125
2.691162109375
2.7109375
2.63824462890625
2.3890380859375
2.78387451171875
2.71954345703125
2.70098876953125
2.4906005859375
2.66326904296875
2.47479248046875
2.81146240234375
2.76885986328125
2.63165283203125
2.75115966796875
2.4493408203125
2.60028076171875
2.75799560546875
2.79742431640625
2.91510009765625
2.54351806640625
2.42724609375
2.626953125
2.852783203125
2.87139892578125
2.58282470703125
2.65313720703125
2.622314453125
2.47357177734375
2.80548095703125
2.85638427734375
2.71044921875
2.93212890625
2.71673583984375
2.66925048828125
2.3643798828125
2.92376708984375
2.81414794921875
2.58447265625
2.63482666015625
2.54119873046875
2.60894775390625
2.5755615234375
2.716064453125
2.71905517578125
2.80377197265625
2.650634765625
2.50604248046875
2.55560302734375
2.66741943359375
2.85394287109375
2.6055908203125
2.2855224609375
2.4537353515625
2.76483154296875
2.772216796875
2.6865234375
2.5986328125
2.54937744140625
2.2325439453125
2.5460205078125
2.97894287109375
2.5882568359375
2.74169921875
2.69482421875
2.48309326171875
2.28656005859375
2.7947998046875
2.64324951171875
2.64678955078125
2.57373046875
2.573486328125
2.77587890625
2.64385986328125
2.71868896484375
2.57818603515625
2.64166259765625
2.7557373046875
2.77630615234375
2.49566650390625
2.197998046875
2.85821533203125
2.59625244140625
2.587646484375
2.759521484375
2.47174072265625
2.6336669921875
3.1229248046875
2.8858642578125
2.58953857421875
2.7841796875
2.66387939453125
2.47418212890625
2.64678955078125
2.8055419921875
2.78460693359375
2.51678466796875
2.58056640625
2.71807861328125
2.73773193359375
2.3994140625
3.01458740234375
2.78546142578125
2.7288818359375
2.4150390625
2.8568115234375
2.4254150390625
2.6668701171875
2.67694091796875
2.9083251953125
2.64569091796875
2.619384765625
2.59344482421875
2.92120361328125
2.86767578125
2.5257568359375
2.60198974609375
2.54345703125
2.68463134765625
2.76214599609375
2.9156494140625
2.604248046875
2.59381103515625
2.42742919921875
2.69207763671875
2.75634765625
2.62725830078125
2.81884765625
2.68597412109375
2.7628173828125
2.38092041015625
2.63067626953125
2.68212890625
2.6051025390625
3.075439453125
2.51031494140625
2.8167724609375
2.6876220703125
2.3486328125
2.608154296875
2.865234375
2.84759521484375
2.67169189453125
2.576904296875
2.82183837890625
2.48846435546875
2.53802490234375
2.61676025390625
2.55987548828125
2.4886474609375
2.65869140625
2.5140380859375
2.44140625
2.6671142578125
2.43890380859375
2.52197265625
2.92205810546875
2.625244140625
2.69073486328125
2.81683349609375
2.83673095703125
2.57135009765625
2.498046875
2.64697265625
2.78082275390625
2.97015380859375
2.82550048828125
2.6075439453125
2.58123779296875
2.60675048828125
2.50811767578125
2.560546875
2.92559814453125
2.7637939453125
2.5771484375
2.48211669921875
2.74896240234375
2.5439453125
2.6510009765625
2.4425048828125
2.5772705078125
2.83294677734375
2.84698486328125
2.67864990234375
2.44781494140625
2.67034912109375
2.53887939453125
2.66802978515625
2.48974609375
2.66302490234375
2.65240478515625
2.45989990234375
2.4716796875
2.3896484375
2.38873291015625
2.53497314453125
2.436767578125
2.62994384765625
2.3265380859375
2.6019287109375
2.6685791015625
2.52874755859375
2.4625244140625
2.53814697265625
2.44903564453125
2.825927734375
2.60675048828125
2.8638916015625
2.52374267578125
2.66717529296875
2.912841796875
2.63568115234375
2.734130859375
2.65997314453125
2.67401123046875
2.8349609375
2.69635009765625
2.87750244140625
2.6181640625
2.673828125
2.6785888671875
2.53924560546875
2.4583740234375
2.64288330078125
2.68341064453125
2.53704833984375
2.46673583984375
2.80523681640625
2.70849609375
3.0123291015625
2.74993896484375
2.6103515625
2.71923828125
2.69293212890625
2.4705810546875
2.50592041015625
2.74273681640625
2.51849365234375
2.60797119140625
2.5679931640625
2.15240478515625
2.20611572265625
2.6815185546875
2.44696044921875
2.6309814453125
2.27655029296875
2.545166015625
2.45379638671875
2.45196533203125
2.5697021484375
2.63134765625
2.8077392578125
2.7095947265625
2.731201171875
2.5416259765625
2.77874755859375
2.74029541015625
2.6817626953125
2.75579833984375
2.4208984375
2.5257568359375
2.577880859375
2.92816162109375
2.77349853515625
2.84368896484375
2.4534912109375
2.7130126953125
2.98333740234375
2.68841552734375
2.46502685546875
2.89459228515625
2.7974853515625
2.723876953125
2.58172607421875
2.4913330078125
2.77392578125
2.72454833984375
2.5653076171875
2.75244140625
2.75341796875
2.60345458984375
2.73077392578125
2.62371826171875
2.5709228515625
2.72723388671875
3.009033203125
2.37237548828125
2.8753662109375
2.78851318359375
2.6053466796875
2.52191162109375
2.59320068359375
2.58099365234375
2.82049560546875
2.71490478515625
2.60687255859375
2.55865478515625
2.67962646484375
2.82623291015625
2.6806640625
2.48321533203125
2.94036865234375
2.86871337890625
2.60595703125
2.37774658203125
2.48956298828125
2.94659423828125
2.74749755859375
2.55523681640625
2.526123046875
2.25030517578125
2.61602783203125
2.973876953125
2.5091552734375
2.80914306640625
2.57977294921875
2.70086669921875
2.5457763671875
2.63848876953125
2.91583251953125
2.62518310546875
2.4876708984375
2.7884521484375
2.609619140625
2.83349609375
2.83282470703125
2.58453369140625
2.5511474609375
2.5323486328125
2.46282958984375
2.68572998046875
2.45086669921875
2.8992919921875
2.60113525390625
2.75823974609375
2.74261474609375
2.59649658203125
2.88739013671875
2.49896240234375
2.767578125
2.5941162109375
2.55230712890625
2.81915283203125
2.3011474609375
2.515380859375
2.7333984375
2.59881591796875
2.46832275390625
2.57928466796875
2.496826171875
2.98590087890625
2.635498046875
2.287841796875
2.67510986328125
2.8170166015625
2.6796875
2.62689208984375
2.580322265625
2.944091796875
2.93743896484375
2.53985595703125
2.7034912109375
2.389892578125
2.80560302734375
2.66705322265625
2.62835693359375
2.7532958984375
2.67144775390625
2.83441162109375
2.43682861328125
2.8123779296875
2.723388671875
2.659912109375
2.65057373046875
2.38128662109375
2.937744140625
2.3204345703125
2.45587158203125
2.4478759765625
2.8350830078125
2.57611083984375
2.82470703125
2.573974609375
2.57501220703125
2.623046875
2.7596435546875
2.6614990234375
2.8568115234375
2.4697265625
2.43280029296875
2.75360107421875
2.68408203125
2.63134765625
3.0379638671875
2.9501953125
2.5958251953125
2.79376220703125
2.74334716796875
2.73486328125
2.873046875
2.83367919921875
2.2801513671875
2.716552734375
2.860595703125
2.55908203125
2.76995849609375
2.52239990234375
2.550537109375
2.3792724609375
2.5947265625
2.77716064453125
2.53045654296875
2.42596435546875
2.60797119140625
2.59698486328125
2.6182861328125
2.2681884765625
2.365234375
2.71533203125
2.88519287109375
2.7366943359375
2.63702392578125
2.42584228515625
2.447509765625
2.83746337890625
2.5821533203125
2.49871826171875
2.50592041015625
2.66241455078125
2.607666015625
2.60284423828125
2.6800537109375
2.5511474609375
2.6446533203125
2.57928466796875
2.30682373046875
2.6044921875
2.707763671875
2.82489013671875
2.3336181640625
2.79541015625
2.79266357421875
2.724853515625
2.639404296875
2.85943603515625
2.7957763671875
2.593505859375
2.49407958984375
2.67218017578125
2.76239013671875
2.45452880859375
2.58343505859375
2.6243896484375
2.7713623046875
2.6495361328125
2.6334228515625
2.674072265625
2.7523193359375
2.7332763671875
2.62652587890625
2.8790283203125
2.57647705078125
2.67401123046875
2.983642578125
2.397216796875
2.42999267578125
2.45458984375
2.7431640625
2.59765625
2.53399658203125
2.78607177734375
2.58172607421875
2.85516357421875
2.6126708984375
2.71551513671875
2.6121826171875
2.67022705078125
2.53350830078125
2.3131103515625
2.65704345703125
2.69879150390625
2.6802978515625
2.642822265625
2.761962890625
2.46368408203125
2.5411376953125
2.49627685546875
2.79736328125
2.595703125
2.82568359375
2.65899658203125
2.40093994140625
2.57940673828125
2.6019287109375
2.80218505859375
2.75982666015625
2.84637451171875
2.58599853515625
2.577392578125
2.589111328125
2.47528076171875
2.6148681640625
2.74298095703125
2.72235107421875
2.59259033203125
2.82220458984375
2.5875244140625
2.56982421875
2.60577392578125
2.5797119140625
2.56640625
2.78936767578125
2.7933349609375
2.596435546875
2.51025390625
2.79022216796875
2.81451416015625
2.6912841796875
2.5513916015625
2.7073974609375
2.73040771484375
2.5467529296875
2.6981201171875
2.59210205078125
2.72650146484375
2.509765625
2.82861328125
2.46990966796875
2.3438720703125
2.57830810546875
2.554443359375
2.762939453125
2.80908203125
2.53955078125
2.48199462890625
2.68170166015625
2.97320556640625
2.6475830078125
2.7376708984375
2.69012451171875
2.60198974609375
2.65545654296875
2.77984619140625
2.70465087890625
2.89984130859375
2.573486328125
2.62261962890625
2.526123046875
2.398681640625
2.66839599609375
2.83984375
2.7408447265625
2.55859375
2.52789306640625
2.789794921875
2.70330810546875
2.62298583984375
2.69830322265625
2.58489990234375
2.4981689453125
3.0296630859375
2.707275390625
2.70166015625
2.521728515625
2.23785400390625
2.60443115234375
2.5479736328125
2.5921630859375
2.78558349609375
2.8453369140625
2.3839111328125
2.79412841796875
2.78411865234375
2.85894775390625
2.59637451171875
2.63604736328125
2.295654296875
2.81640625
2.662109375
2.65557861328125
2.5946044921875
2.605712890625
2.4892578125
2.53143310546875
2.5140380859375
2.86517333984375
2.54559326171875
2.72821044921875
2.57843017578125
2.30865478515625
2.47467041015625
2.72772216796875
2.82012939453125
