2.5614013671875
2.5614013671875
2.5614013671875
3.015380859375
2.77191162109375
3.09521484375
2.87799072265625
2.72296142578125
2.938720703125
2.8984375
3.15008544921875
2.91839599609375
2.8505859375
3.039306640625
2.89202880859375
3.18890380859375
3.27545166015625
2.4554443359375
2.99981689453125
2.86395263671875
2.7431640625
2.99346923828125
2.890380859375
3.09014892578125
2.8204345703125
2.90814208984375
2.6934814453125
3.02947998046875
3.0030517578125
2.70281982421875
2.70489501953125
2.6307373046875
2.97515869140625
2.54608154296875
2.7392578125
3.0147705078125
2.67596435546875
2.84912109375
2.699462890625
2.77777099609375
2.803955078125
2.9189453125
3.2364501953125
2.9375
2.573974609375
2.92626953125
2.84600830078125
2.47552490234375
2.66070556640625
2.46636962890625
2.6175537109375
2.78082275390625
2.9051513671875
3.06756591796875
2.8577880859375
2.84991455078125
2.60845947265625
2.75115966796875
2.95867919921875
2.88824462890625
2.7933349609375
2.54888916015625
2.84576416015625
2.70159912109375
2.99298095703125
3.055419921875
2.75848388671875
3.04949951171875
3.08447265625
2.81109619140625
2.8765869140625
2.8026123046875
2.872314453125
3.072021484375
2.68499755859375
2.75787353515625
2.7493896484375
2.99517822265625
2.608154296875
2.9322509765625
2.7752685546875
2.65966796875
2.75909423828125
2.82867431640625
2.8170166015625
3.0474853515625
3.11859130859375
2.75469970703125
2.73419189453125
2.576904296875
2.90576171875
2.86865234375
3.14422607421875
2.6292724609375
3.0423583984375
2.799560546875
2.68798828125
2.93572998046875
2.696533203125
2.89453125
2.93536376953125
2.85308837890625
2.7882080078125
2.95458984375
2.90423583984375
2.98724365234375
2.80426025390625
2.785888671875
3.03350830078125
2.83929443359375
2.60284423828125
2.76708984375
2.8184814453125
2.712646484375
2.8502197265625
2.82269287109375
2.6285400390625
2.72412109375
2.9306640625
2.800048828125
2.8262939453125
3.13720703125
2.818359375
2.86688232421875
2.66046142578125
2.78619384765625
2.91375732421875
2.8388671875
2.77471923828125
3.0628662109375
2.5323486328125
2.8287353515625
3.06622314453125
2.77178955078125
2.97381591796875
2.34637451171875
2.85308837890625
2.8604736328125
2.86004638671875
3.0465087890625
3.0419921875
2.86962890625
2.92852783203125
2.45306396484375
2.6978759765625
2.90716552734375
2.95526123046875
2.8629150390625
2.72613525390625
2.77923583984375
2.90704345703125
2.726318359375
2.6636962890625
2.90093994140625
2.71685791015625
2.86590576171875
2.8148193359375
2.78607177734375
2.76800537109375
2.9547119140625
3.0020751953125
2.72943115234375
2.7216796875
3.02337646484375
3.01312255859375
2.77325439453125
2.81842041015625
3.10662841796875
2.84259033203125
2.8994140625
2.7144775390625
2.83160400390625
2.79425048828125
2.94525146484375
3.052001953125
2.8214111328125
2.8623046875
2.732666015625
2.87603759765625
2.523193359375
2.801025390625
2.66680908203125
2.7469482421875
2.86944580078125
2.75
2.87921142578125
2.68951416015625
2.733642578125
2.75103759765625
2.75433349609375
2.6446533203125
2.852783203125
2.9105224609375
3.050048828125
2.9139404296875
2.75396728515625
3.0225830078125
2.884521484375
2.949462890625
2.5845947265625
2.69256591796875
3.0826416015625
2.61505126953125
2.90380859375
2.698486328125
2.68988037109375
2.77435302734375
3.07147216796875
2.74127197265625
2.93194580078125
3.0421142578125
2.4093017578125
3.02001953125
2.71405029296875
2.95733642578125
2.7239990234375
2.78607177734375
2.71905517578125
2.75244140625
2.41424560546875
2.757080078125
2.82550048828125
2.7435302734375
3.03924560546875
2.8316650390625
2.80718994140625
2.84759521484375
2.93304443359375
2.7513427734375
2.84637451171875
2.83709716796875
2.82080078125
2.77642822265625
2.8092041015625
2.8106689453125
2.70220947265625
2.78631591796875
2.93304443359375
2.858154296875
2.62249755859375
3.10089111328125
2.97906494140625
2.6845703125
2.9619140625
2.6033935546875
2.77349853515625
2.818359375
3.08062744140625
2.7772216796875
2.7811279296875
2.78375244140625
3.0111083984375
2.97216796875
2.85821533203125
2.791015625
2.81549072265625
3.0430908203125
2.70111083984375
3.05731201171875
2.8724365234375
3.01593017578125
2.68023681640625
2.97314453125
3.24615478515625
2.8302001953125
2.68939208984375
2.75439453125
2.6549072265625
2.47601318359375
2.78857421875
2.78167724609375
3.17193603515625
2.87396240234375
2.98101806640625
2.8223876953125
2.63702392578125
2.8614501953125
2.93084716796875
2.709228515625
3.0694580078125
2.95465087890625
2.6920166015625
2.8853759765625
2.778076171875
2.78887939453125
2.76409912109375
3.00848388671875
2.80255126953125
3.041748046875
2.907958984375
2.92608642578125
2.7755126953125
2.63714599609375
2.8768310546875
3.06060791015625
2.96466064453125
3.06524658203125
2.66192626953125
2.77703857421875
2.91021728515625
2.92791748046875
2.96014404296875
3.02197265625
2.58984375
2.92742919921875
2.87249755859375
2.84295654296875
3.07232666015625
2.76397705078125
2.7440185546875
2.7498779296875
2.70928955078125
2.92938232421875
2.87371826171875
3.06427001953125
2.71514892578125
2.76220703125
2.8275146484375
2.7628173828125
2.83935546875
2.7503662109375
2.91552734375
2.61322021484375
2.8984375
2.9403076171875
2.6278076171875
2.824462890625
2.6075439453125
3.07989501953125
2.95098876953125
2.75579833984375
2.78875732421875
2.87518310546875
2.5684814453125
2.882568359375
3.01531982421875
2.74249267578125
2.87957763671875
2.76751708984375
2.879150390625
2.87115478515625
2.98883056640625
2.814697265625
2.56964111328125
2.84344482421875
2.83856201171875
2.72454833984375
2.739990234375
2.83563232421875
2.87164306640625
3.01434326171875
2.92669677734375
2.63946533203125
2.95343017578125
2.6383056640625
2.8916015625
2.64324951171875
2.70263671875
2.80328369140625
2.79254150390625
2.95263671875
2.81060791015625
2.91192626953125
2.7515869140625
2.90838623046875
3.10443115234375
2.9798583984375
2.7410888671875
2.8004150390625
2.864013671875
2.8138427734375
2.5872802734375
2.850341796875
2.6834716796875
2.97955322265625
2.67608642578125
2.8577880859375
2.83416748046875
2.7705078125
2.8067626953125
2.75946044921875
2.933837890625
3.20330810546875
2.73828125
3.06719970703125
2.98748779296875
2.57476806640625
2.84283447265625
2.70916748046875
2.75872802734375
3.07037353515625
2.878173828125
2.7689208984375
2.47589111328125
2.76177978515625
2.828125
2.83819580078125
2.77978515625
2.59039306640625
2.72064208984375
2.70330810546875
2.79266357421875
2.87261962890625
2.7481689453125
2.64776611328125
2.67315673828125
2.778564453125
2.7037353515625
2.70587158203125
2.80718994140625
2.910400390625
2.6024169921875
2.5494384765625
2.8677978515625
2.8770751953125
2.857666015625
2.73565673828125
2.99542236328125
2.605712890625
2.9256591796875
2.69366455078125
2.94873046875
2.49700927734375
2.9410400390625
2.69952392578125
2.8814697265625
3.00372314453125
2.84735107421875
2.97894287109375
2.54339599609375
2.80413818359375
2.87200927734375
2.9761962890625
2.810302734375
2.946044921875
2.7728271484375
2.59466552734375
2.69293212890625
2.6346435546875
2.9801025390625
2.8502197265625
2.84185791015625
2.87744140625
2.638671875
2.71551513671875
2.91943359375
2.9312744140625
2.881591796875
2.97900390625
3.03753662109375
2.97039794921875
2.7440185546875
2.900634765625
2.862548828125
2.843994140625
2.8712158203125
2.937744140625
2.97802734375
2.773193359375
2.92779541015625
2.824951171875
2.88031005859375
2.8868408203125
2.9068603515625
2.89013671875
2.89215087890625
2.798828125
2.9014892578125
2.8531494140625
2.93682861328125
2.67291259765625
2.77215576171875
2.93743896484375
2.83056640625
2.57391357421875
2.78759765625
2.8736572265625
3.01318359375
2.72369384765625
2.69451904296875
2.8682861328125
3.0286865234375
2.89593505859375
3.08056640625
2.833740234375
2.96673583984375
2.59271240234375
2.84149169921875
2.7362060546875
2.5615234375
2.7847900390625
2.99169921875
2.81878662109375
2.53753662109375
2.83758544921875
2.82958984375
2.97369384765625
2.78680419921875
2.840087890625
2.920654296875
2.771484375
2.935546875
2.86297607421875
2.878662109375
2.8438720703125
2.8345947265625
2.726806640625
2.69866943359375
2.8343505859375
2.82647705078125
2.53857421875
2.93511962890625
2.9454345703125
2.75042724609375
2.78131103515625
2.90301513671875
2.75048828125
3.043212890625
2.7672119140625
2.9183349609375
2.70404052734375
2.8277587890625
2.854736328125
2.6572265625
2.72943115234375
2.78509521484375
2.681396484375
2.7635498046875
2.66949462890625
2.943603515625
3.02606201171875
2.791748046875
2.846923828125
2.77587890625
2.975830078125
3.0257568359375
2.77362060546875
2.8677978515625
2.30438232421875
2.73638916015625
2.8048095703125
2.60662841796875
2.9136962890625
2.9627685546875
2.989501953125
2.61859130859375
2.58770751953125
2.95794677734375
2.91888427734375
2.653564453125
2.70458984375
2.7982177734375
2.730224609375
2.64080810546875
2.93316650390625
2.71038818359375
2.56744384765625
3.029296875
2.86798095703125
2.87451171875
2.72210693359375
2.70892333984375
2.72259521484375
3.03125
2.6431884765625
2.9197998046875
2.83843994140625
3.0443115234375
2.6099853515625
2.69049072265625
2.865234375
2.89715576171875
2.6925048828125
3.16754150390625
3.0050048828125
2.51611328125
2.60736083984375
3.0643310546875
2.76959228515625
2.72930908203125
3.0699462890625
2.82037353515625
2.740234375
2.580810546875
2.83270263671875
2.7847900390625
3.15643310546875
2.87109375
2.71142578125
2.98968505859375
2.7783203125
2.9766845703125
3.02471923828125
3.08709716796875
3.07928466796875
2.786376953125
2.708251953125
2.7662353515625
2.76287841796875
2.68402099609375
2.71405029296875
2.716796875
2.9390869140625
2.8427734375
2.9398193359375
3.03076171875
2.6827392578125
2.8250732421875
2.6737060546875
2.883544921875
2.39617919921875
2.79559326171875
2.8623046875
2.626953125
3.15887451171875
3.11505126953125
2.97064208984375
3.00006103515625
2.53070068359375
2.91925048828125
2.899169921875
2.94390869140625
2.9775390625
3.03326416015625
2.77264404296875
2.9146728515625
2.81793212890625
2.46551513671875
2.71234130859375
2.64886474609375
2.9332275390625
2.876708984375
2.8734130859375
2.5782470703125
2.909423828125
2.50762939453125
2.68988037109375
2.6802978515625
2.88531494140625
2.78076171875
2.87274169921875
2.8487548828125
2.9449462890625
2.7266845703125
2.84124755859375
2.73516845703125
2.93115234375
2.87078857421875
2.93524169921875
2.93597412109375
2.7044677734375
2.79876708984375
2.9332275390625
2.9609375
2.9520263671875
2.9017333984375
2.98468017578125
3.0103759765625
2.882568359375
2.823974609375
2.8909912109375
2.67889404296875
2.80682373046875
3.01904296875
3.00762939453125
3.0726318359375
2.6690673828125
2.90447998046875
2.861572265625
2.92205810546875
3.047119140625
3.0618896484375
2.53997802734375
2.6563720703125
2.7259521484375
2.93878173828125
2.92620849609375
2.549072265625
2.86822509765625
2.5576171875
2.83465576171875
2.60546875
2.72930908203125
2.993896484375
3.1846923828125
2.691162109375
2.77239990234375
2.892578125
2.70623779296875
2.88494873046875
2.90704345703125
2.81195068359375
2.79461669921875
2.93072509765625
2.78021240234375
3.0162353515625
2.85516357421875
2.66595458984375
2.74859619140625
3.01983642578125
3.13336181640625
2.81280517578125
2.9324951171875
2.498291015625
2.97064208984375
2.69012451171875
3.04547119140625
2.90765380859375
2.7105712890625
3.28997802734375
2.8526611328125
2.73846435546875
2.808349609375
3.10211181640625
2.75115966796875
2.79241943359375
2.98486328125
2.77984619140625
2.907958984375
2.91473388671875
2.6796875
3.1373291015625
3.03582763671875
2.82342529296875
2.86572265625
2.7296142578125
2.46612548828125
2.869873046875
2.703857421875
2.886474609375
2.61175537109375
2.738037109375
2.89422607421875
2.71600341796875
2.70660400390625
2.88330078125
3.00177001953125
2.76446533203125
2.91754150390625
2.82061767578125
2.71087646484375
2.75299072265625
2.78857421875
2.9288330078125
3.07379150390625
2.93182373046875
3.121337890625
2.78851318359375
2.95330810546875
3.11468505859375
2.90716552734375
2.812744140625
2.87457275390625
2.76983642578125
2.94036865234375
2.87835693359375
2.81689453125
3.0340576171875
2.92578125
2.830078125
2.94989013671875
2.7783203125
3.05413818359375
2.837646484375
3.0980224609375
2.52197265625
2.9815673828125
2.64447021484375
2.72601318359375
3.07574462890625
2.68572998046875
2.776611328125
2.83673095703125
2.6954345703125
2.91571044921875
2.83685302734375
2.9041748046875
2.8935546875
2.76171875
3.08404541015625
2.56317138671875
2.9163818359375
2.91357421875
2.78106689453125
2.88897705078125
2.92041015625
3.059814453125
2.85614013671875
2.88177490234375
2.81207275390625
2.6136474609375
2.65142822265625
3.037109375
2.81573486328125
2.99029541015625
2.91546630859375
2.9046630859375
2.8309326171875
2.75946044921875
2.78558349609375
2.75146484375
3.01165771484375
2.4468994140625
2.93731689453125
2.822021484375
3.015625
3.11907958984375
2.79779052734375
2.80938720703125
2.958984375
2.88372802734375
2.7181396484375
2.9097900390625
3.07086181640625
2.73516845703125
2.82415771484375
2.88543701171875
2.74560546875
2.7371826171875
2.9447021484375
2.65655517578125
2.72369384765625
2.70123291015625
2.94940185546875
2.7906494140625
2.95916748046875
2.64801025390625
2.75177001953125
2.83782958984375
2.83892822265625
2.64794921875
2.97003173828125
2.72332763671875
2.94818115234375
2.71295166015625
3.01312255859375
2.655517578125
2.89776611328125
2.85772705078125
2.89019775390625
2.6414794921875
2.835205078125
2.810546875
2.73931884765625
3.03125
2.75006103515625
2.83258056640625
2.86376953125
3.04693603515625
2.91693115234375
2.8375244140625
2.89703369140625
2.90032958984375
3.254150390625
2.34979248046875
2.80218505859375
3.15576171875
2.94512939453125
2.8546142578125
2.8544921875
2.73638916015625
2.76739501953125
2.98516845703125
2.82470703125
2.8994140625
2.92572021484375
2.99981689453125
2.51812744140625
2.65606689453125
2.79901123046875
2.8638916015625
3.1959228515625
2.82110595703125
2.7833251953125
2.8182373046875
2.86163330078125
2.9498291015625
2.73126220703125
3.03277587890625
2.83062744140625
2.86590576171875
3.02764892578125
2.9801025390625
3.00830078125
2.94830322265625
2.635009765625
3.09857177734375
2.52557373046875
2.78472900390625
2.59820556640625
2.88134765625
2.71502685546875
2.8603515625
2.6395263671875
2.85296630859375
2.7529296875
2.84881591796875
2.940185546875
2.96173095703125
2.98626708984375
3.0489501953125
2.585205078125
2.89508056640625
2.94451904296875
2.8565673828125
3.047607421875
3.018310546875
2.99200439453125
2.51495361328125
2.8692626953125
2.95733642578125
2.74395751953125
2.603515625
3.05389404296875
2.63427734375
2.91241455078125
2.77996826171875
2.63623046875
2.82183837890625
