0.45074462890625
0.45074462890625
0.45074462890625
0.45074462890625
0.45074462890625
0.47308349609375
0.59161376953125
0.24884033203125
0.350830078125
0.447998046875
0.4912109375
0.263427734375
0.65374755859375
0.41064453125
0.46514892578125
0.41070556640625
0.51055908203125
0.48419189453125
0.5166015625
0.52008056640625
0.53289794921875
0.564208984375
0.310546875
0.49267578125
0.3988037109375
0.305419921875
0.3448486328125
0.43951416015625
0.33251953125
0.30596923828125
0.42047119140625
0.41937255859375
0.4420166015625
0.3289794921875
0.41900634765625
0.3946533203125
0.49005126953125
0.3614501953125
0.537841796875
0.449951171875
0.27294921875
0.315185546875
0.4139404296875
0.3651123046875
0.3187255859375
0.43365478515625
0.44781494140625
0.470703125
0.38775634765625
0.308349609375
0.37066650390625
0.5498046875
0.28692626953125
0.5404052734375
0.36920166015625
0.56005859375
0.56134033203125
0.447265625
0.43670654296875
0.51885986328125
0.5556640625
0.4024658203125
0.45452880859375
0.29803466796875
0.34423828125
0.5037841796875
0.346923828125
0.460205078125
0.380615234375
0.42236328125
0.559326171875
0.4783935546875
0.35272216796875
0.2105712890625
0.34124755859375
0.43524169921875
0.3853759765625
0.43292236328125
0.31329345703125
0.38043212890625
0.56689453125
0.4495849609375
0.5037841796875
0.30816650390625
0.40179443359375
0.5169677734375
0.414794921875
0.45135498046875
0.3531494140625
0.330322265625
0.39019775390625
0.53009033203125
0.49993896484375
0.29833984375
0.4459228515625
0.46392822265625
0.5877685546875
0.45361328125
0.6727294921875
0.350830078125
0.453857421875
0.48577880859375
0.5555419921875
0.44305419921875
0.642578125
0.49285888671875
0.4197998046875
0.40704345703125
0.34417724609375
0.314208984375
0.41168212890625
0.44696044921875
0.30255126953125
0.318115234375
0.36236572265625
0.5289306640625
0.58099365234375
0.464599609375
0.3824462890625
0.57867431640625
0.39739990234375
0.4498291015625
0.3572998046875
0.43475341796875
0.28021240234375
0.51605224609375
0.45745849609375
0.38970947265625
0.4510498046875
0.337890625
0.4207763671875
0.319580078125
0.56109619140625
0.4036865234375
0.49017333984375
0.4512939453125
0.447021484375
0.40521240234375
0.5418701171875
0.29156494140625
0.287841796875
0.38824462890625
0.4134521484375
0.47906494140625
0.302490234375
0.7513427734375
0.42529296875
0.3763427734375
0.57562255859375
0.53887939453125
0.33935546875
0.3743896484375
0.5186767578125
0.2716064453125
0.3211669921875
0.33160400390625
0.3673095703125
0.39178466796875
0.47760009765625
0.399658203125
0.4239501953125
0.55755615234375
0.51373291015625
0.49493408203125
0.430419921875
0.38494873046875
0.43292236328125
0.3912353515625
0.53436279296875
0.4715576171875
0.2708740234375
0.48297119140625
0.3555908203125
0.3682861328125
0.28558349609375
0.51654052734375
0.7098388671875
0.5057373046875
0.387451171875
0.4571533203125
0.3681640625
0.4505615234375
0.356689453125
0.55950927734375
0.48468017578125
0.49859619140625
0.29449462890625
0.27911376953125
0.3887939453125
0.32568359375
0.4503173828125
0.352783203125
0.56707763671875
0.3143310546875
0.22503662109375
0.3861083984375
0.20562744140625
0.46295166015625
0.376953125
0.28863525390625
0.5372314453125
0.43609619140625
0.48773193359375
0.43731689453125
0.50634765625
0.47198486328125
0.458740234375
0.4735107421875
0.4947509765625
0.4495849609375
0.4727783203125
0.40826416015625
0.3997802734375
0.2791748046875
0.48907470703125
0.44915771484375
0.42144775390625
0.48101806640625
0.54486083984375
0.5281982421875
0.65570068359375
0.43115234375
0.3602294921875
0.3558349609375
0.49700927734375
0.46905517578125
0.4044189453125
0.50677490234375
0.23883056640625
0.395751953125
0.59637451171875
0.35455322265625
0.45513916015625
0.30548095703125
0.34564208984375
0.59918212890625
0.3875732421875
0.3209228515625
0.4659423828125
0.410888671875
0.36407470703125
0.3802490234375
0.2916259765625
0.4720458984375
0.365478515625
0.54632568359375
0.28350830078125
0.5306396484375
0.5887451171875
0.3763427734375
0.410400390625
0.40972900390625
0.592529296875
0.4127197265625
0.46588134765625
0.4105224609375
0.27410888671875
0.5029296875
0.31781005859375
0.4615478515625
0.447998046875
0.4749755859375
0.4459228515625
0.50506591796875
0.501220703125
0.608154296875
0.2833251953125
0.3040771484375
0.32763671875
0.420166015625
0.30047607421875
0.32086181640625
0.50189208984375
0.33160400390625
0.4693603515625
0.398193359375
0.39447021484375
0.52838134765625
0.28424072265625
0.30084228515625
0.44140625
0.33782958984375
0.42864990234375
0.474365234375
0.42138671875
0.47711181640625
0.40655517578125
0.4322509765625
0.64068603515625
0.37799072265625
0.46417236328125
0.59979248046875
0.39178466796875
0.356689453125
0.2493896484375
0.4376220703125
0.24066162109375
0.34381103515625
0.37908935546875
0.42352294921875
0.5927734375
0.31488037109375
0.3787841796875
0.502197265625
0.38067626953125
0.46453857421875
0.38043212890625
0.51416015625
0.37664794921875
0.5106201171875
0.3890380859375
0.28582763671875
0.36376953125
0.34246826171875
0.4241943359375
0.31134033203125
0.5550537109375
0.34002685546875
0.34368896484375
0.46600341796875
0.42401123046875
0.36480712890625
0.4283447265625
0.43743896484375
0.342041015625
0.4156494140625
0.450439453125
0.48358154296875
0.26409912109375
0.48773193359375
0.41448974609375
0.4537353515625
0.37957763671875
0.54937744140625
0.41400146484375
0.33355712890625
0.3544921875
0.5943603515625
0.36090087890625
0.47686767578125
0.531982421875
0.4102783203125
0.2860107421875
0.58709716796875
0.5499267578125
0.57183837890625
0.49981689453125
0.3238525390625
0.37823486328125
0.44970703125
0.61444091796875
0.41693115234375
0.45111083984375
0.398681640625
0.40533447265625
0.34576416015625
0.3116455078125
0.36175537109375
0.4774169921875
0.33087158203125
0.39593505859375
0.5865478515625
0.4228515625
0.44097900390625
0.38714599609375
0.29730224609375
0.45050048828125
0.45672607421875
0.35906982421875
0.44793701171875
0.468017578125
0.45184326171875
0.31939697265625
0.4146728515625
0.5576171875
0.4105224609375
0.46575927734375
0.3428955078125
0.52301025390625
0.34619140625
0.35955810546875
0.33099365234375
0.4063720703125
0.4161376953125
0.56158447265625
0.43359375
0.50537109375
0.50640869140625
0.5269775390625
0.43426513671875
0.5411376953125
0.3421630859375
0.34625244140625
0.458740234375
0.50445556640625
0.47369384765625
0.49383544921875
0.4876708984375
0.41168212890625
0.498779296875
0.36614990234375
0.34881591796875
0.37994384765625
0.3837890625
0.33807373046875
0.32733154296875
0.48565673828125
0.49627685546875
0.65081787109375
0.382568359375
0.544921875
0.4000244140625
0.31475830078125
0.4141845703125
0.546142578125
0.4041748046875
0.41851806640625
0.434326171875
0.39501953125
0.59881591796875
0.58587646484375
0.3917236328125
0.22637939453125
0.60675048828125
0.56451416015625
0.51348876953125
0.44287109375
0.4725341796875
0.3504638671875
0.31072998046875
0.35498046875
0.3936767578125
0.56060791015625
0.260498046875
0.4014892578125
0.4810791015625
0.33160400390625
0.30364990234375
0.4730224609375
0.5157470703125
0.49163818359375
0.5306396484375
0.46234130859375
0.34564208984375
0.33270263671875
0.53570556640625
0.35113525390625
0.3785400390625
0.3560791015625
0.34259033203125
0.422119140625
0.33428955078125
0.5286865234375
0.21246337890625
0.37066650390625
0.5147705078125
0.380126953125
0.43328857421875
0.31512451171875
0.4920654296875
0.3070068359375
0.481689453125
0.4691162109375
0.5177001953125
0.49676513671875
0.54132080078125
0.41607666015625
0.4063720703125
0.481201171875
0.39984130859375
0.48248291015625
0.6119384765625
0.22930908203125
0.3348388671875
0.4508056640625
0.348876953125
0.3397216796875
0.36767578125
0.50018310546875
0.5032958984375
0.69873046875
0.4525146484375
0.3580322265625
0.41455078125
0.33441162109375
0.46051025390625
0.67620849609375
0.45343017578125
0.28515625
0.3841552734375
0.40484619140625
0.62493896484375
0.69921875
0.473876953125
0.2904052734375
0.42724609375
0.4759521484375
0.27154541015625
0.521728515625
0.359130859375
0.3880615234375
0.4541015625
0.46722412109375
0.33917236328125
0.240234375
0.48724365234375
0.47064208984375
0.543212890625
0.51898193359375
0.41156005859375
0.54425048828125
0.41790771484375
0.29620361328125
0.45074462890625
0.28363037109375
0.4534912109375
0.4141845703125
0.44671630859375
0.31512451171875
0.37890625
0.46148681640625
0.40008544921875
0.43951416015625
0.33416748046875
0.5400390625
0.45526123046875
0.4273681640625
0.38671875
0.4442138671875
0.40179443359375
0.38275146484375
0.4462890625
0.51190185546875
0.41864013671875
0.35125732421875
0.35357666015625
0.5943603515625
0.258056640625
0.3590087890625
0.3331298828125
0.32135009765625
0.51361083984375
0.44671630859375
0.412353515625
0.4349365234375
0.56591796875
0.45989990234375
0.34326171875
0.42926025390625
0.4586181640625
0.36468505859375
0.46826171875
0.3887939453125
0.377197265625
0.4337158203125
0.35089111328125
0.5111083984375
0.5970458984375
0.41845703125
0.4725341796875
0.5140380859375
0.38836669921875
0.3765869140625
0.4586181640625
0.5506591796875
0.5537109375
0.6199951171875
0.40643310546875
0.32470703125
0.42803955078125
0.53076171875
0.50048828125
0.5860595703125
0.562255859375
0.387451171875
0.4044189453125
0.4842529296875
0.4114990234375
0.3475341796875
0.3653564453125
0.38616943359375
0.411376953125
0.5347900390625
0.41290283203125
0.596923828125
0.5599365234375
0.4656982421875
0.5189208984375
0.35662841796875
0.465576171875
0.60296630859375
0.727783203125
0.39166259765625
0.48699951171875
0.40594482421875
0.34747314453125
0.34991455078125
0.36248779296875
0.429931640625
0.4189453125
0.26580810546875
0.6312255859375
0.33563232421875
0.38397216796875
0.352783203125
0.35174560546875
0.37298583984375
0.4127197265625
0.4755859375
0.4267578125
0.3463134765625
0.609619140625
0.5460205078125
0.45892333984375
0.39666748046875
0.299560546875
0.3873291015625
0.54083251953125
0.3179931640625
0.34027099609375
0.43023681640625
0.3612060546875
0.45166015625
0.34521484375
0.29925537109375
0.37384033203125
0.2813720703125
0.5084228515625
0.29742431640625
0.35443115234375
0.3795166015625
0.40472412109375
0.42919921875
0.3251953125
0.33514404296875
0.4600830078125
0.50146484375
0.59912109375
0.585205078125
0.60943603515625
0.3726806640625
0.3314208984375
0.42462158203125
0.4866943359375
0.52850341796875
0.41082763671875
0.45330810546875
0.31396484375
0.30712890625
0.44635009765625
0.4429931640625
0.35601806640625
0.47576904296875
0.41571044921875
0.6046142578125
0.3511962890625
0.38787841796875
0.417236328125
0.56378173828125
0.47882080078125
0.5169677734375
0.29315185546875
0.405517578125
0.42645263671875
0.53857421875
0.34423828125
0.43988037109375
0.3533935546875
0.39764404296875
0.4876708984375
0.49566650390625
0.40948486328125
0.35516357421875
0.272216796875
0.5032958984375
0.35089111328125
0.43377685546875
0.514892578125
0.5318603515625
0.3818359375
0.45867919921875
0.53594970703125
0.510498046875
0.3858642578125
0.44024658203125
0.352294921875
0.569580078125
0.49334716796875
0.53497314453125
0.42205810546875
0.2728271484375
0.46405029296875
0.48284912109375
0.4857177734375
0.516357421875
0.43280029296875
0.49029541015625
0.50091552734375
0.4305419921875
0.457275390625
0.3165283203125
0.48773193359375
0.45989990234375
0.4500732421875
0.46429443359375
0.27618408203125
0.39642333984375
0.337890625
0.63104248046875
0.516845703125
0.53411865234375
0.541259765625
0.46734619140625
0.4228515625
0.48968505859375
0.43731689453125
0.46588134765625
0.45037841796875
0.43621826171875
0.42425537109375
0.44256591796875
0.35369873046875
0.4293212890625
0.65716552734375
0.41802978515625
0.5048828125
0.342041015625
0.4337158203125
0.43804931640625
0.41510009765625
0.3853759765625
0.3798828125
0.3072509765625
0.4522705078125
0.36810302734375
0.1922607421875
0.41949462890625
0.65887451171875
0.5496826171875
0.3721923828125
0.466796875
0.319580078125
0.45196533203125
0.4239501953125
0.37213134765625
0.5159912109375
0.592529296875
0.42535400390625
0.52935791015625
0.3426513671875
0.28497314453125
0.5462646484375
0.494140625
0.276123046875
0.4244384765625
0.4473876953125
0.342041015625
0.47021484375
0.368408203125
0.35150146484375
0.416259765625
0.5914306640625
0.35272216796875
0.34014892578125
0.49298095703125
0.4381103515625
0.4178466796875
0.44195556640625
0.3287353515625
0.31488037109375
0.42626953125
0.44677734375
0.432373046875
0.3807373046875
0.4920654296875
0.426513671875
0.4287109375
0.296142578125
0.36181640625
0.4739990234375
0.24041748046875
0.37811279296875
0.52056884765625
0.24212646484375
0.46649169921875
0.54022216796875
0.482666015625
0.39569091796875
0.494873046875
0.442626953125
0.63946533203125
0.260986328125
0.39825439453125
0.44805908203125
0.31414794921875
0.58538818359375
0.38623046875
0.75445556640625
0.4600830078125
0.3369140625
0.29443359375
0.37200927734375
0.42205810546875
0.451171875
0.44866943359375
0.4765625
0.37200927734375
0.4281005859375
0.507568359375
0.37799072265625
0.35784912109375
0.26263427734375
0.5045166015625
0.3497314453125
0.33251953125
0.30694580078125
0.49755859375
0.5277099609375
0.56622314453125
0.51898193359375
0.37957763671875
0.4661865234375
0.2730712890625
0.45556640625
0.4569091796875
0.47882080078125
0.36712646484375
0.50482177734375
0.45635986328125
0.478759765625
0.43243408203125
0.38470458984375
0.27752685546875
0.45001220703125
0.3642578125
0.3255615234375
0.37158203125
0.2701416015625
0.35211181640625
0.40093994140625
0.434814453125
0.35394287109375
0.367919921875
0.4610595703125
0.40771484375
0.406494140625
0.50921630859375
0.57965087890625
0.5133056640625
0.300537109375
0.39044189453125
0.5069580078125
0.33319091796875
0.30914306640625
0.54229736328125
0.40625
0.29730224609375
0.391845703125
0.51513671875
0.44879150390625
0.56915283203125
0.3909912109375
0.40179443359375
0.43408203125
0.46453857421875
0.332275390625
0.3475341796875
0.3448486328125
0.407958984375
0.36212158203125
0.40283203125
0.5841064453125
0.392333984375
0.33856201171875
0.27777099609375
0.444091796875
0.438720703125
0.44091796875
0.370849609375
0.37078857421875
0.42901611328125
0.40289306640625
0.51373291015625
0.35296630859375
0.38238525390625
0.3873291015625
0.51446533203125
0.44439697265625
0.4998779296875
0.43658447265625
0.3905029296875
0.39141845703125
0.3944091796875
0.47998046875
0.4202880859375
0.350830078125
0.39984130859375
0.43621826171875
0.34197998046875
0.59503173828125
0.3138427734375
0.54571533203125
0.43768310546875
0.56842041015625
0.54779052734375
0.51806640625
0.54638671875
0.449951171875
0.5924072265625
0.57342529296875
0.30828857421875
0.37109375
0.58453369140625
0.35009765625
0.4127197265625
0.48046875
0.35528564453125
0.28857421875
0.49884033203125
0.2315673828125
0.579833984375
0.392333984375
0.3702392578125
0.53631591796875
0.32025146484375
0.3895263671875
0.35845947265625
0.478271484375
0.5078125
0.41192626953125
0.4293212890625
0.6072998046875
0.30853271484375
0.41741943359375
0.37945556640625
0.5213623046875
0.35137939453125
0.469970703125
0.4166259765625
0.275146484375
0.32574462890625
0.3275146484375
0.30987548828125
0.50592041015625
0.31842041015625
0.5799560546875
0.3909912109375
0.4339599609375
0.47015380859375
0.38360595703125
0.6881103515625
0.459716796875
0.47332763671875
0.38623046875
0.67059326171875
0.5089111328125
0.50408935546875
0.426025390625
0.322998046875
0.40460205078125
0.356201171875
0.62725830078125
0.41241455078125
0.6094970703125
0.35736083984375
0.4779052734375
0.3349609375
0.421875
0.34881591796875
0.25457763671875
0.526123046875
0.3138427734375
0.22991943359375
0.495849609375
0.2706298828125
0.32904052734375
0.42486572265625
0.49725341796875
0.28106689453125
0.43017578125
0.4761962890625
0.4361572265625
0.44293212890625
0.56939697265625
0.33294677734375
0.421142578125
0.4586181640625
0.52874755859375
0.30853271484375
0.59869384765625
