2.4283447265625
2.4283447265625
2.4283447265625
2.4283447265625
2.5748291015625
2.80194091796875
2.6490478515625
2.716064453125
2.66448974609375
2.79779052734375
2.7752685546875
2.87725830078125
2.7501220703125
2.78228759765625
2.829345703125
2.56781005859375
2.56231689453125
2.937255859375
2.51495361328125
2.580810546875
2.85919189453125
2.6754150390625
2.656005859375
2.4947509765625
2.6580810546875
2.7493896484375
2.80059814453125
2.55999755859375
2.7279052734375
2.900146484375
2.67041015625
2.8172607421875
2.7296142578125
2.6756591796875
2.56890869140625
2.49884033203125
2.72967529296875
2.415771484375
2.55670166015625
2.825927734375
2.89825439453125
2.29498291015625
2.3988037109375
2.96044921875
2.6884765625
2.55279541015625
2.88079833984375
2.80853271484375
2.8182373046875
2.84619140625
2.58538818359375
2.923095703125
2.97137451171875
2.6124267578125
2.7235107421875
2.6070556640625
2.32763671875
2.8565673828125
2.8060302734375
2.5252685546875
2.5240478515625
2.75335693359375
2.72967529296875
2.55914306640625
2.89862060546875
2.5614013671875
2.50103759765625
2.77093505859375
2.8642578125
2.71929931640625
2.8577880859375
2.78826904296875
2.67529296875
3.010986328125
2.5311279296875
2.795654296875
2.84417724609375
2.29296875
2.55523681640625
2.66650390625
2.58526611328125
2.83740234375
2.54998779296875
2.53338623046875
2.73388671875
2.74554443359375
2.9278564453125
2.8367919921875
2.6815185546875
2.58306884765625
2.65765380859375
2.7572021484375
2.8115234375
2.79052734375
2.81207275390625
2.60540771484375
2.46160888671875
2.46160888671875
2.86492919921875
2.6331787109375
2.9407958984375
2.69451904296875
2.833251953125
2.69329833984375
2.843505859375
2.64373779296875
2.8275146484375
2.93621826171875
2.81463623046875
2.8179931640625
2.83203125
2.80816650390625
2.688232421875
2.5037841796875
2.62371826171875
2.8883056640625
2.84765625
2.621826171875
2.64715576171875
2.82666015625
3.03741455078125
2.89361572265625
2.80364990234375
2.67486572265625
2.55621337890625
2.63446044921875
2.863525390625
2.42578125
2.670166015625
2.6741943359375
2.64990234375
2.621337890625
2.6365966796875
2.79541015625
2.82958984375
2.72705078125
2.82977294921875
2.82666015625
2.81439208984375
2.844970703125
2.4930419921875
2.88494873046875
2.7767333984375
2.946533203125
2.36883544921875
2.844482421875
2.7008056640625
2.8084716796875
2.7420654296875
2.47076416015625
2.76788330078125
3.0828857421875
2.4805908203125
2.65289306640625
2.75665283203125
2.575927734375
2.65301513671875
2.71270751953125
2.92120361328125
2.98443603515625
2.76190185546875
2.5008544921875
2.59906005859375
2.76068115234375
2.5980224609375
2.8968505859375
2.70513916015625
2.7066650390625
2.5052490234375
2.47271728515625
2.95587158203125
2.42584228515625
2.74090576171875
2.20684814453125
2.77655029296875
2.79156494140625
2.7242431640625
2.67950439453125
2.7564697265625
2.64520263671875
3.1142578125
2.382080078125
2.68792724609375
3.0693359375
2.774169921875
2.7030029296875
2.58441162109375
2.6400146484375
2.6304931640625
2.63861083984375
3.04351806640625
2.68402099609375
2.89453125
2.77032470703125
2.76495361328125
2.5882568359375
2.84222412109375
2.79632568359375
2.59747314453125
2.5267333984375
2.6201171875
2.76727294921875
2.62640380859375
2.75958251953125
2.6124267578125
2.76092529296875
2.78448486328125
2.38067626953125
2.68841552734375
2.51873779296875
2.7530517578125
2.89794921875
2.5682373046875
2.58782958984375
2.7183837890625
2.7303466796875
2.5421142578125
2.850830078125
2.68072509765625
2.356201171875
2.76531982421875
2.8297119140625
2.83489990234375
2.66363525390625
2.73388671875
2.7037353515625
2.5096435546875
2.9442138671875
2.6522216796875
2.5882568359375
3.0496826171875
2.82342529296875
2.8486328125
2.59942626953125
2.636962890625
2.66748046875
2.74627685546875
2.93487548828125
2.80731201171875
2.4552001953125
2.80908203125
2.7303466796875
2.64703369140625
2.75494384765625
2.6414794921875
2.595458984375
2.43072509765625
2.92681884765625
2.65521240234375
2.45257568359375
2.811767578125
2.80950927734375
2.51519775390625
2.510986328125
2.62738037109375
2.5628662109375
3.0189208984375
2.8275146484375
3.00823974609375
2.80120849609375
2.8760986328125
2.45074462890625
2.49053955078125
2.98968505859375
2.61517333984375
2.770751953125
2.73931884765625
2.92938232421875
2.775634765625
2.6669921875
2.84759521484375
2.66754150390625
3.0079345703125
2.656494140625
2.86273193359375
2.96539306640625
2.92535400390625
2.5916748046875
2.87359619140625
2.7652587890625
2.7515869140625
2.76470947265625
2.7967529296875
2.9429931640625
2.70623779296875
2.68658447265625
2.62005615234375
2.569091796875
2.94140625
2.45880126953125
2.7894287109375
2.6988525390625
2.3677978515625
2.76177978515625
2.729736328125
2.84246826171875
2.74725341796875
2.63037109375
2.65380859375
2.48004150390625
2.72930908203125
2.81719970703125
2.5653076171875
2.5023193359375
2.6759033203125
2.9466552734375
2.69921875
2.88531494140625
2.57415771484375
2.7017822265625
2.545654296875
2.5732421875
2.7227783203125
2.837646484375
2.59576416015625
2.71673583984375
2.84027099609375
2.8231201171875
2.90472412109375
2.74310302734375
2.6505126953125
2.4896240234375
2.60662841796875
2.72943115234375
2.64349365234375
2.86614990234375
3.07989501953125
2.75164794921875
2.9710693359375
2.8570556640625
2.89208984375
2.77099609375
2.74847412109375
2.655517578125
2.8089599609375
2.6175537109375
2.81097412109375
2.68804931640625
2.86077880859375
2.63873291015625
2.64703369140625
2.97808837890625
2.90576171875
2.87945556640625
2.60968017578125
2.8741455078125
2.81268310546875
2.9583740234375
2.71826171875
2.69427490234375
2.50042724609375
2.67578125
2.85760498046875
2.8489990234375
2.5748291015625
2.67498779296875
2.609375
2.8907470703125
2.44195556640625
2.9256591796875
2.61151123046875
2.6427001953125
2.85931396484375
2.57806396484375
2.511474609375
2.93798828125
2.710205078125
2.79437255859375
2.5660400390625
2.6439208984375
2.71453857421875
2.88946533203125
2.920166015625
2.96282958984375
2.60150146484375
2.8599853515625
2.56103515625
2.9534912109375
2.692138671875
2.5360107421875
2.77362060546875
2.8135986328125
2.5892333984375
2.51153564453125
2.8709716796875
2.5391845703125
2.70196533203125
2.85009765625
2.8505859375
2.87408447265625
2.83441162109375
2.47760009765625
2.815185546875
2.67144775390625
2.79180908203125
2.66705322265625
2.64483642578125
2.84979248046875
2.9840087890625
2.793701171875
2.71673583984375
2.84576416015625
2.8992919921875
2.5850830078125
2.43011474609375
2.71319580078125
2.8983154296875
2.6549072265625
2.76019287109375
2.82452392578125
2.520263671875
2.81134033203125
2.6175537109375
2.465576171875
2.89837646484375
2.9383544921875
2.673583984375
2.77630615234375
2.624267578125
2.8223876953125
2.62908935546875
2.66241455078125
2.63873291015625
2.88360595703125
2.807861328125
2.9833984375
2.49920654296875
2.75946044921875
2.63812255859375
2.566650390625
2.66973876953125
2.7635498046875
2.758056640625
2.92535400390625
3.042724609375
2.5177001953125
2.606201171875
2.5577392578125
3.0372314453125
2.488037109375
2.85986328125
2.56317138671875
2.6121826171875
2.80230712890625
2.76312255859375
2.64776611328125
2.76318359375
2.73291015625
2.68988037109375
2.49774169921875
3.00811767578125
2.60589599609375
2.732421875
2.5736083984375
2.5897216796875
2.69512939453125
2.811279296875
2.806884765625
2.583740234375
2.5484619140625
2.896484375
2.63323974609375
2.943359375
2.6304931640625
2.65777587890625
2.58697509765625
2.775634765625
2.6610107421875
2.58673095703125
2.58502197265625
2.6082763671875
2.670654296875
2.8433837890625
2.533203125
3.15191650390625
2.70037841796875
2.95654296875
2.638671875
2.60479736328125
2.53302001953125
2.696044921875
2.45770263671875
2.58563232421875
2.941162109375
2.90789794921875
2.81201171875
2.593505859375
2.8880615234375
2.3865966796875
2.57073974609375
2.65618896484375
2.7227783203125
2.8648681640625
2.473876953125
2.76348876953125
2.74102783203125
2.43328857421875
2.43060302734375
2.63140869140625
2.831787109375
2.84210205078125
2.8507080078125
2.70928955078125
2.89599609375
2.94586181640625
2.70574951171875
2.49749755859375
2.6842041015625
2.4539794921875
2.76422119140625
2.64453125
2.8057861328125
2.54638671875
2.74969482421875
2.46795654296875
2.996826171875
2.28204345703125
2.72705078125
2.6744384765625
2.78936767578125
2.83331298828125
3.0732421875
2.77471923828125
2.510986328125
2.8919677734375
3.00494384765625
2.78948974609375
2.57281494140625
2.71044921875
2.73675537109375
2.64471435546875
2.68597412109375
2.65380859375
2.77001953125
2.63873291015625
2.614501953125
2.7777099609375
2.755126953125
2.55303955078125
2.67913818359375
2.61090087890625
2.8798828125
2.676025390625
2.62872314453125
2.74835205078125
2.74761962890625
2.65130615234375
2.45623779296875
2.54205322265625
2.65606689453125
2.61199951171875
3.0159912109375
2.648193359375
2.62835693359375
2.83294677734375
2.77044677734375
2.432861328125
2.832275390625
2.83135986328125
2.503173828125
2.66412353515625
2.55712890625
2.59869384765625
2.8280029296875
2.69970703125
2.5927734375
2.57952880859375
2.5567626953125
2.43780517578125
2.94390869140625
2.7430419921875
2.7279052734375
2.86553955078125
2.87799072265625
2.7686767578125
2.709228515625
2.8592529296875
2.6558837890625
2.873779296875
2.69757080078125
2.5225830078125
2.89654541015625
2.9407958984375
2.384033203125
2.87725830078125
2.82891845703125
2.8743896484375
2.5931396484375
2.9013671875
2.48455810546875
2.82183837890625
2.8121337890625
2.71783447265625
2.68499755859375
2.598876953125
2.49212646484375
2.79693603515625
2.72296142578125
2.27667236328125
2.68402099609375
2.82196044921875
2.65771484375
2.77484130859375
2.72747802734375
2.8004150390625
2.71826171875
2.9537353515625
2.5487060546875
2.856201171875
2.68359375
2.6573486328125
2.78302001953125
2.552978515625
2.61669921875
2.6282958984375
2.72271728515625
2.7769775390625
2.68548583984375
2.974365234375
2.56964111328125
2.48309326171875
2.832275390625
2.65447998046875
2.45574951171875
2.52911376953125
2.98834228515625
2.44232177734375
2.77508544921875
2.788330078125
2.97552490234375
2.72418212890625
2.918701171875
2.53155517578125
2.534423828125
2.7452392578125
2.4219970703125
2.60418701171875
2.76739501953125
2.81646728515625
2.71917724609375
2.85308837890625
2.84735107421875
2.81103515625
2.8538818359375
2.63397216796875
2.81793212890625
2.77752685546875
2.7342529296875
2.5108642578125
2.70404052734375
2.59521484375
2.78533935546875
2.795166015625
2.74169921875
2.60150146484375
2.45220947265625
2.79376220703125
2.5648193359375
2.84210205078125
2.44183349609375
2.84112548828125
2.51171875
2.71600341796875
2.81378173828125
2.7264404296875
2.76904296875
2.72119140625
2.55126953125
2.5986328125
2.47674560546875
2.36846923828125
2.72869873046875
2.59039306640625
2.93536376953125
2.77325439453125
2.8841552734375
2.7060546875
2.61273193359375
2.6075439453125
2.78472900390625
2.92236328125
2.80712890625
2.77105712890625
2.61688232421875
2.76519775390625
2.56414794921875
2.68402099609375
2.709228515625
2.669189453125
2.82025146484375
2.875244140625
2.93719482421875
2.83087158203125
2.95892333984375
3.027587890625
2.56927490234375
2.809326171875
2.70648193359375
2.74273681640625
2.87298583984375
2.626953125
2.7239990234375
2.27880859375
2.8154296875
2.68402099609375
2.518310546875
2.886962890625
2.79168701171875
2.36419677734375
2.666748046875
2.8675537109375
2.82183837890625
2.6185302734375
2.4864501953125
2.63262939453125
2.723388671875
2.64532470703125
2.581787109375
2.85382080078125
2.73431396484375
2.59588623046875
2.6795654296875
2.3851318359375
2.44635009765625
2.7603759765625
2.96136474609375
2.796630859375
2.5758056640625
2.6376953125
2.47662353515625
2.5765380859375
2.427978515625
2.7552490234375
2.75201416015625
2.52423095703125
2.7393798828125
2.5693359375
2.7374267578125
2.57122802734375
2.61102294921875
2.5809326171875
2.54034423828125
2.707763671875
2.5565185546875
2.6102294921875
2.79888916015625
2.69195556640625
2.5462646484375
2.85198974609375
2.727783203125
2.926513671875
2.70904541015625
2.80572509765625
2.4345703125
2.83984375
2.79888916015625
2.7137451171875
2.91436767578125
2.81854248046875
2.526611328125
2.76898193359375
2.8519287109375
2.51800537109375
2.7373046875
2.692626953125
2.56304931640625
2.619140625
2.6373291015625
2.56939697265625
2.6871337890625
2.512451171875
2.6766357421875
2.66607666015625
2.69293212890625
2.973876953125
2.90802001953125
2.654296875
2.4786376953125
2.89312744140625
2.7855224609375
2.77789306640625
2.68841552734375
2.98907470703125
2.44775390625
3.07244873046875
2.7945556640625
2.6976318359375
2.53582763671875
2.8197021484375
2.7734375
2.64501953125
2.5889892578125
2.76947021484375
2.8248291015625
2.55194091796875
2.58984375
2.76153564453125
2.70330810546875
2.68853759765625
2.60430908203125
2.69598388671875
2.8057861328125
2.78179931640625
2.97015380859375
2.79376220703125
2.55499267578125
2.78216552734375
2.7049560546875
2.8824462890625
2.53741455078125
2.92828369140625
2.96807861328125
2.4930419921875
2.90032958984375
2.63775634765625
2.56689453125
2.72039794921875
2.55810546875
2.82781982421875
2.78594970703125
2.64495849609375
3.07183837890625
2.6226806640625
2.77716064453125
2.7225341796875
2.77191162109375
2.58721923828125
2.3994140625
2.5567626953125
2.6962890625
2.90423583984375
2.635986328125
2.53741455078125
2.81842041015625
2.71368408203125
2.676513671875
2.5526123046875
2.89422607421875
2.707275390625
2.74127197265625
2.5750732421875
2.49859619140625
2.6544189453125
2.81378173828125
2.68768310546875
2.37359619140625
2.792236328125
2.6522216796875
2.66357421875
2.7938232421875
2.76513671875
2.69085693359375
2.7989501953125
2.62841796875
2.65997314453125
2.85614013671875
2.70318603515625
2.4854736328125
2.66290283203125
2.77349853515625
2.67218017578125
2.4849853515625
2.47674560546875
2.7926025390625
2.74371337890625
2.8917236328125
2.5811767578125
2.84124755859375
2.6741943359375
2.600341796875
2.6048583984375
2.51727294921875
2.71014404296875
2.8004150390625
2.59686279296875
2.75372314453125
2.24786376953125
2.79058837890625
2.8665771484375
3.02154541015625
2.81842041015625
2.56427001953125
2.49249267578125
2.42822265625
2.72265625
2.85052490234375
2.6234130859375
2.92333984375
2.598388671875
2.41644287109375
2.851806640625
2.645751953125
2.75848388671875
2.9462890625
2.69232177734375
2.48504638671875
2.68695068359375
2.8197021484375
2.6221923828125
2.91033935546875
2.729736328125
2.7789306640625
2.7083740234375
2.64691162109375
2.8973388671875
2.6285400390625
2.94073486328125
2.86029052734375
2.75250244140625
2.66796875
2.8626708984375
2.80059814453125
2.73223876953125
2.64501953125
2.8248291015625
2.761474609375
2.807861328125
2.8001708984375
2.79888916015625
2.9195556640625
