0.84002685546875
0.84002685546875
0.84002685546875
0.84002685546875
0.84002685546875
0.84002685546875
0.84002685546875
0.84002685546875
0.84002685546875
1.00885009765625
1.04541015625
1.179931640625
1.1337890625
1.26690673828125
1.12896728515625
1.060546875
1.042236328125
1.0264892578125
1.062744140625
1.44317626953125
1.1656494140625
1.18914794921875
1.20904541015625
0.88311767578125
1.21728515625
1.126220703125
1.2919921875
1.0322265625
1.1561279296875
1.12860107421875
1.18084716796875
1.2423095703125
1.151611328125
1.1077880859375
1.07989501953125
1.31561279296875
0.84747314453125
1.2642822265625
0.92059326171875
1.08111572265625
1.07855224609375
1.10784912109375
0.90655517578125
0.9964599609375
1.04095458984375
1.191162109375
1.11383056640625
1.36224365234375
1.15863037109375
1.2083740234375
1.127197265625
1.1885986328125
1.27679443359375
1.08251953125
1.25738525390625
1.283447265625
1.5567626953125
1.30902099609375
1.22894287109375
1.0523681640625
1.15380859375
1.049072265625
0.90704345703125
1.42449951171875
1.2467041015625
1.053466796875
1.33648681640625
1.06890869140625
1.0904541015625
1.130859375
1.2872314453125
0.955322265625
1.21929931640625
1.0504150390625
1.2042236328125
1.10919189453125
0.85302734375
0.95880126953125
1.197998046875
1.05303955078125
0.93438720703125
1.38043212890625
1.26483154296875
1.30401611328125
1.04205322265625
1.2589111328125
1.140625
1.04522705078125
1.23956298828125
1.20440673828125
1.1875
1.05084228515625
1.22039794921875
1.39794921875
1.19610595703125
0.9705810546875
0.92889404296875
1.19732666015625
1.0877685546875
1.2430419921875
1.3074951171875
1.17572021484375
1.337158203125
1.0950927734375
1.13055419921875
1.01739501953125
1.1219482421875
1.2452392578125
0.965087890625
1.3780517578125
1.22808837890625
1.529541015625
1.31744384765625
1.29107666015625
1.265380859375
1.1588134765625
0.7430419921875
1.06549072265625
1.276123046875
1.31671142578125
1.06195068359375
1.04425048828125
1.1328125
1.2626953125
1.26416015625
1.1016845703125
1.16961669921875
1.27899169921875
1.11541748046875
1.00201416015625
1.1602783203125
1.23114013671875
1.1741943359375
1.30096435546875
1.3416748046875
1.178466796875
1.22589111328125
0.97540283203125
1.07440185546875
1.23211669921875
1.1044921875
1.0592041015625
1.1650390625
1.04876708984375
1.21649169921875
1.37451171875
1.34051513671875
1.32635498046875
1.37481689453125
1.10479736328125
1.03118896484375
1.20819091796875
1.06451416015625
1.081787109375
1.333740234375
1.202392578125
1.23272705078125
1.03619384765625
1.3187255859375
1.2655029296875
0.94757080078125
1.08685302734375
1.2059326171875
1.26251220703125
1.22509765625
1.2823486328125
1.20953369140625
1.203369140625
0.98345947265625
1.1917724609375
1.41009521484375
1.09527587890625
1.194091796875
1.12548828125
1.1890869140625
1.1068115234375
1.3328857421875
1.26739501953125
1.20587158203125
1.27777099609375
1.098876953125
1.349853515625
1.43121337890625
1.08880615234375
1.06494140625
1.118408203125
1.19390869140625
1.3087158203125
1.200439453125
1.1309814453125
1.33001708984375
1.10626220703125
1.05389404296875
1.06103515625
1.22174072265625
1.1710205078125
1.06756591796875
1.41497802734375
1.1033935546875
1.35015869140625
0.96044921875
0.9454345703125
1.17144775390625
1.02001953125
1.0191650390625
1.07879638671875
0.94378662109375
1.0863037109375
1.28839111328125
1.233642578125
1.24566650390625
1.28607177734375
1.298095703125
1.219970703125
1.0364990234375
1.16448974609375
1.01849365234375
1.2508544921875
0.999755859375
1.29095458984375
1.19189453125
1.2076416015625
1.0926513671875
1.0791015625
1.1226806640625
0.9017333984375
1.093994140625
1.20623779296875
1.31201171875
1.2183837890625
1.1505126953125
1.0849609375
1.07830810546875
1.35736083984375
1.228271484375
1.14764404296875
0.83428955078125
1.16461181640625
1.17535400390625
1.267822265625
1.26983642578125
0.875732421875
0.8092041015625
0.96429443359375
0.9620361328125
1.11663818359375
1.13104248046875
1.12744140625
1.14337158203125
1.14501953125
1.23834228515625
1.162841796875
1.24835205078125
1.3052978515625
1.2027587890625
1.1353759765625
1.21124267578125
1.1650390625
1.1619873046875
1.16986083984375
1.2633056640625
1.08099365234375
1.18511962890625
1.16827392578125
1.06591796875
1.1142578125
0.78436279296875
1.0810546875
1.01220703125
1.1912841796875
1.39569091796875
1.13018798828125
0.93438720703125
1.25543212890625
0.953857421875
1.0484619140625
0.83648681640625
1.2188720703125
1.26922607421875
1.21368408203125
1.1707763671875
1.391845703125
1.3306884765625
1.21697998046875
0.86181640625
1.35009765625
1.18048095703125
1.30181884765625
1.044189453125
1.23846435546875
0.9842529296875
1.1922607421875
1.17047119140625
0.92181396484375
1.26177978515625
0.97088623046875
0.98779296875
0.7789306640625
1.20770263671875
1.34173583984375
1.05059814453125
1.3250732421875
1.23577880859375
1.244873046875
1.1839599609375
1.1182861328125
1.106201171875
1.19378662109375
1.158935546875
1.07818603515625
1.1474609375
1.22998046875
1.3212890625
1.3973388671875
0.98748779296875
1.1531982421875
1.04803466796875
1.1240234375
0.8521728515625
1.3699951171875
1.16534423828125
1.1126708984375
1.13714599609375
1.2236328125
1.20648193359375
1.35791015625
1.20416259765625
1.21002197265625
1.27532958984375
1.06646728515625
0.9449462890625
1.18310546875
1.239501953125
1.28814697265625
1.22357177734375
1.39111328125
1.07501220703125
1.42303466796875
0.99420166015625
1.13983154296875
1.25543212890625
1.3475341796875
1.1744384765625
1.2088623046875
0.9324951171875
1.31982421875
1.2034912109375
1.13690185546875
1.24755859375
1.31781005859375
1.204833984375
1.25897216796875
1.2196044921875
1.16229248046875
1.3804931640625
1.3743896484375
0.99273681640625
0.90899658203125
1.20977783203125
1.309814453125
1.318115234375
1.12841796875
1.0048828125
1.02191162109375
0.902587890625
1.3494873046875
1.14691162109375
1.18060302734375
1.16986083984375
1.30450439453125
1.302734375
0.8348388671875
1.14630126953125
1.18536376953125
1.006591796875
0.99920654296875
1.23291015625
1.17901611328125
1.09381103515625
1.0313720703125
1.1556396484375
1.08319091796875
0.94097900390625
1.07830810546875
1.257080078125
0.9586181640625
1.16265869140625
1.20745849609375
1.1416015625
1.30810546875
1.112548828125
1.31280517578125
1.05859375
1.152587890625
1.11407470703125
1.40936279296875
1.11016845703125
1.11639404296875
1.24627685546875
1.257080078125
1.20452880859375
1.16900634765625
0.9090576171875
1.3819580078125
0.96075439453125
1.22021484375
1.01409912109375
1.120849609375
1.13128662109375
0.84552001953125
1.141357421875
0.721435546875
1.30792236328125
1.27764892578125
1.40380859375
1.21380615234375
1.11639404296875
0.9366455078125
1.3206787109375
1.00030517578125
1.3558349609375
1.16607666015625
0.97747802734375
1.33929443359375
1.10003662109375
1.2337646484375
1.17596435546875
0.94464111328125
1.200439453125
1.14068603515625
1.456787109375
1.1463623046875
1.28863525390625
1.40386962890625
1.0364990234375
1.2391357421875
1.06195068359375
1.2261962890625
1.150634765625
1.35333251953125
1.21026611328125
1.14361572265625
1.308837890625
1.34796142578125
1.20391845703125
1.2041015625
0.881591796875
0.9385986328125
1.0716552734375
1.351318359375
1.17926025390625
1.26239013671875
1.2044677734375
1.1556396484375
1.3572998046875
1.1630859375
1.32269287109375
1.04364013671875
1.013916015625
1.36767578125
1.27154541015625
1.134521484375
1.32794189453125
0.9146728515625
1.2552490234375
0.85052490234375
1.12188720703125
1.005859375
1.1339111328125
1.13409423828125
1.19720458984375
1.14013671875
1.42657470703125
1.1575927734375
1.1807861328125
0.931640625
1.38043212890625
1.20953369140625
1.18927001953125
1.39190673828125
1.2615966796875
1.21331787109375
0.9974365234375
1.17193603515625
1.239501953125
1.20849609375
1.02044677734375
1.01025390625
1.40570068359375
1.1737060546875
1.0413818359375
1.19287109375
1.2215576171875
1.15869140625
1.290771484375
1.44049072265625
1.0904541015625
1.0322265625
1.12982177734375
1.1544189453125
1.16357421875
1.2752685546875
1.07147216796875
1.29888916015625
1.0784912109375
1.38336181640625
1.2738037109375
0.7899169921875
1.03466796875
1.13629150390625
1.11785888671875
1.17156982421875
1.06207275390625
0.890380859375
1.23370361328125
1.31646728515625
0.96331787109375
1.03973388671875
1.125244140625
1.034423828125
1.000244140625
1.02630615234375
0.9393310546875
1.20928955078125
1.214599609375
1.30120849609375
1.1451416015625
1.2431640625
1.0389404296875
1.08734130859375
1.2236328125
0.98358154296875
1.11224365234375
1.33148193359375
1.32275390625
1.29315185546875
0.90985107421875
1.324951171875
1.0213623046875
1.3009033203125
1.24322509765625
0.91650390625
0.95489501953125
1.0302734375
1.08148193359375
1.36419677734375
0.8477783203125
1.07012939453125
1.29986572265625
1.19207763671875
1.25384521484375
1.10015869140625
1.05133056640625
1.15911865234375
1.2066650390625
1.249267578125
1.1717529296875
1.20550537109375
1.33306884765625
1.10223388671875
1.21673583984375
1.28009033203125
1.21734619140625
1.142822265625
1.23828125
1.11572265625
1.042724609375
1.321533203125
0.98193359375
0.8157958984375
1.43634033203125
1.2274169921875
1.048828125
1.0035400390625
1.1829833984375
1.0404052734375
1.32403564453125
1.24737548828125
1.2667236328125
1.09765625
1.22784423828125
1.27581787109375
1.11981201171875
1.3319091796875
1.39373779296875
1.03912353515625
1.2763671875
1.1903076171875
1.10546875
1.36773681640625
1.1617431640625
1.11187744140625
0.93817138671875
1.1807861328125
1.17681884765625
1.14935302734375
1.235107421875
1.32647705078125
1.28753662109375
1.2913818359375
0.87384033203125
1.254150390625
1.32806396484375
0.85772705078125
1.1898193359375
1.2486572265625
1.261474609375
1.12115478515625
1.01776123046875
1.0516357421875
1.4365234375
1.231689453125
1.0457763671875
1.09014892578125
1.326904296875
1.06646728515625
1.17327880859375
1.11663818359375
1.32940673828125
1.40899658203125
1.350830078125
1.27923583984375
1.35040283203125
1.34521484375
0.8343505859375
1.22442626953125
1.105712890625
0.85137939453125
1.07440185546875
1.11669921875
1.46600341796875
1.33087158203125
1.34454345703125
1.24493408203125
0.99468994140625
1.1759033203125
1.094482421875
1.28375244140625
1.07305908203125
0.952880859375
1.32232666015625
1.17431640625
1.09375
1.29095458984375
1.28936767578125
1.10888671875
1.33099365234375
1.11041259765625
1.08447265625
1.2044677734375
1.1143798828125
1.2000732421875
1.20098876953125
1.12030029296875
1.15728759765625
1.33929443359375
1.17987060546875
0.9591064453125
1.205078125
1.2418212890625
1.3973388671875
1.0859375
1.20379638671875
0.829345703125
1.1597900390625
1.0277099609375
0.95587158203125
0.9627685546875
1.2608642578125
1.2515869140625
1.19036865234375
1.16888427734375
1.10687255859375
1.1998291015625
1.09906005859375
1.1739501953125
1.44158935546875
1.0804443359375
1.4010009765625
1.27032470703125
1.20135498046875
1.32177734375
1.15826416015625
1.3128662109375
1.24951171875
1.111572265625
1.28399658203125
1.07861328125
1.424072265625
1.1376953125
1.38543701171875
1.1944580078125
1.1571044921875
1.358154296875
0.820556640625
1.20904541015625
0.9759521484375
1.434814453125
1.15301513671875
1.04998779296875
1.05975341796875
1.27435302734375
1.21771240234375
1.264892578125
0.83740234375
1.0380859375
1.2099609375
1.14630126953125
0.83026123046875
1.29437255859375
1.0650634765625
1.2088623046875
0.737060546875
1.1876220703125
1.1790771484375
0.9713134765625
1.18585205078125
1.32037353515625
1.13714599609375
1.14508056640625
1.216064453125
1.1488037109375
0.9970703125
1.20318603515625
1.07391357421875
1.16717529296875
1.26629638671875
1.1488037109375
1.31549072265625
1.06005859375
0.93511962890625
0.94482421875
1.1998291015625
1.2203369140625
1.12353515625
0.875244140625
1.3040771484375
1.19537353515625
1.11785888671875
1.39361572265625
1.44525146484375
1.17169189453125
1.16033935546875
1.18377685546875
0.96209716796875
1.078369140625
1.0306396484375
1.26165771484375
1.3077392578125
1.17266845703125
1.1168212890625
1.08367919921875
1.22491455078125
1.18206787109375
1.37249755859375
0.8658447265625
1.03277587890625
1.105224609375
1.17779541015625
1.046875
0.98388671875
1.333251953125
1.1021728515625
1.3243408203125
1.22271728515625
0.9464111328125
1.1197509765625
1.01123046875
1.24957275390625
1.06439208984375
0.95965576171875
0.9610595703125
1.19512939453125
0.89202880859375
1.14862060546875
0.9468994140625
1.2178955078125
1.08154296875
1.167724609375
1.120361328125
0.95660400390625
1.0767822265625
1.170654296875
1.10150146484375
1.2069091796875
1.28314208984375
0.97021484375
1.3775634765625
1.24395751953125
1.0850830078125
1.2218017578125
1.3682861328125
1.08416748046875
1.34649658203125
1.30816650390625
1.21954345703125
1.07513427734375
1.12384033203125
1.24212646484375
1.2098388671875
1.1416015625
1.42755126953125
1.21099853515625
1.0958251953125
1.19610595703125
1.01666259765625
1.342529296875
1.1929931640625
1.0384521484375
1.10662841796875
1.12249755859375
1.20159912109375
1.19415283203125
1.22821044921875
1.29315185546875
1.06878662109375
1.04864501953125
1.12066650390625
1.2542724609375
1.28997802734375
1.427734375
1.2535400390625
1.45428466796875
1.220947265625
1.16046142578125
1.37335205078125
1.28302001953125
1.0338134765625
1.1868896484375
0.85125732421875
1.1151123046875
0.988525390625
1.12042236328125
1.18634033203125
0.9434814453125
1.16680908203125
1.08245849609375
0.852294921875
1.31927490234375
1.22796630859375
1.09393310546875
1.1060791015625
1.11212158203125
1.0728759765625
1.15948486328125
1.13623046875
1.28460693359375
1.08575439453125
1.31610107421875
0.84423828125
1.2991943359375
1.2152099609375
0.91607666015625
1.11798095703125
1.19744873046875
1.260009765625
1.24700927734375
1.04681396484375
1.1158447265625
1.15020751953125
1.17822265625
1.30548095703125
1.20928955078125
1.1002197265625
1.079833984375
1.13726806640625
1.34454345703125
1.3338623046875
1.1090087890625
1.379150390625
1.4261474609375
1.40283203125
1.4559326171875
1.0751953125
1.0155029296875
0.94671630859375
1.01470947265625
1.106201171875
1.16162109375
1.21868896484375
0.9801025390625
1.15789794921875
1.1673583984375
1.19879150390625
1.16986083984375
1.341552734375
1.1278076171875
1.395263671875
1.2373046875
1.504638671875
1.09576416015625
0.94061279296875
0.84173583984375
1.1282958984375
1.163330078125
1.09808349609375
1.486328125
1.15667724609375
1.21563720703125
1.1923828125
1.20306396484375
1.06903076171875
1.0987548828125
0.796142578125
0.9425048828125
1.22747802734375
1.0338134765625
1.27655029296875
1.14990234375
1.02880859375
1.3026123046875
1.25482177734375
0.9791259765625
1.20794677734375
0.83380126953125
0.968505859375
1.38311767578125
