0.98077392578125
0.98077392578125
0.98077392578125
0.98077392578125
0.98077392578125
1.01898193359375
1.09686279296875
1.3846435546875
1.27508544921875
1.18182373046875
0.96026611328125
1.3558349609375
1.199462890625
1.128173828125
1.198486328125
1.3651123046875
1.42333984375
1.2998046875
1.283935546875
1.30267333984375
1.33221435546875
1.32196044921875
1.0845947265625
1.36846923828125
1.0418701171875
1.4417724609375
1.5546875
1.35931396484375
1.40362548828125
1.32965087890625
1.29156494140625
1.4345703125
1.4639892578125
1.37286376953125
1.17950439453125
1.1785888671875
1.16522216796875
1.51202392578125
1.470703125
1.52691650390625
1.470703125
1.38385009765625
1.31646728515625
1.2740478515625
1.1497802734375
1.3212890625
1.31146240234375
1.0728759765625
1.2042236328125
1.501220703125
1.458251953125
1.46728515625
1.40411376953125
1.5076904296875
1.35357666015625
1.282470703125
1.33367919921875
1.379150390625
1.33856201171875
1.05523681640625
1.44781494140625
1.487548828125
1.3045654296875
1.3558349609375
1.32861328125
1.3642578125
1.5220947265625
1.306640625
1.46551513671875
1.02777099609375
1.2701416015625
1.3662109375
1.4322509765625
1.15576171875
1.267578125
1.42596435546875
1.62017822265625
1.34942626953125
1.24908447265625
1.4097900390625
1.18841552734375
1.26348876953125
1.38397216796875
1.220703125
1.6956787109375
1.1888427734375
1.18310546875
1.5181884765625
1.11004638671875
1.06585693359375
1.42730712890625
1.14215087890625
1.4144287109375
1.50445556640625
1.4404296875
1.37896728515625
1.16644287109375
1.2967529296875
1.27044677734375
1.36529541015625
1.3134765625
1.3946533203125
1.51995849609375
1.29638671875
1.59759521484375
1.598388671875
1.30279541015625
1.6143798828125
1.12481689453125
1.338623046875
1.35186767578125
1.1763916015625
1.43121337890625
1.3345947265625
1.51690673828125
1.36370849609375
1.35546875
1.63934326171875
1.4398193359375
1.42633056640625
1.4619140625
1.14654541015625
1.396240234375
1.25396728515625
1.25006103515625
1.42547607421875
1.4342041015625
1.40533447265625
1.162109375
1.33526611328125
1.37884521484375
1.20404052734375
1.31231689453125
1.36749267578125
1.2962646484375
1.4942626953125
1.395751953125
1.495849609375
1.39056396484375
1.37945556640625
1.2938232421875
1.33843994140625
1.07720947265625
1.4539794921875
1.16375732421875
1.24371337890625
1.53436279296875
1.494140625
1.44464111328125
1.53271484375
1.35546875
1.2921142578125
1.4090576171875
1.3197021484375
1.2279052734375
1.5162353515625
0.96630859375
1.18267822265625
1.39044189453125
1.4344482421875
1.29888916015625
1.65386962890625
1.40264892578125
1.2581787109375
1.2867431640625
1.0965576171875
1.39862060546875
1.62725830078125
1.45599365234375
1.238525390625
1.38037109375
1.38690185546875
1.3480224609375
1.2703857421875
1.35052490234375
1.23681640625
1.50958251953125
1.42425537109375
1.16278076171875
1.399169921875
1.21392822265625
1.1976318359375
1.4820556640625
1.354248046875
1.12811279296875
1.42364501953125
1.54718017578125
1.36376953125
1.31939697265625
1.3193359375
1.21258544921875
1.455322265625
1.31646728515625
1.26336669921875
1.5450439453125
1.1651611328125
1.49981689453125
1.17974853515625
1.30621337890625
1.17047119140625
1.35821533203125
1.293701171875
1.4154052734375
1.5472412109375
1.75457763671875
1.38525390625
1.27264404296875
1.53582763671875
1.5574951171875
1.4642333984375
1.74139404296875
1.407470703125
1.38848876953125
1.41302490234375
1.380859375
1.30889892578125
1.2178955078125
1.1192626953125
1.26220703125
1.38385009765625
1.398681640625
1.6263427734375
1.26226806640625
1.308349609375
1.43408203125
1.41455078125
1.290771484375
1.531494140625
1.5235595703125
1.2537841796875
1.1500244140625
1.5308837890625
1.61865234375
1.530517578125
1.52032470703125
1.55340576171875
1.35406494140625
1.39202880859375
1.1141357421875
1.085693359375
1.42706298828125
1.3507080078125
1.58660888671875
1.1514892578125
1.285888671875
1.33062744140625
1.303466796875
1.51385498046875
1.59844970703125
1.4395751953125
1.34503173828125
1.64923095703125
1.26708984375
1.224365234375
1.31549072265625
1.32916259765625
1.29180908203125
1.28399658203125
1.2249755859375
1.3319091796875
1.49969482421875
1.2576904296875
1.56329345703125
0.93109130859375
1.290771484375
1.44140625
1.62255859375
1.2412109375
1.5477294921875
1.48455810546875
1.06005859375
1.57733154296875
1.075927734375
1.3197021484375
1.56884765625
1.71820068359375
1.20343017578125
1.51837158203125
1.47796630859375
1.49310302734375
1.367919921875
1.350830078125
1.406494140625
0.9564208984375
1.51220703125
1.2764892578125
1.45263671875
1.2386474609375
1.33074951171875
1.4210205078125
1.32135009765625
1.5528564453125
1.3753662109375
1.15252685546875
1.323486328125
1.29266357421875
1.45819091796875
1.4000244140625
1.133056640625
1.28631591796875
1.430419921875
1.46380615234375
1.48187255859375
1.0745849609375
1.49658203125
1.031005859375
1.1607666015625
1.40802001953125
1.57147216796875
1.6002197265625
1.59027099609375
1.1949462890625
1.3406982421875
1.568603515625
1.4305419921875
1.17596435546875
1.38067626953125
1.4229736328125
1.251220703125
1.364501953125
1.39593505859375
1.2872314453125
1.17596435546875
1.3782958984375
1.44781494140625
1.01513671875
1.5042724609375
0.9664306640625
1.8292236328125
1.358642578125
1.5064697265625
1.12237548828125
1.28192138671875
1.52752685546875
1.46478271484375
1.3460693359375
1.3516845703125
0.97894287109375
1.48797607421875
1.38067626953125
1.302978515625
1.3367919921875
1.3623046875
1.14306640625
1.44683837890625
1.34527587890625
1.3524169921875
1.408447265625
1.1124267578125
1.29632568359375
1.4725341796875
1.525390625
1.2755126953125
1.36114501953125
1.111328125
1.6658935546875
1.23883056640625
1.30633544921875
1.36456298828125
1.2659912109375
1.28692626953125
1.51580810546875
1.31011962890625
1.224609375
1.4158935546875
1.48992919921875
1.0814208984375
1.33642578125
1.47357177734375
1.4884033203125
1.478271484375
1.234619140625
1.21966552734375
1.65838623046875
1.35235595703125
1.3409423828125
1.484375
1.23089599609375
1.16571044921875
1.1669921875
1.46856689453125
1.4625244140625
1.3026123046875
1.4305419921875
1.57427978515625
1.30792236328125
1.47564697265625
1.2686767578125
1.34381103515625
1.3245849609375
1.3475341796875
1.455078125
1.5718994140625
1.38946533203125
1.58721923828125
1.51324462890625
1.3546142578125
1.32794189453125
1.1947021484375
1.09893798828125
1.3814697265625
1.254150390625
1.41668701171875
1.21917724609375
1.0751953125
1.341552734375
1.38336181640625
1.45855712890625
1.43701171875
1.43353271484375
1.15167236328125
1.27423095703125
1.54443359375
1.35614013671875
1.26995849609375
1.42742919921875
1.3067626953125
1.00421142578125
1.4229736328125
1.41278076171875
1.39178466796875
1.60736083984375
1.55963134765625
1.47442626953125
1.30267333984375
1.405517578125
1.46124267578125
1.54327392578125
1.2852783203125
1.33837890625
1.6185302734375
1.22955322265625
1.50054931640625
1.40667724609375
1.46636962890625
1.29730224609375
1.19287109375
1.2159423828125
1.3251953125
1.465576171875
1.19964599609375
1.132080078125
1.2730712890625
1.56146240234375
1.48516845703125
1.43310546875
1.36199951171875
1.28741455078125
0.97216796875
1.27935791015625
1.614501953125
1.17156982421875
1.6741943359375
1.518798828125
1.35125732421875
1.08544921875
1.3653564453125
1.38818359375
1.2928466796875
1.27569580078125
1.3944091796875
1.487548828125
1.27947998046875
1.32440185546875
1.23614501953125
1.450439453125
1.31170654296875
1.4053955078125
1.19683837890625
1.36407470703125
1.46746826171875
1.37225341796875
1.2532958984375
1.55108642578125
1.3367919921875
1.49139404296875
1.62152099609375
1.31182861328125
1.28814697265625
1.45086669921875
1.34039306640625
1.1768798828125
1.15313720703125
1.45819091796875
1.28662109375
1.23443603515625
1.4031982421875
1.45611572265625
1.25714111328125
1.3773193359375
1.344970703125
1.531982421875
1.50518798828125
1.125244140625
1.5986328125
1.088623046875
1.32391357421875
1.30694580078125
1.69256591796875
1.50103759765625
1.1865234375
1.3179931640625
1.6072998046875
1.4544677734375
1.08294677734375
1.39697265625
1.49151611328125
1.54986572265625
1.3656005859375
1.5399169921875
1.37310791015625
1.2769775390625
1.21820068359375
1.2630615234375
1.41845703125
1.3236083984375
1.45135498046875
1.38519287109375
1.4444580078125
1.13934326171875
1.57806396484375
1.57666015625
1.424072265625
1.612060546875
1.23040771484375
1.43878173828125
1.29425048828125
1.29034423828125
1.20556640625
1.54656982421875
1.51116943359375
1.47772216796875
1.37103271484375
1.3638916015625
1.2572021484375
1.2264404296875
1.39373779296875
1.1866455078125
1.30535888671875
1.1640625
1.2532958984375
1.0416259765625
1.30096435546875
1.16314697265625
1.1688232421875
1.51885986328125
1.59588623046875
1.303955078125
1.5076904296875
1.58697509765625
1.23779296875
1.32672119140625
1.51611328125
1.30279541015625
1.6995849609375
1.4827880859375
1.3345947265625
1.2691650390625
1.37933349609375
1.3358154296875
1.2481689453125
1.6025390625
1.44854736328125
1.2781982421875
1.10296630859375
1.50927734375
1.26751708984375
1.37091064453125
1.3812255859375
1.15435791015625
1.3717041015625
1.471435546875
1.276123046875
1.24749755859375
1.29022216796875
1.260986328125
1.31707763671875
1.10162353515625
1.18994140625
1.216064453125
1.246826171875
1.36895751953125
1.152587890625
1.26507568359375
1.26422119140625
1.26593017578125
1.45367431640625
1.15509033203125
1.31134033203125
1.4178466796875
1.32354736328125
1.07598876953125
1.18072509765625
1.19036865234375
1.6192626953125
1.40167236328125
1.6109619140625
1.42669677734375
1.2972412109375
1.33514404296875
1.30145263671875
1.3507080078125
1.20458984375
1.33203125
1.382080078125
1.4190673828125
1.39251708984375
1.27044677734375
1.48626708984375
1.54510498046875
1.23553466796875
1.21807861328125
1.33526611328125
1.317138671875
1.265625
1.0819091796875
1.53485107421875
1.320556640625
1.693115234375
1.3299560546875
1.456787109375
1.2398681640625
1.427490234375
1.3919677734375
1.34222412109375
1.46533203125
1.1982421875
1.25341796875
1.260498046875
1.11895751953125
1.0528564453125
1.30450439453125
1.35455322265625
1.21893310546875
1.0909423828125
1.21484375
1.43963623046875
1.1500244140625
1.3251953125
1.18841552734375
1.60125732421875
1.4901123046875
1.2523193359375
1.310546875
1.42529296875
1.45849609375
1.3179931640625
1.48626708984375
1.07110595703125
1.24029541015625
1.1939697265625
1.6466064453125
1.367431640625
1.25555419921875
1.24041748046875
1.1883544921875
1.5135498046875
1.214599609375
1.15655517578125
1.47564697265625
1.5498046875
1.34625244140625
1.31573486328125
1.21673583984375
1.18017578125
1.37615966796875
1.309814453125
1.455322265625
1.440673828125
1.33282470703125
1.50640869140625
1.34307861328125
1.5177001953125
1.39776611328125
1.6573486328125
1.17327880859375
1.50299072265625
1.43182373046875
1.47772216796875
1.27392578125
1.39227294921875
1.22705078125
1.4669189453125
1.41619873046875
1.21746826171875
1.4688720703125
1.484375
1.57379150390625
1.42095947265625
1.149658203125
1.6217041015625
1.54791259765625
1.4161376953125
1.00701904296875
1.289794921875
1.4210205078125
1.45135498046875
1.2742919921875
1.4251708984375
1.13653564453125
1.17083740234375
1.3416748046875
1.20068359375
1.65020751953125
1.24261474609375
1.3033447265625
1.30108642578125
1.43505859375
1.49188232421875
1.37005615234375
1.22198486328125
1.45263671875
1.2039794921875
1.55377197265625
1.56390380859375
1.27484130859375
1.3612060546875
1.2860107421875
1.33380126953125
1.30242919921875
1.29803466796875
1.47412109375
1.47149658203125
1.427490234375
1.3052978515625
1.4163818359375
1.58502197265625
1.28497314453125
1.45367431640625
1.46087646484375
1.2235107421875
1.4619140625
1.13055419921875
1.2330322265625
1.29986572265625
1.42218017578125
1.135986328125
1.443603515625
1.1732177734375
1.43731689453125
1.3983154296875
1.1492919921875
1.381591796875
1.3870849609375
1.4970703125
1.06488037109375
1.26873779296875
1.76910400390625
1.55804443359375
1.4019775390625
1.2606201171875
1.2232666015625
1.43060302734375
1.31854248046875
1.2315673828125
1.466552734375
1.31005859375
1.55206298828125
1.25067138671875
1.34197998046875
1.44403076171875
1.3660888671875
1.3758544921875
1.2703857421875
1.41546630859375
1.08221435546875
1.3245849609375
1.19580078125
1.45220947265625
1.09991455078125
1.3455810546875
1.26953125
1.47320556640625
1.341796875
1.31805419921875
1.3841552734375
1.52288818359375
1.368408203125
1.27734375
1.30120849609375
1.23797607421875
1.42474365234375
1.4564208984375
1.5146484375
1.17755126953125
1.586669921875
1.34075927734375
1.46893310546875
1.51507568359375
1.46551513671875
1.22442626953125
1.31097412109375
1.65740966796875
1.32891845703125
1.60552978515625
1.24884033203125
1.37274169921875
1.14349365234375
1.2681884765625
1.39654541015625
1.33160400390625
1.29681396484375
1.39068603515625
1.58306884765625
1.35772705078125
1.1312255859375
1.29730224609375
1.58465576171875
1.35418701171875
1.36376953125
1.49127197265625
1.24481201171875
1.2115478515625
1.20953369140625
1.37548828125
1.1817626953125
1.2078857421875
1.30072021484375
1.2333984375
1.44482421875
1.24481201171875
1.33746337890625
1.4244384765625
1.5087890625
0.96875
1.498046875
1.43670654296875
1.60760498046875
1.2008056640625
1.3909912109375
1.19439697265625
1.4476318359375
1.433837890625
1.4703369140625
1.15362548828125
1.4906005859375
1.39886474609375
1.2962646484375
1.40460205078125
1.214599609375
1.24212646484375
1.21954345703125
1.3145751953125
1.35174560546875
1.38507080078125
1.18988037109375
1.5841064453125
1.51318359375
1.44561767578125
1.47991943359375
1.53515625
1.36114501953125
1.61309814453125
1.14019775390625
1.09429931640625
1.2169189453125
1.38421630859375
1.32904052734375
1.422607421875
1.408935546875
1.27264404296875
1.53924560546875
1.12042236328125
1.35101318359375
1.33099365234375
1.41412353515625
1.16033935546875
1.12261962890625
1.4798583984375
1.37359619140625
1.2978515625
1.40362548828125
1.58056640625
1.136962890625
1.511962890625
1.227294921875
1.374755859375
1.1986083984375
1.58807373046875
1.44927978515625
1.19189453125
1.38641357421875
1.36029052734375
1.362548828125
1.2064208984375
1.5782470703125
1.50146484375
1.35400390625
1.3712158203125
1.30096435546875
1.25115966796875
1.4066162109375
1.477783203125
1.32281494140625
1.328857421875
1.41607666015625
1.42938232421875
1.3486328125
1.1944580078125
1.35028076171875
1.31097412109375
1.23333740234375
1.2900390625
1.2855224609375
1.35858154296875
1.6029052734375
1.2994384765625
1.201171875
1.43798828125
1.44140625
1.41094970703125
1.2742919921875
1.3009033203125
1.43243408203125
1.30291748046875
1.36944580078125
1.20556640625
1.01068115234375
1.38067626953125
1.30767822265625
1.380859375
1.29217529296875
1.36016845703125
1.121826171875
1.42340087890625
1.2705078125
1.37371826171875
1.23980712890625
1.399658203125
1.46649169921875
1.45086669921875
1.427734375
1.2808837890625
1.46630859375
1.3001708984375
1.3651123046875
1.19970703125
1.10382080078125
1.3758544921875
1.42474365234375
1.48126220703125
1.39178466796875
1.29327392578125
1.3916015625
1.3731689453125
1.38653564453125
1.243896484375
1.310302734375
0.97821044921875
1.325927734375
1.39935302734375
1.374267578125
1.38507080078125
1.05474853515625
1.52520751953125
1.34051513671875
1.20098876953125
1.59869384765625
1.5146484375
1.06842041015625
1.45751953125
1.42218017578125
1.62579345703125
1.28985595703125
1.47979736328125
1.04510498046875
1.568603515625
1.1966552734375
1.284912109375
1.2177734375
1.460205078125
1.2840576171875
1.32135009765625
1.2547607421875
1.403076171875
1.064453125
1.25811767578125
1.34893798828125
1.17724609375
1.1607666015625
1.47161865234375
1.38006591796875
