2.29461669921875
2.29461669921875
2.29461669921875
2.75311279296875
2.5565185546875
2.851318359375
2.63232421875
2.43560791015625
2.6900634765625
2.61346435546875
2.9010009765625
2.6104736328125
2.57000732421875
2.7471923828125
2.685546875
2.84722900390625
2.97015380859375
2.16546630859375
2.83001708984375
2.554443359375
2.45672607421875
2.7398681640625
2.6810302734375
2.84063720703125
2.5745849609375
2.64202880859375
2.47076416015625
2.78643798828125
2.78680419921875
2.44903564453125
2.42388916015625
2.37054443359375
2.67822265625
2.284423828125
2.4617919921875
2.80426025390625
2.39178466796875
2.5721435546875
2.45855712890625
2.520751953125
2.4959716796875
2.67333984375
3.0191650390625
2.67431640625
2.2410888671875
2.717529296875
2.5919189453125
2.2259521484375
2.42352294921875
2.23394775390625
2.38226318359375
2.53338623046875
2.6212158203125
2.818603515625
2.54779052734375
2.6072998046875
2.3455810546875
2.51153564453125
2.72747802734375
2.57476806640625
2.53533935546875
2.21929931640625
2.5823974609375
2.46484375
2.771240234375
2.77618408203125
2.518310546875
2.80999755859375
2.77215576171875
2.5501708984375
2.6099853515625
2.5225830078125
2.63848876953125
2.84228515625
2.40753173828125
2.45379638671875
2.482421875
2.77508544921875
2.34368896484375
2.64532470703125
2.46942138671875
2.4532470703125
2.50830078125
2.6005859375
2.60211181640625
2.8367919921875
2.89520263671875
2.5009765625
2.49884033203125
2.326904296875
2.63446044921875
2.6630859375
2.841064453125
2.3648681640625
2.7545166015625
2.56201171875
2.436279296875
2.6707763671875
2.3934326171875
2.6177978515625
2.690185546875
2.611083984375
2.52777099609375
2.7020263671875
2.642333984375
2.78753662109375
2.5458984375
2.505615234375
2.710693359375
2.58966064453125
2.372802734375
2.46710205078125
2.55340576171875
2.41424560546875
2.60943603515625
2.552001953125
2.3433837890625
2.3843994140625
2.64617919921875
2.5992431640625
2.59307861328125
2.88677978515625
2.49774169921875
2.59808349609375
2.46160888671875
2.45880126953125
2.69781494140625
2.584716796875
2.52777099609375
2.80633544921875
2.260498046875
2.54559326171875
2.81671142578125
2.54229736328125
2.6962890625
2.08453369140625
2.59014892578125
2.588623046875
2.5947265625
2.79278564453125
2.723388671875
2.59259033203125
2.64483642578125
2.2198486328125
2.41290283203125
2.6923828125
2.72747802734375
2.666015625
2.42779541015625
2.48406982421875
2.632080078125
2.4339599609375
2.39678955078125
2.650390625
2.42486572265625
2.6485595703125
2.52984619140625
2.5164794921875
2.5047607421875
2.67962646484375
2.743408203125
2.48992919921875
2.4779052734375
2.73883056640625
2.73748779296875
2.52825927734375
2.52459716796875
2.829345703125
2.59881591796875
2.66339111328125
2.40997314453125
2.6126708984375
2.53765869140625
2.6656494140625
2.7984619140625
2.56561279296875
2.6400146484375
2.49810791015625
2.638427734375
2.24871826171875
2.55902099609375
2.39202880859375
2.50341796875
2.62176513671875
2.473876953125
2.591064453125
2.412109375
2.46868896484375
2.51104736328125
2.45611572265625
2.40374755859375
2.5323486328125
2.65093994140625
2.78814697265625
2.65838623046875
2.45751953125
2.7626953125
2.63720703125
2.724853515625
2.35675048828125
2.4483642578125
2.800048828125
2.3189697265625
2.68572998046875
2.43017578125
2.4847412109375
2.49127197265625
2.92974853515625
2.47711181640625
2.6162109375
2.78411865234375
2.15008544921875
2.84521484375
2.459716796875
2.682861328125
2.48260498046875
2.57012939453125
2.44195556640625
2.44964599609375
2.11944580078125
2.48419189453125
2.57550048828125
2.494140625
2.78387451171875
2.5716552734375
2.52386474609375
2.5467529296875
2.619873046875
2.5380859375
2.5576171875
2.5745849609375
2.51885986328125
2.45733642578125
2.49688720703125
2.49188232421875
2.46929931640625
2.4990234375
2.66351318359375
2.62591552734375
2.345703125
2.8345947265625
2.7449951171875
2.4383544921875
2.71453857421875
2.33306884765625
2.52301025390625
2.55657958984375
2.78802490234375
2.47406005859375
2.51458740234375
2.53558349609375
2.77349853515625
2.7593994140625
2.59417724609375
2.54193115234375
2.60223388671875
2.8111572265625
2.49249267578125
2.8216552734375
2.615234375
2.78790283203125
2.40570068359375
2.72613525390625
2.92822265625
2.5653076171875
2.4482421875
2.536865234375
2.419921875
2.29071044921875
2.5938720703125
2.53271484375
2.926513671875
2.64166259765625
2.70489501953125
2.5341796875
2.34490966796875
2.54705810546875
2.615234375
2.436279296875
2.79925537109375
2.64263916015625
2.4359130859375
2.621826171875
2.49090576171875
2.56536865234375
2.4912109375
2.6705322265625
2.5467529296875
2.72064208984375
2.63555908203125
2.6903076171875
2.45111083984375
2.397216796875
2.6304931640625
2.7825927734375
2.6719970703125
2.88677978515625
2.44378662109375
2.56866455078125
2.63922119140625
2.62066650390625
2.74957275390625
2.7384033203125
2.37640380859375
2.66790771484375
2.54705810546875
2.550048828125
2.814208984375
2.59771728515625
2.46942138671875
2.46710205078125
2.44342041015625
2.71173095703125
2.56048583984375
2.85198974609375
2.47625732421875
2.5172119140625
2.5985107421875
2.47442626953125
2.5762939453125
2.480712890625
2.6705322265625
2.3514404296875
2.61712646484375
2.6707763671875
2.34515380859375
2.58428955078125
2.342041015625
2.75372314453125
2.69134521484375
2.50799560546875
2.531005859375
2.60565185546875
2.36785888671875
2.6202392578125
2.76446533203125
2.517578125
2.6109619140625
2.4923095703125
2.56304931640625
2.627685546875
2.670654296875
2.538818359375
2.32623291015625
2.6453857421875
2.5501708984375
2.43072509765625
2.53143310546875
2.59759521484375
2.61639404296875
2.7227783203125
2.67071533203125
2.2965087890625
2.68609619140625
2.3636474609375
2.63262939453125
2.396240234375
2.4776611328125
2.494384765625
2.50872802734375
2.73028564453125
2.548828125
2.619140625
2.446044921875
2.65032958984375
2.87969970703125
2.71734619140625
2.45123291015625
2.52752685546875
2.6328125
2.53826904296875
2.33184814453125
2.565185546875
2.40509033203125
2.66607666015625
2.377685546875
2.58306884765625
2.57611083984375
2.44146728515625
2.531494140625
2.48834228515625
2.69342041015625
2.99139404296875
2.4495849609375
2.777099609375
2.72747802734375
2.36126708984375
2.56085205078125
2.453369140625
2.47906494140625
2.805419921875
2.67572021484375
2.55401611328125
2.205810546875
2.502685546875
2.5596923828125
2.5408935546875
2.54547119140625
2.3104248046875
2.50421142578125
2.39837646484375
2.5357666015625
2.55224609375
2.5567626953125
2.36456298828125
2.46240234375
2.55120849609375
2.43621826171875
2.40521240234375
2.5799560546875
2.62396240234375
2.29669189453125
2.27996826171875
2.564697265625
2.64703369140625
2.58197021484375
2.4398193359375
2.6954345703125
2.2841796875
2.65582275390625
2.44989013671875
2.6700439453125
2.2578125
2.71600341796875
2.41778564453125
2.66192626953125
2.7099609375
2.56048583984375
2.71209716796875
2.30255126953125
2.5269775390625
2.61309814453125
2.7086181640625
2.5550537109375
2.65350341796875
2.5555419921875
2.353759765625
2.4923095703125
2.4169921875
2.66766357421875
2.6119384765625
2.5784912109375
2.6072998046875
2.3843994140625
2.43646240234375
2.660888671875
2.65960693359375
2.636962890625
2.65179443359375
2.75408935546875
2.72216796875
2.47882080078125
2.7022705078125
2.557861328125
2.65313720703125
2.632568359375
2.68841552734375
2.6943359375
2.525390625
2.6649169921875
2.5482177734375
2.633056640625
2.66375732421875
2.596435546875
2.59466552734375
2.59881591796875
2.5213623046875
2.6800537109375
2.61322021484375
2.6995849609375
2.3968505859375
2.5791015625
2.6490478515625
2.6025390625
2.28717041015625
2.49432373046875
2.642333984375
2.76251220703125
2.453857421875
2.4332275390625
2.64678955078125
2.76055908203125
2.65155029296875
2.805419921875
2.544189453125
2.69036865234375
2.33416748046875
2.6038818359375
2.48638916015625
2.28875732421875
2.6302490234375
2.7489013671875
2.56561279296875
2.267333984375
2.595458984375
2.64984130859375
2.7200927734375
2.48876953125
2.57989501953125
2.67987060546875
2.46832275390625
2.6578369140625
2.59661865234375
2.60308837890625
2.5452880859375
2.56512451171875
2.47076416015625
2.4599609375
2.58172607421875
2.60028076171875
2.25567626953125
2.6524658203125
2.6285400390625
2.54144287109375
2.54290771484375
2.654541015625
2.50213623046875
2.74700927734375
2.46612548828125
2.5966796875
2.46014404296875
2.53399658203125
2.62286376953125
2.4554443359375
2.4644775390625
2.53338623046875
2.37554931640625
2.5499267578125
2.4666748046875
2.69061279296875
2.76629638671875
2.51361083984375
2.56524658203125
2.5245361328125
2.712890625
2.81890869140625
2.51531982421875
2.54443359375
2.082275390625
2.45831298828125
2.508056640625
2.368408203125
2.695556640625
2.642333984375
2.6614990234375
2.34912109375
2.4310302734375
2.6317138671875
2.640380859375
2.44683837890625
2.45404052734375
2.51727294921875
2.48388671875
2.38165283203125
2.70220947265625
2.430908203125
2.2894287109375
2.6776123046875
2.60601806640625
2.64739990234375
2.4296875
2.46038818359375
2.426513671875
2.76483154296875
2.39739990234375
2.64422607421875
2.541748046875
2.77923583984375
2.3642578125
2.4234619140625
2.5625
2.6044921875
2.44732666015625
2.8988037109375
2.710693359375
2.3306884765625
2.3515625
2.84783935546875
2.48712158203125
2.47607421875
2.75830078125
2.52227783203125
2.52386474609375
2.35986328125
2.61236572265625
2.513671875
2.86962890625
2.5660400390625
2.5025634765625
2.716064453125
2.487548828125
2.7518310546875
2.73284912109375
2.82861328125
2.80462646484375
2.5037841796875
2.43377685546875
2.523193359375
2.4837646484375
2.44500732421875
2.40728759765625
2.52655029296875
2.63116455078125
2.56494140625
2.66650390625
2.76519775390625
2.38275146484375
2.5306396484375
2.44061279296875
2.64349365234375
2.16375732421875
2.57861328125
2.5980224609375
2.37811279296875
2.8779296875
2.83544921875
2.7061767578125
2.7669677734375
2.2762451171875
2.61199951171875
2.662841796875
2.6539306640625
2.685546875
2.730224609375
2.55255126953125
2.6156005859375
2.54437255859375
2.22369384765625
2.4276123046875
2.41943359375
2.6453857421875
2.6182861328125
2.59637451171875
2.30621337890625
2.5684814453125
2.272216796875
2.373046875
2.4903564453125
2.62322998046875
2.56048583984375
2.63946533203125
2.6231689453125
2.70654296875
2.43963623046875
2.5721435546875
2.52032470703125
2.7093505859375
2.56549072265625
2.6502685546875
2.6451416015625
2.48406982421875
2.55853271484375
2.6671142578125
2.65606689453125
2.65631103515625
2.71417236328125
2.7080078125
2.7100830078125
2.6375732421875
2.5367431640625
2.58306884765625
2.4346923828125
2.54644775390625
2.76348876953125
2.7113037109375
2.86737060546875
2.385498046875
2.671875
2.6483154296875
2.662109375
2.78167724609375
2.80010986328125
2.359619140625
2.370849609375
2.44873046875
2.6263427734375
2.6138916015625
2.276611328125
2.61541748046875
2.2991943359375
2.5716552734375
2.35546875
2.52496337890625
2.763671875
2.921875
2.47003173828125
2.48980712890625
2.613525390625
2.46923828125
2.63330078125
2.666015625
2.56048583984375
2.5115966796875
2.70745849609375
2.50128173828125
2.73052978515625
2.62274169921875
2.36785888671875
2.48187255859375
2.73785400390625
2.880615234375
2.4647216796875
2.7005615234375
2.24981689453125
2.75018310546875
2.39068603515625
2.78253173828125
2.59649658203125
2.43115234375
3.0008544921875
2.55487060546875
2.47821044921875
2.54400634765625
2.83551025390625
2.43084716796875
2.59722900390625
2.72027587890625
2.5732421875
2.61981201171875
2.7099609375
2.4022216796875
2.8475341796875
2.7652587890625
2.54156494140625
2.651123046875
2.46807861328125
2.212158203125
2.636474609375
2.431396484375
2.623779296875
2.37664794921875
2.509765625
2.73968505859375
2.47442626953125
2.4788818359375
2.65667724609375
2.7109375
2.58612060546875
2.67034912109375
2.510986328125
2.442626953125
2.47113037109375
2.52606201171875
2.68798828125
2.84393310546875
2.7154541015625
2.80963134765625
2.5687255859375
2.74053955078125
2.927001953125
2.615966796875
2.55133056640625
2.6002197265625
2.49267578125
2.72418212890625
2.67816162109375
2.54705810546875
2.7303466796875
2.68109130859375
2.5523681640625
2.68212890625
2.4893798828125
2.785888671875
2.60491943359375
2.84002685546875
2.27728271484375
2.6202392578125
2.38726806640625
2.52288818359375
2.82696533203125
2.4139404296875
2.52899169921875
2.52032470703125
2.3922119140625
2.61468505859375
2.55584716796875
2.6529541015625
2.67047119140625
2.50396728515625
2.78399658203125
2.30010986328125
2.6343994140625
2.6434326171875
2.50115966796875
2.6209716796875
2.687255859375
2.7979736328125
2.56195068359375
2.60333251953125
2.60943603515625
2.35888671875
2.41180419921875
2.77728271484375
2.50213623046875
2.6873779296875
2.63421630859375
2.62994384765625
2.54058837890625
2.497802734375
2.55804443359375
2.52435302734375
2.767822265625
2.17059326171875
2.6988525390625
2.60345458984375
2.756591796875
2.854248046875
2.51507568359375
2.51123046875
2.698974609375
2.6258544921875
2.5032958984375
2.62701416015625
2.81854248046875
2.489990234375
2.61358642578125
2.6268310546875
2.5469970703125
2.46710205078125
2.68865966796875
2.40203857421875
2.36517333984375
2.47088623046875
2.68145751953125
2.53125
2.67291259765625
2.3760986328125
2.53253173828125
2.5120849609375
2.59661865234375
2.36285400390625
2.65362548828125
2.4959716796875
2.8038330078125
2.49652099609375
2.71429443359375
2.4405517578125
2.6060791015625
2.64385986328125
2.66839599609375
2.4278564453125
2.58782958984375
2.53436279296875
2.4708251953125
2.78070068359375
2.4783935546875
2.57354736328125
2.62420654296875
2.80908203125
2.70538330078125
2.6103515625
2.56060791015625
2.64581298828125
3.0833740234375
2.07415771484375
2.56622314453125
2.92236328125
2.677490234375
2.62347412109375
2.6146240234375
2.43951416015625
2.441162109375
2.65838623046875
2.52734375
2.62158203125
2.6705322265625
2.72589111328125
2.3040771484375
2.307861328125
2.58209228515625
2.5401611328125
2.92108154296875
2.57501220703125
2.53057861328125
2.5565185546875
2.620849609375
2.657470703125
2.47454833984375
2.775634765625
2.5577392578125
2.5980224609375
2.74017333984375
2.76910400390625
2.7342529296875
2.69512939453125
2.444580078125
2.90057373046875
2.27105712890625
2.566162109375
2.28839111328125
2.50909423828125
2.4061279296875
2.6102294921875
2.36920166015625
2.64825439453125
2.4830322265625
2.60986328125
2.77197265625
2.6962890625
2.681396484375
2.7945556640625
2.39678955078125
2.66583251953125
2.6573486328125
2.580078125
2.826416015625
2.758056640625
2.74853515625
2.23834228515625
2.59527587890625
2.62701416015625
2.43646240234375
2.35089111328125
2.76446533203125
2.3486328125
2.6729736328125
2.53082275390625
2.41265869140625
2.58221435546875
