0.84002685546875
0.84002685546875
0.84002685546875
0.84002685546875
0.84002685546875
0.956787109375
1.1602783203125
0.859130859375
1.11053466796875
1.3905029296875
1.1807861328125
0.938232421875
1.17059326171875
1.16607666015625
1.22802734375
1.10577392578125
1.3426513671875
1.1051025390625
1.29718017578125
1.31585693359375
1.18377685546875
1.2149658203125
1.051513671875
1.3046875
1.2587890625
1.05535888671875
1.07464599609375
1.19561767578125
1.07452392578125
1.17889404296875
1.0791015625
1.34326171875
1.10577392578125
0.92840576171875
1.04022216796875
1.1495361328125
1.31927490234375
1.208984375
1.06158447265625
1.07989501953125
1.0030517578125
1.213623046875
1.2279052734375
1.0933837890625
1.0421142578125
1.08428955078125
1.29400634765625
1.38067626953125
1.21075439453125
0.9671630859375
1.1588134765625
1.330322265625
0.92218017578125
1.29864501953125
1.16326904296875
1.19842529296875
1.127197265625
1.17047119140625
1.1561279296875
1.26568603515625
1.29815673828125
1.20989990234375
0.998291015625
0.9635009765625
1.24993896484375
1.40716552734375
0.901123046875
1.18798828125
1.211181640625
1.11175537109375
1.031005859375
1.2293701171875
1.03204345703125
0.849853515625
1.05364990234375
1.3057861328125
1.1463623046875
1.21124267578125
1.1181640625
1.08343505859375
1.14617919921875
1.1033935546875
1.29522705078125
0.99078369140625
1.297119140625
1.3521728515625
1.3260498046875
1.27423095703125
1.10955810546875
1.2227783203125
0.9610595703125
1.21856689453125
1.3170166015625
0.9918212890625
1.302734375
1.387451171875
1.02532958984375
1.013916015625
1.4324951171875
1.12847900390625
1.10675048828125
1.2037353515625
1.28460693359375
1.111572265625
1.40155029296875
1.34747314453125
1.3343505859375
1.079833984375
1.01666259765625
0.96221923828125
1.29864501953125
1.14398193359375
1.0218505859375
1.13128662109375
1.2745361328125
1.07135009765625
1.21343994140625
0.8958740234375
1.31475830078125
1.16351318359375
1.02117919921875
1.20367431640625
1.13519287109375
1.2581787109375
0.90631103515625
1.23553466796875
1.2657470703125
1.09423828125
1.30126953125
1.0950927734375
1.16851806640625
0.96441650390625
1.10089111328125
1.1866455078125
1.43194580078125
1.38787841796875
1.17254638671875
1.12530517578125
1.2552490234375
1.059326171875
1.10247802734375
1.14300537109375
1.03009033203125
1.10357666015625
0.97540283203125
1.37445068359375
1.03265380859375
1.17254638671875
1.36578369140625
1.263916015625
1.055419921875
1.0130615234375
1.1446533203125
0.93756103515625
0.9814453125
1.1690673828125
1.0430908203125
0.88555908203125
1.13348388671875
1.0367431640625
1.24560546875
1.2752685546875
1.0816650390625
1.2674560546875
1.1033935546875
0.996337890625
1.06121826171875
1.1903076171875
1.2218017578125
1.16473388671875
0.8729248046875
1.25299072265625
1.14886474609375
1.0625
0.9716796875
1.2774658203125
1.1900634765625
1.3531494140625
1.20196533203125
0.9722900390625
1.05950927734375
1.0865478515625
1.098876953125
1.285400390625
1.0521240234375
1.14129638671875
1.01373291015625
0.8109130859375
1.005615234375
0.94744873046875
1.2757568359375
1.1988525390625
1.11077880859375
1.04541015625
0.8905029296875
1.16571044921875
0.7860107421875
1.33673095703125
1.00689697265625
1.0107421875
1.21142578125
1.13665771484375
1.16796875
0.99365234375
1.33966064453125
1.3980712890625
1.34832763671875
1.32916259765625
1.021484375
1.2413330078125
1.1292724609375
1.41571044921875
1.328369140625
0.956787109375
1.08465576171875
1.1002197265625
1.060302734375
1.1776123046875
1.2249755859375
1.24090576171875
1.1793212890625
1.32305908203125
1.42059326171875
1.279296875
1.22314453125
1.07708740234375
1.2073974609375
1.19549560546875
0.97747802734375
1.345947265625
1.2613525390625
1.1011962890625
1.20953369140625
1.01983642578125
1.15087890625
1.2288818359375
1.1339111328125
1.20220947265625
1.3284912109375
1.177734375
1.2125244140625
1.18817138671875
1.067626953125
1.1009521484375
1.05029296875
1.09881591796875
0.98321533203125
1.43768310546875
1.18011474609375
1.11102294921875
1.302734375
1.23193359375
1.18609619140625
1.05181884765625
1.2613525390625
1.17218017578125
0.98736572265625
1.12420654296875
1.10418701171875
1.0526123046875
1.1322021484375
1.14752197265625
1.3717041015625
1.28399658203125
1.36273193359375
1.3046875
0.88555908203125
0.96282958984375
1.19940185546875
1.0697021484375
1.24334716796875
1.17333984375
1.28070068359375
1.25469970703125
1.3170166015625
1.11285400390625
1.21649169921875
1.11126708984375
0.90533447265625
1.10296630859375
1.22052001953125
1.16717529296875
1.27801513671875
1.170166015625
1.28399658203125
1.135986328125
1.00189208984375
1.03350830078125
1.2747802734375
1.3333740234375
1.23309326171875
1.10821533203125
1.266357421875
1.03125
0.93243408203125
1.43585205078125
0.8677978515625
0.99444580078125
1.00115966796875
1.2938232421875
1.31475830078125
1.2220458984375
1.285400390625
1.1260986328125
1.08807373046875
1.1826171875
1.16766357421875
1.5870361328125
1.0936279296875
1.20989990234375
1.0714111328125
0.994140625
0.9151611328125
0.97930908203125
1.04132080078125
1.00653076171875
1.38848876953125
1.0164794921875
1.0987548828125
1.197998046875
1.302734375
1.23358154296875
1.14227294921875
1.37652587890625
1.3184814453125
1.3916015625
1.04840087890625
1.07666015625
0.83917236328125
1.281005859375
1.09454345703125
1.08587646484375
1.23577880859375
1.23516845703125
1.271728515625
0.93450927734375
1.27044677734375
1.3544921875
1.1614990234375
1.1865234375
1.251953125
1.1365966796875
0.824462890625
1.17730712890625
1.314697265625
1.2606201171875
1.25341796875
0.9378662109375
1.03326416015625
1.22296142578125
1.0015869140625
1.1622314453125
1.16827392578125
1.156005859375
1.09381103515625
1.2435302734375
1.0484619140625
1.2003173828125
1.123046875
1.18341064453125
1.31207275390625
1.25994873046875
1.46429443359375
1.208984375
1.1463623046875
1.09686279296875
1.20782470703125
1.15228271484375
1.13043212890625
1.09344482421875
1.34423828125
1.41192626953125
1.14825439453125
1.26531982421875
1.54083251953125
1.15673828125
1.13043212890625
1.1884765625
1.02056884765625
0.96435546875
1.009521484375
1.29815673828125
1.16387939453125
1.21929931640625
1.35321044921875
1.100830078125
1.1170654296875
1.15985107421875
1.04058837890625
1.315673828125
1.0419921875
1.1953125
1.134521484375
1.2059326171875
1.16778564453125
1.1448974609375
1.2674560546875
1.05853271484375
0.96142578125
1.2578125
1.0306396484375
1.30364990234375
1.17138671875
1.128662109375
1.0611572265625
1.0367431640625
1.12298583984375
1.1439208984375
1.0648193359375
1.09210205078125
1.21771240234375
1.2615966796875
1.04669189453125
1.15496826171875
1.0595703125
1.236572265625
1.08685302734375
1.0401611328125
1.16015625
1.156494140625
1.2100830078125
1.19793701171875
0.8232421875
1.28326416015625
1.046142578125
1.213134765625
1.26458740234375
1.03570556640625
1.26654052734375
0.9366455078125
1.0062255859375
1.31158447265625
1.12127685546875
0.94476318359375
1.0462646484375
1.3865966796875
1.01324462890625
1.00616455078125
1.18426513671875
1.02020263671875
1.148193359375
1.34130859375
1.2098388671875
0.947509765625
1.225341796875
1.2567138671875
1.064208984375
1.09197998046875
1.0545654296875
1.00897216796875
1.285400390625
1.16845703125
1.2161865234375
0.8402099609375
1.25555419921875
1.3984375
1.185791015625
1.06011962890625
0.900390625
1.25018310546875
0.904052734375
1.2689208984375
1.26287841796875
1.40185546875
1.36383056640625
1.09814453125
1.15765380859375
1.2325439453125
1.575439453125
1.08526611328125
1.3143310546875
1.3968505859375
0.84027099609375
1.0609130859375
1.09332275390625
1.06463623046875
1.17626953125
1.2950439453125
1.346435546875
1.27996826171875
1.3909912109375
1.376953125
0.97998046875
1.15594482421875
1.15887451171875
1.14630126953125
1.28741455078125
1.21343994140625
1.02606201171875
1.15447998046875
1.133544921875
1.29876708984375
1.33868408203125
1.30902099609375
0.93780517578125
1.02178955078125
1.115966796875
0.79571533203125
1.1978759765625
1.18658447265625
1.03607177734375
1.0849609375
1.39849853515625
1.00811767578125
0.871337890625
1.40631103515625
1.18914794921875
1.04058837890625
1.22296142578125
1.32257080078125
1.49725341796875
1.1251220703125
1.04034423828125
1.12957763671875
0.91766357421875
1.26513671875
1.0150146484375
1.079833984375
1.14453125
1.15380859375
1.15069580078125
1.048583984375
1.1707763671875
0.963134765625
1.36541748046875
1.232666015625
1.10125732421875
0.9775390625
1.21075439453125
1.32763671875
1.16729736328125
1.10601806640625
1.250732421875
1.02667236328125
1.0152587890625
1.2745361328125
1.36248779296875
0.8138427734375
1.22344970703125
1.271240234375
1.17181396484375
1.02496337890625
1.15899658203125
1.1771240234375
1.17291259765625
1.18609619140625
1.15496826171875
1.015869140625
1.39312744140625
1.06915283203125
1.24267578125
1.268798828125
0.97064208984375
1.04083251953125
1.21673583984375
1.134033203125
1.25274658203125
1.273681640625
1.0787353515625
1.1199951171875
1.47821044921875
1.00439453125
0.96246337890625
1.21380615234375
1.2366943359375
1.29150390625
1.39642333984375
1.19989013671875
0.863037109375
1.1187744140625
1.1258544921875
1.26116943359375
1.25030517578125
1.39276123046875
1.32562255859375
1.2869873046875
1.30877685546875
1.02703857421875
1.1083984375
1.36273193359375
1.03179931640625
1.2100830078125
1.36419677734375
1.0614013671875
1.22314453125
1.196044921875
1.2364501953125
1.11041259765625
1.03564453125
1.15301513671875
1.27886962890625
1.3984375
0.98480224609375
1.15850830078125
1.21673583984375
1.203369140625
0.91143798828125
1.1220703125
1.04925537109375
1.17535400390625
0.98291015625
1.42852783203125
1.20953369140625
1.22314453125
1.10125732421875
1.2528076171875
1.23541259765625
1.0733642578125
1.114990234375
1.09051513671875
1.18719482421875
1.38812255859375
1.24664306640625
1.10650634765625
1.18695068359375
1.0367431640625
1.11297607421875
1.37713623046875
1.09100341796875
1.09796142578125
1.384765625
1.16204833984375
1.23681640625
1.10272216796875
0.97515869140625
1.1982421875
0.9947509765625
1.29339599609375
0.9564208984375
1.340087890625
0.97625732421875
1.17779541015625
1.06280517578125
1.0377197265625
1.10784912109375
1.224853515625
1.05902099609375
1.15118408203125
1.34466552734375
1.15399169921875
1.043212890625
0.96246337890625
1.0340576171875
1.23992919921875
1.17254638671875
1.0433349609375
1.272216796875
1.13275146484375
1.04644775390625
0.9720458984375
1.26519775390625
1.0679931640625
1.2603759765625
0.92816162109375
1.4337158203125
1.05889892578125
1.0855712890625
1.3231201171875
1.37347412109375
1.43536376953125
1.2164306640625
0.938232421875
1.1435546875
1.26263427734375
1.3543701171875
1.24798583984375
1.14947509765625
1.23193359375
1.1507568359375
1.14447021484375
1.22369384765625
1.34771728515625
1.15399169921875
0.9234619140625
1.24871826171875
1.0550537109375
1.076416015625
1.15704345703125
1.22113037109375
1.31097412109375
1.08428955078125
1.174072265625
1.36944580078125
1.4136962890625
1.02984619140625
1.0787353515625
1.19268798828125
1.0469970703125
1.1929931640625
1.081298828125
0.9718017578125
1.16754150390625
1.115234375
1.2158203125
1.14971923828125
1.1053466796875
1.198974609375
1.365234375
1.35064697265625
1.28607177734375
1.15625
1.19891357421875
1.2366943359375
1.29534912109375
1.01971435546875
0.89703369140625
1.3363037109375
1.1956787109375
1.2630615234375
1.10015869140625
1.179443359375
1.30230712890625
1.2274169921875
1.26690673828125
1.17010498046875
1.30078125
1.04144287109375
1.0670166015625
1.03436279296875
1.10516357421875
0.8822021484375
1.10205078125
1.14532470703125
1.2711181640625
1.16278076171875
1.01751708984375
1.0361328125
1.09283447265625
1.36676025390625
1.05303955078125
0.978759765625
1.28717041015625
0.99951171875
1.1627197265625
1.087890625
0.76324462890625
1.27593994140625
1.29144287109375
1.30572509765625
1.1839599609375
1.28857421875
1.0711669921875
1.3404541015625
1.086669921875
1.2724609375
1.15350341796875
1.29010009765625
1.05999755859375
1.07757568359375
1.079345703125
0.9759521484375
1.1993408203125
1.234619140625
0.924560546875
1.19183349609375
1.39910888671875
1.05328369140625
1.13177490234375
1.26165771484375
1.1636962890625
1.1766357421875
1.3743896484375
1.15411376953125
1.04595947265625
1.2911376953125
1.09515380859375
1.24957275390625
1.22894287109375
0.9310302734375
0.90142822265625
1.1842041015625
1.518798828125
1.0966796875
1.12213134765625
1.102294921875
1.30194091796875
1.17230224609375
1.0032958984375
1.18939208984375
1.1942138671875
0.92010498046875
1.03204345703125
1.09942626953125
0.823486328125
1.2894287109375
1.14288330078125
1.18243408203125
1.11602783203125
1.29669189453125
1.10174560546875
1.25274658203125
0.89544677734375
0.952392578125
1.37335205078125
1.17962646484375
1.18438720703125
1.09210205078125
1.42095947265625
1.1771240234375
1.03143310546875
1.0556640625
0.96063232421875
1.10211181640625
1.1534423828125
1.293212890625
1.180908203125
1.12353515625
1.1297607421875
1.33941650390625
1.0869140625
1.16064453125
0.9466552734375
1.29736328125
1.01171875
1.11181640625
0.93939208984375
1.14007568359375
1.15167236328125
1.192138671875
1.197509765625
1.008056640625
1.193603515625
0.95343017578125
1.4091796875
1.28546142578125
1.23919677734375
1.05621337890625
1.18658447265625
1.09246826171875
1.18096923828125
1.00970458984375
1.08013916015625
0.98321533203125
1.09649658203125
1.0035400390625
0.9600830078125
1.06964111328125
0.9541015625
1.2264404296875
1.1397705078125
1.15472412109375
1.1358642578125
1.06072998046875
1.18145751953125
1.16302490234375
1.18487548828125
1.32080078125
1.18231201171875
1.26068115234375
0.99530029296875
1.135498046875
1.26031494140625
0.9248046875
0.8897705078125
1.44110107421875
1.02740478515625
1.01202392578125
1.0064697265625
1.32012939453125
1.361572265625
1.212646484375
1.21551513671875
1.03533935546875
1.2435302734375
1.11566162109375
1.1416015625
1.11767578125
1.024169921875
1.4259033203125
1.1900634765625
1.18560791015625
1.1832275390625
1.1636962890625
0.9462890625
1.0374755859375
1.46795654296875
1.04791259765625
1.3155517578125
1.27008056640625
1.276611328125
1.2244873046875
0.9981689453125
1.147705078125
1.18743896484375
1.117431640625
1.21026611328125
1.29986572265625
1.25006103515625
1.073486328125
1.13629150390625
1.1964111328125
1.224853515625
1.1385498046875
0.98236083984375
1.1280517578125
1.1298828125
1.09210205078125
1.20721435546875
0.97283935546875
1.306640625
1.17193603515625
1.14422607421875
1.087158203125
1.1790771484375
1.41259765625
1.1400146484375
1.3016357421875
1.02813720703125
1.21795654296875
1.31610107421875
0.90887451171875
1.15435791015625
1.28460693359375
1.11785888671875
1.32952880859375
1.12982177734375
1.2840576171875
1.021240234375
1.34521484375
0.80169677734375
1.1787109375
1.1878662109375
1.14605712890625
1.31842041015625
1.115966796875
1.269287109375
1.31640625
1.36639404296875
1.17919921875
0.87969970703125
1.1187744140625
1.04705810546875
0.9234619140625
0.93310546875
1.15521240234375
1.174072265625
1.13067626953125
1.160400390625
1.24017333984375
0.92303466796875
0.97723388671875
1.21075439453125
1.15814208984375
1.2027587890625
1.10784912109375
1.10198974609375
1.16717529296875
1.29486083984375
1.2281494140625
1.27655029296875
1.34674072265625
1.1337890625
1.36810302734375
1.42767333984375
1.54034423828125
1.00115966796875
1.15789794921875
1.2734375
0.892578125
1.12347412109375
1.0390625
1.1812744140625
1.21234130859375
1.3756103515625
1.13275146484375
0.99017333984375
1.03594970703125
1.050537109375
1.13818359375
0.92291259765625
1.30413818359375
0.85198974609375
0.86346435546875
1.19659423828125
0.90362548828125
1.08612060546875
1.2305908203125
1.4921875
0.873291015625
1.2041015625
1.4931640625
1.2041015625
1.2752685546875
1.0830078125
0.95941162109375
1.30841064453125
1.40045166015625
1.38714599609375
1.04119873046875
1.149169921875
