0.98077392578125
0.98077392578125
0.98077392578125
1.43597412109375
1.4913330078125
1.515380859375
1.3519287109375
1.43646240234375
1.48394775390625
1.14117431640625
1.50244140625
1.377685546875
1.42901611328125
1.3790283203125
1.34130859375
1.70135498046875
1.31524658203125
1.35882568359375
1.3125
1.4295654296875
1.32794189453125
1.129150390625
1.29132080078125
1.3599853515625
1.469970703125
1.57171630859375
1.43536376953125
1.5
1.14581298828125
1.36444091796875
1.11578369140625
1.3685302734375
1.38385009765625
1.46917724609375
1.3460693359375
1.34393310546875
1.59356689453125
1.59228515625
1.38250732421875
1.4794921875
1.25262451171875
1.54486083984375
1.35089111328125
1.56781005859375
1.24560546875
1.47723388671875
1.515625
1.52032470703125
1.4073486328125
1.15533447265625
1.34893798828125
1.57257080078125
1.14068603515625
1.05523681640625
1.31610107421875
1.494384765625
1.35589599609375
1.49609375
1.21844482421875
1.580322265625
1.05657958984375
1.08843994140625
1.334716796875
1.36456298828125
1.40692138671875
1.14678955078125
1.23382568359375
1.421630859375
1.38604736328125
0.969482421875
1.54339599609375
1.4217529296875
1.47698974609375
1.32659912109375
1.36395263671875
1.44940185546875
1.40924072265625
1.35760498046875
1.2227783203125
1.2020263671875
1.25543212890625
1.1912841796875
1.07623291015625
1.48095703125
1.2373046875
1.46026611328125
1.2581787109375
1.43701171875
1.128173828125
1.125244140625
1.1651611328125
1.563720703125
1.45440673828125
1.26898193359375
1.5181884765625
1.4111328125
1.35418701171875
1.19189453125
1.2025146484375
1.44366455078125
1.3323974609375
1.33880615234375
1.24176025390625
1.255859375
1.2813720703125
1.1153564453125
1.1505126953125
1.36181640625
1.451416015625
1.291259765625
1.5513916015625
1.55096435546875
1.587646484375
1.28326416015625
1.43597412109375
1.23529052734375
1.36962890625
1.28765869140625
0.9593505859375
1.36883544921875
1.41357421875
1.50555419921875
1.39007568359375
1.29144287109375
1.3367919921875
1.52740478515625
1.50494384765625
1.73974609375
1.3394775390625
1.190673828125
1.16351318359375
1.31805419921875
1.12823486328125
1.4464111328125
1.4815673828125
1.3310546875
1.29278564453125
1.45904541015625
1.1036376953125
1.25335693359375
1.3475341796875
1.34466552734375
1.25433349609375
1.42755126953125
1.1943359375
1.47857666015625
1.64666748046875
1.3668212890625
1.07696533203125
1.493896484375
1.6910400390625
1.40399169921875
1.45916748046875
1.61151123046875
1.2685546875
1.21612548828125
1.4105224609375
1.4617919921875
1.0137939453125
1.600341796875
1.07171630859375
1.30755615234375
1.36968994140625
1.26214599609375
1.1552734375
1.43963623046875
1.53076171875
1.4251708984375
1.29010009765625
1.3394775390625
1.240966796875
1.2591552734375
1.574951171875
1.34375
1.49554443359375
1.24468994140625
1.37188720703125
1.26910400390625
1.37115478515625
0.92559814453125
1.1334228515625
1.14178466796875
1.502685546875
1.58148193359375
1.30859375
1.35565185546875
1.442138671875
1.42559814453125
1.1119384765625
1.131103515625
1.23614501953125
1.42242431640625
1.536865234375
1.30999755859375
1.1895751953125
1.29449462890625
1.35498046875
1.38726806640625
1.362548828125
1.35406494140625
1.24383544921875
1.2171630859375
1.45465087890625
1.34588623046875
1.4296875
1.43878173828125
1.24737548828125
1.2506103515625
1.16375732421875
1.464599609375
1.31060791015625
1.25970458984375
1.34197998046875
1.40966796875
1.49822998046875
1.50811767578125
1.5418701171875
1.16619873046875
1.1431884765625
1.3641357421875
1.28955078125
1.33990478515625
1.57073974609375
1.0718994140625
1.4171142578125
1.1370849609375
1.15771484375
1.220947265625
1.71014404296875
1.5228271484375
1.536865234375
1.4434814453125
1.25811767578125
1.64288330078125
1.5037841796875
1.34625244140625
1.41796875
1.3321533203125
1.32879638671875
1.4044189453125
1.4664306640625
1.41351318359375
1.42559814453125
1.46136474609375
1.39959716796875
1.1668701171875
1.30731201171875
1.3773193359375
1.35516357421875
1.359619140625
1.42059326171875
1.3558349609375
1.43157958984375
1.373291015625
1.3018798828125
1.35430908203125
1.16925048828125
1.310791015625
1.4227294921875
1.20428466796875
1.307373046875
1.34521484375
1.26080322265625
1.39007568359375
1.42510986328125
1.4871826171875
1.36224365234375
1.49981689453125
1.35333251953125
1.61865234375
1.205810546875
1.074951171875
1.2760009765625
1.3790283203125
1.3865966796875
1.4678955078125
1.60052490234375
1.5902099609375
1.47705078125
1.25439453125
1.38525390625
1.4295654296875
1.2113037109375
1.38232421875
1.23480224609375
1.20965576171875
1.32275390625
1.22998046875
1.19189453125
1.44287109375
1.42254638671875
1.3280029296875
1.26983642578125
1.34722900390625
1.1177978515625
1.291259765625
1.18170166015625
1.2889404296875
1.43768310546875
1.335693359375
1.51727294921875
1.3348388671875
1.52508544921875
1.389892578125
0.99884033203125
1.416259765625
1.189697265625
1.1593017578125
1.110595703125
1.449462890625
1.42803955078125
1.24591064453125
1.39935302734375
1.36419677734375
1.452880859375
1.48077392578125
1.44366455078125
1.138427734375
1.23345947265625
1.50616455078125
1.2650146484375
1.35076904296875
1.15789794921875
1.4576416015625
1.505615234375
1.29888916015625
1.33856201171875
1.34637451171875
1.3734130859375
1.2020263671875
1.44952392578125
1.433349609375
1.35699462890625
1.29595947265625
1.65350341796875
1.41912841796875
1.13983154296875
1.43963623046875
1.72174072265625
1.13177490234375
1.35595703125
1.380615234375
1.5924072265625
1.33270263671875
1.3626708984375
1.5914306640625
1.38983154296875
1.34619140625
1.43621826171875
1.5150146484375
1.52923583984375
1.1170654296875
1.41790771484375
1.27972412109375
1.35675048828125
1.29217529296875
1.258056640625
1.37298583984375
1.1524658203125
1.47412109375
1.21484375
1.49017333984375
1.2960205078125
1.5966796875
1.2872314453125
1.04443359375
1.29217529296875
1.46087646484375
1.27093505859375
1.4642333984375
1.28790283203125
1.34588623046875
1.2530517578125
1.440673828125
1.366455078125
1.37860107421875
1.28466796875
1.541748046875
1.276123046875
1.3929443359375
1.42926025390625
1.29156494140625
1.3929443359375
1.4827880859375
1.50628662109375
1.21136474609375
1.21514892578125
1.523681640625
1.525390625
1.092529296875
1.44146728515625
1.246337890625
1.3643798828125
1.5557861328125
1.25860595703125
1.3050537109375
1.37347412109375
1.3883056640625
0.92608642578125
1.1826171875
1.50665283203125
1.185546875
1.33428955078125
1.1868896484375
1.49273681640625
1.4854736328125
1.31866455078125
1.45892333984375
1.205078125
1.34124755859375
1.30792236328125
1.38055419921875
1.529052734375
1.14251708984375
1.455078125
1.5714111328125
1.53497314453125
1.1954345703125
1.5914306640625
1.35809326171875
1.4715576171875
1.32281494140625
1.254150390625
1.27587890625
1.4140625
1.34991455078125
1.284912109375
1.5780029296875
1.2867431640625
1.32928466796875
1.23956298828125
1.5023193359375
1.05609130859375
1.2442626953125
1.16595458984375
1.4364013671875
1.34222412109375
1.03875732421875
1.24224853515625
1.5010986328125
1.50518798828125
1.24249267578125
1.63037109375
1.35137939453125
1.20458984375
1.18804931640625
1.5615234375
1.53863525390625
1.18865966796875
1.41033935546875
1.52105712890625
1.31732177734375
1.381591796875
1.20892333984375
1.37176513671875
1.17828369140625
1.35516357421875
1.0506591796875
1.31695556640625
1.4603271484375
1.431396484375
1.57769775390625
1.1690673828125
1.12689208984375
1.310546875
1.22113037109375
1.33795166015625
1.40667724609375
1.48406982421875
1.158447265625
1.4581298828125
1.2298583984375
1.55084228515625
1.3819580078125
1.1180419921875
1.340576171875
1.408935546875
1.2374267578125
1.2254638671875
1.4200439453125
1.18896484375
1.249755859375
1.3505859375
1.34429931640625
1.4290771484375
1.52349853515625
1.24786376953125
1.166015625
1.56121826171875
1.17138671875
1.04583740234375
1.4874267578125
1.26593017578125
1.196044921875
1.25042724609375
1.276123046875
1.35491943359375
1.3536376953125
1.37310791015625
1.48382568359375
1.46270751953125
1.4957275390625
1.21978759765625
1.41448974609375
1.412109375
1.1268310546875
1.236572265625
1.461181640625
1.38641357421875
1.4974365234375
1.20611572265625
1.3770751953125
1.0452880859375
1.36004638671875
1.4647216796875
1.42486572265625
1.57415771484375
1.3427734375
1.427490234375
1.39654541015625
1.22955322265625
1.22821044921875
1.322509765625
1.25640869140625
1.35992431640625
1.2232666015625
1.32232666015625
1.35150146484375
1.11920166015625
1.31317138671875
1.2857666015625
1.2679443359375
1.08294677734375
1.45794677734375
1.45550537109375
1.302490234375
1.3868408203125
1.60858154296875
1.32275390625
1.4576416015625
1.62896728515625
1.26568603515625
1.1219482421875
1.33660888671875
1.335693359375
1.37628173828125
1.39324951171875
1.21820068359375
1.56732177734375
1.23992919921875
1.40875244140625
1.3223876953125
1.21124267578125
1.11431884765625
1.1781005859375
1.48101806640625
1.58160400390625
1.290771484375
1.39471435546875
1.16119384765625
1.38958740234375
1.48040771484375
1.5567626953125
1.27850341796875
1.376953125
0.9970703125
1.36328125
1.23626708984375
1.3951416015625
1.3438720703125
1.356689453125
1.32086181640625
1.031982421875
1.27008056640625
1.40594482421875
1.27801513671875
1.33782958984375
1.3836669921875
1.434814453125
1.566162109375
1.55804443359375
1.41168212890625
1.4600830078125
1.3038330078125
1.22027587890625
1.298583984375
0.9813232421875
1.43353271484375
1.26873779296875
1.59576416015625
1.39599609375
1.5211181640625
1.5067138671875
1.32293701171875
1.359619140625
1.41156005859375
1.4010009765625
1.49920654296875
1.16571044921875
1.264892578125
1.35015869140625
1.624267578125
1.12603759765625
1.71246337890625
1.18505859375
0.86639404296875
1.3240966796875
1.470947265625
1.4429931640625
1.1612548828125
1.057861328125
1.26531982421875
1.50311279296875
1.35906982421875
1.5074462890625
0.997314453125
1.4522705078125
1.14874267578125
1.3828125
1.10992431640625
1.52386474609375
1.026123046875
1.132568359375
1.2645263671875
1.21685791015625
1.30023193359375
1.2423095703125
1.55841064453125
1.6109619140625
1.533203125
1.4783935546875
1.4605712890625
1.218994140625
1.498291015625
1.2987060546875
1.1884765625
1.24322509765625
1.35693359375
1.29046630859375
1.60400390625
1.43408203125
1.382080078125
1.39288330078125
1.13848876953125
1.3714599609375
1.1905517578125
1.4166259765625
1.3206787109375
1.57073974609375
1.46368408203125
1.650634765625
1.34149169921875
1.39410400390625
1.3433837890625
1.44757080078125
1.4295654296875
0.969970703125
1.2144775390625
1.35394287109375
1.4945068359375
1.428955078125
1.38250732421875
1.181396484375
1.2633056640625
1.3863525390625
1.47833251953125
1.40289306640625
1.19476318359375
1.28839111328125
1.50384521484375
1.45037841796875
0.86181640625
1.01190185546875
1.167236328125
1.224609375
1.0882568359375
1.2669677734375
1.154296875
1.3760986328125
1.39520263671875
1.2933349609375
1.4068603515625
1.3604736328125
1.55908203125
1.17657470703125
1.3634033203125
1.30865478515625
1.1954345703125
1.301513671875
1.29522705078125
1.51470947265625
1.52484130859375
1.47235107421875
1.39056396484375
0.99859619140625
1.37615966796875
1.3868408203125
1.21844482421875
1.4346923828125
1.49188232421875
1.19134521484375
1.6273193359375
1.37640380859375
1.21478271484375
1.36077880859375
1.30169677734375
1.27850341796875
1.27679443359375
1.341064453125
1.225341796875
1.55694580078125
1.19970703125
1.19000244140625
1.27972412109375
1.41021728515625
1.2843017578125
1.34197998046875
1.46649169921875
1.4312744140625
1.43463134765625
1.39093017578125
1.30499267578125
1.51361083984375
1.4583740234375
1.24609375
1.4793701171875
1.240234375
1.527099609375
1.4949951171875
1.31439208984375
0.9810791015625
1.17974853515625
1.35345458984375
1.23199462890625
1.278076171875
1.22857666015625
1.20166015625
1.2733154296875
1.573486328125
1.37054443359375
1.326416015625
1.21539306640625
1.53741455078125
1.4200439453125
1.28240966796875
1.16552734375
1.47967529296875
1.28070068359375
1.1163330078125
1.25738525390625
1.472900390625
1.2354736328125
1.46282958984375
1.42486572265625
1.378662109375
1.414794921875
1.23187255859375
1.49542236328125
1.62750244140625
1.43914794921875
1.32989501953125
1.12921142578125
1.36505126953125
1.22052001953125
1.26416015625
1.31146240234375
1.3603515625
1.56573486328125
1.2486572265625
1.5487060546875
1.29608154296875
1.3126220703125
1.365478515625
1.55670166015625
1.38885498046875
1.43121337890625
1.22735595703125
1.68072509765625
1.19976806640625
1.191650390625
1.35968017578125
1.100830078125
1.233642578125
1.4539794921875
1.20831298828125
1.373779296875
1.40301513671875
1.0384521484375
1.45025634765625
1.25518798828125
1.338623046875
1.35321044921875
1.385009765625
1.3587646484375
1.23138427734375
1.42303466796875
1.26361083984375
1.4403076171875
1.41650390625
1.4013671875
1.2518310546875
1.16119384765625
1.44573974609375
1.44317626953125
1.539794921875
1.46258544921875
1.5478515625
1.36590576171875
1.43853759765625
1.56866455078125
1.600341796875
1.36260986328125
1.3734130859375
1.2569580078125
1.40478515625
1.20623779296875
1.12530517578125
1.5167236328125
1.49639892578125
1.37371826171875
1.1285400390625
1.43597412109375
1.49273681640625
1.2928466796875
1.33026123046875
1.2386474609375
1.52618408203125
1.2618408203125
1.45648193359375
1.36834716796875
1.3502197265625
1.1221923828125
1.189697265625
1.34893798828125
1.30108642578125
1.50408935546875
1.29241943359375
1.531494140625
1.4344482421875
1.2353515625
1.32666015625
1.21734619140625
1.4937744140625
1.32330322265625
1.5103759765625
1.37457275390625
1.3951416015625
1.14923095703125
1.6192626953125
1.184326171875
1.45269775390625
1.45941162109375
1.1209716796875
1.56427001953125
1.3875732421875
1.10894775390625
1.31024169921875
1.3087158203125
1.21966552734375
1.353515625
1.03839111328125
1.49078369140625
1.14312744140625
1.40435791015625
1.1591796875
1.30865478515625
1.36737060546875
1.37353515625
1.29583740234375
1.35784912109375
1.3883056640625
1.097412109375
1.45111083984375
1.16717529296875
1.0091552734375
1.551513671875
1.52294921875
0.9344482421875
1.4661865234375
1.4442138671875
1.52691650390625
1.42205810546875
1.34014892578125
1.4622802734375
1.5101318359375
1.46844482421875
1.1226806640625
1.34796142578125
1.342041015625
1.4573974609375
1.438232421875
1.17120361328125
1.20196533203125
1.50665283203125
1.32135009765625
1.2298583984375
1.29290771484375
1.45953369140625
1.39361572265625
1.4276123046875
1.1829833984375
1.30657958984375
1.29254150390625
1.17218017578125
1.64373779296875
1.16607666015625
1.171630859375
1.4647216796875
1.580322265625
1.374755859375
1.54547119140625
1.1986083984375
1.418212890625
1.34173583984375
1.30291748046875
1.353515625
1.353271484375
1.5947265625
1.14422607421875
1.50762939453125
1.284912109375
1.1259765625
1.58819580078125
1.52783203125
1.38775634765625
1.3433837890625
1.20135498046875
1.4501953125
1.401123046875
1.3409423828125
1.40899658203125
1.3128662109375
1.201171875
1.3587646484375
1.50921630859375
1.48394775390625
1.49566650390625
1.34649658203125
1.25128173828125
1.2989501953125
1.453857421875
1.46795654296875
1.46942138671875
1.15185546875
1.13092041015625
1.43701171875
1.3365478515625
1.3701171875
1.524169921875
1.24786376953125
1.42340087890625
1.37847900390625
1.23980712890625
1.0545654296875
1.38592529296875
1.36883544921875
1.3804931640625
1.48077392578125
1.09149169921875
1.52655029296875
1.29693603515625
1.17620849609375
1.2926025390625
1.1485595703125
1.13116455078125
1.4017333984375
1.3504638671875
1.260009765625
1.26666259765625
1.24749755859375
1.50048828125
1.35601806640625
1.16827392578125
1.2115478515625
1.381103515625
1.25421142578125
1.31158447265625
1.451416015625
1.44482421875
1.44805908203125
1.286376953125
1.47247314453125
1.44384765625
1.6357421875
1.2379150390625
1.4022216796875
1.440673828125
1.2265625
1.3262939453125
1.504150390625
1.52532958984375
1.41937255859375
1.35406494140625
