2.2071533203125
2.2071533203125
2.2071533203125
2.2071533203125
2.2071533203125
2.2071533203125
2.2071533203125
2.2071533203125
2.2071533203125
2.34307861328125
2.40765380859375
2.63629150390625
2.3909912109375
2.4639892578125
2.545654296875
2.6162109375
2.52191162109375
2.38043212890625
2.29620361328125
2.58135986328125
2.53192138671875
2.58074951171875
2.40179443359375
2.34039306640625
2.47247314453125
2.5655517578125
2.504150390625
2.2713623046875
2.58154296875
2.528564453125
2.48724365234375
2.88385009765625
2.5418701171875
2.37261962890625
2.65667724609375
2.5826416015625
2.28082275390625
2.80108642578125
2.430419921875
2.43572998046875
2.25390625
2.39251708984375
2.2137451171875
2.37762451171875
2.349365234375
2.46710205078125
2.3765869140625
2.620849609375
2.4091796875
2.5919189453125
2.56024169921875
2.44000244140625
2.4193115234375
2.74078369140625
2.59722900390625
2.41473388671875
2.744384765625
2.6024169921875
2.4168701171875
2.34124755859375
2.59454345703125
2.454833984375
2.56536865234375
2.61248779296875
2.7664794921875
2.508056640625
2.64764404296875
2.462158203125
2.78729248046875
2.525146484375
2.44378662109375
2.3572998046875
2.64007568359375
2.29644775390625
2.42645263671875
2.4541015625
2.1943359375
2.1217041015625
2.55450439453125
2.4951171875
2.277587890625
2.76519775390625
2.41802978515625
2.5606689453125
2.2275390625
2.49169921875
2.4229736328125
2.51605224609375
2.40673828125
2.43585205078125
2.58465576171875
2.6512451171875
2.323486328125
2.7615966796875
2.50970458984375
2.29022216796875
2.3465576171875
2.67816162109375
2.50469970703125
2.73175048828125
2.6148681640625
2.40673828125
2.6368408203125
2.5435791015625
2.44610595703125
2.23388671875
2.4940185546875
2.59375
2.37713623046875
2.42095947265625
2.48876953125
2.6915283203125
2.56866455078125
2.5291748046875
2.4698486328125
2.5731201171875
2.15899658203125
2.4227294921875
2.6646728515625
2.68701171875
2.35858154296875
2.481689453125
2.4949951171875
2.73760986328125
2.639404296875
2.39202880859375
2.423828125
2.531494140625
2.33758544921875
2.609619140625
2.6671142578125
2.63812255859375
2.44586181640625
2.411376953125
2.5614013671875
2.7188720703125
2.732666015625
2.364013671875
2.3721923828125
2.4415283203125
2.664306640625
2.7010498046875
2.68084716796875
2.36492919921875
2.49560546875
2.76177978515625
2.2900390625
2.7891845703125
2.65625
2.4376220703125
2.50750732421875
2.6365966796875
2.35882568359375
2.28533935546875
2.54376220703125
2.5565185546875
2.44256591796875
2.33319091796875
2.48260498046875
2.45068359375
2.4066162109375
2.54266357421875
2.65289306640625
2.46148681640625
2.59771728515625
2.64166259765625
2.6181640625
2.62335205078125
2.197021484375
2.4036865234375
2.9244384765625
2.5496826171875
2.3409423828125
2.316650390625
2.6014404296875
2.72052001953125
2.62957763671875
2.662109375
2.58551025390625
2.4345703125
2.5679931640625
2.63470458984375
2.82952880859375
2.25439453125
2.80767822265625
2.40533447265625
2.44708251953125
2.40997314453125
2.62640380859375
2.389892578125
2.635498046875
2.49798583984375
2.586669921875
2.28863525390625
2.63800048828125
2.56964111328125
2.5023193359375
2.431884765625
2.81292724609375
2.480224609375
2.42059326171875
2.27093505859375
2.51129150390625
2.3394775390625
2.33575439453125
2.6578369140625
2.414794921875
2.339111328125
2.73712158203125
2.6151123046875
2.6314697265625
2.670166015625
2.423583984375
2.64251708984375
2.4217529296875
2.53240966796875
2.1966552734375
2.63525390625
2.476806640625
2.52587890625
2.54571533203125
2.5638427734375
2.60760498046875
2.54730224609375
2.4979248046875
2.28924560546875
2.5667724609375
2.53057861328125
2.5555419921875
2.5308837890625
2.71826171875
2.49761962890625
2.34063720703125
2.46417236328125
2.64801025390625
2.38385009765625
2.4705810546875
2.39959716796875
2.6414794921875
2.74932861328125
2.68402099609375
2.095458984375
2.16461181640625
2.2398681640625
2.4022216796875
2.70257568359375
2.51226806640625
2.69439697265625
2.29071044921875
2.31475830078125
2.556396484375
2.74066162109375
2.5469970703125
2.76446533203125
2.34136962890625
2.61004638671875
2.59185791015625
2.62921142578125
2.66510009765625
2.451904296875
2.47149658203125
2.81787109375
2.6654052734375
2.7005615234375
2.3721923828125
2.35986328125
2.22955322265625
2.6275634765625
2.3885498046875
2.59002685546875
2.64996337890625
2.5379638671875
2.50323486328125
2.6357421875
2.51495361328125
2.27105712890625
2.253662109375
2.38507080078125
2.45111083984375
2.551025390625
2.55450439453125
2.5595703125
2.64312744140625
2.57745361328125
2.36279296875
2.47119140625
2.70416259765625
2.5635986328125
2.40875244140625
2.468017578125
2.423583984375
2.61334228515625
2.261962890625
2.385498046875
2.63397216796875
2.5302734375
2.42095947265625
2.32012939453125
2.6129150390625
2.64825439453125
2.3876953125
2.64825439453125
2.5748291015625
2.58538818359375
2.452880859375
2.3585205078125
2.4716796875
2.67181396484375
2.59893798828125
2.58892822265625
2.728271484375
2.5328369140625
2.48870849609375
2.66259765625
2.57940673828125
2.59405517578125
2.47393798828125
2.6356201171875
2.28436279296875
2.64215087890625
2.58795166015625
2.47930908203125
2.484130859375
2.4996337890625
2.59478759765625
2.376953125
2.32147216796875
2.50384521484375
2.5167236328125
2.41363525390625
2.413818359375
2.5062255859375
2.58251953125
2.7880859375
2.51824951171875
2.65203857421875
2.62298583984375
2.46807861328125
2.37774658203125
2.23931884765625
2.284912109375
2.61602783203125
2.43865966796875
2.5379638671875
2.54522705078125
2.5938720703125
2.53802490234375
2.61822509765625
2.50164794921875
2.56475830078125
2.55926513671875
2.57806396484375
2.3485107421875
2.5660400390625
2.6011962890625
2.59613037109375
2.52587890625
2.29656982421875
2.51617431640625
2.4119873046875
2.50482177734375
2.791748046875
2.150390625
2.3890380859375
2.318359375
2.51708984375
2.4608154296875
2.4150390625
2.6046142578125
2.42718505859375
2.5609130859375
2.24359130859375
2.44891357421875
2.74981689453125
2.43170166015625
2.360595703125
2.531494140625
2.56005859375
2.30255126953125
2.55145263671875
2.39434814453125
2.41436767578125
2.287109375
2.21356201171875
2.71710205078125
2.27972412109375
2.454833984375
2.5809326171875
2.4337158203125
2.73907470703125
2.52728271484375
2.70343017578125
2.2664794921875
2.4124755859375
2.58935546875
2.5830078125
2.3345947265625
2.27520751953125
2.67706298828125
2.4727783203125
2.37689208984375
2.33575439453125
2.48089599609375
2.41796875
2.3128662109375
2.43487548828125
2.48486328125
2.2735595703125
2.30047607421875
2.24163818359375
2.52752685546875
2.23077392578125
2.65423583984375
2.558837890625
2.75579833984375
2.41619873046875
2.48223876953125
2.3492431640625
2.74993896484375
2.2242431640625
2.5323486328125
2.5101318359375
2.2259521484375
2.38775634765625
2.34356689453125
2.6612548828125
2.58673095703125
2.4000244140625
2.5960693359375
2.32000732421875
2.870361328125
2.5511474609375
2.62823486328125
2.506591796875
2.45037841796875
2.653076171875
2.28509521484375
2.68096923828125
2.510009765625
2.51727294921875
2.66162109375
2.26336669921875
2.611328125
2.5325927734375
2.66180419921875
2.4263916015625
2.27545166015625
2.434326171875
2.40771484375
2.68402099609375
2.476806640625
2.79168701171875
2.63885498046875
2.70709228515625
2.47064208984375
2.50927734375
2.55706787109375
2.4654541015625
2.44219970703125
2.8558349609375
2.50982666015625
2.62554931640625
2.7991943359375
2.21881103515625
2.34686279296875
2.18084716796875
2.59857177734375
2.34881591796875
2.5733642578125
2.62713623046875
2.57220458984375
2.41168212890625
2.71575927734375
2.64752197265625
2.668212890625
2.37176513671875
2.863525390625
2.4775390625
2.42767333984375
2.5443115234375
2.54022216796875
2.61663818359375
2.469482421875
2.47784423828125
2.5089111328125
2.3826904296875
2.3687744140625
2.44793701171875
2.44525146484375
2.78125
2.47540283203125
2.41131591796875
2.57568359375
2.69000244140625
2.58428955078125
2.532470703125
2.48162841796875
2.18743896484375
2.36834716796875
2.60687255859375
2.64825439453125
2.4951171875
2.1943359375
2.62457275390625
2.48162841796875
2.51043701171875
2.68096923828125
2.24505615234375
2.333740234375
2.53070068359375
2.4134521484375
2.51611328125
2.52874755859375
2.542236328125
2.6279296875
2.6168212890625
2.31256103515625
2.31622314453125
2.20220947265625
2.47039794921875
2.2884521484375
2.4755859375
2.446533203125
2.65789794921875
2.425048828125
2.64306640625
2.70587158203125
2.27496337890625
2.37432861328125
2.674560546875
2.73895263671875
2.49017333984375
2.43475341796875
2.57562255859375
2.64532470703125
2.538330078125
2.275634765625
2.519287109375
2.37677001953125
2.48455810546875
2.7137451171875
2.23858642578125
2.31866455078125
2.47674560546875
2.52825927734375
2.60223388671875
2.324951171875
2.3961181640625
2.7821044921875
2.4732666015625
2.57330322265625
2.7786865234375
2.37091064453125
2.51483154296875
2.41058349609375
2.57501220703125
2.63897705078125
2.40289306640625
2.52069091796875
2.6932373046875
2.34429931640625
2.73175048828125
2.50836181640625
2.61199951171875
2.61065673828125
2.599853515625
2.28466796875
2.3878173828125
2.22979736328125
2.19281005859375
2.73785400390625
2.48724365234375
2.26025390625
2.35467529296875
2.55389404296875
2.57232666015625
2.66168212890625
2.4500732421875
2.5023193359375
2.42913818359375
2.44775390625
2.59991455078125
2.3092041015625
2.8109130859375
2.71282958984375
2.72332763671875
2.79833984375
2.44488525390625
2.6181640625
2.49688720703125
2.73236083984375
2.564697265625
2.25091552734375
2.63604736328125
2.48077392578125
2.74365234375
2.49981689453125
2.5360107421875
2.515625
2.5126953125
2.30377197265625
2.70404052734375
2.31695556640625
2.261962890625
2.45880126953125
2.754150390625
2.361083984375
2.36761474609375
2.35089111328125
2.3538818359375
2.70526123046875
2.263916015625
2.59722900390625
2.38507080078125
2.40948486328125
2.49591064453125
2.6007080078125
2.54681396484375
2.55804443359375
2.84716796875
2.71282958984375
2.42303466796875
2.92108154296875
2.45953369140625
2.2786865234375
2.48638916015625
2.3614501953125
2.19866943359375
2.44903564453125
2.5228271484375
2.7803955078125
2.41778564453125
2.60101318359375
2.6043701171875
2.36102294921875
2.35137939453125
2.4873046875
2.5189208984375
2.36773681640625
2.26556396484375
2.57470703125
2.4647216796875
2.4962158203125
2.47906494140625
2.54302978515625
2.5128173828125
2.79498291015625
2.5782470703125
2.33740234375
2.47760009765625
2.4136962890625
2.46282958984375
2.62127685546875
2.4864501953125
2.4874267578125
2.66265869140625
2.6390380859375
2.3134765625
2.514404296875
2.3858642578125
2.86370849609375
2.789306640625
2.482421875
2.2861328125
2.64678955078125
2.2901611328125
2.388427734375
2.34423828125
2.6273193359375
2.526611328125
2.30291748046875
2.4276123046875
2.7196044921875
2.512451171875
2.37921142578125
2.34466552734375
2.693359375
2.2459716796875
2.59942626953125
2.5145263671875
2.57318115234375
2.6170654296875
2.55035400390625
2.65631103515625
2.46600341796875
2.45306396484375
2.65106201171875
2.24517822265625
2.97918701171875
2.40167236328125
2.6512451171875
2.51287841796875
2.31298828125
2.518798828125
2.1092529296875
2.68109130859375
2.4462890625
2.596435546875
2.5775146484375
2.26141357421875
2.52880859375
2.53533935546875
2.5025634765625
2.51177978515625
2.12066650390625
2.3206787109375
2.44293212890625
2.40301513671875
2.27105712890625
2.523681640625
2.56573486328125
2.49591064453125
1.9671630859375
2.71563720703125
2.30450439453125
2.28155517578125
2.610107421875
2.459716796875
2.8167724609375
2.57733154296875
2.71124267578125
2.55682373046875
2.28955078125
2.57904052734375
2.40838623046875
2.52392578125
2.7879638671875
2.50640869140625
2.412109375
2.45391845703125
2.3009033203125
2.4388427734375
2.57086181640625
2.41876220703125
2.41473388671875
2.22454833984375
2.82684326171875
2.57183837890625
2.5123291015625
2.67449951171875
2.70123291015625
2.6685791015625
2.44952392578125
2.3494873046875
2.55413818359375
2.37860107421875
2.30633544921875
2.4407958984375
2.7626953125
2.64447021484375
2.35491943359375
2.5166015625
2.60430908203125
2.5250244140625
2.555419921875
2.19525146484375
2.48834228515625
2.56298828125
2.43896484375
2.35205078125
2.3822021484375
2.71533203125
2.59954833984375
2.789306640625
2.53302001953125
2.13470458984375
2.4708251953125
2.78607177734375
2.4755859375
2.576416015625
2.42059326171875
2.2247314453125
2.5404052734375
2.3001708984375
2.65478515625
2.5843505859375
2.596435546875
2.34149169921875
2.3101806640625
2.52392578125
2.4368896484375
2.77606201171875
2.64190673828125
2.3294677734375
2.41741943359375
2.5264892578125
2.43603515625
2.6146240234375
2.729736328125
2.20745849609375
2.35870361328125
2.74896240234375
2.31658935546875
2.43768310546875
2.52685546875
2.53466796875
2.3995361328125
2.4014892578125
2.5322265625
2.516845703125
2.52325439453125
2.421630859375
2.31488037109375
2.51519775390625
2.54534912109375
2.32354736328125
2.5374755859375
2.22906494140625
2.4990234375
2.2994384765625
2.689208984375
2.73773193359375
2.265869140625
2.5318603515625
2.37261962890625
2.48553466796875
2.48699951171875
2.63409423828125
2.7913818359375
2.71783447265625
2.68939208984375
2.66510009765625
2.689697265625
2.76116943359375
2.6258544921875
2.6817626953125
2.47247314453125
2.4510498046875
2.39215087890625
2.38433837890625
2.467041015625
2.22320556640625
2.5240478515625
2.51593017578125
2.44970703125
2.55084228515625
2.42041015625
2.1514892578125
2.612060546875
2.54559326171875
2.26300048828125
2.57623291015625
2.62823486328125
2.47674560546875
2.2847900390625
2.33319091796875
2.47100830078125
2.3990478515625
2.60638427734375
2.22772216796875
2.68780517578125
2.5626220703125
2.26708984375
2.607421875
2.531005859375
2.52545166015625
2.458251953125
2.22540283203125
2.21478271484375
2.52825927734375
2.46453857421875
2.6807861328125
2.61956787109375
2.54095458984375
2.41754150390625
2.637451171875
2.699951171875
2.638916015625
2.464111328125
2.6409912109375
2.67523193359375
2.35174560546875
2.810791015625
2.5531005859375
2.5531005859375
2.2874755859375
2.2918701171875
2.4197998046875
2.52069091796875
2.42474365234375
2.402099609375
2.299560546875
2.2132568359375
2.685791015625
2.5335693359375
2.490966796875
2.49566650390625
2.62548828125
2.60443115234375
2.8323974609375
2.377685546875
2.1490478515625
2.22607421875
2.23162841796875
2.552490234375
2.31268310546875
2.53826904296875
2.49078369140625
2.5185546875
2.68353271484375
2.9193115234375
2.42852783203125
2.4415283203125
2.189697265625
2.41033935546875
2.55126953125
2.12646484375
2.669921875
2.56475830078125
2.54742431640625
2.6165771484375
2.58380126953125
2.36480712890625
2.5911865234375
2.25
2.44659423828125
2.6214599609375
