0.69091796875
0.69091796875
0.69091796875
0.69091796875
0.69091796875
0.77899169921875
0.98211669921875
0.64697265625
0.84539794921875
1.0858154296875
0.985595703125
0.7105712890625
1.01422119140625
0.91241455078125
1.0108642578125
0.87890625
1.15142822265625
0.8917236328125
1.096923828125
1.075439453125
0.97271728515625
1.0699462890625
0.8348388671875
1.00885009765625
1.00079345703125
0.82000732421875
0.86187744140625
0.97674560546875
0.85467529296875
0.89410400390625
0.843017578125
1.1114501953125
0.88726806640625
0.75738525390625
0.87506103515625
0.89263916015625
1.05828857421875
0.94146728515625
0.891357421875
0.88287353515625
0.77899169921875
0.919921875
1.06719970703125
0.90338134765625
0.877685546875
0.89923095703125
1.06219482421875
1.1279296875
0.95623779296875
0.78741455078125
1.02056884765625
1.1697998046875
0.74029541015625
1.08441162109375
0.91986083984375
1.0052490234375
0.92706298828125
1.0145263671875
0.9088134765625
1.04718017578125
1.072265625
0.96051025390625
0.79632568359375
0.7872314453125
0.96630859375
1.24969482421875
0.7391357421875
0.99395751953125
0.9732666015625
0.8963623046875
0.82208251953125
1.01593017578125
0.80242919921875
0.63214111328125
0.8751220703125
1.06982421875
0.9202880859375
0.966552734375
0.86041259765625
0.85498046875
0.896728515625
0.89178466796875
1.0523681640625
0.7525634765625
1.03668212890625
1.157470703125
1.06317138671875
1.04449462890625
0.91888427734375
0.944091796875
0.7696533203125
0.979736328125
1.0382080078125
0.75469970703125
1.0657958984375
1.19659423828125
0.9423828125
0.8106689453125
1.28424072265625
0.84088134765625
0.90679931640625
0.96954345703125
1.11090087890625
0.8765869140625
1.22454833984375
1.12786865234375
1.0592041015625
0.92254638671875
0.7978515625
0.807861328125
1.0919189453125
0.95416259765625
0.7608642578125
0.9202880859375
1.05377197265625
0.9246826171875
0.97088623046875
0.70849609375
1.06134033203125
0.9398193359375
0.8262939453125
0.96588134765625
0.93939208984375
1.09124755859375
0.69830322265625
1.02459716796875
1.00396728515625
0.8692626953125
1.08868408203125
0.88421630859375
0.9537353515625
0.74774169921875
0.92279052734375
0.9410400390625
1.19195556640625
1.154052734375
0.96405029296875
0.89874267578125
1.0679931640625
0.81842041015625
0.85028076171875
0.87738037109375
0.82244873046875
0.88677978515625
0.7745361328125
1.220947265625
0.81341552734375
0.93634033203125
1.14495849609375
1.02716064453125
0.865966796875
0.79541015625
0.94952392578125
0.70013427734375
0.74090576171875
0.9949951171875
0.81182861328125
0.77130126953125
0.90777587890625
0.83636474609375
1.020751953125
1.0250244140625
0.949462890625
1.02813720703125
0.89764404296875
0.80816650390625
0.84783935546875
0.93359375
1.0374755859375
0.95184326171875
0.69830322265625
1.04217529296875
0.91912841796875
0.8223876953125
0.74310302734375
1.08319091796875
1.00634765625
1.1309814453125
1.01361083984375
0.80401611328125
0.8526611328125
0.9368896484375
0.92584228515625
1.0394287109375
0.8961181640625
0.94805908203125
0.82037353515625
0.622314453125
0.7838134765625
0.78857421875
1.0203857421875
0.98004150390625
0.991943359375
0.822265625
0.66259765625
0.9488525390625
0.58770751953125
1.10882568359375
0.81939697265625
0.7950439453125
1.052001953125
0.8885498046875
0.95819091796875
0.802734375
1.181396484375
1.09002685546875
1.05859375
1.144287109375
0.86407470703125
1.02105712890625
0.9453125
1.17120361328125
1.01275634765625
0.7626953125
0.86895751953125
0.916015625
0.85302734375
0.97161865234375
1.03717041015625
0.9830322265625
0.98626708984375
1.13470458984375
1.09246826171875
0.98052978515625
0.990234375
0.94427490234375
0.91754150390625
0.9952392578125
0.7247314453125
1.0838623046875
1.09454345703125
0.879150390625
0.96185302734375
0.80560302734375
0.8956298828125
1.00091552734375
0.94866943359375
0.90618896484375
1.074951171875
0.97662353515625
0.95538330078125
0.94488525390625
0.802490234375
0.91668701171875
0.8704833984375
0.90618896484375
0.76470947265625
1.22637939453125
1.0081787109375
0.87884521484375
1.01513671875
0.98040771484375
1.02716064453125
0.87994384765625
1.034912109375
0.9410400390625
0.75506591796875
0.93157958984375
0.86126708984375
0.8763427734375
0.95928955078125
0.94219970703125
1.17730712890625
1.1270751953125
1.14874267578125
1.12152099609375
0.66107177734375
0.7545166015625
0.90997314453125
0.84423828125
0.97442626953125
0.91131591796875
1.06610107421875
0.96173095703125
1.1446533203125
0.89117431640625
0.9580078125
1.01593017578125
0.688232421875
0.82684326171875
1.00885009765625
0.94940185546875
1.03643798828125
0.94818115234375
1.0775146484375
0.94207763671875
0.84124755859375
0.828857421875
1.10882568359375
1.0338134765625
1.02264404296875
0.9979248046875
1.03302001953125
0.82275390625
0.706787109375
1.183349609375
0.6514892578125
0.80133056640625
0.8070068359375
1.08868408203125
1.08837890625
0.90887451171875
0.98736572265625
0.90875244140625
0.82476806640625
0.93084716796875
0.93280029296875
1.34368896484375
0.85107421875
0.99737548828125
0.89129638671875
0.78448486328125
0.78216552734375
0.744873046875
0.846435546875
0.8017578125
1.149658203125
0.80938720703125
0.8797607421875
0.946044921875
1.03875732421875
1.032958984375
0.94647216796875
1.16302490234375
1.04144287109375
1.1534423828125
0.889404296875
0.84185791015625
0.63153076171875
1.03131103515625
0.89666748046875
0.925048828125
0.97998046875
1.06341552734375
1.09820556640625
0.73101806640625
0.99017333984375
1.1375732421875
0.9283447265625
1.01153564453125
1.08148193359375
0.85614013671875
0.64471435546875
0.9820556640625
1.05621337890625
1.0572509765625
1.05902099609375
0.7188720703125
0.86297607421875
0.9884033203125
0.8497314453125
0.961669921875
0.9534912109375
0.9185791015625
0.90362548828125
1.00994873046875
0.830322265625
0.9493408203125
0.956298828125
0.93328857421875
1.075927734375
1.11602783203125
1.21038818359375
0.97119140625
0.89996337890625
0.8594970703125
1.08135986328125
0.9698486328125
0.9176025390625
0.8719482421875
1.1739501953125
1.1136474609375
0.87091064453125
1.032470703125
1.3802490234375
0.94720458984375
0.92401123046875
0.93426513671875
0.83062744140625
0.7476806640625
0.8172607421875
1.0150146484375
0.9591064453125
1.0338134765625
1.15667724609375
0.8936767578125
0.93292236328125
0.9644775390625
0.87274169921875
1.07891845703125
0.90142822265625
0.9737548828125
0.9111328125
0.99298095703125
0.96673583984375
0.97552490234375
1.00225830078125
0.8775634765625
0.75482177734375
1.10302734375
0.825439453125
1.01434326171875
0.92913818359375
0.93109130859375
0.8714599609375
0.81268310546875
0.92926025390625
0.9354248046875
0.86798095703125
0.86614990234375
0.99713134765625
1.0809326171875
0.78546142578125
0.93572998046875
0.85064697265625
1.00054931640625
0.89990234375
0.9075927734375
0.95751953125
1.0350341796875
1.069091796875
1.00799560546875
0.61761474609375
1.12298583984375
0.853759765625
0.968994140625
1.05426025390625
0.85302734375
0.97418212890625
0.71380615234375
0.856201171875
1.053955078125
0.952880859375
0.7607421875
0.859375
1.13427734375
0.82257080078125
0.8153076171875
0.9530029296875
0.805419921875
0.9664306640625
1.121337890625
1.02044677734375
0.7763671875
0.92529296875
1.07928466796875
0.853271484375
0.8431396484375
0.8355712890625
0.75323486328125
1.02984619140625
0.9158935546875
1.03265380859375
0.62158203125
0.9993896484375
1.19110107421875
0.967529296875
0.85955810546875
0.6710205078125
1.05291748046875
0.68408203125
1.05523681640625
1.04473876953125
1.19073486328125
1.1365966796875
0.79949951171875
0.97967529296875
0.95465087890625
1.30731201171875
0.86016845703125
1.11151123046875
1.23480224609375
0.64404296875
0.8123779296875
0.909912109375
0.79144287109375
0.947998046875
1.04949951171875
1.111083984375
1.05059814453125
1.18780517578125
1.10748291015625
0.771728515625
0.9088134765625
0.9061279296875
0.93310546875
1.0489501953125
0.97528076171875
0.8043212890625
0.95159912109375
0.8912353515625
1.1192626953125
1.0958251953125
1.09686279296875
0.70672607421875
0.8311767578125
0.96539306640625
0.62322998046875
0.99871826171875
0.93292236328125
0.84149169921875
0.88018798828125
1.148193359375
0.76690673828125
0.662109375
1.14984130859375
0.9962158203125
0.82818603515625
1.0311279296875
1.056884765625
1.27490234375
0.9200439453125
0.8082275390625
0.9384765625
0.70587158203125
1.04168701171875
0.79071044921875
0.8997802734375
0.89703369140625
0.92486572265625
0.947998046875
0.86279296875
0.9310302734375
0.757568359375
1.17083740234375
1.038330078125
0.8643798828125
0.7918701171875
1.07177734375
1.09381103515625
0.93359375
0.92401123046875
1.0380859375
0.80609130859375
0.82305908203125
0.98968505859375
1.2054443359375
0.64312744140625
0.974853515625
0.9742431640625
0.875
0.81109619140625
0.9853515625
1.00933837890625
0.94403076171875
1.04864501953125
0.87921142578125
0.85357666015625
1.16717529296875
0.88372802734375
1.00726318359375
0.97723388671875
0.78955078125
0.8504638671875
0.9744873046875
0.964111328125
1.078125
1.06231689453125
0.8665771484375
0.96929931640625
1.2548828125
0.830322265625
0.8052978515625
1.027099609375
1.03619384765625
1.0758056640625
1.22607421875
0.9566650390625
0.67041015625
0.8697509765625
0.95611572265625
1.07281494140625
1.01312255859375
1.15594482421875
1.03338623046875
1.04229736328125
1.077880859375
0.83746337890625
0.861083984375
1.0523681640625
0.81939697265625
1.06353759765625
1.16241455078125
0.80499267578125
0.9854736328125
1.05999755859375
1.02374267578125
0.93048095703125
0.79510498046875
0.9591064453125
1.09765625
1.28717041015625
0.7724609375
0.988037109375
1.03985595703125
0.95745849609375
0.73516845703125
0.885986328125
0.81048583984375
0.9537353515625
0.7359619140625
1.26953125
0.9398193359375
0.98504638671875
0.85662841796875
0.9901123046875
1.03607177734375
0.87261962890625
0.90386962890625
0.88232421875
0.92718505859375
1.1553955078125
1.0369873046875
0.94720458984375
0.955322265625
0.80291748046875
0.885009765625
1.13775634765625
0.84747314453125
0.88970947265625
1.13427734375
1.0040283203125
1.0084228515625
0.89178466796875
0.75
0.92022705078125
0.75103759765625
1.08966064453125
0.7139892578125
1.027099609375
0.75439453125
0.96417236328125
0.8546142578125
0.8282470703125
0.90203857421875
1.036376953125
0.88604736328125
0.9747314453125
1.1502685546875
0.9427490234375
0.8565673828125
0.7432861328125
0.804443359375
1.0294189453125
1.00482177734375
0.88165283203125
0.9927978515625
0.87420654296875
0.8160400390625
0.83734130859375
1.05224609375
0.88726806640625
1.05810546875
0.7762451171875
1.3037109375
0.80224609375
0.85601806640625
1.10589599609375
1.12786865234375
1.1683349609375
1.0543212890625
0.75531005859375
0.94683837890625
1.02691650390625
1.138427734375
0.9725341796875
0.9166259765625
0.99188232421875
0.96307373046875
0.993896484375
1.064453125
1.1151123046875
0.9105224609375
0.71221923828125
1.0986328125
0.8675537109375
0.9053955078125
0.93292236328125
1.028564453125
1.0455322265625
0.90594482421875
0.95928955078125
1.195068359375
1.08612060546875
0.835205078125
0.82928466796875
0.994873046875
0.889404296875
0.97796630859375
0.8935546875
0.7645263671875
0.94769287109375
0.86566162109375
0.96246337890625
1.0345458984375
0.879150390625
0.9764404296875
1.1131591796875
1.137451171875
1.08746337890625
0.94921875
0.95880126953125
1.01983642578125
1.08203125
0.8282470703125
0.68756103515625
1.02691650390625
0.95086669921875
1.1409912109375
0.92718505859375
0.9454345703125
1.15252685546875
1.03302001953125
1.02777099609375
1.03173828125
1.05718994140625
0.81256103515625
0.89276123046875
0.82672119140625
0.9765625
0.72796630859375
0.86029052734375
0.92901611328125
1.09857177734375
0.95941162109375
0.84326171875
0.84234619140625
0.90936279296875
1.12237548828125
0.833251953125
0.76739501953125
1.0194091796875
0.78790283203125
0.98492431640625
0.8475341796875
0.56658935546875
1.0557861328125
1.0819091796875
1.06475830078125
1.0281982421875
1.0589599609375
0.85272216796875
1.0777587890625
0.8594970703125
1.00128173828125
1.0567626953125
1.078369140625
0.83056640625
0.8837890625
0.87091064453125
0.761474609375
0.9505615234375
1.04229736328125
0.688232421875
0.91802978515625
1.1129150390625
0.8544921875
0.969482421875
1.01483154296875
0.88995361328125
0.99200439453125
1.1964111328125
0.88909912109375
0.79840087890625
1.10906982421875
0.90386962890625
1.010009765625
0.9901123046875
0.720458984375
0.77734375
0.939453125
1.25341796875
0.90380859375
0.9088134765625
0.85601806640625
1.12628173828125
1.0286865234375
0.7913818359375
0.9168701171875
0.9468994140625
0.68109130859375
0.79107666015625
0.93206787109375
0.65313720703125
1.15338134765625
0.9666748046875
1.02593994140625
0.89105224609375
1.10491943359375
0.89361572265625
1.070556640625
0.67535400390625
0.77374267578125
1.181640625
0.8809814453125
1.0623779296875
0.950439453125
1.1778564453125
1.003662109375
0.82720947265625
0.808349609375
0.77630615234375
0.876220703125
0.950927734375
1.0404052734375
0.97674560546875
0.9207763671875
0.89007568359375
1.09967041015625
0.861572265625
0.8797607421875
0.73211669921875
1.11492919921875
0.8175048828125
0.846923828125
0.7698974609375
0.890625
0.95794677734375
0.95281982421875
0.96795654296875
0.778076171875
0.95977783203125
0.74908447265625
1.12481689453125
1.00567626953125
1.002685546875
0.82958984375
0.96014404296875
0.974853515625
0.993896484375
0.82342529296875
0.8863525390625
0.7535400390625
0.90966796875
0.81427001953125
0.799560546875
0.8287353515625
0.75347900390625
1.02410888671875
0.8897705078125
0.925048828125
0.89373779296875
0.8470458984375
0.955078125
1.00445556640625
0.95477294921875
1.0908203125
1.0484619140625
1.01898193359375
0.8123779296875
0.9503173828125
1.0660400390625
0.7550048828125
0.721435546875
1.27276611328125
0.85528564453125
0.81744384765625
0.83551025390625
1.14093017578125
1.13189697265625
1.02166748046875
0.94317626953125
0.8363037109375
1.00958251953125
0.93048095703125
0.91497802734375
0.9329833984375
0.83984375
1.12774658203125
0.9752197265625
0.9735107421875
1.01397705078125
0.96661376953125
0.7408447265625
0.777587890625
1.21759033203125
0.84765625
1.11236572265625
1.030029296875
1.027099609375
1.06207275390625
0.8175048828125
0.99102783203125
0.93487548828125
0.95751953125
1.015625
1.14019775390625
0.992431640625
0.87493896484375
0.90545654296875
1.0316162109375
1.0230712890625
0.91046142578125
0.8006591796875
0.95684814453125
0.9609375
0.88134765625
1.05645751953125
0.760498046875
1.149658203125
0.9085693359375
0.97467041015625
0.9005126953125
0.94610595703125
1.17352294921875
0.986083984375
1.105224609375
0.849609375
1.01220703125
1.11529541015625
0.7064208984375
0.9156494140625
1.1212158203125
0.89239501953125
1.11358642578125
0.92041015625
1.02313232421875
0.78424072265625
1.0782470703125
0.60247802734375
0.98480224609375
0.96624755859375
0.964111328125
1.16680908203125
0.8465576171875
0.9993896484375
1.0792236328125
1.21337890625
0.9984130859375
0.67041015625
0.9219970703125
0.87890625
0.743896484375
0.7601318359375
0.9515380859375
0.96484375
0.915283203125
0.89263916015625
1.02978515625
0.695068359375
0.77923583984375
0.905517578125
0.8900146484375
1.083251953125
0.85870361328125
0.9512939453125
0.94927978515625
1.07568359375
0.9739990234375
1.06878662109375
1.18798828125
0.95599365234375
1.13214111328125
1.1822509765625
1.27569580078125
0.8355712890625
0.98052978515625
1.03607177734375
0.69793701171875
0.91180419921875
0.8533935546875
1.03729248046875
0.97772216796875
1.11260986328125
0.91754150390625
0.8001708984375
0.8067626953125
0.88336181640625
0.89080810546875
0.7288818359375
1.05548095703125
0.6708984375
0.68548583984375
0.99127197265625
0.7197265625
0.8153076171875
0.9949951171875
1.24542236328125
0.69268798828125
1.01104736328125
1.19451904296875
1.03790283203125
1.0673828125
0.90826416015625
0.7540283203125
1.0582275390625
1.21795654296875
1.21514892578125
0.816162109375
0.9527587890625
