0.22772216796875
0.22772216796875
0.22772216796875
0.22772216796875
0.26611328125
0.23681640625
0.1883544921875
0.18634033203125
0.29840087890625
0.21807861328125
0.24334716796875
0.1697998046875
0.2437744140625
0.21875
0.26226806640625
0.35400390625
0.256103515625
0.25048828125
0.200927734375
0.12200927734375
0.1903076171875
0.254638671875
0.247802734375
0.23077392578125
0.2418212890625
0.23150634765625
0.234375
0.31805419921875
0.317626953125
0.3367919921875
0.1844482421875
0.1431884765625
0.34344482421875
0.34814453125
0.18927001953125
0.30078125
0.19970703125
0.2393798828125
0.223388671875
0.1982421875
0.21282958984375
0.24578857421875
0.16217041015625
0.210205078125
0.19866943359375
0.28765869140625
0.2236328125
0.21282958984375
0.2410888671875
0.30377197265625
0.29803466796875
0.1473388671875
0.201416015625
0.23370361328125
0.1832275390625
0.25323486328125
0.0943603515625
0.209228515625
0.22039794921875
0.24359130859375
0.16949462890625
0.23944091796875
0.1761474609375
0.14306640625
0.18267822265625
0.20458984375
0.215576171875
0.236572265625
0.12799072265625
0.16351318359375
0.219970703125
0.24853515625
0.20074462890625
0.22784423828125
0.1771240234375
0.32586669921875
0.1746826171875
0.27056884765625
0.348876953125
0.33544921875
0.1317138671875
0.227783203125
0.16436767578125
0.2222900390625
0.29632568359375
0.18914794921875
0.3116455078125
0.25823974609375
0.269775390625
0.323486328125
0.3350830078125
0.215087890625
0.1368408203125
0.29803466796875
0.2071533203125
0.25439453125
0.21881103515625
0.3275146484375
0.2392578125
0.1824951171875
0.25579833984375
0.38623046875
0.1827392578125
0.2581787109375
0.2425537109375
0.373046875
0.25555419921875
0.2659912109375
0.18548583984375
0.18548583984375
0.1405029296875
0.21295166015625
0.3155517578125
0.22357177734375
0.26434326171875
0.20721435546875
0.253662109375
0.3035888671875
0.198486328125
0.193115234375
0.22271728515625
0.1981201171875
0.2159423828125
0.1981201171875
0.20745849609375
0.2017822265625
0.19073486328125
0.10906982421875
0.203857421875
0.2515869140625
0.17327880859375
0.21636962890625
0.30621337890625
0.3255615234375
0.17926025390625
0.29437255859375
0.1632080078125
0.31011962890625
0.20599365234375
0.19073486328125
0.28216552734375
0.2686767578125
0.1748046875
0.29107666015625
0.2269287109375
0.234619140625
0.3214111328125
0.25018310546875
0.1661376953125
0.23895263671875
0.15740966796875
0.18121337890625
0.15643310546875
0.20849609375
0.19171142578125
0.19598388671875
0.259521484375
0.3013916015625
0.26025390625
0.2452392578125
0.22021484375
0.251953125
0.2197265625
0.18646240234375
0.33740234375
0.259033203125
0.25274658203125
0.25103759765625
0.23638916015625
0.209716796875
0.28057861328125
0.2694091796875
0.19891357421875
0.1114501953125
0.35223388671875
0.258056640625
0.23992919921875
0.24658203125
0.26153564453125
0.27691650390625
0.2332763671875
0.38140869140625
0.18780517578125
0.178466796875
0.2376708984375
0.15435791015625
0.16290283203125
0.2784423828125
0.11865234375
0.312255859375
0.22216796875
0.18634033203125
0.18267822265625
0.17022705078125
0.2945556640625
0.1990966796875
0.17352294921875
0.17303466796875
0.2554931640625
0.35784912109375
0.33050537109375
0.2840576171875
0.33001708984375
0.2572021484375
0.1661376953125
0.21368408203125
0.14990234375
0.2281494140625
0.20489501953125
0.18572998046875
0.25390625
0.20587158203125
0.13848876953125
0.19146728515625
0.253173828125
0.2109375
0.2454833984375
0.19903564453125
0.27197265625
0.214111328125
0.20416259765625
0.3765869140625
0.234130859375
0.21441650390625
0.236572265625
0.2120361328125
0.1558837890625
0.3123779296875
0.152587890625
0.22607421875
0.23248291015625
0.23004150390625
0.19915771484375
0.17559814453125
0.18829345703125
0.2308349609375
0.22540283203125
0.26019287109375
0.25433349609375
0.15966796875
0.19671630859375
0.210693359375
0.2069091796875
0.2989501953125
0.266357421875
0.11175537109375
0.10906982421875
0.2529296875
0.321533203125
0.1070556640625
0.2125244140625
0.193115234375
0.16748046875
0.17730712890625
0.15887451171875
0.2437744140625
0.2862548828125
0.22064208984375
0.24951171875
0.24163818359375
0.2025146484375
0.39349365234375
0.2003173828125
0.2257080078125
0.27935791015625
0.21942138671875
0.11212158203125
0.177001953125
0.1937255859375
0.3067626953125
0.1917724609375
0.2462158203125
0.226806640625
0.2313232421875
0.2548828125
0.29632568359375
0.20953369140625
0.23016357421875
0.21240234375
0.226806640625
0.21337890625
0.21099853515625
0.1802978515625
0.19427490234375
0.21514892578125
0.2496337890625
0.21484375
0.21185302734375
0.24615478515625
0.19866943359375
0.23931884765625
0.30548095703125
0.09478759765625
0.19085693359375
0.20989990234375
0.20770263671875
0.2205810546875
0.39501953125
0.29132080078125
0.26531982421875
0.2398681640625
0.20904541015625
0.430908203125
0.13031005859375
0.257080078125
0.237060546875
0.248779296875
0.19317626953125
0.27069091796875
0.2677001953125
0.19189453125
0.12713623046875
0.2479248046875
0.2164306640625
0.203369140625
0.26983642578125
0.21868896484375
0.2135009765625
0.115234375
0.14910888671875
0.1773681640625
0.16265869140625
0.17022705078125
0.20208740234375
0.1851806640625
0.23419189453125
0.2120361328125
0.19476318359375
0.180419921875
0.1845703125
0.18341064453125
0.23876953125
0.154296875
0.17510986328125
0.17083740234375
0.2283935546875
0.13543701171875
0.1920166015625
0.189697265625
0.16558837890625
0.250244140625
0.1986083984375
0.2125244140625
0.2208251953125
0.2781982421875
0.20068359375
0.277587890625
0.1396484375
0.11663818359375
0.13720703125
0.17462158203125
0.23236083984375
0.1497802734375
0.16845703125
0.21380615234375
0.257080078125
0.2041015625
0.2177734375
0.11590576171875
0.18292236328125
0.20733642578125
0.199462890625
0.2159423828125
0.19110107421875
0.27178955078125
0.2779541015625
0.15521240234375
0.1943359375
0.24151611328125
0.25506591796875
0.18408203125
0.1766357421875
0.1485595703125
0.18646240234375
0.3343505859375
0.18988037109375
0.265380859375
0.304443359375
0.22589111328125
0.13824462890625
0.21270751953125
0.15277099609375
0.21942138671875
0.17626953125
0.2235107421875
0.2427978515625
0.21923828125
0.1832275390625
0.50225830078125
0.236572265625
0.2923583984375
0.29754638671875
0.18634033203125
0.1627197265625
0.31573486328125
0.30047607421875
0.3148193359375
0.21954345703125
0.26104736328125
0.28057861328125
0.209228515625
0.32025146484375
0.36358642578125
0.327392578125
0.1251220703125
0.24755859375
0.2408447265625
0.28277587890625
0.266357421875
0.296875
0.308349609375
0.23486328125
0.2664794921875
0.30682373046875
0.185791015625
0.32928466796875
0.2086181640625
0.253662109375
0.32196044921875
0.20263671875
0.273193359375
0.14794921875
0.28643798828125
0.20111083984375
0.20648193359375
0.22052001953125
0.31689453125
0.21319580078125
0.26953125
0.3829345703125
0.31884765625
0.281005859375
0.17608642578125
0.2047119140625
0.247314453125
0.20269775390625
0.3370361328125
0.226318359375
0.158935546875
0.1380615234375
0.2447509765625
0.1390380859375
0.2420654296875
0.28961181640625
0.2762451171875
0.27685546875
0.1700439453125
0.19586181640625
0.21807861328125
0.13818359375
0.23907470703125
0.36566162109375
0.19940185546875
0.23516845703125
0.237548828125
0.24395751953125
0.2657470703125
0.22540283203125
0.34259033203125
0.3067626953125
0.38372802734375
0.27520751953125
0.3017578125
0.2484130859375
0.1756591796875
0.1044921875
0.2203369140625
0.140625
0.23687744140625
0.259033203125
0.3701171875
0.3115234375
0.25787353515625
0.32257080078125
0.24664306640625
0.28582763671875
0.19012451171875
0.25811767578125
0.13958740234375
0.2598876953125
0.26422119140625
0.10076904296875
0.23583984375
0.2095947265625
0.25048828125
0.2664794921875
0.225830078125
0.25787353515625
0.34844970703125
0.185791015625
0.2779541015625
0.2359619140625
0.36199951171875
0.16943359375
0.28515625
0.214599609375
0.1544189453125
0.25775146484375
0.28009033203125
0.16851806640625
0.21929931640625
0.26690673828125
0.15594482421875
0.2467041015625
0.17730712890625
0.23907470703125
0.32147216796875
0.229736328125
0.26275634765625
0.23052978515625
0.26007080078125
0.270751953125
0.28411865234375
0.22698974609375
0.3543701171875
0.25885009765625
0.16455078125
0.2530517578125
0.2542724609375
0.2415771484375
0.19085693359375
0.16156005859375
0.24365234375
0.26336669921875
0.26953125
0.20562744140625
0.18756103515625
0.231201171875
0.20050048828125
0.2171630859375
0.27783203125
0.21832275390625
0.21368408203125
0.15875244140625
0.19329833984375
0.2603759765625
0.1922607421875
0.2940673828125
0.3502197265625
0.2764892578125
0.2427978515625
0.20458984375
0.2772216796875
0.1845703125
0.23406982421875
0.309326171875
0.2513427734375
0.19158935546875
0.25775146484375
0.29779052734375
0.16217041015625
0.288818359375
0.35308837890625
0.3048095703125
0.2015380859375
0.21600341796875
0.20745849609375
0.4561767578125
0.2764892578125
0.1448974609375
0.257568359375
0.10772705078125
0.25433349609375
0.20294189453125
0.1519775390625
0.37030029296875
0.35931396484375
0.13104248046875
0.24462890625
0.17352294921875
0.2362060546875
0.21539306640625
0.22686767578125
0.31610107421875
0.20587158203125
0.22430419921875
0.16546630859375
0.2564697265625
0.228515625
0.2447509765625
0.240478515625
0.2022705078125
0.1734619140625
0.15655517578125
0.242431640625
0.21771240234375
0.19036865234375
0.24639892578125
0.2662353515625
0.3135986328125
0.2720947265625
0.25213623046875
0.24609375
0.21563720703125
0.28216552734375
0.17669677734375
0.22509765625
0.3006591796875
0.32958984375
0.22723388671875
0.18292236328125
0.287353515625
0.2197265625
0.18963623046875
0.22686767578125
0.2132568359375
0.31573486328125
0.2890625
0.34478759765625
0.24737548828125
0.3309326171875
0.14044189453125
0.20916748046875
0.28076171875
0.12200927734375
0.34210205078125
0.2193603515625
0.31439208984375
0.22314453125
0.34173583984375
0.172119140625
0.37725830078125
0.253173828125
0.28948974609375
0.1878662109375
0.18035888671875
0.09564208984375
0.34234619140625
0.214599609375
0.193603515625
0.3267822265625
0.21343994140625
0.2484130859375
0.2933349609375
0.27947998046875
0.35333251953125
0.27508544921875
0.2945556640625
0.2205810546875
0.2554931640625
0.3714599609375
0.1793212890625
0.19195556640625
0.23370361328125
0.322509765625
0.2091064453125
0.216796875
0.19757080078125
0.27410888671875
0.3502197265625
0.16705322265625
0.2841796875
0.2303466796875
0.19384765625
0.26214599609375
0.27606201171875
0.277099609375
0.1650390625
0.19696044921875
0.35723876953125
0.1982421875
0.237548828125
0.23333740234375
0.22412109375
0.28167724609375
0.1749267578125
0.2557373046875
0.3326416015625
0.176025390625
0.27862548828125
0.3656005859375
0.1953125
0.337890625
0.227783203125
0.324462890625
0.1593017578125
0.23309326171875
0.187744140625
0.33013916015625
0.28155517578125
0.19097900390625
0.234375
0.22174072265625
0.20831298828125
0.2022705078125
0.32928466796875
0.21728515625
0.19677734375
0.22576904296875
0.27783203125
0.17156982421875
0.26324462890625
0.275146484375
0.3353271484375
0.2508544921875
0.3748779296875
0.19744873046875
0.17144775390625
0.18255615234375
0.25909423828125
0.23577880859375
0.246337890625
0.10699462890625
0.1849365234375
0.119873046875
0.3199462890625
0.18011474609375
0.19317626953125
0.1221923828125
0.2088623046875
0.28497314453125
0.222900390625
0.2650146484375
0.32025146484375
0.2215576171875
0.28326416015625
0.1427001953125
0.3125
0.2122802734375
0.19976806640625
0.1737060546875
0.24432373046875
0.197265625
0.14288330078125
0.25946044921875
0.2325439453125
0.24151611328125
0.223388671875
0.25262451171875
0.258056640625
0.2734375
0.26397705078125
0.21771240234375
0.190185546875
0.2911376953125
0.22216796875
0.3887939453125
0.15728759765625
0.3043212890625
0.2232666015625
0.2178955078125
0.275146484375
0.181884765625
0.3154296875
0.29888916015625
0.227294921875
0.23590087890625
0.39337158203125
0.26806640625
0.3404541015625
0.1795654296875
0.3726806640625
0.1463623046875
0.14306640625
0.25457763671875
0.245849609375
0.1129150390625
0.1834716796875
0.20721435546875
0.19744873046875
0.29205322265625
0.2069091796875
0.24981689453125
0.24774169921875
0.17437744140625
0.217529296875
0.26300048828125
0.3328857421875
0.25372314453125
0.2281494140625
0.2996826171875
0.22100830078125
0.22283935546875
0.2724609375
0.25262451171875
0.27923583984375
0.236083984375
0.26129150390625
0.1480712890625
0.33050537109375
0.333984375
0.328369140625
0.19903564453125
0.3580322265625
0.16943359375
0.2545166015625
0.2332763671875
0.34405517578125
0.30914306640625
0.20013427734375
0.17864990234375
0.26727294921875
0.265380859375
0.17974853515625
0.1600341796875
0.3189697265625
0.24652099609375
0.28131103515625
0.22650146484375
0.28143310546875
0.181640625
0.1922607421875
0.32073974609375
0.18927001953125
0.25830078125
0.2847900390625
0.1690673828125
0.177734375
0.34295654296875
0.13226318359375
0.3037109375
0.31402587890625
0.216552734375
0.2547607421875
0.1461181640625
0.219970703125
0.29229736328125
0.21435546875
0.16021728515625
0.31561279296875
0.18377685546875
0.1617431640625
0.3001708984375
0.2518310546875
0.26947021484375
0.25946044921875
0.31182861328125
0.131103515625
0.23809814453125
0.24853515625
0.18109130859375
0.27142333984375
0.20330810546875
0.168212890625
0.21759033203125
0.32537841796875
0.23187255859375
0.17352294921875
0.18145751953125
0.26177978515625
0.3037109375
0.295654296875
0.38409423828125
0.24066162109375
0.27447509765625
0.11138916015625
0.2943115234375
0.24163818359375
0.16790771484375
0.48077392578125
0.22711181640625
0.254638671875
0.17498779296875
0.2359619140625
0.19671630859375
0.2098388671875
0.153564453125
0.31298828125
0.257568359375
0.20281982421875
0.23016357421875
0.1424560546875
0.25860595703125
0.2110595703125
0.255615234375
0.29095458984375
0.21185302734375
0.1488037109375
0.2989501953125
0.22802734375
0.19378662109375
0.2227783203125
0.22406005859375
0.14605712890625
0.19757080078125
0.34893798828125
0.0897216796875
0.17913818359375
0.263671875
0.18829345703125
0.14007568359375
0.1268310546875
0.181884765625
0.1177978515625
0.17901611328125
0.2652587890625
0.27789306640625
0.14453125
0.1871337890625
0.1375732421875
0.17095947265625
0.2635498046875
0.31427001953125
0.1807861328125
0.21875
0.17889404296875
0.1385498046875
0.39129638671875
0.14971923828125
0.24627685546875
0.24261474609375
0.24859619140625
0.254150390625
0.40386962890625
0.2359619140625
0.2708740234375
0.207275390625
0.37322998046875
0.21514892578125
0.3406982421875
0.20477294921875
0.217041015625
0.283935546875
0.1634521484375
0.19720458984375
0.2293701171875
0.27020263671875
0.24456787109375
0.22955322265625
0.24609375
