2.29461669921875
2.29461669921875
2.29461669921875
2.43280029296875
2.61566162109375
2.443115234375
2.5850830078125
2.4027099609375
2.780029296875
2.484130859375
2.4466552734375
2.54302978515625
2.66839599609375
2.7210693359375
2.67694091796875
2.61151123046875
2.30194091796875
2.37603759765625
2.35089111328125
2.55517578125
2.41473388671875
2.72100830078125
2.596435546875
2.64959716796875
2.51202392578125
2.472412109375
2.38555908203125
2.61370849609375
2.42095947265625
2.7901611328125
2.8333740234375
2.667236328125
2.482666015625
2.59033203125
2.68463134765625
2.74200439453125
2.4923095703125
2.74365234375
2.74072265625
2.3363037109375
2.7396240234375
2.67425537109375
2.43878173828125
2.71990966796875
2.48504638671875
2.5787353515625
2.6612548828125
2.63037109375
2.68634033203125
2.43878173828125
2.6011962890625
2.47418212890625
2.6739501953125
2.40716552734375
2.728515625
2.51849365234375
2.51092529296875
2.8297119140625
2.73614501953125
2.689453125
2.67327880859375
2.5906982421875
2.32000732421875
2.4444580078125
2.3817138671875
2.370849609375
2.55731201171875
2.69091796875
2.486328125
2.6494140625
2.5968017578125
2.51251220703125
2.86297607421875
2.49383544921875
2.5069580078125
2.65966796875
2.46209716796875
2.75665283203125
2.68896484375
2.45379638671875
2.30511474609375
2.3048095703125
2.112060546875
2.3497314453125
2.69134521484375
2.516357421875
2.62396240234375
2.600341796875
2.82830810546875
3.07318115234375
2.7364501953125
2.7667236328125
2.71051025390625
2.55804443359375
2.517578125
2.8155517578125
2.52032470703125
2.80609130859375
2.5423583984375
2.63397216796875
2.9141845703125
2.2386474609375
2.70062255859375
2.82366943359375
2.44403076171875
2.48455810546875
2.37127685546875
2.25537109375
2.87725830078125
2.910400390625
2.45458984375
2.3802490234375
2.6405029296875
2.66162109375
2.56231689453125
2.61993408203125
2.72479248046875
2.7188720703125
2.48846435546875
2.54864501953125
2.775390625
2.54986572265625
2.3006591796875
2.88128662109375
2.51898193359375
2.7093505859375
2.45648193359375
2.9398193359375
2.638427734375
2.6468505859375
2.5322265625
2.27215576171875
2.53985595703125
2.6673583984375
2.670166015625
2.71319580078125
2.483642578125
2.7530517578125
2.88262939453125
2.5125732421875
2.5821533203125
2.540283203125
2.8394775390625
2.66156005859375
2.5224609375
2.40087890625
2.79339599609375
2.68853759765625
2.57421875
2.53387451171875
2.532470703125
2.5068359375
2.82958984375
2.64013671875
2.43377685546875
2.67913818359375
2.562255859375
2.54278564453125
2.50640869140625
2.591064453125
2.7586669921875
2.46185302734375
2.4970703125
2.78997802734375
2.71002197265625
2.5
2.54803466796875
2.5196533203125
2.63507080078125
2.6961669921875
2.7410888671875
2.6031494140625
2.58599853515625
2.54559326171875
2.5333251953125
2.5528564453125
2.68243408203125
2.44183349609375
2.658935546875
2.37548828125
2.49005126953125
2.67529296875
2.66387939453125
2.61572265625
2.65728759765625
2.88470458984375
2.599609375
2.51007080078125
2.35162353515625
2.4097900390625
2.87127685546875
2.37884521484375
2.5087890625
2.5999755859375
2.43231201171875
2.66119384765625
2.4063720703125
2.64202880859375
2.44085693359375
2.604736328125
2.52227783203125
2.4400634765625
2.62420654296875
2.8553466796875
2.68890380859375
2.72845458984375
2.6881103515625
2.47711181640625
2.77081298828125
2.6099853515625
2.81549072265625
2.50311279296875
2.61187744140625
2.459716796875
2.74658203125
2.43719482421875
2.39044189453125
2.61175537109375
2.74298095703125
2.61907958984375
2.3331298828125
2.56793212890625
2.84429931640625
2.37109375
2.58331298828125
2.56646728515625
2.75518798828125
2.64599609375
2.8001708984375
2.5302734375
2.600341796875
2.39715576171875
2.6505126953125
2.80316162109375
2.7315673828125
2.64569091796875
2.63134765625
2.8199462890625
2.6964111328125
2.6407470703125
2.15106201171875
2.79974365234375
2.3734130859375
2.54388427734375
2.58184814453125
2.63311767578125
2.61602783203125
2.85760498046875
2.82244873046875
2.6114501953125
2.53656005859375
2.77996826171875
2.32708740234375
2.33355712890625
2.49139404296875
2.750244140625
2.4432373046875
2.46539306640625
2.614501953125
2.4443359375
2.6715087890625
2.266357421875
2.68017578125
2.76531982421875
2.67962646484375
2.66094970703125
2.6192626953125
2.54608154296875
2.40869140625
2.6395263671875
2.6412353515625
2.42877197265625
2.53729248046875
2.84027099609375
2.39385986328125
2.3912353515625
2.5653076171875
2.466064453125
2.50555419921875
2.8099365234375
2.8023681640625
2.74102783203125
2.3216552734375
2.37164306640625
2.59771728515625
2.54400634765625
2.7318115234375
2.5780029296875
2.3697509765625
2.515869140625
2.6915283203125
2.220703125
2.8157958984375
2.75592041015625
2.65557861328125
2.66973876953125
2.14727783203125
2.5633544921875
2.258056640625
2.5848388671875
2.45867919921875
2.80670166015625
2.852783203125
2.625732421875
2.61090087890625
2.68524169921875
2.5506591796875
2.45428466796875
2.430419921875
2.606201171875
2.56158447265625
2.55108642578125
2.6990966796875
2.4952392578125
2.64794921875
2.56842041015625
2.49957275390625
2.579345703125
2.46832275390625
2.306884765625
2.89105224609375
2.52557373046875
2.32879638671875
2.50244140625
2.63604736328125
2.7186279296875
2.7437744140625
2.32958984375
2.5384521484375
2.446533203125
2.39166259765625
2.5355224609375
2.2947998046875
2.46942138671875
2.77142333984375
2.533447265625
2.5947265625
2.75091552734375
2.50347900390625
2.7529296875
2.61334228515625
2.4591064453125
2.48822021484375
2.5921630859375
2.63507080078125
2.39453125
2.6126708984375
2.48236083984375
2.52984619140625
2.5616455078125
2.74322509765625
2.76141357421875
2.462890625
2.66802978515625
2.6273193359375
2.67999267578125
2.67236328125
2.80548095703125
2.54937744140625
2.53253173828125
2.2899169921875
2.359619140625
2.71746826171875
2.61395263671875
2.78173828125
2.65740966796875
2.61822509765625
2.83392333984375
2.5201416015625
2.50189208984375
2.4561767578125
2.79876708984375
2.6220703125
2.45306396484375
2.50946044921875
2.54412841796875
2.6851806640625
2.59423828125
2.662109375
2.77740478515625
2.6392822265625
2.54559326171875
2.63470458984375
2.61187744140625
2.26898193359375
2.5672607421875
2.5496826171875
2.6318359375
2.76287841796875
2.4251708984375
2.37152099609375
2.5626220703125
2.58221435546875
2.7518310546875
2.6590576171875
2.6500244140625
2.74676513671875
2.81268310546875
2.82232666015625
2.4444580078125
2.62066650390625
2.4940185546875
2.50885009765625
2.64349365234375
2.40130615234375
2.74871826171875
2.53594970703125
2.618896484375
2.69000244140625
2.79913330078125
2.36029052734375
2.736083984375
2.5335693359375
2.484375
2.47906494140625
2.4647216796875
2.7142333984375
2.75665283203125
2.58599853515625
2.31988525390625
2.62237548828125
2.62908935546875
2.5732421875
2.66400146484375
2.46966552734375
2.55517578125
2.4617919921875
2.68426513671875
2.48291015625
2.70849609375
2.6568603515625
2.70770263671875
2.44287109375
2.8685302734375
2.29656982421875
2.81805419921875
2.37322998046875
2.6343994140625
2.53582763671875
2.58935546875
2.5283203125
2.24505615234375
2.76513671875
2.84765625
2.55950927734375
2.7181396484375
2.36322021484375
2.732177734375
2.66192626953125
2.58447265625
2.54156494140625
2.4375
2.34637451171875
2.45538330078125
2.5211181640625
2.35711669921875
2.469482421875
2.53424072265625
2.55120849609375
2.87548828125
2.54229736328125
2.82489013671875
2.5333251953125
2.7449951171875
2.63873291015625
2.69622802734375
2.8973388671875
2.66949462890625
2.68817138671875
2.5755615234375
2.6939697265625
2.6829833984375
2.6702880859375
2.67742919921875
2.73565673828125
2.69415283203125
2.3304443359375
2.31781005859375
2.35064697265625
2.56549072265625
2.47564697265625
2.49554443359375
2.8240966796875
2.5408935546875
2.42645263671875
2.533203125
2.49066162109375
2.51812744140625
2.6505126953125
2.58917236328125
2.72607421875
2.60821533203125
2.55731201171875
2.56976318359375
2.6600341796875
2.57025146484375
2.66070556640625
2.71929931640625
2.55633544921875
2.4346923828125
2.87872314453125
2.70159912109375
2.755859375
2.51385498046875
3.042236328125
2.5782470703125
2.215576171875
2.55743408203125
2.6405029296875
2.76947021484375
2.39215087890625
2.6619873046875
2.53936767578125
2.77960205078125
2.61328125
2.86322021484375
2.55419921875
2.72747802734375
2.347412109375
2.75146484375
2.64239501953125
2.530517578125
2.7574462890625
2.65252685546875
2.64666748046875
2.53900146484375
2.61669921875
2.830322265625
2.4110107421875
2.47406005859375
2.3411865234375
2.3831787109375
2.54302978515625
2.51214599609375
2.30999755859375
2.4774169921875
2.5318603515625
2.80657958984375
2.56329345703125
2.5401611328125
2.59661865234375
2.6820068359375
2.63494873046875
2.60308837890625
2.68316650390625
2.5595703125
2.7301025390625
2.51702880859375
2.481201171875
2.532958984375
2.84149169921875
2.713623046875
2.58245849609375
2.63580322265625
2.87823486328125
2.59368896484375
2.67486572265625
2.38580322265625
2.54144287109375
2.53662109375
2.4547119140625
2.9100341796875
2.653076171875
2.36712646484375
2.81512451171875
2.64190673828125
2.40496826171875
2.59735107421875
2.53851318359375
2.69708251953125
2.47515869140625
2.750732421875
2.5037841796875
2.493408203125
2.42120361328125
2.35809326171875
2.75982666015625
2.591552734375
2.383056640625
2.6688232421875
2.87640380859375
2.44036865234375
2.75701904296875
2.38995361328125
2.7376708984375
2.96453857421875
2.460693359375
2.72705078125
2.4930419921875
2.61492919921875
2.43841552734375
2.75848388671875
2.75341796875
2.6629638671875
2.7493896484375
2.61822509765625
2.77740478515625
2.63751220703125
2.67333984375
2.31182861328125
2.5260009765625
2.52728271484375
2.80059814453125
2.46234130859375
2.41180419921875
2.70703125
2.75445556640625
2.63275146484375
2.640380859375
2.316162109375
2.67633056640625
2.4859619140625
2.63671875
2.68145751953125
2.29107666015625
2.4168701171875
2.6282958984375
2.795166015625
2.66339111328125
2.6123046875
2.77325439453125
2.77862548828125
2.53118896484375
2.61859130859375
2.67742919921875
2.473388671875
2.88983154296875
2.42626953125
2.6396484375
2.336181640625
2.7620849609375
2.84918212890625
2.70654296875
2.37591552734375
2.6236572265625
2.82574462890625
2.5074462890625
2.63275146484375
2.702880859375
2.61883544921875
2.6025390625
2.6148681640625
2.63018798828125
2.69439697265625
2.8284912109375
2.45928955078125
2.58966064453125
2.5264892578125
2.5977783203125
2.3880615234375
2.4530029296875
2.6185302734375
2.6668701171875
2.5963134765625
2.7357177734375
2.557373046875
2.55084228515625
2.34869384765625
2.7861328125
2.5770263671875
2.57708740234375
2.55316162109375
2.4827880859375
2.64801025390625
2.46722412109375
2.6519775390625
2.27069091796875
2.686279296875
2.70062255859375
2.800537109375
2.6397705078125
2.3365478515625
2.6014404296875
2.513916015625
2.298583984375
2.51312255859375
2.625244140625
2.56866455078125
2.83038330078125
2.58642578125
2.4500732421875
2.3177490234375
2.77978515625
2.411376953125
2.51873779296875
2.7021484375
2.3995361328125
2.627197265625
2.76361083984375
2.452392578125
2.5103759765625
2.68743896484375
2.59075927734375
2.50323486328125
2.62603759765625
2.1424560546875
2.46771240234375
2.67962646484375
2.546142578125
2.75701904296875
2.70318603515625
2.23870849609375
2.60162353515625
2.75885009765625
2.9588623046875
2.50762939453125
2.7401123046875
2.5986328125
2.65478515625
2.43316650390625
2.33074951171875
2.4815673828125
2.77691650390625
2.54327392578125
2.378173828125
2.4853515625
2.8660888671875
2.637939453125
2.546142578125
2.478271484375
2.46893310546875
2.34259033203125
2.6610107421875
2.492919921875
2.70758056640625
2.65936279296875
2.39117431640625
2.59283447265625
2.71990966796875
2.37054443359375
2.47467041015625
2.565185546875
2.45257568359375
2.65789794921875
2.65045166015625
2.929931640625
2.57196044921875
2.60198974609375
2.82989501953125
2.52606201171875
2.74932861328125
2.30682373046875
2.69525146484375
2.6168212890625
2.55316162109375
2.6519775390625
2.625244140625
2.76861572265625
2.5880126953125
2.83160400390625
2.6798095703125
2.5670166015625
2.35943603515625
2.625
2.77996826171875
2.233642578125
2.65509033203125
2.41754150390625
2.46142578125
2.6888427734375
2.750732421875
2.4407958984375
2.54168701171875
2.60906982421875
2.6212158203125
2.63287353515625
2.4119873046875
2.4871826171875
2.41265869140625
2.88751220703125
2.6995849609375
2.4884033203125
2.74700927734375
2.25164794921875
2.4833984375
2.83551025390625
2.5567626953125
2.75457763671875
2.70458984375
2.76385498046875
2.31365966796875
2.6456298828125
2.33160400390625
2.270263671875
2.44573974609375
2.604736328125
2.59637451171875
2.5084228515625
2.4066162109375
2.59808349609375
2.50445556640625
2.46240234375
2.4619140625
2.41680908203125
2.62322998046875
2.52178955078125
2.396484375
2.221923828125
2.59954833984375
2.46466064453125
2.63226318359375
2.67352294921875
2.49761962890625
2.680419921875
2.442626953125
2.646484375
2.68975830078125
2.666259765625
2.6317138671875
2.5576171875
2.72747802734375
2.59417724609375
2.57879638671875
2.40838623046875
2.68707275390625
2.95074462890625
2.6363525390625
2.7730712890625
2.70953369140625
2.80810546875
2.69793701171875
2.62396240234375
2.7779541015625
2.60888671875
2.61468505859375
2.46142578125
2.576416015625
2.62005615234375
2.4837646484375
2.526611328125
2.4559326171875
2.732177734375
2.6871337890625
2.49346923828125
2.846435546875
2.7120361328125
2.65618896484375
2.34429931640625
2.93743896484375
2.67626953125
2.810791015625
2.46954345703125
2.7640380859375
2.34564208984375
2.49249267578125
2.80291748046875
2.65081787109375
2.6058349609375
2.73974609375
2.68426513671875
2.5078125
2.7550048828125
2.6630859375
2.52581787109375
2.218994140625
2.79443359375
2.48583984375
2.356689453125
2.41485595703125
2.44219970703125
2.671630859375
2.68206787109375
2.3907470703125
2.69049072265625
2.62066650390625
2.3741455078125
2.7498779296875
2.66845703125
2.673828125
2.51129150390625
2.6156005859375
2.6768798828125
2.52447509765625
2.76513671875
2.6376953125
2.56195068359375
2.4849853515625
2.3392333984375
2.4779052734375
2.370849609375
2.4632568359375
2.19390869140625
2.38409423828125
2.74273681640625
2.45184326171875
2.40716552734375
2.85626220703125
2.37158203125
2.83782958984375
2.54168701171875
2.7733154296875
2.31878662109375
2.4700927734375
2.54278564453125
2.69769287109375
2.4957275390625
2.61529541015625
2.81756591796875
2.48529052734375
2.6494140625
2.65802001953125
2.541748046875
2.4361572265625
2.35308837890625
2.5888671875
2.55322265625
2.696533203125
2.31768798828125
2.547607421875
2.8323974609375
2.604248046875
2.45343017578125
2.6651611328125
2.3924560546875
2.6290283203125
2.76904296875
2.64581298828125
2.61212158203125
2.7532958984375
2.67462158203125
2.6083984375
2.8792724609375
2.57586669921875
2.51934814453125
2.62139892578125
2.5421142578125
2.40252685546875
2.61041259765625
2.7357177734375
2.72119140625
2.45269775390625
2.5718994140625
2.73974609375
2.36016845703125
2.50201416015625
2.61724853515625
2.63848876953125
2.2149658203125
2.3572998046875
2.64508056640625
2.43914794921875
2.40399169921875
2.67120361328125
2.45404052734375
2.4915771484375
2.73681640625
2.81500244140625
2.7222900390625
2.50506591796875
2.49493408203125
2.64312744140625
2.49676513671875
2.421630859375
2.5118408203125
2.6563720703125
2.63861083984375
2.5789794921875
2.293212890625
2.655029296875
2.59765625
2.84808349609375
2.42620849609375
2.64306640625
2.74285888671875
2.72235107421875
2.57867431640625
2.7698974609375
2.14434814453125
2.35546875
2.70208740234375
2.52490234375
2.68927001953125
2.615966796875
2.69732666015625
2.60992431640625
2.49774169921875
2.54815673828125
2.39361572265625
2.67333984375
2.57391357421875
2.60601806640625
2.58660888671875
2.7149658203125
2.8070068359375
2.4906005859375
2.774658203125
2.61993408203125
2.617919921875
2.5357666015625
2.6536865234375
2.75555419921875
2.69122314453125
