1.433837890625
1.433837890625
1.433837890625
1.8468017578125
1.4959716796875
1.70379638671875
1.713134765625
1.82958984375
1.9144287109375
1.76318359375
1.6385498046875
2.007568359375
1.78887939453125
1.91375732421875
1.7430419921875
1.822509765625
1.7822265625
1.76727294921875
1.8499755859375
1.9140625
1.6773681640625
1.8682861328125
1.98590087890625
1.83563232421875
1.9290771484375
1.6170654296875
1.8319091796875
1.8525390625
1.958251953125
1.6898193359375
1.64385986328125
1.65850830078125
2.124267578125
1.9400634765625
1.81231689453125
1.78753662109375
1.8604736328125
1.9150390625
1.8912353515625
1.8734130859375
1.79913330078125
1.969970703125
1.761474609375
1.77313232421875
1.66802978515625
1.46099853515625
1.735107421875
1.5809326171875
1.5211181640625
1.9921875
1.92181396484375
1.79345703125
1.98284912109375
1.9473876953125
1.72979736328125
1.53680419921875
1.88134765625
2.03546142578125
1.9923095703125
1.8206787109375
1.94696044921875
1.66259765625
2.02508544921875
1.83404541015625
1.94366455078125
1.81036376953125
1.9862060546875
1.9425048828125
1.732421875
1.66131591796875
1.7581787109375
1.895751953125
1.76123046875
1.960693359375
1.9228515625
1.55859375
1.91400146484375
1.7010498046875
1.6634521484375
1.89410400390625
1.61993408203125
1.83001708984375
1.67999267578125
1.96026611328125
1.801513671875
1.955322265625
1.89227294921875
1.98370361328125
1.539794921875
1.74114990234375
1.76800537109375
1.68353271484375
1.71917724609375
1.79583740234375
1.8446044921875
1.790771484375
1.7850341796875
1.730224609375
1.813232421875
1.96484375
1.706787109375
1.54443359375
2.09222412109375
1.5948486328125
1.85675048828125
1.48602294921875
1.800537109375
1.96746826171875
1.82537841796875
1.85888671875
1.7398681640625
1.859375
1.98223876953125
1.682861328125
1.87750244140625
1.84820556640625
1.96820068359375
1.755126953125
1.92388916015625
1.5802001953125
1.69219970703125
1.88348388671875
1.9761962890625
1.67138671875
1.59814453125
2.0601806640625
1.9620361328125
1.61248779296875
1.92999267578125
1.67230224609375
1.94097900390625
2.06884765625
1.7337646484375
1.61761474609375
1.92669677734375
2.0482177734375
1.83306884765625
1.8759765625
1.94293212890625
1.941650390625
1.75579833984375
1.66192626953125
1.7255859375
1.75732421875
1.5667724609375
1.91192626953125
1.66143798828125
2.00164794921875
1.93280029296875
1.99346923828125
1.88775634765625
1.88385009765625
1.78009033203125
1.6954345703125
1.85406494140625
1.80535888671875
1.82159423828125
1.81500244140625
1.82354736328125
1.5662841796875
1.8729248046875
1.68597412109375
2.1082763671875
1.971923828125
1.85699462890625
1.5638427734375
1.92999267578125
1.97381591796875
1.84588623046875
2.0821533203125
1.9273681640625
1.82568359375
1.67681884765625
1.97906494140625
1.52685546875
1.63275146484375
2.1605224609375
1.64715576171875
1.905517578125
1.747802734375
1.736572265625
1.7686767578125
1.70098876953125
1.84124755859375
1.8671875
1.900146484375
1.70062255859375
1.6114501953125
1.6837158203125
1.5018310546875
1.790771484375
1.754638671875
1.52081298828125
1.64349365234375
2.00732421875
1.8885498046875
1.98687744140625
1.7747802734375
1.7132568359375
1.98419189453125
1.755859375
1.4505615234375
1.8233642578125
1.5009765625
1.493896484375
1.964599609375
1.84967041015625
1.8863525390625
1.89996337890625
1.9166259765625
1.36798095703125
2.00372314453125
1.8968505859375
1.89654541015625
1.90869140625
1.8641357421875
1.84417724609375
1.68408203125
1.99749755859375
1.75048828125
1.856689453125
1.79132080078125
1.793701171875
1.83258056640625
1.8565673828125
1.84552001953125
1.70965576171875
1.88275146484375
1.60772705078125
1.5064697265625
1.74365234375
2.0333251953125
1.75189208984375
2.01226806640625
2.0413818359375
1.72735595703125
1.8243408203125
1.7447509765625
1.946044921875
1.86968994140625
1.98773193359375
1.76373291015625
1.70440673828125
1.90496826171875
1.9793701171875
1.6719970703125
1.68701171875
1.7515869140625
1.83642578125
2.1136474609375
2.0128173828125
2.01318359375
1.78570556640625
1.5467529296875
1.69732666015625
1.86328125
1.66839599609375
1.831787109375
1.70343017578125
1.73773193359375
1.97344970703125
1.93267822265625
1.79095458984375
1.69842529296875
1.85565185546875
1.760009765625
1.593505859375
1.82269287109375
1.67724609375
1.5340576171875
1.86138916015625
1.8133544921875
1.5849609375
1.51025390625
1.7291259765625
1.60430908203125
1.88885498046875
1.9356689453125
1.83941650390625
1.79766845703125
1.6429443359375
1.787109375
1.47650146484375
1.69744873046875
1.77020263671875
1.68048095703125
1.65460205078125
1.9842529296875
1.68719482421875
1.912109375
1.8436279296875
1.5982666015625
1.8485107421875
1.708740234375
1.80767822265625
1.97283935546875
1.57720947265625
1.91217041015625
1.8541259765625
1.79278564453125
1.75152587890625
1.7437744140625
1.56854248046875
1.96380615234375
2.03692626953125
1.517333984375
1.966064453125
1.67010498046875
1.8026123046875
2.11492919921875
1.66632080078125
2.0130615234375
2.044921875
1.7655029296875
1.802734375
1.81787109375
1.75494384765625
1.9718017578125
1.71588134765625
1.7674560546875
1.87127685546875
1.80718994140625
1.84735107421875
1.80865478515625
1.77362060546875
1.9110107421875
1.63775634765625
1.73828125
1.93988037109375
1.7113037109375
1.66741943359375
1.6630859375
1.838134765625
1.92071533203125
1.8145751953125
1.7835693359375
1.713134765625
1.94970703125
1.83624267578125
2.01153564453125
1.9910888671875
1.8958740234375
1.91680908203125
1.86431884765625
1.649658203125
1.96533203125
1.67608642578125
1.81158447265625
1.82159423828125
1.76544189453125
1.72314453125
1.77685546875
1.99639892578125
1.506103515625
1.76568603515625
1.8624267578125
1.93255615234375
1.88671875
2.16253662109375
1.809326171875
1.76123046875
1.80902099609375
1.766357421875
2.07696533203125
1.8155517578125
1.85223388671875
1.63751220703125
1.847900390625
2.0670166015625
1.719970703125
1.80133056640625
1.73175048828125
1.80133056640625
1.82122802734375
1.60235595703125
1.59344482421875
1.73321533203125
1.77392578125
1.908203125
1.57464599609375
1.8302001953125
1.79669189453125
1.7440185546875
1.72772216796875
1.61468505859375
2.01123046875
1.71484375
1.7230224609375
2.08551025390625
1.88677978515625
1.9168701171875
1.782958984375
1.685791015625
1.66351318359375
1.83184814453125
2.05010986328125
1.78350830078125
1.72796630859375
1.9036865234375
1.692138671875
1.76495361328125
1.88433837890625
1.7625732421875
1.58892822265625
1.83795166015625
1.99639892578125
1.9429931640625
2.0233154296875
1.91595458984375
1.90960693359375
1.97747802734375
1.8189697265625
1.76080322265625
1.38043212890625
1.876953125
2.013916015625
1.69769287109375
1.88690185546875
1.53033447265625
1.5550537109375
1.502685546875
1.79083251953125
1.94305419921875
2.00177001953125
1.86358642578125
1.83050537109375
1.83697509765625
1.74163818359375
1.97113037109375
1.57440185546875
1.98834228515625
1.845947265625
1.80377197265625
1.84521484375
1.5911865234375
1.7801513671875
1.94921875
2.07427978515625
1.86212158203125
2.12310791015625
1.86309814453125
1.87969970703125
1.758544921875
1.9349365234375
1.84527587890625
1.85931396484375
1.795654296875
1.8411865234375
1.90069580078125
1.7091064453125
2.0643310546875
1.939697265625
1.8489990234375
1.6763916015625
1.8055419921875
1.86346435546875
1.84271240234375
1.6693115234375
1.6790771484375
1.64190673828125
1.917724609375
1.91925048828125
1.82366943359375
1.6978759765625
1.59954833984375
1.69403076171875
1.8056640625
1.69415283203125
1.7406005859375
1.69573974609375
1.92352294921875
1.7918701171875
1.81866455078125
1.8922119140625
1.72796630859375
1.7471923828125
2.04608154296875
1.74322509765625
1.85748291015625
1.90093994140625
1.8248291015625
1.57794189453125
1.820556640625
1.78167724609375
1.67022705078125
1.890869140625
1.855224609375
1.74530029296875
1.31744384765625
1.65985107421875
1.64501953125
1.9466552734375
1.7950439453125
1.840087890625
1.87945556640625
2.110107421875
1.87591552734375
1.6505126953125
1.911865234375
1.91595458984375
1.64385986328125
1.39239501953125
1.88214111328125
1.8577880859375
1.84063720703125
1.68731689453125
1.696533203125
1.7236328125
1.9556884765625
1.64801025390625
1.977294921875
1.87139892578125
1.6785888671875
1.83837890625
1.84979248046875
1.7291259765625
1.6517333984375
1.8135986328125
1.74249267578125
1.4622802734375
1.7930908203125
1.82965087890625
1.79351806640625
1.78131103515625
1.74847412109375
1.67132568359375
1.80572509765625
1.9859619140625
1.99713134765625
2.06005859375
1.8428955078125
1.81182861328125
1.75537109375
1.736083984375
1.87890625
1.79058837890625
1.72052001953125
1.873779296875
1.5987548828125
2.1153564453125
1.664794921875
1.80810546875
1.64398193359375
1.6671142578125
1.678466796875
1.79010009765625
1.5518798828125
1.77703857421875
1.7135009765625
1.6038818359375
2.02117919921875
1.57672119140625
2.05694580078125
1.53558349609375
1.57147216796875
1.9366455078125
1.7706298828125
1.8472900390625
1.59429931640625
1.72796630859375
1.7120361328125
1.87274169921875
1.96917724609375
1.584716796875
1.55419921875
1.6378173828125
1.76507568359375
1.6842041015625
1.8831787109375
1.54937744140625
1.7537841796875
1.849853515625
2.0013427734375
1.82550048828125
1.82061767578125
1.78729248046875
1.5216064453125
1.68634033203125
1.7532958984375
1.87530517578125
1.6795654296875
1.99578857421875
1.69989013671875
1.63873291015625
1.93743896484375
1.64703369140625
1.59149169921875
1.82196044921875
1.8599853515625
1.84576416015625
1.81451416015625
1.73046875
1.86370849609375
1.7674560546875
1.566162109375
1.4825439453125
1.81805419921875
1.84393310546875
1.951171875
1.66375732421875
1.73931884765625
2.117431640625
1.51776123046875
1.60955810546875
1.67608642578125
2.06494140625
1.70074462890625
1.7510986328125
1.70513916015625
1.50726318359375
2.03009033203125
1.61444091796875
1.9488525390625
1.83148193359375
1.74639892578125
1.71136474609375
1.76324462890625
2.07647705078125
1.91796875
1.85516357421875
1.86566162109375
1.8702392578125
1.870849609375
1.84429931640625
2.0311279296875
1.79705810546875
1.76324462890625
1.90087890625
2.01397705078125
1.9119873046875
1.7503662109375
2.13934326171875
1.65081787109375
1.92034912109375
1.96929931640625
1.93804931640625
1.7664794921875
1.78765869140625
1.68402099609375
1.812255859375
1.72882080078125
1.9010009765625
1.82391357421875
1.7520751953125
1.75787353515625
1.9091796875
1.71844482421875
2.0560302734375
1.3768310546875
1.9605712890625
1.49359130859375
1.95574951171875
2.00909423828125
1.70391845703125
1.76177978515625
1.66009521484375
2.0377197265625
1.852294921875
2.0084228515625
1.73388671875
1.62481689453125
1.96832275390625
1.591552734375
1.60040283203125
1.7984619140625
1.86004638671875
2.01416015625
1.87908935546875
1.6817626953125
2.01043701171875
1.76544189453125
1.85174560546875
1.59039306640625
1.73944091796875
2.003173828125
1.7568359375
1.6925048828125
1.5284423828125
1.74517822265625
1.8631591796875
1.67547607421875
1.79046630859375
1.7449951171875
1.8673095703125
1.9793701171875
1.8671875
1.75634765625
1.856689453125
1.7921142578125
2.0235595703125
1.77825927734375
1.619873046875
1.726318359375
1.588623046875
1.7540283203125
1.6220703125
1.75994873046875
1.46307373046875
1.631591796875
1.8353271484375
1.71044921875
1.665283203125
1.91644287109375
2.00640869140625
1.809814453125
1.7032470703125
1.89837646484375
1.7093505859375
1.7657470703125
1.8238525390625
1.74432373046875
1.78619384765625
1.7518310546875
2.0224609375
1.86871337890625
1.826904296875
1.559814453125
2.0838623046875
1.61376953125
1.75628662109375
1.83599853515625
1.72100830078125
1.60748291015625
1.8419189453125
2.00567626953125
1.86676025390625
1.99517822265625
1.82745361328125
1.81280517578125
1.83905029296875
1.7698974609375
1.72833251953125
1.83740234375
1.66058349609375
1.8348388671875
1.95758056640625
1.59515380859375
1.50262451171875
1.95819091796875
1.5828857421875
1.63165283203125
1.73211669921875
1.88519287109375
1.68084716796875
1.71075439453125
2.01513671875
1.60693359375
1.73834228515625
1.7091064453125
1.72601318359375
1.74267578125
1.46197509765625
1.8397216796875
1.96734619140625
1.86700439453125
1.881591796875
2.03778076171875
1.76373291015625
1.71307373046875
1.68133544921875
2.0361328125
1.837890625
1.7698974609375
2.06768798828125
1.63275146484375
1.832275390625
1.98809814453125
1.71112060546875
1.68548583984375
1.69232177734375
1.93267822265625
1.9140625
1.7384033203125
1.716064453125
1.77191162109375
2.03619384765625
2.01123046875
1.82769775390625
1.7174072265625
1.76025390625
1.8419189453125
1.9229736328125
1.58453369140625
1.4925537109375
1.81494140625
2.003662109375
1.92193603515625
1.93634033203125
1.8323974609375
1.831787109375
1.95361328125
1.84344482421875
1.78277587890625
1.58282470703125
1.89178466796875
2.0318603515625
1.8455810546875
1.94573974609375
1.64886474609375
1.98516845703125
1.63079833984375
1.71966552734375
1.8211669921875
1.49627685546875
1.5992431640625
1.6160888671875
1.7852783203125
1.78570556640625
1.5029296875
1.57635498046875
1.7210693359375
1.72314453125
1.87493896484375
1.8487548828125
1.63702392578125
1.8958740234375
1.51953125
1.6214599609375
1.7210693359375
1.6927490234375
2.05517578125
1.99017333984375
1.4954833984375
1.88763427734375
1.87017822265625
1.634765625
1.668701171875
1.7930908203125
1.9737548828125
1.71392822265625
1.96832275390625
2.0416259765625
1.7005615234375
1.48370361328125
1.66705322265625
1.7156982421875
1.9998779296875
1.787353515625
1.88360595703125
1.7353515625
1.9110107421875
1.8472900390625
1.7498779296875
1.83978271484375
1.57415771484375
1.73748779296875
1.79339599609375
1.75238037109375
1.82684326171875
1.8206787109375
1.58306884765625
1.90447998046875
1.76715087890625
1.9451904296875
1.74993896484375
1.74755859375
2.0125732421875
1.573974609375
1.55035400390625
2.05352783203125
1.66064453125
1.89111328125
2.08953857421875
1.867919921875
1.67828369140625
1.6494140625
1.64813232421875
1.96343994140625
1.41168212890625
1.48443603515625
1.81768798828125
1.72265625
1.888671875
1.7174072265625
1.87237548828125
1.941162109375
1.88201904296875
1.79608154296875
1.71112060546875
1.9447021484375
2.00811767578125
1.78790283203125
1.63360595703125
1.85272216796875
1.850341796875
2.09442138671875
1.5751953125
1.78265380859375
2.10699462890625
1.7646484375
1.6517333984375
1.8184814453125
1.69134521484375
2.03497314453125
1.882568359375
1.684326171875
1.54425048828125
1.682373046875
1.92584228515625
2.0020751953125
1.7227783203125
1.78314208984375
1.9593505859375
1.42431640625
1.955810546875
1.729736328125
1.81890869140625
1.8304443359375
1.72515869140625
2.03826904296875
1.83880615234375
1.91925048828125
1.71875
1.73406982421875
2.00982666015625
1.8614501953125
1.749267578125
1.4632568359375
1.5234375
1.7174072265625
1.843017578125
1.49871826171875
1.87274169921875
1.732177734375
1.64874267578125
1.758544921875
1.64288330078125
1.72540283203125
1.9210205078125
1.80364990234375
1.87420654296875
1.87908935546875
1.92791748046875
1.8013916015625
1.823486328125
2.04827880859375
1.9403076171875
1.89801025390625
1.970947265625
1.6004638671875
2.01556396484375
1.69171142578125
1.84185791015625
1.9288330078125
1.85107421875
1.75787353515625
1.9373779296875
1.68853759765625
1.8326416015625
1.7073974609375
1.7376708984375
1.64520263671875
1.61700439453125
2.05072021484375
1.75628662109375
1.7515869140625
2.06298828125
1.92254638671875
1.7603759765625
1.71209716796875
1.69940185546875
1.86773681640625
1.7412109375
1.7850341796875
1.75018310546875
1.638916015625
1.70294189453125
1.82000732421875
1.82318115234375
1.926513671875
1.94097900390625
1.783203125
1.7310791015625
1.89337158203125
1.7484130859375
1.89910888671875
1.66217041015625
1.5472412109375
1.9940185546875
1.62774658203125
1.87908935546875
1.76300048828125
1.63787841796875
1.80255126953125
2.0181884765625
1.7520751953125
1.9893798828125
1.99676513671875
1.73583984375
1.58087158203125
1.93994140625
1.7821044921875
2.10675048828125
