2.36187744140625
2.36187744140625
2.36187744140625
2.36187744140625
2.51507568359375
2.724609375
2.5814208984375
2.6571044921875
2.624755859375
2.726806640625
2.71942138671875
2.8155517578125
2.695068359375
2.7032470703125
2.7581787109375
2.49822998046875
2.51458740234375
2.85931396484375
2.46722412109375
2.49725341796875
2.7987060546875
2.60455322265625
2.5867919921875
2.44085693359375
2.58770751953125
2.6666259765625
2.7447509765625
2.48760986328125
2.667236328125
2.84893798828125
2.58807373046875
2.7596435546875
2.6629638671875
2.61956787109375
2.50927734375
2.43780517578125
2.684814453125
2.3707275390625
2.5018310546875
2.75360107421875
2.83721923828125
2.228515625
2.34185791015625
2.91583251953125
2.62786865234375
2.4814453125
2.81036376953125
2.77166748046875
2.75457763671875
2.789306640625
2.51605224609375
2.87109375
2.91552734375
2.5531005859375
2.65057373046875
2.54656982421875
2.26177978515625
2.78924560546875
2.734130859375
2.46551513671875
2.46575927734375
2.67657470703125
2.649658203125
2.48675537109375
2.8389892578125
2.49261474609375
2.43377685546875
2.69683837890625
2.8118896484375
2.64892578125
2.77838134765625
2.729248046875
2.617919921875
2.961669921875
2.4727783203125
2.7261962890625
2.795166015625
2.2315673828125
2.49945068359375
2.6077880859375
2.504638671875
2.7705078125
2.48370361328125
2.47430419921875
2.6851806640625
2.68304443359375
2.87811279296875
2.78619384765625
2.618408203125
2.5155029296875
2.59332275390625
2.70269775390625
2.7352294921875
2.7303466796875
2.75238037109375
2.5565185546875
2.3868408203125
2.3953857421875
2.80731201171875
2.57952880859375
2.88336181640625
2.62994384765625
2.78460693359375
2.634765625
2.78399658203125
2.5684814453125
2.76202392578125
2.88507080078125
2.74578857421875
2.75555419921875
2.76739501953125
2.7271728515625
2.640869140625
2.43951416015625
2.56134033203125
2.80804443359375
2.7843017578125
2.5560302734375
2.6015625
2.7637939453125
2.97930908203125
2.82489013671875
2.73590087890625
2.63409423828125
2.4981689453125
2.59393310546875
2.81488037109375
2.3607177734375
2.60980224609375
2.61932373046875
2.58721923828125
2.57177734375
2.57952880859375
2.70751953125
2.7674560546875
2.66986083984375
2.76080322265625
2.77752685546875
2.742431640625
2.76715087890625
2.42926025390625
2.81268310546875
2.7271728515625
2.88287353515625
2.30792236328125
2.77978515625
2.63018798828125
2.73382568359375
2.67535400390625
2.4046630859375
2.68804931640625
3.01837158203125
2.4127197265625
2.5938720703125
2.69415283203125
2.50897216796875
2.59307861328125
2.647216796875
2.857421875
2.9208984375
2.67877197265625
2.435791015625
2.51983642578125
2.7130126953125
2.52447509765625
2.8365478515625
2.64794921875
2.65771484375
2.4287109375
2.41473388671875
2.89031982421875
2.36248779296875
2.67266845703125
2.1402587890625
2.711669921875
2.74359130859375
2.66180419921875
2.63934326171875
2.69580078125
2.59814453125
3.04119873046875
2.32830810546875
2.61669921875
2.9918212890625
2.70281982421875
2.63446044921875
2.507568359375
2.5721435546875
2.56744384765625
2.569580078125
3.00372314453125
2.62408447265625
2.8336181640625
2.72991943359375
2.7120361328125
2.516357421875
2.77874755859375
2.72052001953125
2.55767822265625
2.45855712890625
2.56817626953125
2.709716796875
2.5748291015625
2.7178955078125
2.55450439453125
2.71099853515625
2.7296142578125
2.314453125
2.61260986328125
2.44976806640625
2.69281005859375
2.83160400390625
2.501220703125
2.53076171875
2.64990234375
2.67010498046875
2.48870849609375
2.7894287109375
2.621826171875
2.28204345703125
2.6988525390625
2.76885986328125
2.763916015625
2.59918212890625
2.6790771484375
2.651123046875
2.43634033203125
2.870849609375
2.5830078125
2.5233154296875
2.9835205078125
2.76177978515625
2.78692626953125
2.539306640625
2.5694580078125
2.6107177734375
2.6871337890625
2.86505126953125
2.74578857421875
2.38531494140625
2.73663330078125
2.65869140625
2.583984375
2.685546875
2.57122802734375
2.5198974609375
2.35845947265625
2.84796142578125
2.576416015625
2.386962890625
2.75677490234375
2.73065185546875
2.4456787109375
2.4412841796875
2.560791015625
2.50750732421875
2.961181640625
2.76116943359375
2.94219970703125
2.72650146484375
2.81866455078125
2.39263916015625
2.42559814453125
2.93182373046875
2.54193115234375
2.72772216796875
2.657470703125
2.86175537109375
2.713623046875
2.61279296875
2.8065185546875
2.61328125
2.956298828125
2.5865478515625
2.81292724609375
2.92266845703125
2.85174560546875
2.53436279296875
2.80908203125
2.7049560546875
2.69415283203125
2.70709228515625
2.7354736328125
2.87945556640625
2.6473388671875
2.61639404296875
2.54815673828125
2.49212646484375
2.89312744140625
2.40875244140625
2.71826171875
2.63385009765625
2.30804443359375
2.7056884765625
2.65838623046875
2.76904296875
2.682373046875
2.573974609375
2.57708740234375
2.41192626953125
2.663818359375
2.75128173828125
2.504638671875
2.4202880859375
2.6138916015625
2.9232177734375
2.64947509765625
2.806884765625
2.52044677734375
2.630615234375
2.4803466796875
2.50518798828125
2.67633056640625
2.79449462890625
2.5216064453125
2.6494140625
2.769287109375
2.771240234375
2.82867431640625
2.69464111328125
2.573486328125
2.44219970703125
2.545166015625
2.66204833984375
2.57958984375
2.80401611328125
3.0103759765625
2.7071533203125
2.9124755859375
2.78118896484375
2.82806396484375
2.71820068359375
2.69354248046875
2.5911865234375
2.76080322265625
2.56787109375
2.73779296875
2.63531494140625
2.80126953125
2.5860595703125
2.57281494140625
2.904052734375
2.8636474609375
2.822021484375
2.540283203125
2.8046875
2.7572021484375
2.8841552734375
2.63397216796875
2.623291015625
2.41619873046875
2.6204833984375
2.78851318359375
2.7921142578125
2.512939453125
2.62518310546875
2.5494384765625
2.81427001953125
2.388916015625
2.865966796875
2.5665283203125
2.5657958984375
2.78607177734375
2.506103515625
2.46038818359375
2.8834228515625
2.6502685546875
2.74468994140625
2.51519775390625
2.59051513671875
2.65655517578125
2.8231201171875
2.859130859375
2.8887939453125
2.531005859375
2.7962646484375
2.49603271484375
2.88177490234375
2.62078857421875
2.461669921875
2.70098876953125
2.7528076171875
2.50830078125
2.443603515625
2.80584716796875
2.4718017578125
2.627685546875
2.78887939453125
2.7933349609375
2.79852294921875
2.76336669921875
2.412109375
2.75115966796875
2.60357666015625
2.72283935546875
2.6024169921875
2.58819580078125
2.7978515625
2.94256591796875
2.72808837890625
2.6475830078125
2.80621337890625
2.84649658203125
2.5142822265625
2.3668212890625
2.6439208984375
2.83636474609375
2.60186767578125
2.6934814453125
2.75732421875
2.462890625
2.733642578125
2.545166015625
2.39117431640625
2.8323974609375
2.86712646484375
2.59869384765625
2.71246337890625
2.55389404296875
2.76031494140625
2.5614013671875
2.58050537109375
2.5794677734375
2.8192138671875
2.74725341796875
2.92437744140625
2.43243408203125
2.70263671875
2.568603515625
2.5040283203125
2.6055908203125
2.71063232421875
2.69061279296875
2.8529052734375
2.98809814453125
2.44232177734375
2.54833984375
2.51275634765625
2.97064208984375
2.4244384765625
2.7928466796875
2.49700927734375
2.5380859375
2.74200439453125
2.705078125
2.5731201171875
2.70831298828125
2.67449951171875
2.622802734375
2.42529296875
2.95379638671875
2.53466796875
2.67364501953125
2.51617431640625
2.5260009765625
2.614990234375
2.7371826171875
2.75140380859375
2.53070068359375
2.49114990234375
2.8336181640625
2.57550048828125
2.8759765625
2.58074951171875
2.60345458984375
2.51593017578125
2.70361328125
2.580322265625
2.52362060546875
2.54345703125
2.53314208984375
2.60589599609375
2.78594970703125
2.47662353515625
3.0657958984375
2.64874267578125
2.888671875
2.5814208984375
2.5380859375
2.46807861328125
2.6334228515625
2.39990234375
2.50396728515625
2.87017822265625
2.854736328125
2.75469970703125
2.5244140625
2.81976318359375
2.32757568359375
2.50665283203125
2.594482421875
2.6650390625
2.8253173828125
2.4044189453125
2.706787109375
2.70208740234375
2.3621826171875
2.36749267578125
2.5732421875
2.75311279296875
2.7579345703125
2.79052734375
2.6568603515625
2.82647705078125
2.88934326171875
2.64324951171875
2.4287109375
2.63232421875
2.39971923828125
2.71441650390625
2.5872802734375
2.738525390625
2.4881591796875
2.68426513671875
2.417724609375
2.921875
2.222412109375
2.6612548828125
2.61767578125
2.72674560546875
2.78369140625
2.99505615234375
2.7200927734375
2.45208740234375
2.8326416015625
2.93115234375
2.72222900390625
2.5059814453125
2.63818359375
2.67071533203125
2.56085205078125
2.61474609375
2.59356689453125
2.723388671875
2.5733642578125
2.5439453125
2.70648193359375
2.70172119140625
2.49237060546875
2.6131591796875
2.539306640625
2.81494140625
2.59649658203125
2.56976318359375
2.6859130859375
2.680419921875
2.58251953125
2.40692138671875
2.480712890625
2.58380126953125
2.54644775390625
2.95648193359375
2.59185791015625
2.57794189453125
2.76983642578125
2.7275390625
2.3841552734375
2.77276611328125
2.77545166015625
2.43109130859375
2.60467529296875
2.49072265625
2.53240966796875
2.76849365234375
2.628173828125
2.52874755859375
2.495849609375
2.49560546875
2.381591796875
2.8963623046875
2.6842041015625
2.64300537109375
2.78704833984375
2.82415771484375
2.70220947265625
2.65142822265625
2.79730224609375
2.60015869140625
2.79083251953125
2.64581298828125
2.46173095703125
2.8013916015625
2.88336181640625
2.32916259765625
2.806640625
2.76995849609375
2.7969970703125
2.5281982421875
2.84051513671875
2.424072265625
2.757568359375
2.75482177734375
2.6513671875
2.61798095703125
2.5411376953125
2.4351806640625
2.74237060546875
2.645263671875
2.21038818359375
2.6241455078125
2.75445556640625
2.601318359375
2.7154541015625
2.6640625
2.72601318359375
2.6700439453125
2.9078369140625
2.49017333984375
2.7877197265625
2.6148681640625
2.59417724609375
2.701416015625
2.49127197265625
2.55206298828125
2.555419921875
2.6697998046875
2.70330810546875
2.61956787109375
2.9068603515625
2.508056640625
2.43585205078125
2.76177978515625
2.5848388671875
2.3856201171875
2.457275390625
2.9375
2.3568115234375
2.709228515625
2.72869873046875
2.90203857421875
2.66796875
2.8653564453125
2.46270751953125
2.48236083984375
2.675048828125
2.35516357421875
2.53778076171875
2.69683837890625
2.76177978515625
2.65277099609375
2.7974853515625
2.779296875
2.74603271484375
2.791748046875
2.57696533203125
2.7567138671875
2.7152099609375
2.66925048828125
2.455322265625
2.63946533203125
2.537841796875
2.72039794921875
2.7359619140625
2.6912841796875
2.5413818359375
2.3839111328125
2.716064453125
2.4930419921875
2.774169921875
2.37640380859375
2.78851318359375
2.44622802734375
2.66632080078125
2.7491455078125
2.6737060546875
2.69866943359375
2.68341064453125
2.4853515625
2.52838134765625
2.400146484375
2.297607421875
2.65118408203125
2.53515625
2.859130859375
2.70587158203125
2.84454345703125
2.63525390625
2.54541015625
2.536865234375
2.70751953125
2.86724853515625
2.752685546875
2.72064208984375
2.56402587890625
2.71466064453125
2.50018310546875
2.6151123046875
2.64337158203125
2.603759765625
2.7496337890625
2.7896728515625
2.8677978515625
2.77935791015625
2.90692138671875
2.94873046875
2.50244140625
2.7459716796875
2.64453125
2.68292236328125
2.8087158203125
2.56964111328125
2.6512451171875
2.2100830078125
2.75823974609375
2.63427734375
2.459228515625
2.8277587890625
2.71624755859375
2.3011474609375
2.59881591796875
2.8162841796875
2.7579345703125
2.5694580078125
2.43194580078125
2.575439453125
2.66314697265625
2.5791015625
2.5098876953125
2.77490234375
2.67041015625
2.52752685546875
2.6224365234375
2.3094482421875
2.38018798828125
2.70147705078125
2.8897705078125
2.73779296875
2.51861572265625
2.5816650390625
2.40020751953125
2.51763916015625
2.38128662109375
2.6783447265625
2.675048828125
2.44451904296875
2.673828125
2.5
2.6678466796875
2.5067138671875
2.54010009765625
2.51129150390625
2.47479248046875
2.6400146484375
2.48345947265625
2.55059814453125
2.74249267578125
2.6268310546875
2.4793701171875
2.79278564453125
2.67755126953125
2.87005615234375
2.64752197265625
2.736328125
2.3885498046875
2.79473876953125
2.74639892578125
2.65234375
2.8603515625
2.739990234375
2.46881103515625
2.72039794921875
2.793701171875
2.44781494140625
2.65997314453125
2.629150390625
2.5093994140625
2.556396484375
2.58746337890625
2.509765625
2.62188720703125
2.46826171875
2.62335205078125
2.5966796875
2.63720703125
2.90283203125
2.84466552734375
2.5880126953125
2.43310546875
2.8250732421875
2.72882080078125
2.73040771484375
2.63616943359375
2.92254638671875
2.39910888671875
3.00689697265625
2.7244873046875
2.64166259765625
2.46466064453125
2.7813720703125
2.69537353515625
2.5855712890625
2.52532958984375
2.70965576171875
2.76678466796875
2.48760986328125
2.53546142578125
2.7030029296875
2.64923095703125
2.62530517578125
2.5374755859375
2.64117431640625
2.7254638671875
2.71649169921875
2.895263671875
2.7509765625
2.4976806640625
2.718505859375
2.6412353515625
2.8258056640625
2.468505859375
2.8546142578125
2.89007568359375
2.42120361328125
2.82623291015625
2.570556640625
2.50811767578125
2.64739990234375
2.49835205078125
2.74591064453125
2.714599609375
2.55908203125
3.00408935546875
2.5682373046875
2.71075439453125
2.6444091796875
2.700439453125
2.5103759765625
2.3302001953125
2.49853515625
2.6331787109375
2.84820556640625
2.5716552734375
2.4869384765625
2.73974609375
2.6427001953125
2.606689453125
2.480712890625
2.84063720703125
2.647705078125
2.6795654296875
2.53228759765625
2.42535400390625
2.58270263671875
2.7525634765625
2.623779296875
2.2840576171875
2.7274169921875
2.58245849609375
2.57025146484375
2.75531005859375
2.7060546875
2.6331787109375
2.74957275390625
2.56890869140625
2.60418701171875
2.7928466796875
2.64501953125
2.42401123046875
2.58917236328125
2.69580078125
2.62884521484375
2.41552734375
2.39495849609375
2.74298095703125
2.6693115234375
2.8333740234375
2.501220703125
2.76983642578125
2.62286376953125
2.53179931640625
2.5509033203125
2.454833984375
2.6458740234375
2.72967529296875
2.53814697265625
2.7064208984375
2.1861572265625
2.74139404296875
2.79400634765625
2.958251953125
2.7490234375
2.49090576171875
2.41033935546875
2.360595703125
2.67364501953125
2.7867431640625
2.557373046875
2.8443603515625
2.537841796875
2.3509521484375
2.76922607421875
2.580810546875
2.68585205078125
2.88238525390625
2.6070556640625
2.43023681640625
2.6317138671875
2.75860595703125
2.54315185546875
2.83990478515625
2.65692138671875
2.7149658203125
2.6334228515625
2.58782958984375
2.83587646484375
2.5728759765625
2.8775634765625
2.7930908203125
2.68670654296875
2.6112060546875
2.794189453125
2.7373046875
2.68231201171875
2.5924072265625
2.76190185546875
2.69622802734375
2.74835205078125
2.7398681640625
2.7259521484375
2.8607177734375
