2.36187744140625
2.36187744140625
2.36187744140625
2.36187744140625
2.36187744140625
2.440185546875
2.3336181640625
2.31671142578125
2.612060546875
2.84173583984375
2.5965576171875
2.58203125
2.72418212890625
2.9656982421875
2.72760009765625
2.79522705078125
2.60784912109375
2.6365966796875
2.60589599609375
2.79266357421875
2.72705078125
2.5670166015625
2.642578125
3.0252685546875
2.77496337890625
2.7203369140625
2.7647705078125
2.498291015625
2.5313720703125
2.799560546875
2.43426513671875
2.93756103515625
2.6778564453125
2.39697265625
2.55621337890625
2.6739501953125
2.63677978515625
2.72406005859375
2.58453369140625
2.80963134765625
2.6539306640625
2.73004150390625
2.45037841796875
2.600341796875
2.60089111328125
2.560791015625
2.58990478515625
2.91583251953125
2.97564697265625
2.575927734375
2.5758056640625
2.63568115234375
2.2886962890625
2.7984619140625
2.8099365234375
2.647705078125
2.6929931640625
2.6689453125
2.6571044921875
2.8385009765625
2.842529296875
2.56103515625
2.48095703125
2.53167724609375
2.67108154296875
2.76904296875
2.34326171875
2.77569580078125
2.9527587890625
2.57623291015625
2.63372802734375
2.74334716796875
2.35858154296875
2.33416748046875
2.56768798828125
2.68377685546875
2.7353515625
2.49273681640625
2.55865478515625
2.7960205078125
2.84930419921875
2.51031494140625
2.59942626953125
2.44818115234375
2.77337646484375
2.75982666015625
2.70916748046875
2.76214599609375
2.517333984375
2.70526123046875
2.41925048828125
2.807373046875
2.69610595703125
2.5234375
2.5787353515625
2.73931884765625
2.4161376953125
2.51641845703125
2.62249755859375
2.6651611328125
2.60504150390625
2.59698486328125
2.7713623046875
2.59210205078125
2.631103515625
2.5245361328125
2.65863037109375
2.698486328125
2.3677978515625
2.27288818359375
2.9921875
2.67584228515625
2.6490478515625
2.5909423828125
2.7984619140625
2.47625732421875
2.92376708984375
2.2911376953125
2.814453125
2.833984375
2.63165283203125
2.769775390625
2.57354736328125
2.735107421875
2.45098876953125
2.76434326171875
2.85418701171875
2.588623046875
2.6834716796875
2.69659423828125
2.78118896484375
2.4716796875
2.61175537109375
2.726806640625
2.77960205078125
2.81793212890625
2.3194580078125
2.52484130859375
2.60198974609375
2.4608154296875
2.37188720703125
2.816650390625
2.51434326171875
2.72454833984375
2.4915771484375
2.85650634765625
2.33392333984375
2.619384765625
2.6455078125
2.655517578125
2.52740478515625
2.3228759765625
2.667236328125
2.60198974609375
2.32269287109375
2.65185546875
2.47076416015625
2.3720703125
2.47625732421875
2.5721435546875
2.70654296875
2.7705078125
2.50201416015625
2.59674072265625
2.54852294921875
2.677978515625
2.4991455078125
2.71533203125
2.86474609375
2.89471435546875
2.364990234375
2.815185546875
2.67303466796875
2.6126708984375
2.504638671875
2.751220703125
2.570556640625
2.7576904296875
2.855224609375
2.5938720703125
2.4693603515625
2.5357666015625
2.76495361328125
2.68011474609375
2.33087158203125
2.81268310546875
2.53521728515625
2.49456787109375
2.68475341796875
2.2923583984375
2.6995849609375
2.7999267578125
2.47650146484375
2.62554931640625
2.6376953125
2.81939697265625
2.3251953125
3.03436279296875
2.54071044921875
2.2562255859375
2.779052734375
2.66180419921875
2.60552978515625
2.1063232421875
2.50146484375
2.71710205078125
2.9029541015625
2.9268798828125
2.76068115234375
2.668212890625
2.92327880859375
2.962890625
2.59173583984375
2.529052734375
2.5989990234375
2.4986572265625
2.86541748046875
2.8128662109375
2.62371826171875
2.7371826171875
2.50567626953125
2.747314453125
3.00372314453125
2.91290283203125
2.73028564453125
2.4248046875
2.63201904296875
2.62872314453125
2.4090576171875
2.74951171875
2.713623046875
2.73236083984375
2.45257568359375
2.70263671875
2.728759765625
2.6170654296875
2.81036376953125
2.7720947265625
2.6624755859375
2.76348876953125
2.544677734375
2.78826904296875
2.72930908203125
2.4278564453125
2.73236083984375
2.4693603515625
2.795654296875
2.8306884765625
2.77288818359375
2.54168701171875
2.70208740234375
2.69293212890625
2.59991455078125
2.6005859375
2.69366455078125
2.7493896484375
2.66290283203125
2.6719970703125
2.76300048828125
2.589599609375
2.5108642578125
2.66864013671875
2.68487548828125
2.80010986328125
2.45269775390625
2.588134765625
2.61553955078125
2.54974365234375
2.8701171875
2.42926025390625
2.75408935546875
2.796630859375
2.66448974609375
3.03143310546875
2.77978515625
2.81353759765625
2.80889892578125
2.57110595703125
2.50225830078125
2.7069091796875
2.6903076171875
2.6298828125
2.6475830078125
2.781494140625
2.85223388671875
2.65777587890625
2.31011962890625
2.51812744140625
2.61572265625
3.1859130859375
2.7203369140625
2.40997314453125
2.582275390625
2.6251220703125
2.41961669921875
2.81866455078125
2.6209716796875
2.6630859375
2.29425048828125
2.86212158203125
2.70440673828125
3.02569580078125
2.82861328125
2.76824951171875
2.7470703125
2.57489013671875
2.69219970703125
2.961669921875
2.7525634765625
2.74957275390625
2.61529541015625
2.50897216796875
2.4991455078125
2.5164794921875
2.497314453125
2.31390380859375
2.8173828125
2.42901611328125
2.6448974609375
2.50299072265625
2.50762939453125
2.75848388671875
2.6724853515625
2.68890380859375
2.83367919921875
2.5804443359375
2.48345947265625
2.69970703125
2.523681640625
2.6466064453125
2.53515625
2.46075439453125
2.85589599609375
2.52728271484375
2.66314697265625
2.48370361328125
2.8841552734375
2.69586181640625
2.627685546875
2.600830078125
2.562255859375
2.66522216796875
2.33587646484375
2.447021484375
2.63671875
2.619140625
2.73919677734375
2.4256591796875
2.34918212890625
2.7080078125
2.61822509765625
2.59820556640625
2.65289306640625
2.58563232421875
2.5872802734375
2.8818359375
2.501220703125
2.89190673828125
2.62750244140625
2.6971435546875
2.74951171875
2.61273193359375
2.6673583984375
2.49859619140625
2.71990966796875
2.556640625
2.514892578125
2.629638671875
2.74139404296875
2.61859130859375
2.53656005859375
2.7791748046875
2.65020751953125
2.68670654296875
2.90289306640625
2.659912109375
2.48956298828125
2.78851318359375
2.3765869140625
2.46539306640625
2.3214111328125
2.73907470703125
2.6453857421875
2.614013671875
2.62188720703125
2.7950439453125
2.70196533203125
2.5301513671875
2.693115234375
2.68353271484375
2.51580810546875
2.7099609375
2.85614013671875
2.67547607421875
2.80828857421875
2.591796875
2.57073974609375
2.66986083984375
2.60858154296875
2.54901123046875
2.65386962890625
2.8179931640625
2.85272216796875
2.61077880859375
2.7353515625
2.61737060546875
2.5211181640625
2.43597412109375
2.4415283203125
2.652099609375
2.57183837890625
2.46795654296875
2.75115966796875
2.70111083984375
2.87261962890625
2.88311767578125
2.583740234375
2.51739501953125
2.637939453125
2.43170166015625
2.689208984375
2.6356201171875
2.50262451171875
2.71502685546875
2.4832763671875
2.7646484375
2.6353759765625
2.59075927734375
2.81732177734375
2.48333740234375
2.6051025390625
2.8660888671875
2.5758056640625
2.50079345703125
2.7955322265625
2.7528076171875
2.64349365234375
2.40533447265625
2.6561279296875
2.42938232421875
2.7457275390625
2.5728759765625
2.7469482421875
2.42767333984375
3.078857421875
2.75054931640625
2.8218994140625
2.82342529296875
2.55206298828125
2.56182861328125
2.6353759765625
2.95025634765625
2.54876708984375
2.35333251953125
2.6947021484375
2.69378662109375
2.61688232421875
2.72393798828125
2.49700927734375
2.53643798828125
2.6552734375
2.768310546875
2.73577880859375
2.829833984375
2.90594482421875
2.51068115234375
2.5050048828125
2.82659912109375
2.748779296875
2.51123046875
2.68218994140625
2.5059814453125
2.5621337890625
2.725341796875
2.52960205078125
2.724365234375
2.8592529296875
2.80694580078125
2.67803955078125
2.63592529296875
2.787353515625
2.6075439453125
2.48028564453125
2.51617431640625
2.84869384765625
2.65899658203125
2.7469482421875
2.74395751953125
2.4754638671875
2.88726806640625
2.55145263671875
2.54473876953125
2.931396484375
2.67010498046875
2.6527099609375
2.43365478515625
2.3714599609375
2.37896728515625
2.75384521484375
2.60687255859375
2.5443115234375
2.54583740234375
2.8126220703125
2.8031005859375
2.30499267578125
2.82147216796875
2.8336181640625
2.8599853515625
2.85687255859375
2.96356201171875
2.75054931640625
2.58306884765625
2.61468505859375
2.4456787109375
2.49774169921875
2.9637451171875
2.5888671875
2.63690185546875
2.702392578125
2.5693359375
2.61151123046875
2.751708984375
2.51690673828125
2.3641357421875
2.76416015625
2.75634765625
2.63775634765625
2.4696044921875
2.52947998046875
2.70831298828125
2.48040771484375
2.71514892578125
2.67822265625
2.44940185546875
2.61083984375
2.85772705078125
2.96685791015625
2.39385986328125
2.710205078125
2.78399658203125
2.56500244140625
2.593505859375
2.51708984375
2.65350341796875
2.46502685546875
2.63836669921875
2.79766845703125
2.382568359375
2.866943359375
2.45379638671875
3.0152587890625
2.6033935546875
2.6630859375
2.64434814453125
2.81103515625
2.6513671875
2.7001953125
2.8529052734375
2.63922119140625
2.451416015625
2.704833984375
2.26116943359375
2.5577392578125
2.428466796875
2.622314453125
2.88037109375
2.92303466796875
2.7894287109375
2.64508056640625
2.67767333984375
2.6708984375
2.7972412109375
2.8199462890625
2.61767578125
2.79608154296875
2.627197265625
2.63983154296875
2.64459228515625
2.771728515625
2.5208740234375
2.42425537109375
2.6187744140625
2.7177734375
2.7672119140625
2.836181640625
2.62298583984375
2.607177734375
2.50244140625
2.70501708984375
2.58258056640625
2.76568603515625
2.57293701171875
2.63690185546875
2.52679443359375
2.4425048828125
2.58709716796875
2.36309814453125
2.578125
2.55975341796875
2.5986328125
2.7811279296875
2.9384765625
2.77734375
2.940185546875
2.5966796875
2.647705078125
2.8184814453125
2.60931396484375
2.62744140625
2.70123291015625
2.758056640625
2.79095458984375
2.804443359375
2.644775390625
2.7210693359375
2.65985107421875
2.58038330078125
2.8653564453125
2.936279296875
2.67266845703125
2.82354736328125
2.50933837890625
2.61968994140625
2.80792236328125
2.43109130859375
2.90374755859375
2.39013671875
2.76153564453125
2.8074951171875
2.96099853515625
2.5120849609375
2.4501953125
2.6009521484375
2.56036376953125
2.65228271484375
2.662353515625
2.62847900390625
2.701904296875
2.53125
2.40997314453125
2.4622802734375
2.5560302734375
2.66973876953125
2.63397216796875
2.55194091796875
2.2239990234375
2.774658203125
2.710693359375
2.25836181640625
2.30120849609375
2.77911376953125
2.54229736328125
2.757568359375
2.5313720703125
2.71356201171875
2.7490234375
2.71868896484375
2.695556640625
2.92681884765625
2.9981689453125
2.67724609375
2.30499267578125
2.68035888671875
2.7303466796875
2.64520263671875
2.88946533203125
2.67681884765625
2.5616455078125
2.732177734375
2.75140380859375
2.7564697265625
2.54296875
2.488037109375
2.447021484375
2.63275146484375
2.50048828125
2.31219482421875
2.67724609375
2.564453125
2.92315673828125
2.7867431640625
2.71099853515625
2.71380615234375
2.95263671875
2.64990234375
2.63543701171875
2.77740478515625
2.51873779296875
2.66796875
2.667236328125
2.45782470703125
2.7181396484375
2.54833984375
2.64215087890625
2.32763671875
2.73785400390625
2.64471435546875
2.95361328125
2.74603271484375
2.650146484375
2.58380126953125
2.59637451171875
2.68218994140625
2.90216064453125
2.5699462890625
2.4298095703125
2.54248046875
2.6929931640625
2.42425537109375
2.63336181640625
2.78582763671875
2.7626953125
2.6124267578125
2.74554443359375
2.53021240234375
2.573974609375
2.77288818359375
2.65740966796875
2.48284912109375
2.63134765625
2.296630859375
2.91339111328125
2.84088134765625
2.63812255859375
2.66107177734375
2.57220458984375
2.575927734375
2.53973388671875
2.7916259765625
2.752197265625
2.72210693359375
2.79766845703125
2.4749755859375
2.5211181640625
2.58416748046875
2.4595947265625
2.5787353515625
2.78411865234375
2.7464599609375
2.53857421875
2.67041015625
2.71881103515625
2.66326904296875
2.753662109375
2.85968017578125
2.6678466796875
2.703857421875
2.76611328125
2.581298828125
2.63446044921875
2.58203125
2.73291015625
2.646484375
2.722900390625
2.76983642578125
2.81317138671875
2.3546142578125
2.55120849609375
2.62738037109375
2.65972900390625
2.4937744140625
2.9417724609375
2.9876708984375
2.77593994140625
2.61871337890625
2.47705078125
2.73480224609375
2.75927734375
2.59967041015625
2.40234375
2.7138671875
2.8702392578125
2.6241455078125
2.56201171875
2.69097900390625
2.67010498046875
2.59228515625
2.5369873046875
2.732421875
2.67510986328125
2.4495849609375
2.58837890625
2.525634765625
2.38018798828125
2.76904296875
2.65216064453125
2.49810791015625
2.5635986328125
2.92816162109375
2.73846435546875
2.67962646484375
2.604736328125
2.34051513671875
2.651123046875
2.65057373046875
2.7076416015625
2.50372314453125
2.97259521484375
2.76123046875
2.29705810546875
2.6678466796875
2.39508056640625
2.54010009765625
2.63726806640625
2.78289794921875
2.7728271484375
2.5189208984375
2.74444580078125
2.58587646484375
2.8529052734375
2.5347900390625
2.3582763671875
2.60198974609375
2.35247802734375
2.59527587890625
2.23260498046875
2.709228515625
2.68280029296875
2.76947021484375
2.3614501953125
2.7965087890625
2.7091064453125
2.4576416015625
2.67559814453125
2.80804443359375
2.74151611328125
2.64630126953125
2.62335205078125
2.361328125
2.6507568359375
2.58477783203125
2.5947265625
2.491455078125
2.44232177734375
2.544677734375
2.43310546875
2.74517822265625
2.5311279296875
2.937744140625
2.75177001953125
2.57440185546875
2.71759033203125
2.69818115234375
2.60235595703125
2.74591064453125
3.08013916015625
2.70318603515625
2.42095947265625
2.65777587890625
2.54681396484375
2.65948486328125
2.76348876953125
2.24639892578125
2.50946044921875
2.73431396484375
2.57952880859375
2.51318359375
2.445068359375
2.77178955078125
2.91448974609375
2.60833740234375
2.96905517578125
2.619384765625
2.68048095703125
2.62567138671875
2.7030029296875
2.6219482421875
2.59393310546875
2.7186279296875
2.843505859375
2.526611328125
2.60125732421875
2.64788818359375
2.479736328125
2.4671630859375
2.847412109375
2.568603515625
2.82623291015625
2.73272705078125
2.978759765625
2.71612548828125
2.6590576171875
2.54986572265625
2.593505859375
2.610595703125
2.68695068359375
2.74456787109375
2.538818359375
2.812255859375
2.6795654296875
2.7376708984375
2.5198974609375
2.76556396484375
2.45233154296875
2.696044921875
2.41046142578125
2.57415771484375
2.63702392578125
2.64501953125
2.55902099609375
2.8751220703125
2.4456787109375
2.68109130859375
2.73028564453125
2.67041015625
2.657958984375
2.65899658203125
2.5821533203125
2.55078125
2.72467041015625
2.4405517578125
2.944580078125
2.57635498046875
2.8504638671875
2.73516845703125
2.76861572265625
2.64520263671875
2.59124755859375
2.93548583984375
2.5120849609375
2.48724365234375
2.66009521484375
2.74871826171875
2.50994873046875
2.720703125
2.81036376953125
2.7254638671875
2.53875732421875
2.5777587890625
2.265869140625
2.871337890625
2.369140625
2.2869873046875
2.5389404296875
2.55755615234375
2.609130859375
2.760498046875
2.60211181640625
2.73419189453125
2.5185546875
2.6214599609375
2.8321533203125
2.9404296875
2.56475830078125
2.4796142578125
2.6195068359375
2.9898681640625
2.5758056640625
2.65545654296875
2.56146240234375
2.552734375
2.386962890625
2.96356201171875
2.7823486328125
2.84429931640625
2.38763427734375
2.42498779296875
2.68585205078125
2.4168701171875
2.56683349609375
2.5911865234375
2.56512451171875
2.7103271484375
2.6102294921875
2.77001953125
2.6290283203125
2.6964111328125
2.56658935546875
2.6290283203125
2.596923828125
2.62469482421875
2.49884033203125
2.29168701171875
2.625244140625
2.53607177734375
2.92498779296875
2.71441650390625
2.8475341796875
2.436767578125
2.61627197265625
2.7952880859375
2.69635009765625
2.81707763671875
2.668701171875
2.53204345703125
2.98114013671875
2.73638916015625
2.717041015625
2.768310546875
2.5618896484375
