1.55267333984375
1.55267333984375
1.55267333984375
1.55267333984375
1.55267333984375
1.55267333984375
1.55267333984375
1.55267333984375
1.55267333984375
1.81494140625
1.81982421875
2.0281982421875
1.8157958984375
1.9176025390625
1.8212890625
1.98187255859375
1.855224609375
1.80853271484375
1.6962890625
2.01202392578125
1.9693603515625
1.975341796875
1.89453125
1.7025146484375
1.957275390625
1.95635986328125
2.00079345703125
1.7205810546875
1.94195556640625
1.9296875
1.91070556640625
2.1297607421875
1.9505615234375
1.868896484375
1.94482421875
2.1072998046875
1.6397705078125
2.207275390625
1.8203125
1.80560302734375
1.8150634765625
1.84002685546875
1.62091064453125
1.76239013671875
1.7628173828125
1.93597412109375
1.81884765625
2.09759521484375
1.82635498046875
2.11383056640625
1.97027587890625
1.933837890625
1.83587646484375
2.02606201171875
1.93896484375
1.92401123046875
2.26507568359375
2.0858154296875
1.88128662109375
1.7742919921875
2.05706787109375
1.852294921875
1.80804443359375
2.0281982421875
2.18890380859375
1.81292724609375
2.036865234375
1.76861572265625
1.9339599609375
1.93890380859375
1.95379638671875
1.75213623046875
2.02276611328125
1.81536865234375
1.85443115234375
1.866455078125
1.646728515625
1.66912841796875
1.9337158203125
1.83099365234375
1.6336669921875
2.2445068359375
1.94366455078125
2.00653076171875
1.62060546875
1.99603271484375
1.8575439453125
1.9857177734375
1.9246826171875
1.81787109375
2.0439453125
1.93560791015625
1.87017822265625
2.2581787109375
1.9931640625
1.7149658203125
1.7296142578125
2.06317138671875
1.92547607421875
2.07257080078125
2.1209716796875
1.90643310546875
2.06072998046875
1.9571533203125
1.78216552734375
1.66162109375
1.88043212890625
2.0784912109375
1.771240234375
1.962890625
1.8486328125
2.24176025390625
2.06964111328125
1.94635009765625
1.9949951171875
1.97247314453125
1.54913330078125
1.758056640625
2.07958984375
2.13421630859375
1.762939453125
1.849609375
1.83538818359375
2.04736328125
2.09619140625
1.86029052734375
1.823974609375
1.96038818359375
1.7943115234375
1.9364013671875
2.01239013671875
1.9942626953125
1.88433837890625
1.9310302734375
2.01397705078125
2.066650390625
2.08294677734375
1.81597900390625
1.77691650390625
1.91973876953125
2.00341796875
2.003173828125
2.0562744140625
1.82366943359375
1.8897705078125
2.089111328125
1.816162109375
2.14886474609375
2.09405517578125
1.87139892578125
1.904052734375
1.995849609375
1.7869873046875
1.73126220703125
1.9473876953125
1.92852783203125
1.844482421875
1.6971435546875
2.01300048828125
1.916259765625
1.7550048828125
1.9019775390625
2.0030517578125
1.89874267578125
1.9832763671875
2.11468505859375
2.02703857421875
1.9996337890625
1.68255615234375
1.9420166015625
2.23980712890625
1.959228515625
1.7938232421875
1.796142578125
1.98187255859375
2.08282470703125
2.13726806640625
2.07244873046875
2.0245361328125
1.95849609375
1.88104248046875
2.0601806640625
2.21820068359375
1.78619384765625
2.06231689453125
1.85601806640625
1.8941650390625
1.95263671875
2.01318359375
1.79443359375
2.11767578125
1.95098876953125
1.90740966796875
1.75030517578125
2.03692626953125
1.9326171875
1.9248046875
1.9532470703125
2.1259765625
1.9691162109375
1.785400390625
1.624755859375
1.9639892578125
1.73443603515625
1.78875732421875
1.95050048828125
1.7403564453125
1.85345458984375
2.1202392578125
2.01458740234375
2.1080322265625
2.140869140625
1.93060302734375
2.0850830078125
1.7874755859375
2.01519775390625
1.62969970703125
2.126708984375
1.8916015625
1.97296142578125
2.040771484375
1.99945068359375
1.95428466796875
1.89739990234375
1.894775390625
1.663330078125
1.84320068359375
1.917724609375
2.02020263671875
1.90203857421875
2.0689697265625
1.81805419921875
1.780517578125
1.9666748046875
2.0089111328125
1.81207275390625
1.7528076171875
1.88543701171875
2.0408935546875
2.16156005859375
2.14166259765625
1.554443359375
1.54156494140625
1.62548828125
1.7762451171875
2.1187744140625
1.90631103515625
2.06024169921875
1.7589111328125
1.86578369140625
2.01019287109375
2.06842041015625
1.9056396484375
2.154052734375
1.90472412109375
2.0953369140625
1.99957275390625
2.0458984375
2.05474853515625
1.85009765625
1.97869873046875
2.0487060546875
2.1080322265625
2.0185546875
1.81439208984375
1.80560302734375
1.56622314453125
1.99810791015625
1.8575439453125
2.03680419921875
2.0848388671875
1.9901123046875
1.86126708984375
2.09320068359375
1.922119140625
1.7257080078125
1.6806640625
1.87945556640625
1.924560546875
1.9427490234375
2.02130126953125
2.084716796875
2.08123779296875
2.012939453125
1.75439453125
2.00433349609375
2.06915283203125
2.0555419921875
1.82220458984375
1.96734619140625
1.76971435546875
1.9405517578125
1.7847900390625
1.81646728515625
2.0865478515625
1.8751220703125
1.75579833984375
1.6361083984375
2.0716552734375
2.141357421875
1.75775146484375
2.033447265625
2.02691650390625
2.04278564453125
1.98614501953125
1.75177001953125
1.7938232421875
2.1307373046875
2.049560546875
1.93170166015625
2.064697265625
1.977783203125
1.93267822265625
2.17315673828125
1.83563232421875
1.99237060546875
1.8194580078125
1.99945068359375
1.61749267578125
2.10101318359375
1.9730224609375
1.85186767578125
1.8726806640625
1.984619140625
1.90667724609375
1.927978515625
1.81048583984375
1.93072509765625
1.9434814453125
1.87445068359375
1.75811767578125
1.86138916015625
1.93878173828125
2.14202880859375
1.91265869140625
2.1160888671875
1.9609375
2.03515625
1.75860595703125
1.77801513671875
1.820068359375
2.1243896484375
1.82501220703125
1.90374755859375
1.83184814453125
2.02850341796875
1.9332275390625
1.97900390625
1.92529296875
2.0115966796875
1.9263916015625
2.0272216796875
1.85052490234375
2.00689697265625
2.136474609375
2.04595947265625
1.87847900390625
1.625244140625
1.9139404296875
1.9417724609375
2.053955078125
2.0858154296875
1.57806396484375
1.779541015625
1.7216796875
1.9759521484375
1.871826171875
1.87762451171875
1.97344970703125
1.93572998046875
2.02191162109375
1.591796875
1.90899658203125
2.17230224609375
1.75787353515625
1.75738525390625
2.03271484375
1.9613037109375
1.75048828125
1.90460205078125
1.8143310546875
1.81671142578125
1.7030029296875
1.74169921875
2.15576171875
1.65216064453125
1.87750244140625
2.04644775390625
1.8646240234375
2.17376708984375
1.90277099609375
2.018798828125
1.75811767578125
1.8831787109375
1.92376708984375
2.1407470703125
1.7969970703125
1.71307373046875
2.1256103515625
2.04730224609375
1.82781982421875
1.82904052734375
1.76666259765625
2.04327392578125
1.8009033203125
1.93572998046875
1.87481689453125
1.75433349609375
1.7550048828125
1.6920166015625
1.87286376953125
1.563720703125
2.13671875
1.96759033203125
2.23760986328125
1.91827392578125
1.83807373046875
1.81036376953125
2.1666259765625
1.696044921875
2.01788330078125
1.85260009765625
1.71258544921875
1.8228759765625
1.7188720703125
2.0462646484375
1.98150634765625
1.78326416015625
2.0714111328125
1.81060791015625
2.27984619140625
1.97369384765625
2.0843505859375
2.05499267578125
1.86492919921875
2.00714111328125
1.7353515625
2.0830078125
1.878173828125
1.96820068359375
2.10308837890625
1.74029541015625
2.1141357421875
2.10113525390625
2.0030517578125
1.8787841796875
1.65301513671875
1.76617431640625
1.81890869140625
2.11627197265625
1.89337158203125
2.18890380859375
2.00982666015625
2.00628662109375
1.98101806640625
1.951171875
2.02227783203125
1.7696533203125
1.8779296875
2.20831298828125
1.98321533203125
2.051025390625
2.133544921875
1.70208740234375
1.818115234375
1.590087890625
1.94171142578125
1.7554931640625
1.90338134765625
1.9478759765625
1.99932861328125
1.8468017578125
2.17266845703125
2.00469970703125
1.95794677734375
1.716796875
2.21368408203125
1.9107666015625
1.88531494140625
2.0987548828125
2.0595703125
2.05975341796875
1.87725830078125
1.92352294921875
1.98480224609375
1.88763427734375
1.768798828125
1.82965087890625
2.00848388671875
2.04541015625
1.77716064453125
1.875732421875
1.99871826171875
1.9901123046875
1.974609375
1.9935302734375
1.86907958984375
1.7230224609375
1.77069091796875
1.93499755859375
1.92803955078125
1.85906982421875
1.7412109375
2.07366943359375
1.849853515625
1.9825439453125
2.1474609375
1.5660400390625
1.7188720703125
1.9129638671875
1.85595703125
1.91021728515625
1.9375
1.847900390625
2.00555419921875
2.0631103515625
1.66729736328125
1.7666015625
1.77667236328125
1.84588623046875
1.72705078125
1.80755615234375
1.781005859375
2.20843505859375
1.8275146484375
2.08905029296875
2.0687255859375
1.7843017578125
1.7579345703125
1.92724609375
2.0499267578125
1.85516357421875
1.802001953125
1.9761962890625
2.04962158203125
1.98822021484375
1.69580078125
2.07757568359375
1.74664306640625
1.97637939453125
2.0654296875
1.63433837890625
1.703857421875
1.84832763671875
1.90924072265625
2.06024169921875
1.69464111328125
1.81109619140625
2.128173828125
1.8890380859375
2.0526123046875
2.04107666015625
1.74786376953125
1.983154296875
1.91900634765625
2.019775390625
2.0545654296875
1.87493896484375
1.94000244140625
2.08740234375
1.89190673828125
2.05511474609375
1.96734619140625
2.0025634765625
2.00067138671875
1.9581298828125
1.7255859375
1.81866455078125
1.623046875
1.57122802734375
2.18267822265625
1.9117431640625
1.6326904296875
1.7852783203125
1.96929931640625
1.8721923828125
2.081298828125
1.8419189453125
1.96221923828125
1.77703857421875
1.92034912109375
2.01434326171875
1.79498291015625
2.21533203125
2.0577392578125
2.11962890625
2.15570068359375
1.9110107421875
1.92864990234375
2.00152587890625
2.13763427734375
1.9339599609375
1.683837890625
1.96734619140625
1.98443603515625
2.11541748046875
1.96759033203125
1.94830322265625
1.97021484375
1.997802734375
1.6376953125
2.19219970703125
1.77276611328125
1.6806640625
1.9693603515625
2.13970947265625
1.8453369140625
1.750732421875
1.7420654296875
1.87213134765625
2.169189453125
1.78216552734375
1.93072509765625
1.78009033203125
1.845947265625
1.942138671875
1.93646240234375
1.931396484375
1.97821044921875
2.1705322265625
2.1358642578125
1.92791748046875
2.37030029296875
1.96514892578125
1.70855712890625
1.8753662109375
1.8150634765625
1.55609130859375
1.79693603515625
1.89794921875
2.17083740234375
1.94342041015625
2.028564453125
2.02532958984375
1.79583740234375
1.83697509765625
1.88848876953125
1.974853515625
1.7999267578125
1.69635009765625
2.02001953125
1.8775634765625
1.92535400390625
2.015380859375
1.98486328125
1.9110107421875
2.1854248046875
1.91070556640625
1.64434814453125
1.94451904296875
1.9482421875
1.86761474609375
2.036865234375
1.79248046875
1.93853759765625
2.1583251953125
2.00994873046875
1.62408447265625
1.93505859375
1.874755859375
2.24176025390625
2.03045654296875
1.9285888671875
1.66534423828125
1.9832763671875
1.75762939453125
1.7833251953125
1.74603271484375
2.04461669921875
1.91363525390625
1.8511962890625
1.8194580078125
2.0836181640625
1.91510009765625
1.74322509765625
1.81878662109375
2.06787109375
1.6319580078125
2.0537109375
1.93353271484375
2.06610107421875
2.09674072265625
1.96337890625
2.07000732421875
1.896728515625
1.8988037109375
2.046875
1.690673828125
2.30291748046875
1.85968017578125
2.073486328125
1.9677734375
1.8043212890625
2.01104736328125
1.53900146484375
2.0770263671875
1.7891845703125
2.115966796875
1.8814697265625
1.728759765625
1.94256591796875
2.05841064453125
1.96160888671875
1.88507080078125
1.53497314453125
1.77777099609375
1.89288330078125
1.82952880859375
1.6475830078125
1.98101806640625
1.85284423828125
1.96844482421875
1.46063232421875
2.18060302734375
1.72332763671875
1.76690673828125
2.07098388671875
1.9334716796875
2.13092041015625
1.92047119140625
2.041748046875
1.87408447265625
1.70855712890625
2.03887939453125
1.80914306640625
1.9422607421875
2.2113037109375
1.8529052734375
1.91900634765625
1.881103515625
1.73388671875
1.78570556640625
1.9669189453125
1.890380859375
1.89276123046875
1.6766357421875
2.1220703125
1.91131591796875
1.91754150390625
2.13824462890625
2.15191650390625
1.95574951171875
1.87664794921875
1.91278076171875
1.77691650390625
1.81109619140625
1.7296142578125
1.87530517578125
2.15863037109375
2.08538818359375
1.78515625
1.88812255859375
2.00244140625
1.92913818359375
2.0064697265625
1.554443359375
1.8311767578125
1.90325927734375
1.94781494140625
1.81689453125
1.74566650390625
2.0330810546875
1.94549560546875
2.22161865234375
2.02020263671875
1.658935546875
1.867431640625
2.03564453125
1.98028564453125
1.91339111328125
1.77783203125
1.671142578125
1.96307373046875
1.73968505859375
2.01806640625
1.8485107421875
2.0428466796875
1.79229736328125
1.8402099609375
1.95745849609375
1.7943115234375
2.06683349609375
2.0609130859375
1.80157470703125
1.927734375
2.00640869140625
1.792724609375
2.0523681640625
2.16357421875
1.66876220703125
1.80523681640625
2.20318603515625
1.746826171875
1.89471435546875
1.96112060546875
1.94012451171875
1.807373046875
1.87005615234375
2.04351806640625
1.9290771484375
1.962890625
1.84857177734375
1.8343505859375
1.87078857421875
1.95654296875
1.75946044921875
2.0743408203125
1.689453125
1.8751220703125
1.79180908203125
2.1591796875
2.14154052734375
1.84002685546875
1.97161865234375
1.8380126953125
1.8599853515625
1.875732421875
2.00213623046875
2.18280029296875
2.06146240234375
2.19464111328125
1.98388671875
2.22113037109375
2.112060546875
1.99884033203125
2.06402587890625
2.0223388671875
1.8419189453125
1.78216552734375
1.6929931640625
1.8251953125
1.6436767578125
1.95086669921875
1.99737548828125
1.7760009765625
1.971435546875
1.8765869140625
1.596923828125
2.05865478515625
1.94207763671875
1.72119140625
1.98358154296875
1.96087646484375
1.9666748046875
1.81756591796875
1.86865234375
2.02569580078125
1.82415771484375
2.015625
1.58599853515625
2.06353759765625
2.06951904296875
1.658447265625
2.00775146484375
1.9610595703125
1.9420166015625
1.90435791015625
1.60931396484375
1.71588134765625
1.882080078125
1.89471435546875
2.17767333984375
2.02081298828125
1.9322509765625
1.84747314453125
1.9735107421875
2.0997314453125
2.12860107421875
1.87432861328125
2.09478759765625
2.1610107421875
1.9063720703125
2.2213134765625
1.88580322265625
1.82489013671875
1.76031494140625
1.85382080078125
1.92449951171875
1.9732666015625
1.97735595703125
1.84552001953125
1.90838623046875
1.714599609375
2.0362548828125
2.05303955078125
1.97161865234375
1.83502197265625
2.08734130859375
2.05096435546875
2.27313232421875
1.76776123046875
1.65386962890625
1.67730712890625
1.7283935546875
1.92645263671875
1.774169921875
2.10760498046875
1.88592529296875
1.99365234375
1.97393798828125
2.24176025390625
1.842041015625
1.86102294921875
1.5599365234375
1.845703125
2.0030517578125
1.62872314453125
2.134765625
1.9049072265625
1.9190673828125
1.9906005859375
1.988525390625
1.778564453125
1.97161865234375
1.595947265625
1.7479248046875
2.14239501953125
