1.79156494140625
1.79156494140625
1.79156494140625
1.79156494140625
1.79156494140625
1.8785400390625
1.96649169921875
2.36328125
1.9393310546875
2.0433349609375
1.8699951171875
2.138671875
1.92022705078125
1.93426513671875
1.95831298828125
2.24566650390625
2.25506591796875
2.08837890625
2.11553955078125
2.02777099609375
2.05120849609375
2.12420654296875
1.94464111328125
2.20172119140625
1.918701171875
2.305908203125
2.33245849609375
2.13568115234375
2.05474853515625
2.0023193359375
2.1243896484375
2.144775390625
2.32086181640625
2.208740234375
2.14093017578125
1.9403076171875
2.01324462890625
2.12298583984375
2.48016357421875
2.0703125
2.2279052734375
2.248779296875
2.16082763671875
2.05108642578125
2.03985595703125
2.16253662109375
2.06695556640625
1.88824462890625
1.9749755859375
2.19842529296875
2.33343505859375
2.476318359375
2.076171875
2.27099609375
1.98748779296875
2.1097412109375
2.18017578125
2.22222900390625
2.07275390625
1.9150390625
1.99163818359375
2.32342529296875
2.00958251953125
2.22454833984375
2.081298828125
2.09259033203125
2.4830322265625
2.11859130859375
2.2275390625
1.705810546875
1.99285888671875
2.2987060546875
2.21270751953125
2.02423095703125
2.1456298828125
2.16949462890625
2.44622802734375
2.0487060546875
1.98052978515625
2.40521240234375
1.8758544921875
1.84539794921875
2.124267578125
1.98052978515625
2.42364501953125
1.99969482421875
2.15435791015625
2.2032470703125
1.9744873046875
1.973388671875
2.13970947265625
2.052978515625
2.12603759765625
2.1248779296875
2.36492919921875
2.295654296875
1.90997314453125
2.0203857421875
2.01300048828125
2.2200927734375
2.09796142578125
2.1787109375
2.32318115234375
2.14459228515625
2.36175537109375
2.35198974609375
2.27117919921875
2.37310791015625
1.99603271484375
2.16827392578125
2.190673828125
2.0106201171875
2.10296630859375
2.25433349609375
2.2572021484375
2.162109375
1.96514892578125
2.21099853515625
2.32421875
2.19415283203125
2.21209716796875
1.9671630859375
2.23760986328125
2.12542724609375
2.1663818359375
2.20703125
2.2314453125
2.14306640625
2.042724609375
2.18365478515625
2.241455078125
2.0755615234375
2.18011474609375
2.20654296875
2.04730224609375
2.26470947265625
1.98504638671875
2.22796630859375
2.28338623046875
2.2578125
2.07305908203125
2.089111328125
2.01611328125
2.26495361328125
2.1025390625
2.16497802734375
2.2791748046875
2.241455078125
2.144287109375
2.1719970703125
2.2584228515625
2.090087890625
2.1905517578125
2.0521240234375
2.12677001953125
2.32696533203125
1.72393798828125
2.087890625
2.14422607421875
2.31463623046875
2.15667724609375
2.4464111328125
2.34423828125
2.04632568359375
2.0770263671875
1.82562255859375
2.10491943359375
2.47137451171875
2.27276611328125
2.1097412109375
2.098388671875
2.0123291015625
2.28717041015625
2.2576904296875
2.15264892578125
2.09820556640625
2.1669921875
2.25091552734375
1.92706298828125
2.1513671875
2.112060546875
2.02587890625
2.21405029296875
2.12255859375
2.02691650390625
2.27337646484375
2.2847900390625
2.00726318359375
2.160888671875
1.97686767578125
2.09893798828125
2.166259765625
2.06842041015625
2.0078125
2.27581787109375
2.0
2.18023681640625
1.90264892578125
2.1605224609375
2.0968017578125
2.20660400390625
1.85943603515625
2.33258056640625
2.48760986328125
2.38153076171875
2.12127685546875
2.04339599609375
2.21759033203125
2.3621826171875
2.33880615234375
2.45098876953125
2.22418212890625
2.10833740234375
2.20635986328125
2.1571044921875
1.9742431640625
2.24102783203125
1.96734619140625
2.07861328125
2.10003662109375
1.9744873046875
2.24542236328125
2.07080078125
2.07269287109375
2.3673095703125
2.07904052734375
2.197998046875
2.2552490234375
2.36505126953125
1.841064453125
1.9842529296875
2.28082275390625
2.2647705078125
2.1646728515625
2.37506103515625
2.2305908203125
2.14849853515625
2.23175048828125
2.0050048828125
1.99896240234375
2.10760498046875
2.11065673828125
2.33868408203125
1.9798583984375
2.08905029296875
2.2237548828125
2.1234130859375
2.1221923828125
2.40386962890625
2.43731689453125
2.31842041015625
2.418212890625
1.90313720703125
2.01580810546875
2.1605224609375
2.09783935546875
2.031005859375
2.0194091796875
2.00018310546875
2.11529541015625
2.2108154296875
2.17974853515625
2.20843505859375
1.75762939453125
2.06243896484375
2.28436279296875
2.37933349609375
2.24700927734375
2.2607421875
2.26312255859375
1.66949462890625
2.3358154296875
1.9178466796875
2.08636474609375
2.15960693359375
2.3055419921875
2.0323486328125
2.2789306640625
2.29522705078125
2.24920654296875
2.13116455078125
2.17352294921875
2.3089599609375
1.890380859375
2.2071533203125
2.05181884765625
2.19293212890625
2.00079345703125
2.40557861328125
2.12823486328125
2.0794677734375
2.381103515625
2.15362548828125
1.986083984375
2.1109619140625
2.0498046875
2.29986572265625
2.17724609375
1.784912109375
2.1025390625
2.2843017578125
2.35943603515625
2.2974853515625
2.0736083984375
2.29461669921875
1.7177734375
1.98779296875
2.287841796875
2.290283203125
2.2718505859375
2.18817138671875
1.9561767578125
2.11578369140625
2.19500732421875
2.1397705078125
2.1260986328125
2.21014404296875
2.2027587890625
2.11395263671875
2.14007568359375
2.14697265625
2.203125
2.105224609375
2.1983642578125
2.2486572265625
1.8486328125
2.22821044921875
1.772216796875
2.48834228515625
1.9967041015625
2.29052734375
1.8809814453125
2.00213623046875
2.17816162109375
2.31097412109375
2.271484375
2.06182861328125
1.760498046875
2.31878662109375
2.188232421875
2.176025390625
2.2705078125
2.2861328125
1.834716796875
2.34844970703125
2.01837158203125
2.12286376953125
2.29498291015625
1.94158935546875
2.06683349609375
2.43524169921875
2.39556884765625
2.0423583984375
2.36077880859375
1.785400390625
2.3126220703125
2.1407470703125
2.1029052734375
2.1064453125
2.0343017578125
2.05999755859375
2.33587646484375
2.1314697265625
1.989990234375
2.218994140625
2.09588623046875
2.02593994140625
2.00604248046875
2.282470703125
2.38250732421875
2.2496337890625
2.06927490234375
1.93402099609375
2.2891845703125
2.07415771484375
2.11572265625
2.21551513671875
2.1566162109375
1.92401123046875
1.99481201171875
1.98553466796875
2.219970703125
2.10302734375
2.33941650390625
2.28411865234375
2.329345703125
2.30517578125
1.89495849609375
2.24285888671875
2.417236328125
2.11077880859375
2.2386474609375
2.1796875
2.0260009765625
2.34600830078125
2.3138427734375
2.1705322265625
2.00177001953125
2.1295166015625
1.88092041015625
2.2615966796875
2.19854736328125
2.1256103515625
2.177001953125
1.90069580078125
2.08135986328125
2.212158203125
2.29803466796875
2.31585693359375
2.01727294921875
1.908447265625
2.05975341796875
2.44482421875
2.267822265625
2.0205078125
2.201416015625
2.12005615234375
1.896240234375
2.2310791015625
2.3585205078125
2.21240234375
2.46856689453125
2.2215576171875
2.19647216796875
1.9637451171875
2.32574462890625
2.304443359375
2.20556640625
2.08740234375
2.10675048828125
2.26031494140625
2.05859375
2.2081298828125
2.1549072265625
2.361572265625
2.20654296875
1.96295166015625
2.07257080078125
2.2200927734375
2.20623779296875
2.07830810546875
1.77789306640625
2.07647705078125
2.268798828125
2.29681396484375
2.17095947265625
2.18804931640625
1.97235107421875
1.73577880859375
2.0001220703125
2.46795654296875
2.063720703125
2.275634765625
2.2249755859375
2.049560546875
1.78143310546875
2.3680419921875
2.278076171875
2.12445068359375
2.06646728515625
2.06549072265625
2.33392333984375
2.1138916015625
2.19512939453125
2.0478515625
2.15667724609375
2.20623779296875
2.27044677734375
1.96240234375
1.804443359375
2.37115478515625
2.05194091796875
2.039794921875
2.22271728515625
2.11322021484375
2.2359619140625
2.705810546875
2.2723388671875
2.05419921875
2.3212890625
2.16180419921875
2.02960205078125
2.05926513671875
2.26348876953125
2.2327880859375
1.9808349609375
2.16998291015625
2.18914794921875
2.1534423828125
1.95452880859375
2.42376708984375
2.30303955078125
2.26873779296875
1.934814453125
2.426025390625
1.90753173828125
2.13140869140625
2.072265625
2.45086669921875
2.179443359375
2.05963134765625
2.05419921875
2.51922607421875
2.36297607421875
1.95538330078125
2.11846923828125
2.194580078125
2.193115234375
2.25408935546875
2.35308837890625
2.10260009765625
2.07305908203125
1.96588134765625
2.1357421875
2.19091796875
2.08819580078125
2.1923828125
2.12896728515625
2.34893798828125
1.90521240234375
2.20794677734375
2.24420166015625
2.1859130859375
2.5419921875
1.99676513671875
2.40093994140625
2.157958984375
1.95843505859375
2.08831787109375
2.34625244140625
2.3153076171875
2.24383544921875
2.1654052734375
2.287841796875
2.0045166015625
2.03057861328125
2.1064453125
2.01214599609375
1.99591064453125
2.11663818359375
1.98968505859375
1.86456298828125
2.07763671875
1.96514892578125
1.9547119140625
2.34881591796875
2.291259765625
2.23895263671875
2.34808349609375
2.2908935546875
1.99139404296875
2.03912353515625
2.23297119140625
2.1771240234375
2.4049072265625
2.36700439453125
2.14581298828125
2.0889892578125
2.1510009765625
2.08441162109375
2.05584716796875
2.39288330078125
2.2078857421875
2.09326171875
1.92926025390625
2.25885009765625
2.1080322265625
2.1165771484375
2.0789794921875
1.996826171875
2.29119873046875
2.2728271484375
2.10919189453125
1.91619873046875
2.171875
1.98089599609375
2.18170166015625
1.89410400390625
2.10205078125
2.08197021484375
1.97735595703125
1.9501953125
1.8836669921875
1.90362548828125
1.99371337890625
1.9530029296875
2.21246337890625
1.86859130859375
2.07550048828125
2.1959228515625
2.00360107421875
1.87261962890625
2.0306396484375
1.9534912109375
2.44085693359375
2.19537353515625
2.3568115234375
2.03082275390625
2.15704345703125
2.28033447265625
2.100830078125
2.21343994140625
2.03228759765625
2.19287109375
2.31146240234375
2.20635986328125
2.36517333984375
2.0733642578125
2.1953125
2.1968994140625
2.01910400390625
1.91021728515625
2.19903564453125
2.053466796875
1.9833984375
1.9088134765625
2.369140625
2.12469482421875
2.4656982421875
2.21929931640625
2.1500244140625
2.15240478515625
2.222412109375
2.05389404296875
1.991455078125
2.24658203125
1.94989013671875
2.0859375
2.075927734375
1.80718994140625
1.724365234375
2.22412109375
1.9444580078125
2.09283447265625
1.7890625
2.046875
2.06561279296875
1.872802734375
2.08770751953125
2.056396484375
2.30474853515625
2.19232177734375
2.18133544921875
1.9879150390625
2.2398681640625
2.2635498046875
2.14874267578125
2.24261474609375
1.9068603515625
1.99407958984375
2.12921142578125
2.4552001953125
2.15283203125
2.2130126953125
1.91729736328125
2.2283935546875
2.44598388671875
2.060302734375
1.9183349609375
2.37255859375
2.3597412109375
2.19537353515625
2.05914306640625
1.947509765625
2.18109130859375
2.1871337890625
2.0233154296875
2.2362060546875
2.2890625
2.06402587890625
2.209716796875
2.16876220703125
2.192626953125
2.12713623046875
2.4942626953125
1.89190673828125
2.35546875
2.30078125
2.096923828125
2.0714111328125
2.14837646484375
2.0338134765625
2.307373046875
2.155517578125
2.05511474609375
2.2069091796875
2.2529296875
2.34161376953125
2.193115234375
2.0052490234375
2.52374267578125
2.341796875
2.11029052734375
1.8704833984375
2.02410888671875
2.29510498046875
2.23565673828125
2.13775634765625
2.07623291015625
1.81036376953125
2.05096435546875
2.35235595703125
1.9683837890625
2.36761474609375
2.072265625
2.17449951171875
2.12860107421875
2.18597412109375
2.34759521484375
2.11676025390625
1.98443603515625
2.26690673828125
2.08160400390625
2.26483154296875
2.36279296875
2.04559326171875
2.1163330078125
2.03143310546875
2.0506591796875
2.11065673828125
1.9849853515625
2.4102783203125
2.11956787109375
2.29046630859375
2.1700439453125
2.1068115234375
2.322998046875
2.0108642578125
2.292236328125
2.18548583984375
2.0521240234375
2.33258056640625
1.83203125
2.0457763671875
2.19915771484375
2.16094970703125
1.92742919921875
2.1287841796875
1.9808349609375
2.353515625
2.11669921875
1.79998779296875
2.15277099609375
2.2880859375
2.2503662109375
2.01214599609375
2.0635986328125
2.55596923828125
2.43060302734375
2.03582763671875
2.1724853515625
1.89251708984375
2.28826904296875
2.0504150390625
2.15606689453125
2.22265625
2.1629638671875
2.34368896484375
2.03363037109375
2.2333984375
2.208740234375
2.17138671875
2.16973876953125
1.97943115234375
2.37860107421875
1.80718994140625
1.96826171875
1.99957275390625
2.29083251953125
1.9886474609375
2.1923828125
2.08551025390625
2.208740234375
2.1346435546875
2.24639892578125
2.17901611328125
2.31024169921875
2.009033203125
1.933837890625
2.25799560546875
2.10186767578125
2.17425537109375
2.42694091796875
2.4849853515625
2.0740966796875
2.33843994140625
2.1875
2.2623291015625
2.29522705078125
2.39544677734375
1.866455078125
2.19537353515625
2.392578125
2.1278076171875
2.29669189453125
2.009765625
2.01934814453125
1.9150390625
2.08148193359375
2.24639892578125
2.02972412109375
1.9505615234375
2.10736083984375
2.159423828125
2.08221435546875
1.81689453125
2.0067138671875
2.30230712890625
2.352783203125
2.1978759765625
2.1962890625
1.98095703125
1.92779541015625
2.28326416015625
2.10394287109375
1.958740234375
1.94189453125
2.1800537109375
2.060302734375
2.13909912109375
2.1556396484375
2.0706787109375
2.198974609375
2.14111328125
1.77227783203125
2.1468505859375
2.209716796875
2.4061279296875
1.905517578125
2.21185302734375
2.1575927734375
2.2088623046875
2.2069091796875
2.2547607421875
2.19598388671875
2.10638427734375
2.10699462890625
2.16259765625
2.30419921875
1.9923095703125
2.0213623046875
2.09088134765625
2.2127685546875
2.13739013671875
2.1539306640625
2.14111328125
2.271728515625
2.30914306640625
2.14288330078125
2.33770751953125
2.18353271484375
2.1981201171875
2.5069580078125
1.84326171875
1.91156005859375
1.97564697265625
2.18280029296875
2.15802001953125
2.09014892578125
2.20977783203125
2.06829833984375
2.33404541015625
2.02294921875
2.2095947265625
2.11309814453125
2.14892578125
2.01348876953125
1.79913330078125
2.169189453125
2.220947265625
2.184814453125
2.10394287109375
2.29998779296875
1.970703125
2.1392822265625
2.083984375
2.36590576171875
2.0966796875
2.35076904296875
2.11541748046875
1.916259765625
2.0924072265625
2.05963134765625
2.271728515625
2.115478515625
2.33526611328125
2.17645263671875
2.0621337890625
2.116943359375
1.981201171875
2.078857421875
2.2591552734375
2.25347900390625
2.08343505859375
2.20404052734375
2.0989990234375
2.079345703125
2.1021728515625
2.092529296875
2.0572509765625
2.203125
2.2047119140625
2.1077880859375
2.0380859375
2.23883056640625
2.34033203125
2.1746826171875
2.009033203125
2.2491455078125
2.2269287109375
2.1158447265625
2.154541015625
2.09942626953125
2.325927734375
2.0408935546875
2.20654296875
1.9744873046875
1.7862548828125
2.08306884765625
2.04412841796875
2.2388916015625
2.24664306640625
2.05975341796875
1.87652587890625
2.20928955078125
2.408203125
2.08721923828125
2.13763427734375
2.1639404296875
2.15679931640625
2.1671142578125
2.3282470703125
2.18438720703125
2.37451171875
2.106689453125
2.12823486328125
2.04852294921875
1.89642333984375
2.20501708984375
2.25244140625
2.23736572265625
2.13543701171875
2.07440185546875
2.31072998046875
2.14208984375
2.16339111328125
2.08099365234375
2.06915283203125
1.8997802734375
2.37225341796875
2.24200439453125
2.1524658203125
2.08331298828125
1.7669677734375
2.19171142578125
2.06304931640625
2.03662109375
2.28509521484375
2.2747802734375
1.90960693359375
2.263916015625
2.3140869140625
2.4912109375
2.09967041015625
2.1514892578125
1.74285888671875
2.30780029296875
2.040771484375
2.13134765625
2.10614013671875
2.1414794921875
1.9249267578125
2.06158447265625
2.0609130859375
2.31915283203125
2.035400390625
2.18536376953125
2.11328125
1.82415771484375
1.9267578125
2.2655029296875
2.22808837890625
