2.4947509765625
2.4947509765625
2.4947509765625
2.4947509765625
2.4947509765625
2.54364013671875
2.44329833984375
2.46221923828125
2.7384033203125
2.9697265625
2.71356201171875
2.7271728515625
2.8817138671875
3.0950927734375
2.85833740234375
2.9151611328125
2.76092529296875
2.79852294921875
2.75103759765625
2.904541015625
2.87823486328125
2.68170166015625
2.755859375
3.16802978515625
2.90240478515625
2.85662841796875
2.87762451171875
2.63671875
2.66253662109375
2.91546630859375
2.53509521484375
3.08709716796875
2.81256103515625
2.54052734375
2.69256591796875
2.800048828125
2.76715087890625
2.85992431640625
2.71661376953125
2.93182373046875
2.79681396484375
2.8486328125
2.57293701171875
2.69384765625
2.7197265625
2.6927490234375
2.6839599609375
3.0001220703125
3.0986328125
2.707763671875
2.6915283203125
2.759521484375
2.40460205078125
2.94775390625
2.95233154296875
2.7823486328125
2.80133056640625
2.81158447265625
2.76531982421875
2.96929931640625
2.95587158203125
2.69024658203125
2.6005859375
2.67608642578125
2.8013916015625
2.9193115234375
2.490966796875
2.89434814453125
3.0684814453125
2.69805908203125
2.76727294921875
2.87799072265625
2.50213623046875
2.4630126953125
2.68408203125
2.7930908203125
2.86260986328125
2.69512939453125
2.6614990234375
2.941650390625
2.9912109375
2.6221923828125
2.72509765625
2.57720947265625
2.91131591796875
2.85528564453125
2.82513427734375
2.86199951171875
2.6383056640625
2.83099365234375
2.55865478515625
2.96221923828125
2.79156494140625
2.67047119140625
2.70538330078125
2.87786865234375
2.55718994140625
2.65087890625
2.72393798828125
2.7490234375
2.7237548828125
2.690673828125
2.93157958984375
2.71636962890625
2.757568359375
2.62518310546875
2.7864990234375
2.844482421875
2.49090576171875
2.388427734375
3.15631103515625
2.79718017578125
2.7974853515625
2.718994140625
2.91925048828125
2.58697509765625
3.05084228515625
2.40533447265625
2.90460205078125
2.9912109375
2.789306640625
2.90338134765625
2.72515869140625
2.8712158203125
2.58966064453125
2.9090576171875
2.9825439453125
2.69866943359375
2.82275390625
2.82293701171875
2.87933349609375
2.56353759765625
2.75042724609375
2.87957763671875
2.929443359375
2.94268798828125
2.44744873046875
2.649658203125
2.7177734375
2.6094970703125
2.4990234375
2.92327880859375
2.6474609375
2.8751220703125
2.60711669921875
2.9827880859375
2.4564208984375
2.78155517578125
2.7620849609375
2.79376220703125
2.64892578125
2.4569091796875
2.777099609375
2.76031494140625
2.43951416015625
2.8067626953125
2.6307373046875
2.51678466796875
2.60357666015625
2.75213623046875
2.80633544921875
2.9149169921875
2.6317138671875
2.7232666015625
2.66961669921875
2.81768798828125
2.64849853515625
2.8367919921875
3.01910400390625
3.0362548828125
2.4945068359375
2.9471435546875
2.81561279296875
2.75213623046875
2.61083984375
2.89569091796875
2.68084716796875
2.87884521484375
2.97265625
2.7125244140625
2.59368896484375
2.66180419921875
2.93731689453125
2.80584716796875
2.46588134765625
2.97967529296875
2.65997314453125
2.61920166015625
2.80657958984375
2.419677734375
2.8231201171875
2.9376220703125
2.59918212890625
2.77252197265625
2.7578125
2.95477294921875
2.45587158203125
3.15655517578125
2.67230224609375
2.3701171875
2.91455078125
2.78485107421875
2.73291015625
2.219970703125
2.62640380859375
2.84661865234375
3.0361328125
3.04327392578125
2.9271240234375
2.7911376953125
3.04266357421875
3.0924072265625
2.70001220703125
2.67144775390625
2.71795654296875
2.64111328125
3.00335693359375
2.96112060546875
2.77069091796875
2.8734130859375
2.62249755859375
2.897216796875
3.10400390625
3.00787353515625
2.82281494140625
2.5455322265625
2.7510986328125
2.75390625
2.49530029296875
2.85015869140625
2.8675537109375
2.9036865234375
2.59088134765625
2.81494140625
2.85626220703125
2.7413330078125
2.96405029296875
2.8912353515625
2.7613525390625
2.89764404296875
2.6656494140625
2.92156982421875
2.83990478515625
2.5623779296875
2.86236572265625
2.59869384765625
2.9427490234375
2.9478759765625
2.9251708984375
2.65765380859375
2.82366943359375
2.82672119140625
2.72705078125
2.72735595703125
2.869384765625
2.86468505859375
2.81732177734375
2.78778076171875
2.92071533203125
2.6944580078125
2.6282958984375
2.8037109375
2.82000732421875
2.91632080078125
2.55908203125
2.7076416015625
2.76312255859375
2.6834716796875
2.98046875
2.560302734375
2.86761474609375
2.94012451171875
2.82257080078125
3.17236328125
2.91888427734375
2.994384765625
2.9425048828125
2.7132568359375
2.6683349609375
2.80743408203125
2.8055419921875
2.75482177734375
2.770751953125
2.8897705078125
3.00250244140625
2.7646484375
2.44305419921875
2.66888427734375
2.7694091796875
3.30621337890625
2.8477783203125
2.52593994140625
2.70513916015625
2.76055908203125
2.5640869140625
2.93878173828125
2.78759765625
2.7711181640625
2.42694091796875
3.00250244140625
2.84906005859375
3.1168212890625
2.94000244140625
2.8780517578125
2.88934326171875
2.71002197265625
2.8123779296875
3.09722900390625
2.86895751953125
2.856689453125
2.78924560546875
2.6722412109375
2.62255859375
2.67236328125
2.622802734375
2.45159912109375
2.92974853515625
2.5693359375
2.78485107421875
2.631591796875
2.65130615234375
2.89947509765625
2.809326171875
2.7930908203125
2.90118408203125
2.69610595703125
2.5908203125
2.83282470703125
2.6541748046875
2.74993896484375
2.6715087890625
2.59185791015625
2.9931640625
2.674560546875
2.819091796875
2.64373779296875
3.02227783203125
2.8072509765625
2.75701904296875
2.75164794921875
2.677978515625
2.787353515625
2.4781494140625
2.53704833984375
2.7645263671875
2.74700927734375
2.8634033203125
2.57501220703125
2.48529052734375
2.855712890625
2.75103759765625
2.73223876953125
2.78125
2.70477294921875
2.697509765625
2.9842529296875
2.60382080078125
3.0484619140625
2.77130126953125
2.8387451171875
2.873046875
2.72930908203125
2.7872314453125
2.59271240234375
2.84246826171875
2.652587890625
2.6651611328125
2.784423828125
2.89971923828125
2.760498046875
2.66058349609375
2.898681640625
2.79022216796875
2.822021484375
3.02337646484375
2.7999267578125
2.59332275390625
2.92730712890625
2.48291015625
2.60784912109375
2.449951171875
2.92755126953125
2.8074951171875
2.773193359375
2.75103759765625
2.88543701171875
2.80316162109375
2.64306640625
2.83416748046875
2.81072998046875
2.6715087890625
2.87744140625
2.97467041015625
2.85589599609375
2.9442138671875
2.71826171875
2.7342529296875
2.78778076171875
2.7454833984375
2.66455078125
2.775146484375
2.95294189453125
2.9600830078125
2.78424072265625
2.896484375
2.77197265625
2.62908935546875
2.56561279296875
2.57757568359375
2.75811767578125
2.7003173828125
2.5928955078125
2.8961181640625
2.85174560546875
3.02618408203125
2.97509765625
2.738037109375
2.64520263671875
2.7764892578125
2.57489013671875
2.802734375
2.7501220703125
2.6478271484375
2.80242919921875
2.6290283203125
2.883544921875
2.759033203125
2.74505615234375
2.9501953125
2.6053466796875
2.7423095703125
2.98681640625
2.71124267578125
2.6365966796875
2.91876220703125
2.9029541015625
2.784912109375
2.5440673828125
2.80487060546875
2.5416259765625
2.8970947265625
2.7042236328125
2.87677001953125
2.56201171875
3.21868896484375
2.8553466796875
2.968994140625
2.9361572265625
2.68780517578125
2.7152099609375
2.75982666015625
3.0911865234375
2.7060546875
2.49365234375
2.8302001953125
2.838623046875
2.7255859375
2.84356689453125
2.635986328125
2.66058349609375
2.7821044921875
2.896728515625
2.864990234375
2.95220947265625
3.012939453125
2.6175537109375
2.64776611328125
2.96759033203125
2.836669921875
2.650146484375
2.78765869140625
2.61474609375
2.7069091796875
2.8240966796875
2.65618896484375
2.86700439453125
2.981689453125
2.93603515625
2.79852294921875
2.755615234375
2.9488525390625
2.71051025390625
2.650390625
2.63580322265625
2.96563720703125
2.8009033203125
2.89154052734375
2.86883544921875
2.6297607421875
3.019775390625
2.70208740234375
2.65704345703125
3.052734375
2.76849365234375
2.79827880859375
2.56280517578125
2.53240966796875
2.5064697265625
2.90216064453125
2.73052978515625
2.676025390625
2.65191650390625
2.9140625
2.9154052734375
2.44073486328125
2.9462890625
2.95745849609375
3.00628662109375
2.94598388671875
3.0594482421875
2.83154296875
2.71649169921875
2.7593994140625
2.57232666015625
2.63531494140625
3.11041259765625
2.747314453125
2.7801513671875
2.82958984375
2.69024658203125
2.74700927734375
2.87872314453125
2.63677978515625
2.5050048828125
2.89727783203125
2.9063720703125
2.8067626953125
2.58636474609375
2.66876220703125
2.8060302734375
2.60546875
2.85882568359375
2.77593994140625
2.57891845703125
2.71484375
2.97174072265625
3.0947265625
2.552734375
2.855224609375
2.92938232421875
2.708984375
2.71478271484375
2.6783447265625
2.79937744140625
2.58380126953125
2.765869140625
2.91278076171875
2.5401611328125
3.00848388671875
2.58685302734375
3.15631103515625
2.679443359375
2.79656982421875
2.76947021484375
2.94091796875
2.76141357421875
2.8336181640625
2.9718017578125
2.7786865234375
2.5703125
2.79705810546875
2.41033935546875
2.70526123046875
2.53179931640625
2.73651123046875
3.01275634765625
3.03955078125
2.94769287109375
2.77789306640625
2.820556640625
2.78155517578125
2.91278076171875
2.91680908203125
2.73486328125
2.94488525390625
2.7396240234375
2.76300048828125
2.75140380859375
2.88140869140625
2.620361328125
2.54339599609375
2.7740478515625
2.824951171875
2.88922119140625
2.94989013671875
2.7628173828125
2.73419189453125
2.65948486328125
2.82244873046875
2.740478515625
2.90899658203125
2.7098388671875
2.75677490234375
2.6529541015625
2.53173828125
2.69873046875
2.49468994140625
2.715087890625
2.6988525390625
2.72113037109375
2.9166259765625
3.068603515625
2.912841796875
3.060546875
2.7366943359375
2.78851318359375
2.9697265625
2.73724365234375
2.7774658203125
2.80584716796875
2.89044189453125
2.9019775390625
2.9293212890625
2.77691650390625
2.86083984375
2.78955078125
2.7274169921875
3.00634765625
3.0833740234375
2.80902099609375
2.94488525390625
2.6563720703125
2.75518798828125
2.95477294921875
2.5677490234375
3.0338134765625
2.5032958984375
2.8984375
2.943603515625
3.10650634765625
2.61956787109375
2.58929443359375
2.731689453125
2.7198486328125
2.82073974609375
2.77606201171875
2.7618408203125
2.8529052734375
2.64990234375
2.51861572265625
2.5770263671875
2.68414306640625
2.7845458984375
2.7430419921875
2.69500732421875
2.34857177734375
2.8990478515625
2.83538818359375
2.34375
2.43450927734375
2.93255615234375
2.678955078125
2.8917236328125
2.6781005859375
2.85235595703125
2.87115478515625
2.84423828125
2.83184814453125
3.02081298828125
3.11395263671875
2.7874755859375
2.474609375
2.8154296875
2.86700439453125
2.7525634765625
3.02984619140625
2.81591796875
2.69866943359375
2.88250732421875
2.86590576171875
2.895263671875
2.64715576171875
2.59136962890625
2.5888671875
2.7440185546875
2.6602783203125
2.41668701171875
2.76483154296875
2.6910400390625
3.03387451171875
2.9278564453125
2.84539794921875
2.85394287109375
3.05767822265625
2.79876708984375
2.77764892578125
2.8909912109375
2.6727294921875
2.8095703125
2.77740478515625
2.56829833984375
2.85430908203125
2.680419921875
2.75079345703125
2.46044921875
2.8641357421875
2.746337890625
3.075927734375
2.87774658203125
2.76141357421875
2.7080078125
2.74652099609375
2.7957763671875
3.04364013671875
2.70648193359375
2.56854248046875
2.658447265625
2.82476806640625
2.5447998046875
2.784423828125
2.93701171875
2.90948486328125
2.74005126953125
2.8785400390625
2.665283203125
2.70245361328125
2.9154052734375
2.7781982421875
2.60986328125
2.7821044921875
2.4261474609375
3.0701904296875
2.94915771484375
2.7259521484375
2.803466796875
2.69488525390625
2.72259521484375
2.674072265625
2.9176025390625
2.884521484375
2.89605712890625
2.92816162109375
2.619384765625
2.659423828125
2.6787109375
2.58331298828125
2.72308349609375
2.90118408203125
2.863525390625
2.68170166015625
2.7705078125
2.8406982421875
2.82159423828125
2.8609619140625
2.9847412109375
2.776611328125
2.81463623046875
2.9090576171875
2.72100830078125
2.7867431640625
2.7119140625
2.84381103515625
2.77459716796875
2.87200927734375
2.90594482421875
2.90081787109375
2.49359130859375
2.6925048828125
2.75189208984375
2.76983642578125
2.64080810546875
3.07354736328125
3.1124267578125
2.93695068359375
2.7220458984375
2.5772705078125
2.822509765625
2.8702392578125
2.7503662109375
2.541259765625
2.80419921875
2.9935302734375
2.76544189453125
2.69482421875
2.831298828125
2.81781005859375
2.71527099609375
2.63970947265625
2.8802490234375
2.7674560546875
2.60345458984375
2.72039794921875
2.64825439453125
2.51129150390625
2.87750244140625
2.76934814453125
2.60479736328125
2.6732177734375
3.03631591796875
2.85894775390625
2.819580078125
2.73583984375
2.4981689453125
2.77191162109375
2.7755126953125
2.838623046875
2.64471435546875
3.1026611328125
2.8837890625
2.4349365234375
2.80743408203125
2.51470947265625
2.68817138671875
2.76898193359375
2.92608642578125
2.90069580078125
2.65093994140625
2.89593505859375
2.69891357421875
2.96966552734375
2.65753173828125
2.48980712890625
2.71484375
2.50238037109375
2.724609375
2.36376953125
2.85113525390625
2.7965087890625
2.899169921875
2.50701904296875
2.92388916015625
2.80218505859375
2.5880126953125
2.77587890625
2.9012451171875
2.85089111328125
2.80828857421875
2.72802734375
2.5076904296875
2.7742919921875
2.71331787109375
2.72821044921875
2.65093994140625
2.56866455078125
2.6951904296875
2.5726318359375
2.8929443359375
2.6868896484375
3.0777587890625
2.86712646484375
2.69818115234375
2.86614990234375
2.8175048828125
2.74658203125
2.849609375
3.20257568359375
2.7955322265625
2.5394287109375
2.78668212890625
2.6849365234375
2.8033447265625
2.8851318359375
2.40875244140625
2.66412353515625
2.84429931640625
2.714111328125
2.62969970703125
2.56646728515625
2.90618896484375
3.050048828125
2.7447509765625
3.05914306640625
2.780029296875
2.77960205078125
2.7645263671875
2.8555908203125
2.73388671875
2.700439453125
2.81512451171875
3.012451171875
2.65325927734375
2.68951416015625
2.8414306640625
2.59356689453125
2.6102294921875
2.9447021484375
2.69482421875
2.93536376953125
2.83489990234375
3.1273193359375
2.84307861328125
2.76519775390625
2.67388916015625
2.714599609375
2.7381591796875
2.8216552734375
2.86773681640625
2.65228271484375
2.9400634765625
2.808837890625
2.89404296875
2.650634765625
2.91845703125
2.5687255859375
2.83648681640625
2.52471923828125
2.71575927734375
2.76458740234375
2.77215576171875
2.6754150390625
3.01214599609375
2.5775146484375
2.8255615234375
2.8564453125
2.7979736328125
2.80828857421875
2.804443359375
2.70318603515625
2.67633056640625
2.839111328125
2.56805419921875
3.1044921875
2.69281005859375
2.99847412109375
2.84228515625
2.911865234375
2.77764892578125
2.70404052734375
3.05474853515625
2.62939453125
2.5914306640625
2.79071044921875
2.88970947265625
2.59014892578125
2.86260986328125
2.93707275390625
2.86016845703125
2.67333984375
2.686767578125
2.39093017578125
2.981689453125
2.5035400390625
2.39288330078125
2.6690673828125
2.66986083984375
2.71881103515625
2.8927001953125
2.69012451171875
2.8385009765625
2.64337158203125
2.7509765625
2.96417236328125
3.05645751953125
2.70611572265625
2.6016845703125
2.763427734375
3.169189453125
2.7083740234375
2.77734375
2.70562744140625
2.66461181640625
2.4952392578125
3.10113525390625
2.91400146484375
2.985595703125
2.51947021484375
2.5457763671875
2.83111572265625
2.53570556640625
2.6693115234375
2.72894287109375
2.7093505859375
2.8349609375
2.7183837890625
2.8841552734375
2.77740478515625
2.81976318359375
2.7078857421875
2.74749755859375
2.72491455078125
2.7503662109375
2.65625
2.43463134765625
2.749267578125
2.6956787109375
3.0545654296875
2.81781005859375
2.94342041015625
2.5638427734375
2.72039794921875
2.96917724609375
2.82513427734375
2.9644775390625
2.79278564453125
2.68218994140625
3.0892333984375
2.8575439453125
2.8201904296875
2.89227294921875
2.71649169921875
