1.90167236328125
1.90167236328125
1.90167236328125
2.10052490234375
2.2646484375
2.157470703125
2.3394775390625
2.0618896484375
2.3944091796875
2.1778564453125
2.1527099609375
2.3074951171875
2.34112548828125
2.37481689453125
2.3323974609375
2.275146484375
1.99560546875
2.05517578125
1.9854736328125
2.20672607421875
2.08624267578125
2.36663818359375
2.21240234375
2.410400390625
2.18890380859375
2.11053466796875
2.026123046875
2.28997802734375
2.109375
2.49114990234375
2.46893310546875
2.34088134765625
2.2076416015625
2.259033203125
2.35443115234375
2.398193359375
2.19744873046875
2.410400390625
2.3909912109375
1.99530029296875
2.42132568359375
2.361328125
2.1512451171875
2.35162353515625
2.19232177734375
2.25823974609375
2.2862548828125
2.228271484375
2.2589111328125
2.135986328125
2.30474853515625
2.11541748046875
2.3082275390625
2.01531982421875
2.41607666015625
2.14447021484375
2.1298828125
2.513916015625
2.47479248046875
2.4197998046875
2.31610107421875
2.25579833984375
1.97540283203125
2.0321044921875
2.06988525390625
1.991943359375
2.29052734375
2.39996337890625
2.22235107421875
2.3658447265625
2.208251953125
2.16766357421875
2.44818115234375
2.1251220703125
2.19378662109375
2.42669677734375
2.18536376953125
2.34832763671875
2.34259033203125
2.1195068359375
1.96710205078125
1.97735595703125
1.76849365234375
1.98931884765625
2.37640380859375
2.1722412109375
2.174560546875
2.2886962890625
2.48077392578125
2.71600341796875
2.364013671875
2.47088623046875
2.36138916015625
2.20635986328125
2.25469970703125
2.54364013671875
2.179443359375
2.522216796875
2.16070556640625
2.30767822265625
2.51519775390625
1.8673095703125
2.31646728515625
2.45465087890625
2.1029052734375
2.22509765625
1.957763671875
1.93048095703125
2.415771484375
2.589599609375
2.10791015625
2.1282958984375
2.23992919921875
2.26397705078125
2.1927490234375
2.25750732421875
2.357177734375
2.3724365234375
2.16156005859375
2.23358154296875
2.37017822265625
2.2344970703125
1.987548828125
2.5596923828125
2.1812744140625
2.403564453125
2.20361328125
2.62298583984375
2.33221435546875
2.35546875
2.25286865234375
1.97637939453125
2.22711181640625
2.407958984375
2.39459228515625
2.3922119140625
2.160888671875
2.375244140625
2.52911376953125
2.1820068359375
2.23162841796875
2.2276611328125
2.46881103515625
2.35491943359375
2.1331787109375
2.05804443359375
2.42724609375
2.330078125
2.28753662109375
2.19677734375
2.16473388671875
2.2080078125
2.472900390625
2.28778076171875
2.088623046875
2.36383056640625
2.225830078125
2.17791748046875
2.17999267578125
2.28204345703125
2.35931396484375
2.16717529296875
2.16162109375
2.441650390625
2.32861328125
2.13800048828125
2.23028564453125
2.13873291015625
2.356201171875
2.36798095703125
2.4207763671875
2.3182373046875
2.313232421875
2.18023681640625
2.2506103515625
2.14276123046875
2.4102783203125
2.137939453125
2.3250732421875
2.05926513671875
2.2078857421875
2.35821533203125
2.32476806640625
2.33642578125
2.39801025390625
2.619140625
2.21942138671875
2.18377685546875
2.05120849609375
2.127685546875
2.5277099609375
2.02703857421875
2.19775390625
2.28594970703125
2.050537109375
2.2535400390625
2.0721435546875
2.26519775390625
2.09918212890625
2.20477294921875
2.1907958984375
2.1741943359375
2.2972412109375
2.54278564453125
2.36712646484375
2.38275146484375
2.3603515625
2.15386962890625
2.455810546875
2.26495361328125
2.48089599609375
2.10552978515625
2.30328369140625
2.1649169921875
2.371826171875
2.110107421875
2.05291748046875
2.3172607421875
2.38726806640625
2.2652587890625
2.02850341796875
2.2479248046875
2.52325439453125
2.0606689453125
2.279296875
2.27984619140625
2.4404296875
2.313232421875
2.32330322265625
2.17529296875
2.22344970703125
2.071533203125
2.36456298828125
2.41070556640625
2.41461181640625
2.19903564453125
2.2642822265625
2.42236328125
2.3065185546875
2.26824951171875
1.8212890625
2.45135498046875
2.057373046875
2.14434814453125
2.30682373046875
2.35888671875
2.24578857421875
2.46728515625
2.41461181640625
2.244140625
2.17803955078125
2.4471435546875
1.96722412109375
1.94451904296875
2.20013427734375
2.37542724609375
2.0972900390625
2.1756591796875
2.2745361328125
2.14678955078125
2.33013916015625
1.9437255859375
2.30419921875
2.452392578125
2.3873291015625
2.29364013671875
2.25970458984375
2.23419189453125
2.11688232421875
2.279296875
2.3099365234375
2.11932373046875
2.16546630859375
2.5367431640625
1.98638916015625
2.00640869140625
2.2322998046875
2.171142578125
2.156982421875
2.4976806640625
2.41802978515625
2.46441650390625
2.0330810546875
2.0323486328125
2.221923828125
2.142578125
2.35638427734375
2.20330810546875
2.04351806640625
2.165283203125
2.31561279296875
1.8970947265625
2.53118896484375
2.42181396484375
2.266845703125
2.29058837890625
1.8177490234375
2.248046875
1.91900634765625
2.30157470703125
2.09051513671875
2.428466796875
2.53387451171875
2.34954833984375
2.22412109375
2.322998046875
2.24884033203125
2.12591552734375
2.10028076171875
2.26190185546875
2.15362548828125
2.194091796875
2.42364501953125
2.1748046875
2.28973388671875
2.28375244140625
2.17681884765625
2.24078369140625
2.13934326171875
1.96484375
2.48602294921875
2.2344970703125
2.07073974609375
2.185546875
2.342529296875
2.24298095703125
2.4443359375
1.960205078125
2.2486572265625
2.166259765625
2.1397705078125
2.2264404296875
1.90899658203125
2.1551513671875
2.32476806640625
2.188232421875
2.21685791015625
2.4345703125
2.18731689453125
2.42401123046875
2.27838134765625
2.160888671875
2.11846923828125
2.22698974609375
2.2779541015625
2.05926513671875
2.30218505859375
2.16845703125
2.2269287109375
2.20538330078125
2.3759765625
2.46868896484375
2.18914794921875
2.28564453125
2.289306640625
2.37408447265625
2.33551025390625
2.37322998046875
2.206787109375
2.28253173828125
1.93951416015625
2.01776123046875
2.422607421875
2.2664794921875
2.37646484375
2.3309326171875
2.290771484375
2.49639892578125
2.177490234375
2.17291259765625
2.1107177734375
2.46319580078125
2.2587890625
2.10723876953125
2.22088623046875
2.28656005859375
2.39349365234375
2.2962646484375
2.322998046875
2.4775390625
2.28631591796875
2.26556396484375
2.2939453125
2.21112060546875
1.92169189453125
2.17474365234375
2.2152099609375
2.32183837890625
2.39373779296875
2.09234619140625
1.93560791015625
2.232666015625
2.26947021484375
2.45599365234375
2.26922607421875
2.24658203125
2.383056640625
2.4088134765625
2.4202880859375
2.07611083984375
2.274169921875
2.2333984375
2.17193603515625
2.23309326171875
2.0882568359375
2.3953857421875
2.1771240234375
2.296630859375
2.40216064453125
2.539794921875
2.0142822265625
2.40960693359375
2.17181396484375
2.07806396484375
2.14385986328125
2.09320068359375
2.29998779296875
2.34625244140625
2.2293701171875
1.9674072265625
2.3626708984375
2.382568359375
2.23736572265625
2.25494384765625
2.12701416015625
2.2154541015625
2.19647216796875
2.28973388671875
2.19012451171875
2.32061767578125
2.3121337890625
2.4560546875
2.12188720703125
2.6102294921875
1.988037109375
2.5421142578125
2.0074462890625
2.29412841796875
2.2841796875
2.227294921875
2.1829833984375
1.92718505859375
2.45452880859375
2.51641845703125
2.2940673828125
2.34234619140625
2.013916015625
2.34368896484375
2.307373046875
2.24462890625
2.253662109375
2.138916015625
2.00445556640625
2.13494873046875
2.21710205078125
2.0074462890625
2.10467529296875
2.18133544921875
2.17205810546875
2.46533203125
2.19036865234375
2.43865966796875
2.20806884765625
2.350341796875
2.26898193359375
2.32470703125
2.46820068359375
2.31341552734375
2.343505859375
2.2412109375
2.37286376953125
2.41070556640625
2.32818603515625
2.34027099609375
2.34661865234375
2.3756103515625
2.01641845703125
2.04705810546875
1.968994140625
2.24102783203125
2.1558837890625
2.10833740234375
2.48663330078125
2.21038818359375
2.10504150390625
2.1484375
2.3048095703125
2.21746826171875
2.253662109375
2.24127197265625
2.34234619140625
2.23602294921875
2.206298828125
2.23175048828125
2.337646484375
2.200927734375
2.2938232421875
2.39605712890625
2.213623046875
2.14617919921875
2.45184326171875
2.33782958984375
2.39190673828125
2.11016845703125
2.65142822265625
2.2177734375
1.95648193359375
2.2132568359375
2.3548583984375
2.398193359375
2.1114501953125
2.2322998046875
2.2889404296875
2.367919921875
2.27532958984375
2.5125732421875
2.30474853515625
2.457275390625
1.9910888671875
2.35076904296875
2.2332763671875
2.245849609375
2.43115234375
2.31365966796875
2.31390380859375
2.19464111328125
2.2381591796875
2.49139404296875
2.13983154296875
2.166748046875
1.9654541015625
2.0548095703125
2.25140380859375
2.143798828125
2.01165771484375
2.0943603515625
2.1943359375
2.47406005859375
2.25469970703125
2.26434326171875
2.2669677734375
2.2803955078125
2.31109619140625
2.224853515625
2.30987548828125
2.16314697265625
2.3212890625
2.17071533203125
2.16339111328125
2.17926025390625
2.50225830078125
2.47967529296875
2.21588134765625
2.25091552734375
2.51739501953125
2.2628173828125
2.3582763671875
1.977783203125
2.2750244140625
2.2354736328125
2.15234375
2.517822265625
2.2796630859375
2.05999755859375
2.42041015625
2.3336181640625
2.0645751953125
2.24517822265625
2.18707275390625
2.40069580078125
2.08013916015625
2.4080810546875
2.15374755859375
2.1773681640625
2.0789794921875
2.05023193359375
2.45220947265625
2.3175048828125
2.03271484375
2.30731201171875
2.47283935546875
2.04119873046875
2.38226318359375
1.974853515625
2.39605712890625
2.531982421875
2.099365234375
2.35321044921875
2.14495849609375
2.33111572265625
2.0435791015625
2.37579345703125
2.3370361328125
2.2384033203125
2.33837890625
2.15765380859375
2.4298095703125
2.302734375
2.30828857421875
1.9598388671875
2.180908203125
2.15911865234375
2.44677734375
2.11041259765625
2.0284423828125
2.3369140625
2.42962646484375
2.28997802734375
2.29150390625
2.0408935546875
2.32611083984375
2.134765625
2.30902099609375
2.29278564453125
1.98150634765625
2.0966796875
2.2437744140625
2.4420166015625
2.3106689453125
2.3115234375
2.4715576171875
2.51690673828125
2.192626953125
2.34393310546875
2.30950927734375
2.115966796875
2.543701171875
2.02838134765625
2.255126953125
2.01513671875
2.4017333984375
2.5186767578125
2.348876953125
2.0047607421875
2.2586669921875
2.45989990234375
2.13922119140625
2.27374267578125
2.3677978515625
2.241455078125
2.28338623046875
2.29248046875
2.23773193359375
2.38153076171875
2.46881103515625
2.14111328125
2.2913818359375
2.1541748046875
2.274169921875
2.06146240234375
2.08062744140625
2.2431640625
2.3204345703125
2.31622314453125
2.34100341796875
2.20623779296875
2.17047119140625
1.98260498046875
2.37200927734375
2.27508544921875
2.2198486328125
2.2794189453125
2.0963134765625
2.33203125
2.14703369140625
2.27166748046875
1.93798828125
2.2630615234375
2.35211181640625
2.51788330078125
2.41156005859375
1.96197509765625
2.256591796875
2.207763671875
1.98638916015625
2.15380859375
2.297119140625
2.20526123046875
2.50787353515625
2.23834228515625
2.13189697265625
1.9251708984375
2.380126953125
2.144287109375
2.19757080078125
2.298095703125
2.01788330078125
2.266357421875
2.3555908203125
2.09759521484375
2.27056884765625
2.363525390625
2.24169921875
2.1824951171875
2.334716796875
1.77801513671875
2.14605712890625
2.3326416015625
2.2056884765625
2.4119873046875
2.38262939453125
1.9005126953125
2.219970703125
2.39642333984375
2.601806640625
2.1279296875
2.39874267578125
2.29156494140625
2.33831787109375
2.049560546875
1.98291015625
2.1285400390625
2.42083740234375
2.214599609375
2.01123046875
2.2017822265625
2.50494384765625
2.31182861328125
2.18115234375
2.15277099609375
2.18328857421875
2.007080078125
2.3460693359375
2.16632080078125
2.4215087890625
2.331298828125
2.072021484375
2.1373291015625
2.44219970703125
1.9744873046875
2.146240234375
2.2188720703125
2.141357421875
2.3330078125
2.314208984375
2.5411376953125
2.26702880859375
2.21685791015625
2.54644775390625
2.25372314453125
2.47174072265625
1.924560546875
2.36859130859375
2.2840576171875
2.216796875
2.32781982421875
2.25384521484375
2.37115478515625
2.33514404296875
2.47235107421875
2.32391357421875
2.20220947265625
1.96832275390625
2.33868408203125
2.44757080078125
1.85260009765625
2.3212890625
2.04205322265625
2.16461181640625
2.35137939453125
2.43988037109375
2.07684326171875
2.22784423828125
2.30517578125
2.30926513671875
2.28240966796875
2.09521484375
2.1134033203125
2.06085205078125
2.47772216796875
2.301025390625
2.124267578125
2.46240234375
1.99365234375
2.06671142578125
2.47540283203125
2.2418212890625
2.3751220703125
2.32086181640625
2.367431640625
1.92877197265625
2.29046630859375
2.02239990234375
2.02337646484375
2.1002197265625
2.31591796875
2.27825927734375
2.24139404296875
2.06951904296875
2.17852783203125
2.16204833984375
2.161376953125
2.22412109375
2.01239013671875
2.29144287109375
2.219482421875
2.11383056640625
1.8482666015625
2.26251220703125
2.1396484375
2.2877197265625
2.383544921875
2.168701171875
2.3104248046875
2.16851806640625
2.3779296875
2.3236083984375
2.36566162109375
2.28399658203125
2.18194580078125
2.4742431640625
2.25823974609375
2.2762451171875
2.072021484375
2.33282470703125
2.57958984375
2.2708740234375
2.3909912109375
2.413818359375
2.404052734375
2.37384033203125
2.31512451171875
2.42181396484375
2.2138671875
2.27789306640625
2.09027099609375
2.2811279296875
2.1820068359375
2.14556884765625
2.2374267578125
2.06671142578125
2.32135009765625
2.3958740234375
2.20953369140625
2.4547119140625
2.34503173828125
2.24224853515625
2.03668212890625
2.614990234375
2.41143798828125
2.4290771484375
2.08221435546875
2.4088134765625
1.97735595703125
2.19329833984375
2.51629638671875
2.3125
2.2833251953125
2.3739013671875
2.34100341796875
2.163330078125
2.3624267578125
2.33636474609375
2.2259521484375
1.9366455078125
2.46649169921875
2.13409423828125
2.0767822265625
2.07415771484375
2.09942626953125
2.2572021484375
2.30517578125
1.998046875
2.34698486328125
2.25848388671875
2.03643798828125
2.40325927734375
2.29327392578125
2.3372802734375
2.230712890625
2.29742431640625
2.36724853515625
2.232421875
2.40966796875
2.3519287109375
2.2218017578125
2.14678955078125
2.05230712890625
2.1082763671875
2.02728271484375
2.161865234375
1.85174560546875
2.10528564453125
2.33807373046875
2.13201904296875
2.01153564453125
2.5020751953125
2.10516357421875
2.4537353515625
2.189697265625
2.3785400390625
1.93939208984375
2.17120361328125
2.26678466796875
2.336669921875
2.189208984375
2.28173828125
2.4503173828125
2.17108154296875
2.29803466796875
2.31695556640625
2.237060546875
2.10174560546875
2.0546875
2.2130126953125
2.22271728515625
2.33489990234375
2.01263427734375
2.1427001953125
2.484130859375
2.28094482421875
2.08856201171875
2.3953857421875
2.05621337890625
2.26544189453125
2.3822021484375
2.36566162109375
2.20172119140625
2.38641357421875
2.32061767578125
2.24072265625
2.4879150390625
2.2174072265625
2.27178955078125
2.269775390625
2.28857421875
2.09503173828125
2.195068359375
2.45330810546875
2.4066162109375
2.104736328125
2.25421142578125
2.34063720703125
2.0360107421875
2.2095947265625
2.28936767578125
2.2681884765625
1.89190673828125
2.0556640625
2.3243408203125
2.0697021484375
2.0980224609375
2.3223876953125
2.0809326171875
2.1470947265625
2.43359375
2.46771240234375
2.35784912109375
2.17205810546875
2.11224365234375
2.296142578125
2.16595458984375
2.03936767578125
2.16033935546875
2.23394775390625
2.27001953125
2.2587890625
1.94683837890625
2.30401611328125
2.21649169921875
2.521240234375
2.06591796875
2.2974853515625
2.4647216796875
2.4195556640625
2.23974609375
2.39068603515625
1.8931884765625
1.97613525390625
2.37774658203125
2.125244140625
2.44012451171875
2.228515625
2.35089111328125
2.2314453125
2.103759765625
2.21807861328125
2.02154541015625
2.2325439453125
2.2550048828125
2.28179931640625
2.1959228515625
2.41229248046875
2.49957275390625
2.09564208984375
2.45330810546875
2.25091552734375
2.29058837890625
2.22235107421875
2.2529296875
2.300048828125
2.32159423828125
