1.90167236328125
1.90167236328125
1.90167236328125
2.39239501953125
2.23797607421875
2.4525146484375
2.317626953125
2.09033203125
2.37933349609375
2.23797607421875
2.53302001953125
2.2364501953125
2.19915771484375
2.3131103515625
2.37567138671875
2.49688720703125
2.4937744140625
1.80828857421875
2.57257080078125
2.29339599609375
2.09869384765625
2.36474609375
2.3504638671875
2.52471923828125
2.228759765625
2.31512451171875
2.0789794921875
2.462646484375
2.5045166015625
2.11993408203125
2.04791259765625
2.05755615234375
2.3016357421875
1.94970703125
2.1488037109375
2.46295166015625
2.0396728515625
2.2498779296875
2.11053466796875
2.2027587890625
2.12841796875
2.30548095703125
2.72113037109375
2.390625
1.8638916015625
2.43365478515625
2.2835693359375
1.9268798828125
2.08880615234375
1.96142578125
2.07769775390625
2.16796875
2.249755859375
2.511474609375
2.17742919921875
2.2930908203125
2.05010986328125
2.1365966796875
2.32940673828125
2.2015380859375
2.2254638671875
1.88653564453125
2.27191162109375
2.2000732421875
2.528564453125
2.4686279296875
2.24005126953125
2.4505615234375
2.35809326171875
2.24560546875
2.24993896484375
2.1724853515625
2.2984619140625
2.55499267578125
2.04425048828125
2.1195068359375
2.18310546875
2.35589599609375
2.0174560546875
2.34130859375
2.10076904296875
2.10491943359375
2.20745849609375
2.2196044921875
2.3255615234375
2.55694580078125
2.568115234375
2.236572265625
2.17138671875
2.04425048828125
2.2618408203125
2.3846435546875
2.502685546875
2.0321044921875
2.36480712890625
2.2962646484375
2.12200927734375
2.37335205078125
2.07122802734375
2.3743896484375
2.3837890625
2.257080078125
2.23321533203125
2.380615234375
2.216552734375
2.47869873046875
2.18096923828125
2.18939208984375
2.35760498046875
2.22119140625
2.0478515625
2.119140625
2.18621826171875
2.0323486328125
2.30267333984375
2.15185546875
1.99676513671875
2.01629638671875
2.1494140625
2.33685302734375
2.279296875
2.5250244140625
2.16375732421875
2.22979736328125
2.18841552734375
2.13067626953125
2.32891845703125
2.21649169921875
2.2413330078125
2.42132568359375
1.9212646484375
2.20751953125
2.4619140625
2.26513671875
2.32672119140625
1.79052734375
2.26708984375
2.34307861328125
2.30072021484375
2.5103759765625
2.3701171875
2.2467041015625
2.3226318359375
1.94732666015625
2.05474853515625
2.40728759765625
2.37322998046875
2.373779296875
2.0400390625
2.15667724609375
2.251220703125
2.05157470703125
2.09393310546875
2.31134033203125
2.0513916015625
2.3328857421875
2.16143798828125
2.1270751953125
2.19244384765625
2.36712646484375
2.38568115234375
2.15216064453125
2.13623046875
2.37774658203125
2.39202880859375
2.17645263671875
2.19573974609375
2.48956298828125
2.281494140625
2.3155517578125
2.093994140625
2.23883056640625
2.20977783203125
2.3121337890625
2.4901123046875
2.259033203125
2.3525390625
2.21551513671875
2.2484130859375
1.905029296875
2.25701904296875
2.11431884765625
2.15533447265625
2.345947265625
2.1448974609375
2.21893310546875
2.08355712890625
2.15203857421875
2.222412109375
2.1060791015625
2.0592041015625
2.21307373046875
2.326171875
2.44012451171875
2.36236572265625
2.13079833984375
2.41973876953125
2.30072021484375
2.3759765625
2.0264892578125
2.1270751953125
2.4246826171875
1.9915771484375
2.37567138671875
2.0965576171875
2.23797607421875
2.17242431640625
2.65234375
2.15386962890625
2.23980712890625
2.43701171875
1.88873291015625
2.57568359375
2.1649169921875
2.3372802734375
2.15655517578125
2.27105712890625
2.09954833984375
2.11865234375
1.73486328125
2.17449951171875
2.20867919921875
2.16497802734375
2.4779052734375
2.27862548828125
2.1920166015625
2.15863037109375
2.3001708984375
2.18310546875
2.24456787109375
2.2479248046875
2.15020751953125
2.09375
2.1810302734375
2.14617919921875
2.15008544921875
2.14776611328125
2.30462646484375
2.30621337890625
2.03564453125
2.46697998046875
2.4853515625
2.1217041015625
2.3465576171875
2.057861328125
2.1185302734375
2.21270751953125
2.38958740234375
2.18804931640625
2.2353515625
2.21209716796875
2.38543701171875
2.43304443359375
2.278076171875
2.2034912109375
2.35919189453125
2.46624755859375
2.1556396484375
2.50628662109375
2.281982421875
2.42816162109375
2.08526611328125
2.415771484375
2.51849365234375
2.2322998046875
2.138427734375
2.26544189453125
2.07366943359375
2.03228759765625
2.3377685546875
2.2427978515625
2.59454345703125
2.328369140625
2.37115478515625
2.2308349609375
1.94976806640625
2.226318359375
2.21478271484375
2.08453369140625
2.4031982421875
2.3505859375
2.09783935546875
2.32232666015625
2.10693359375
2.23455810546875
2.17169189453125
2.31024169921875
2.19586181640625
2.30377197265625
2.2373046875
2.397705078125
2.066162109375
2.009521484375
2.33953857421875
2.4500732421875
2.3077392578125
2.59588623046875
2.12030029296875
2.2589111328125
2.26959228515625
2.304443359375
2.4765625
2.30517578125
2.10015869140625
2.30255126953125
2.17047119140625
2.174072265625
2.48944091796875
2.3399658203125
2.077880859375
2.14190673828125
2.19805908203125
2.40234375
2.1998291015625
2.5660400390625
2.1583251953125
2.16131591796875
2.29620361328125
2.1263427734375
2.2451171875
2.13128662109375
2.287841796875
2.055908203125
2.2874755859375
2.350341796875
2.00616455078125
2.17608642578125
1.96844482421875
2.37359619140625
2.361328125
2.24530029296875
2.1920166015625
2.28363037109375
2.0836181640625
2.289794921875
2.41802978515625
2.21728515625
2.2474365234375
2.15667724609375
2.1893310546875
2.2733154296875
2.33905029296875
2.1534423828125
2.02801513671875
2.29754638671875
2.27752685546875
2.0484619140625
2.25396728515625
2.2188720703125
2.29278564453125
2.337158203125
2.35968017578125
1.89715576171875
2.34588623046875
2.01708984375
2.296630859375
2.03851318359375
2.159912109375
2.11419677734375
2.17926025390625
2.3885498046875
2.1519775390625
2.22711181640625
2.0487060546875
2.3089599609375
2.55816650390625
2.2960205078125
2.10302734375
2.16314697265625
2.278076171875
2.19390869140625
1.94085693359375
2.2025146484375
2.09552001953125
2.31536865234375
2.02264404296875
2.2784423828125
2.22198486328125
2.16436767578125
2.13702392578125
2.17926025390625
2.40386962890625
2.7799072265625
2.0968017578125
2.348388671875
2.3499755859375
2.143310546875
2.1837158203125
2.10870361328125
2.14385986328125
2.49786376953125
2.348876953125
2.2257080078125
1.89202880859375
2.16619873046875
2.1978759765625
2.158203125
2.278564453125
1.9903564453125
2.10638427734375
2.04962158203125
2.17059326171875
2.15118408203125
2.31298828125
1.975341796875
2.19097900390625
2.2685546875
2.07879638671875
2.020751953125
2.240966796875
2.24761962890625
1.9014892578125
1.96954345703125
2.184814453125
2.3638916015625
2.28509521484375
2.0501708984375
2.3109130859375
2.01318359375
2.32501220703125
2.1715087890625
2.25006103515625
1.92529296875
2.39813232421875
2.09130859375
2.33306884765625
2.32513427734375
2.27276611328125
2.39202880859375
1.951416015625
2.2333984375
2.21893310546875
2.4273681640625
2.2821044921875
2.2628173828125
2.20977783203125
1.99835205078125
2.237060546875
2.05780029296875
2.327392578125
2.2508544921875
2.23956298828125
2.28302001953125
2.0916748046875
2.08441162109375
2.31597900390625
2.37249755859375
2.27923583984375
2.27142333984375
2.37457275390625
2.33282470703125
2.133056640625
2.392578125
2.24700927734375
2.36865234375
2.28424072265625
2.38446044921875
2.35272216796875
2.1451416015625
2.303466796875
2.21710205078125
2.30596923828125
2.328857421875
2.2542724609375
2.19732666015625
2.29095458984375
2.18072509765625
2.3896484375
2.305419921875
2.4215087890625
2.02960205078125
2.32379150390625
2.28466796875
2.26763916015625
1.921875
2.13372802734375
2.3134765625
2.46435546875
2.113037109375
2.119384765625
2.27288818359375
2.38372802734375
2.27825927734375
2.47003173828125
2.19964599609375
2.2889404296875
2.04803466796875
2.30389404296875
2.15802001953125
1.942138671875
2.40875244140625
2.4093017578125
2.263427734375
2.001220703125
2.2587890625
2.3763427734375
2.34539794921875
2.10675048828125
2.26678466796875
2.34759521484375
2.09735107421875
2.2723388671875
2.2669677734375
2.224853515625
2.15142822265625
2.19219970703125
2.17059326171875
2.14013671875
2.22906494140625
2.26678466796875
1.8955078125
2.3133544921875
2.2584228515625
2.2750244140625
2.254638671875
2.26446533203125
2.21356201171875
2.3831787109375
2.1033935546875
2.19952392578125
2.11126708984375
2.1573486328125
2.32977294921875
2.15374755859375
2.0589599609375
2.18463134765625
2.09686279296875
2.229736328125
2.21954345703125
2.32464599609375
2.45623779296875
2.18255615234375
2.238037109375
2.2425537109375
2.36114501953125
2.54119873046875
2.19476318359375
2.08642578125
1.7728271484375
2.181640625
2.1583251953125
2.08416748046875
2.35040283203125
2.2352294921875
2.2657470703125
2.08135986328125
2.173828125
2.16583251953125
2.29150390625
2.118408203125
2.138427734375
2.17559814453125
2.16009521484375
2.077392578125
2.363037109375
2.11981201171875
1.95068359375
2.24676513671875
2.29510498046875
2.361083984375
2.09344482421875
2.123291015625
2.10028076171875
2.3912353515625
2.0672607421875
2.25048828125
2.17108154296875
2.44970703125
1.97998046875
2.1170654296875
2.24432373046875
2.227294921875
2.20806884765625
2.50518798828125
2.3546142578125
2.03863525390625
2.07806396484375
2.5345458984375
2.15484619140625
2.101318359375
2.307373046875
2.18994140625
2.21185302734375
2.06805419921875
2.34002685546875
2.1517333984375
2.48931884765625
2.202392578125
2.2210693359375
2.3487548828125
2.21771240234375
2.39764404296875
2.43701171875
2.46478271484375
2.436767578125
2.165283203125
2.0968017578125
2.1605224609375
2.14837646484375
2.13031005859375
2.0799560546875
2.1890869140625
2.3848876953125
2.1851806640625
2.30340576171875
2.3736572265625
2.002685546875
2.18682861328125
2.19012451171875
2.32232666015625
1.844970703125
2.277587890625
2.22943115234375
2.08905029296875
2.486572265625
2.490234375
2.3516845703125
2.46240234375
1.953125
2.2353515625
2.34259033203125
2.3603515625
2.297607421875
2.3292236328125
2.24505615234375
2.27923583984375
2.1986083984375
1.915771484375
2.05157470703125
2.15179443359375
2.29266357421875
2.2427978515625
2.23089599609375
1.97509765625
2.1810302734375
1.97076416015625
2.03607177734375
2.20672607421875
2.28570556640625
2.2962646484375
2.288330078125
2.30364990234375
2.352783203125
2.02838134765625
2.22637939453125
2.23577880859375
2.42413330078125
2.14337158203125
2.27935791015625
2.34326171875
2.1942138671875
2.22589111328125
2.3193359375
2.2904052734375
2.28619384765625
2.395263671875
2.3236083984375
2.37017822265625
2.32391357421875
2.1588134765625
2.18768310546875
2.12188720703125
2.2435302734375
2.40521240234375
2.35882568359375
2.44891357421875
2.04449462890625
2.37066650390625
2.36480712890625
2.288330078125
2.4189453125
2.415771484375
2.10748291015625
2.03472900390625
2.104248046875
2.23370361328125
2.162109375
1.91357421875
2.24847412109375
1.96673583984375
2.26544189453125
2.02685546875
2.29388427734375
2.4542236328125
2.611572265625
2.179931640625
2.09912109375
2.26409912109375
2.142333984375
2.32269287109375
2.3507080078125
2.2310791015625
2.118408203125
2.336669921875
2.16302490234375
2.3798828125
2.3482666015625
1.994140625
2.13104248046875
2.38775634765625
2.5426025390625
2.0623779296875
2.35845947265625
1.96771240234375
2.38818359375
2.02392578125
2.3880615234375
2.2490234375
2.05987548828125
2.54852294921875
2.16717529296875
2.18316650390625
2.233154296875
2.47540283203125
2.09521484375
2.29339599609375
2.2867431640625
2.28009033203125
2.244873046875
2.4169921875
2.09051513671875
2.508056640625
2.33721923828125
2.13665771484375
2.377685546875
2.15972900390625
1.83062744140625
2.28790283203125
2.1153564453125
2.27520751953125
2.07049560546875
2.22406005859375
2.4658203125
2.0848388671875
2.21282958984375
2.316162109375
2.33831787109375
2.29840087890625
2.35089111328125
2.1220703125
2.16851806640625
2.09613037109375
2.1805419921875
2.3502197265625
2.510009765625
2.4652099609375
2.410888671875
2.24658203125
2.4449462890625
2.587158203125
2.3048095703125
2.2181396484375
2.27130126953125
2.17791748046875
2.42449951171875
2.3878173828125
2.16229248046875
2.35113525390625
2.30706787109375
2.15814208984375
2.32415771484375
2.14202880859375
2.43914794921875
2.2720947265625
2.4698486328125
2.0294189453125
2.23992919921875
2.10540771484375
2.27288818359375
2.52935791015625
2.08251953125
2.20599365234375
2.17578125
2.07928466796875
2.2386474609375
2.1947021484375
2.28961181640625
2.37420654296875
2.18902587890625
2.42950439453125
1.974853515625
2.31036376953125
2.3446044921875
2.15557861328125
2.197998046875
2.2923583984375
2.41485595703125
2.21044921875
2.2276611328125
2.35443115234375
2.059814453125
2.06109619140625
2.457763671875
2.11181640625
2.3375244140625
2.25360107421875
2.30096435546875
2.13690185546875
2.14056396484375
2.23529052734375
2.22259521484375
2.39898681640625
1.8052978515625
2.39935302734375
2.28729248046875
2.40216064453125
2.52447509765625
2.13372802734375
2.174560546875
2.36090087890625
2.274658203125
2.18896484375
2.37841796875
2.4967041015625
2.1712646484375
2.3470458984375
2.248291015625
2.24066162109375
2.1551513671875
2.39483642578125
2.10009765625
1.98321533203125
2.1431884765625
2.40118408203125
2.15350341796875
2.24884033203125
2.061279296875
2.2025146484375
2.16998291015625
2.275146484375
2.00384521484375
2.22637939453125
2.17840576171875
2.486572265625
2.208740234375
2.31103515625
2.20208740234375
2.27447509765625
2.3739013671875
2.33355712890625
2.10516357421875
2.252685546875
2.17120361328125
2.1229248046875
2.4676513671875
2.164306640625
2.25347900390625
2.26025390625
2.43414306640625
2.2979736328125
2.261962890625
2.150390625
2.333740234375
2.70904541015625
1.79638671875
2.258544921875
2.55633544921875
2.30865478515625
2.23541259765625
2.24969482421875
2.12109375
2.08544921875
2.32818603515625
2.208251953125
2.24652099609375
2.31591796875
2.32623291015625
2.01019287109375
1.90771484375
2.263427734375
2.1578369140625
2.55987548828125
2.26416015625
2.2291259765625
2.21185302734375
2.35882568359375
2.20745849609375
2.11846923828125
2.4937744140625
2.24969482421875
2.2093505859375
2.3663330078125
2.51922607421875
2.3834228515625
2.34405517578125
2.176025390625
2.5426025390625
1.9566650390625
2.25201416015625
1.86712646484375
2.1611328125
2.04241943359375
2.297607421875
2.05474853515625
2.36724853515625
2.154052734375
2.31195068359375
2.48455810546875
2.33929443359375
2.2750244140625
2.47003173828125
2.1314697265625
2.377685546875
2.29248046875
2.26055908203125
2.4539794921875
2.3912353515625
2.4033203125
1.93963623046875
2.27606201171875
2.20458984375
2.03240966796875
2.00921630859375
2.40753173828125
1.96929931640625
2.3577880859375
2.13995361328125
2.1416015625
2.24517822265625
