2.4283447265625
2.4283447265625
2.4283447265625
2.4283447265625
2.4283447265625
2.462890625
2.57537841796875
2.88623046875
2.3878173828125
2.6729736328125
2.45855712890625
2.66314697265625
2.57574462890625
2.58184814453125
2.46124267578125
2.86553955078125
2.9290771484375
2.55047607421875
2.72979736328125
2.6820068359375
2.57342529296875
2.7227783203125
2.56878662109375
2.779296875
2.48944091796875
2.8416748046875
2.87945556640625
2.67633056640625
2.6546630859375
2.61602783203125
2.71563720703125
2.86993408203125
2.75421142578125
2.7657470703125
2.7203369140625
2.5360107421875
2.68267822265625
2.71588134765625
2.97540283203125
2.70587158203125
2.8175048828125
2.78277587890625
2.83843994140625
2.69329833984375
2.655029296875
2.7491455078125
2.59771728515625
2.4578857421875
2.573974609375
2.80853271484375
2.9552001953125
3.03521728515625
2.56982421875
2.8182373046875
2.51556396484375
2.6846923828125
2.76519775390625
2.84759521484375
2.6937255859375
2.446044921875
2.59503173828125
2.88897705078125
2.50238037109375
2.85302734375
2.71795654296875
2.548583984375
3.08013916015625
2.5772705078125
2.87774658203125
2.28741455078125
2.5404052734375
2.874755859375
2.87042236328125
2.7415771484375
2.72564697265625
2.6947021484375
3.0025634765625
2.5421142578125
2.6041259765625
2.99407958984375
2.37786865234375
2.44989013671875
2.710693359375
2.55316162109375
2.88861083984375
2.59674072265625
2.7486572265625
2.6949462890625
2.61846923828125
2.50164794921875
2.6561279296875
2.623779296875
2.6358642578125
2.56988525390625
3.0162353515625
2.9591064453125
2.4312744140625
2.5897216796875
2.5411376953125
2.70916748046875
2.622314453125
2.688720703125
2.83099365234375
2.75457763671875
2.86138916015625
2.8692626953125
2.90533447265625
2.919921875
2.55523681640625
2.82635498046875
2.6856689453125
2.57403564453125
2.7454833984375
2.8604736328125
2.7509765625
2.69622802734375
2.55194091796875
2.77178955078125
2.797119140625
2.6495361328125
2.66387939453125
2.46124267578125
2.8179931640625
2.72314453125
2.8768310546875
2.83331298828125
2.828857421875
2.7174072265625
2.70623779296875
2.6796875
2.81671142578125
2.6883544921875
2.7740478515625
2.750244140625
2.673583984375
2.75030517578125
2.52252197265625
2.8057861328125
2.8355712890625
2.83282470703125
2.6483154296875
2.5665283203125
2.643798828125
2.83172607421875
2.85174560546875
2.73681640625
2.806640625
2.81182861328125
2.8770751953125
2.7691650390625
2.88226318359375
2.88592529296875
2.67730712890625
2.70849609375
2.69696044921875
2.84381103515625
2.33111572265625
2.7117919921875
2.702880859375
2.80889892578125
2.70849609375
2.958740234375
2.86724853515625
2.72747802734375
2.65277099609375
2.36517333984375
2.6795654296875
2.99169921875
2.81207275390625
2.7117919921875
2.65936279296875
2.594970703125
2.81951904296875
2.96551513671875
2.68316650390625
2.72064208984375
2.651611328125
2.78778076171875
2.660400390625
2.71905517578125
2.756103515625
2.5980224609375
2.6856689453125
2.641845703125
2.65484619140625
2.81890869140625
2.75225830078125
2.481689453125
2.746337890625
2.43536376953125
2.55511474609375
2.75726318359375
2.695068359375
2.52996826171875
2.94708251953125
2.584716796875
2.6495361328125
2.5113525390625
2.66162109375
2.70819091796875
2.7322998046875
2.42742919921875
2.93585205078125
3.02978515625
2.820068359375
2.74627685546875
2.63397216796875
2.824462890625
2.90411376953125
2.81085205078125
2.96636962890625
2.71221923828125
2.6966552734375
2.6942138671875
2.71722412109375
2.53643798828125
2.94183349609375
2.47589111328125
2.6531982421875
2.58001708984375
2.52105712890625
2.792724609375
2.76080322265625
2.6043701171875
2.84521484375
2.574951171875
2.787841796875
2.79083251953125
2.9361572265625
2.40069580078125
2.5933837890625
2.7239990234375
2.76123046875
2.74737548828125
2.943603515625
2.74658203125
2.67535400390625
2.78515625
2.52886962890625
2.6751708984375
2.67291259765625
2.7371826171875
3.01531982421875
2.54339599609375
2.7332763671875
2.83087158203125
2.73699951171875
2.63922119140625
2.992919921875
2.92626953125
2.80291748046875
2.947265625
2.3939208984375
2.56982421875
2.6326904296875
2.735107421875
2.59185791015625
2.51190185546875
2.6612548828125
2.64508056640625
2.84197998046875
2.70587158203125
2.80609130859375
2.3360595703125
2.5953369140625
2.78997802734375
2.82879638671875
2.85577392578125
2.7867431640625
2.880859375
2.2464599609375
2.8336181640625
2.58203125
2.61474609375
2.68341064453125
2.82916259765625
2.61029052734375
2.836181640625
2.91229248046875
2.7564697265625
2.66015625
2.65283203125
2.9327392578125
2.46063232421875
2.77545166015625
2.58685302734375
2.7501220703125
2.65484619140625
3.0157470703125
2.67620849609375
2.6151123046875
2.92730712890625
2.65753173828125
2.6370849609375
2.629638671875
2.66400146484375
2.87078857421875
2.7884521484375
2.3741455078125
2.75506591796875
2.83868408203125
2.9678955078125
2.922119140625
2.71539306640625
2.940673828125
2.327392578125
2.6199951171875
2.89678955078125
2.8560791015625
2.81005859375
2.58563232421875
2.59332275390625
2.7064208984375
2.6802978515625
2.73541259765625
2.674560546875
2.76641845703125
2.82000732421875
2.7276611328125
2.8275146484375
2.75897216796875
2.87078857421875
2.69580078125
2.832275390625
2.8516845703125
2.54278564453125
2.8570556640625
2.32867431640625
3.008056640625
2.54376220703125
2.818115234375
2.40911865234375
2.61480712890625
2.72015380859375
2.87957763671875
2.89239501953125
2.62860107421875
2.4166259765625
2.83673095703125
2.7535400390625
2.68865966796875
2.80340576171875
2.8023681640625
2.5465087890625
2.88067626953125
2.5557861328125
2.70703125
2.869873046875
2.53631591796875
2.64276123046875
2.877197265625
2.88580322265625
2.6708984375
3.02728271484375
2.38995361328125
2.78778076171875
2.76275634765625
2.75830078125
2.69305419921875
2.59619140625
2.6265869140625
2.85858154296875
2.69482421875
2.51202392578125
2.8583984375
2.56719970703125
2.5643310546875
2.5858154296875
2.888916015625
2.89227294921875
2.86956787109375
2.52728271484375
2.52264404296875
2.751953125
2.60870361328125
2.77020263671875
2.6744384765625
2.66265869140625
2.5096435546875
2.6246337890625
2.3543701171875
2.7734375
2.5721435546875
2.81683349609375
2.8907470703125
2.90203857421875
2.83856201171875
2.38812255859375
2.8203125
3.00640869140625
2.76434326171875
2.75299072265625
2.695556640625
2.44342041015625
2.8331298828125
2.776123046875
2.7738037109375
2.55731201171875
2.7381591796875
2.537841796875
2.86212158203125
2.8297119140625
2.71246337890625
2.82025146484375
2.51983642578125
2.65093994140625
2.8406982421875
2.86700439453125
2.97979736328125
2.62774658203125
2.50030517578125
2.68927001953125
2.9058837890625
2.94952392578125
2.6553955078125
2.7138671875
2.67816162109375
2.540283203125
2.87457275390625
2.926513671875
2.78387451171875
2.98028564453125
2.75494384765625
2.72125244140625
2.414794921875
2.98699951171875
2.870361328125
2.62896728515625
2.69378662109375
2.60198974609375
2.6549072265625
2.65350341796875
2.79107666015625
2.79095458984375
2.8572998046875
2.70751953125
2.575927734375
2.6065673828125
2.7269287109375
2.9261474609375
2.66851806640625
2.35540771484375
2.50775146484375
2.83123779296875
2.82611083984375
2.76495361328125
2.64886474609375
2.62579345703125
2.30096435546875
2.6064453125
3.04083251953125
2.666259765625
2.80279541015625
2.74945068359375
2.552734375
2.3621826171875
2.839599609375
2.68585205078125
2.72601318359375
2.63323974609375
2.62823486328125
2.8258056640625
2.702392578125
2.79547119140625
2.6328125
2.71783447265625
2.8255615234375
2.8472900390625
2.56475830078125
2.2554931640625
2.9183349609375
2.66748046875
2.65155029296875
2.83990478515625
2.53082275390625
2.6920166015625
3.1502685546875
2.94195556640625
2.64892578125
2.8492431640625
2.7518310546875
2.52838134765625
2.7047119140625
2.86822509765625
2.83624267578125
2.58294677734375
2.6319580078125
2.78570556640625
2.823486328125
2.46612548828125
3.0860595703125
2.8624267578125
2.7918701171875
2.475830078125
2.91778564453125
2.48199462890625
2.72674560546875
2.7410888671875
2.97100830078125
2.6845703125
2.69677734375
2.6683349609375
2.9632568359375
2.9298095703125
2.60015869140625
2.66351318359375
2.58502197265625
2.7564697265625
2.830078125
2.9879150390625
2.66290283203125
2.66363525390625
2.47869873046875
2.76776123046875
2.8291015625
2.6920166015625
2.899658203125
2.75616455078125
2.8214111328125
2.43780517578125
2.70025634765625
2.72698974609375
2.651611328125
3.13922119140625
2.56207275390625
2.8828125
2.75982666015625
2.38104248046875
2.684814453125
2.93719482421875
2.90423583984375
2.72991943359375
2.64459228515625
2.88665771484375
2.54345703125
2.59503173828125
2.67999267578125
2.62457275390625
2.54815673828125
2.71685791015625
2.5802001953125
2.51336669921875
2.740234375
2.4888916015625
2.58062744140625
2.99688720703125
2.67498779296875
2.73687744140625
2.87738037109375
2.8985595703125
2.6358642578125
2.55474853515625
2.69134521484375
2.85394287109375
3.052490234375
2.88201904296875
2.663818359375
2.62945556640625
2.6634521484375
2.56494140625
2.63104248046875
3.01226806640625
2.81878662109375
2.63482666015625
2.5552978515625
2.82049560546875
2.614501953125
2.728515625
2.484619140625
2.654296875
2.90887451171875
2.91839599609375
2.74383544921875
2.52374267578125
2.7398681640625
2.6143798828125
2.72808837890625
2.556884765625
2.727294921875
2.71600341796875
2.5247802734375
2.5325927734375
2.45477294921875
2.428466796875
2.60809326171875
2.50677490234375
2.6866455078125
2.38323974609375
2.6724853515625
2.7235107421875
2.5927734375
2.5528564453125
2.59979248046875
2.50970458984375
2.88043212890625
2.666259765625
2.9300537109375
2.582275390625
2.72991943359375
2.972900390625
2.7000732421875
2.7894287109375
2.73541259765625
2.72821044921875
2.8935546875
2.7513427734375
2.9488525390625
2.694091796875
2.75872802734375
2.7410888671875
2.6026611328125
2.51885986328125
2.703125
2.7691650390625
2.61651611328125
2.53173828125
2.85394287109375
2.78033447265625
3.0709228515625
2.82281494140625
2.66204833984375
2.7982177734375
2.76806640625
2.52685546875
2.5740966796875
2.80859375
2.58251953125
2.666259765625
2.6295166015625
2.2076416015625
2.2764892578125
2.73980712890625
2.515380859375
2.6888427734375
2.34051513671875
2.611572265625
2.51318359375
2.52606201171875
2.634765625
2.70526123046875
2.88726806640625
2.7816162109375
2.79461669921875
2.61700439453125
2.84698486328125
2.79833984375
2.749755859375
2.82427978515625
2.47784423828125
2.5828857421875
2.63275146484375
2.97381591796875
2.8389892578125
2.913818359375
2.51873779296875
2.76068115234375
3.03887939453125
2.767333984375
2.53448486328125
2.95599365234375
2.85308837890625
2.77587890625
2.64691162109375
2.56005859375
2.8519287109375
2.78912353515625
2.64373779296875
2.79925537109375
2.8114013671875
2.68170166015625
2.805419921875
2.6846923828125
2.62969970703125
2.78350830078125
3.06463623046875
2.441162109375
2.94488525390625
2.84112548828125
2.6634521484375
2.5821533203125
2.6591796875
2.64276123046875
2.87518310546875
2.78216552734375
2.66583251953125
2.60479736328125
2.72601318359375
2.8919677734375
2.7340087890625
2.54840087890625
2.98699951171875
2.93511962890625
2.66119384765625
2.445556640625
2.55303955078125
3.023193359375
2.81427001953125
2.60064697265625
2.59246826171875
2.31085205078125
2.6851806640625
3.05047607421875
2.57208251953125
2.8756103515625
2.63818359375
2.76849365234375
2.60662841796875
2.68829345703125
2.98626708984375
2.697998046875
2.55682373046875
2.857177734375
2.6644287109375
2.9124755859375
2.882568359375
2.6595458984375
2.6087646484375
2.6107177734375
2.5211181640625
2.76544189453125
2.5078125
2.954345703125
2.66351318359375
2.8154296875
2.8209228515625
2.6617431640625
2.9454345703125
2.5577392578125
2.8255615234375
2.65673828125
2.6173095703125
2.89312744140625
2.36419677734375
2.578857421875
2.79718017578125
2.66064453125
2.5341796875
2.6339111328125
2.57843017578125
3.04046630859375
2.69476318359375
2.35113525390625
2.7259521484375
2.882080078125
2.72674560546875
2.69305419921875
2.65423583984375
3.00604248046875
2.97509765625
2.60296630859375
2.7647705078125
2.4525146484375
2.87152099609375
2.746337890625
2.6822509765625
2.819091796875
2.72039794921875
2.8896484375
2.5
2.8802490234375
2.78717041015625
2.7247314453125
2.70263671875
2.427978515625
3.00689697265625
2.39794921875
2.5206298828125
2.50958251953125
2.90338134765625
2.63958740234375
2.90240478515625
2.6318359375
2.622802734375
2.68450927734375
2.8233642578125
2.7293701171875
2.9278564453125
2.535888671875
2.4989013671875
2.8067626953125
2.7620849609375
2.69915771484375
3.1048583984375
3.00836181640625
2.66546630859375
2.8502197265625
2.8170166015625
2.78521728515625
2.913330078125
2.871826171875
2.33953857421875
2.7603759765625
2.92108154296875
2.61492919921875
2.8253173828125
2.58233642578125
2.6220703125
2.42462158203125
2.66180419921875
2.83673095703125
2.59075927734375
2.48126220703125
2.6748046875
2.6622314453125
2.6842041015625
2.32244873046875
2.41278076171875
2.77679443359375
2.95654296875
2.8046875
2.693115234375
2.48541259765625
2.52142333984375
2.89788818359375
2.6453857421875
2.5552978515625
2.5810546875
2.71124267578125
2.7005615234375
2.66864013671875
2.7513427734375
2.61578369140625
2.69561767578125
2.63177490234375
2.37554931640625
2.66436767578125
2.76751708984375
2.87359619140625
2.387939453125
2.86737060546875
2.85784912109375
2.78179931640625
2.69775390625
2.92034912109375
2.86138916015625
2.66796875
2.55096435546875
2.7198486328125
2.80963134765625
2.518798828125
2.6505126953125
2.694091796875
2.83416748046875
2.71624755859375
2.692626953125
2.760498046875
2.80670166015625
2.802734375
2.68963623046875
2.9293212890625
2.63177490234375
2.73529052734375
3.0382080078125
2.4697265625
2.49267578125
2.50390625
2.7977294921875
2.66156005859375
2.60089111328125
2.85546875
2.65460205078125
2.8936767578125
2.69281005859375
2.7799072265625
2.67034912109375
2.72381591796875
2.59173583984375
2.38092041015625
2.71710205078125
2.758056640625
2.73614501953125
2.700927734375
2.81158447265625
2.52728271484375
2.58453369140625
2.53179931640625
2.84881591796875
2.64300537109375
2.89007568359375
2.7293701171875
2.459716796875
2.65863037109375
2.6732177734375
2.87835693359375
2.8294677734375
2.91748046875
2.63616943359375
2.6478271484375
2.64813232421875
2.54876708984375
2.67462158203125
2.7982177734375
2.7685546875
2.66082763671875
2.899169921875
2.6514892578125
2.63800048828125
2.6790771484375
2.62689208984375
2.62969970703125
2.83837890625
2.86029052734375
2.6597900390625
2.57122802734375
2.86517333984375
2.86541748046875
2.77081298828125
2.61346435546875
2.7666015625
2.78741455078125
2.59283447265625
2.770263671875
2.65081787109375
2.7689208984375
2.5662841796875
2.90301513671875
2.5423583984375
2.41650390625
2.64324951171875
2.60906982421875
2.82568359375
2.8768310546875
2.59954833984375
2.55047607421875
2.73675537109375
3.037353515625
2.7279052734375
2.81268310546875
2.74395751953125
2.6590576171875
2.71612548828125
2.825927734375
2.7685546875
2.95843505859375
2.6451416015625
2.68463134765625
2.5830078125
2.45745849609375
2.73724365234375
2.9019775390625
2.80462646484375
2.6141357421875
2.59619140625
2.8616943359375
2.77740478515625
2.67755126953125
2.7764892578125
2.6556396484375
2.57696533203125
3.08697509765625
2.77069091796875
2.77081298828125
2.583251953125
2.2991943359375
2.68145751953125
2.606201171875
2.65576171875
2.8472900390625
2.93048095703125
2.4449462890625
2.858154296875
2.8509521484375
2.8968505859375
2.66290283203125
2.7041015625
2.35858154296875
2.87371826171875
2.7392578125
2.71319580078125
2.64947509765625
2.67230224609375
2.54095458984375
2.58892822265625
2.57421875
2.9412841796875
2.6180419921875
2.80560302734375
2.6307373046875
2.365478515625
2.53582763671875
2.7843017578125
2.89935302734375
