2.2071533203125
2.2071533203125
2.56298828125
2.70758056640625
2.5941162109375
2.32611083984375
2.37554931640625
2.505615234375
2.78466796875
2.65802001953125
2.48919677734375
2.87060546875
2.56793212890625
2.3834228515625
2.58026123046875
2.58990478515625
2.32879638671875
2.49542236328125
2.52197265625
2.43389892578125
2.70391845703125
2.73516845703125
2.58941650390625
2.34796142578125
2.59161376953125
2.14056396484375
2.255859375
2.5078125
2.321044921875
2.5321044921875
2.5008544921875
2.58978271484375
2.3712158203125
2.46337890625
2.49517822265625
2.52923583984375
2.53387451171875
2.54583740234375
2.4080810546875
2.4697265625
2.56756591796875
2.42230224609375
2.502197265625
2.3052978515625
2.35986328125
2.40386962890625
2.47149658203125
2.333984375
2.32232666015625
2.9012451171875
2.4874267578125
2.58148193359375
2.56024169921875
2.40191650390625
2.1956787109375
2.332763671875
2.36834716796875
2.4482421875
2.57562255859375
2.57550048828125
2.344970703125
2.63641357421875
2.628662109375
2.47320556640625
2.46630859375
2.4808349609375
2.54144287109375
2.59588623046875
2.35382080078125
2.45318603515625
2.422607421875
2.48577880859375
2.66375732421875
2.261474609375
2.2374267578125
2.43402099609375
2.45037841796875
2.65667724609375
2.320556640625
2.689453125
2.379638671875
2.810302734375
2.6732177734375
2.65399169921875
2.45855712890625
2.4532470703125
2.68328857421875
2.50555419921875
2.50640869140625
2.4588623046875
2.44366455078125
2.39453125
2.42926025390625
2.5491943359375
2.55126953125
2.6278076171875
2.47003173828125
2.53106689453125
2.3743896484375
2.39373779296875
2.6422119140625
2.5128173828125
2.6776123046875
2.282958984375
2.67449951171875
2.316162109375
2.3177490234375
2.53924560546875
2.4019775390625
2.24090576171875
2.169677734375
2.3870849609375
2.6728515625
2.4193115234375
2.36053466796875
2.53826904296875
2.39678955078125
2.5711669921875
2.26873779296875
2.32696533203125
2.106201171875
2.629638671875
2.68829345703125
2.37762451171875
2.492919921875
2.311279296875
2.56964111328125
2.603759765625
2.3580322265625
2.478515625
2.24420166015625
2.64971923828125
2.38262939453125
2.49444580078125
2.58746337890625
2.60333251953125
2.6243896484375
2.38800048828125
2.5791015625
2.567626953125
2.42462158203125
2.5009765625
2.3934326171875
2.539306640625
2.39312744140625
2.552001953125
2.3734130859375
2.76177978515625
2.2496337890625
2.635009765625
2.52880859375
2.62261962890625
2.8009033203125
2.32763671875
2.5802001953125
2.3193359375
2.6212158203125
2.55029296875
2.5989990234375
2.689453125
2.5426025390625
2.84527587890625
2.36041259765625
2.6390380859375
2.5927734375
2.3843994140625
2.7401123046875
2.54193115234375
2.73101806640625
2.60797119140625
2.4615478515625
2.27374267578125
2.22369384765625
2.6112060546875
2.54315185546875
2.36566162109375
2.62738037109375
2.62176513671875
2.44244384765625
2.4090576171875
2.23199462890625
2.5323486328125
2.57611083984375
2.729736328125
2.4588623046875
2.55450439453125
2.42169189453125
2.6751708984375
2.1605224609375
2.259033203125
2.64306640625
2.41326904296875
2.50653076171875
2.58477783203125
2.39154052734375
2.62689208984375
2.29302978515625
2.337158203125
2.46026611328125
2.51763916015625
2.488525390625
2.692138671875
2.5328369140625
2.30303955078125
2.4832763671875
2.1795654296875
2.2010498046875
2.64068603515625
2.3394775390625
2.6595458984375
2.4376220703125
2.59674072265625
2.70458984375
2.5311279296875
2.3955078125
2.5579833984375
2.54742431640625
2.18548583984375
2.5318603515625
2.33465576171875
2.67828369140625
2.742919921875
2.43231201171875
2.564453125
2.7725830078125
2.59539794921875
2.580078125
2.53692626953125
2.67572021484375
2.5054931640625
2.42266845703125
2.20086669921875
2.59857177734375
2.4979248046875
2.64459228515625
2.55029296875
2.10137939453125
2.5574951171875
2.43414306640625
2.54754638671875
2.45880126953125
2.67132568359375
2.6334228515625
2.38323974609375
2.87548828125
2.6488037109375
2.5819091796875
2.61407470703125
2.65472412109375
2.47357177734375
2.51849365234375
2.713134765625
2.37176513671875
2.497314453125
2.5723876953125
2.404541015625
2.3077392578125
2.5498046875
2.41387939453125
2.49066162109375
2.43634033203125
2.19390869140625
2.8284912109375
2.44915771484375
2.51226806640625
2.15948486328125
2.6558837890625
2.64776611328125
2.52362060546875
2.6700439453125
2.53204345703125
2.23248291015625
2.385986328125
2.607177734375
2.502197265625
2.15618896484375
2.75396728515625
2.61212158203125
2.3531494140625
2.54034423828125
2.60845947265625
2.56365966796875
2.55047607421875
2.6622314453125
2.79302978515625
2.6136474609375
2.37835693359375
2.43341064453125
2.60418701171875
2.26544189453125
2.52435302734375
2.48828125
2.68560791015625
2.5076904296875
2.44622802734375
2.18170166015625
2.5289306640625
2.55450439453125
2.3787841796875
2.464111328125
2.33831787109375
2.6417236328125
2.65386962890625
2.4552001953125
2.5458984375
2.8426513671875
2.34283447265625
2.46929931640625
2.56219482421875
2.2537841796875
2.31463623046875
2.37481689453125
2.42529296875
2.62042236328125
2.38006591796875
2.40643310546875
2.3876953125
2.319580078125
2.533935546875
2.849853515625
2.44464111328125
2.69061279296875
2.30712890625
2.6363525390625
2.4832763671875
2.32000732421875
2.40557861328125
2.55615234375
2.6094970703125
2.7569580078125
2.5003662109375
2.201904296875
2.498046875
2.74468994140625
2.22698974609375
2.6790771484375
2.3853759765625
2.387939453125
2.27471923828125
2.440673828125
2.49346923828125
2.74420166015625
2.50164794921875
2.59765625
2.50885009765625
2.6767578125
2.18121337890625
2.47088623046875
2.4373779296875
2.36590576171875
2.38519287109375
2.5894775390625
2.72772216796875
2.61151123046875
2.5062255859375
2.4466552734375
2.30877685546875
2.2874755859375
2.64666748046875
2.499267578125
2.5565185546875
2.51507568359375
2.599609375
2.468017578125
2.60791015625
2.37384033203125
2.4017333984375
2.71807861328125
2.46612548828125
2.62310791015625
2.4566650390625
2.59161376953125
2.21771240234375
2.40728759765625
2.29376220703125
2.29327392578125
2.65655517578125
2.6622314453125
2.5982666015625
2.46197509765625
2.64007568359375
2.4393310546875
2.60809326171875
2.44036865234375
2.64801025390625
2.6531982421875
2.52630615234375
2.6580810546875
2.4365234375
2.6571044921875
2.48358154296875
2.741455078125
2.6033935546875
2.52459716796875
2.42108154296875
2.39056396484375
2.25201416015625
2.578369140625
2.284423828125
2.3154296875
2.60699462890625
2.53448486328125
2.62115478515625
2.66619873046875
2.64361572265625
2.6256103515625
2.571044921875
2.6712646484375
2.49920654296875
2.324462890625
2.45880126953125
2.641845703125
2.47882080078125
2.51275634765625
2.3035888671875
2.4583740234375
2.55963134765625
2.3521728515625
2.60528564453125
2.57611083984375
2.531494140625
2.19110107421875
2.3265380859375
2.52728271484375
2.7193603515625
2.5955810546875
2.54736328125
2.29876708984375
2.48114013671875
2.61248779296875
2.77288818359375
2.4779052734375
2.50665283203125
2.50640869140625
2.44134521484375
2.8133544921875
2.70892333984375
2.3846435546875
2.4970703125
2.62744140625
2.38311767578125
2.70892333984375
2.75946044921875
2.40582275390625
2.27508544921875
2.4000244140625
2.38671875
2.53594970703125
2.6177978515625
2.436279296875
2.50592041015625
2.462890625
2.39263916015625
2.2513427734375
2.44915771484375
2.52435302734375
2.5682373046875
2.40673828125
2.5213623046875
2.35693359375
2.3297119140625
2.52984619140625
2.5615234375
2.1075439453125
2.41949462890625
2.29840087890625
2.39306640625
2.67681884765625
2.38409423828125
2.395263671875
2.28564453125
2.3216552734375
2.478515625
2.38189697265625
2.1602783203125
2.421142578125
2.6014404296875
2.555419921875
2.1849365234375
2.335205078125
2.2435302734375
2.41558837890625
2.6112060546875
2.5325927734375
2.52935791015625
2.47064208984375
2.79315185546875
2.63165283203125
2.46405029296875
2.481689453125
2.27752685546875
2.4674072265625
2.61004638671875
2.52978515625
2.2930908203125
2.5767822265625
2.6248779296875
2.6893310546875
2.34521484375
2.30169677734375
2.35992431640625
2.64898681640625
2.60235595703125
2.44140625
2.58721923828125
2.665283203125
2.60931396484375
2.5191650390625
2.47540283203125
2.1929931640625
2.099609375
2.3968505859375
2.63421630859375
2.26983642578125
2.39691162109375
2.4796142578125
2.49237060546875
2.41778564453125
2.5361328125
2.5531005859375
2.4598388671875
2.5911865234375
2.57098388671875
2.40863037109375
2.3572998046875
2.4403076171875
2.5684814453125
2.3145751953125
2.529296875
2.546142578125
2.460693359375
2.467529296875
2.41943359375
2.35589599609375
2.31585693359375
2.38421630859375
2.60955810546875
2.69000244140625
2.62811279296875
2.48162841796875
2.6409912109375
2.3275146484375
2.49530029296875
2.4747314453125
2.71221923828125
2.58282470703125
2.19677734375
2.651611328125
2.6519775390625
2.37750244140625
2.3458251953125
2.71124267578125
2.53216552734375
2.40594482421875
2.56109619140625
2.47039794921875
2.21435546875
2.5477294921875
2.4041748046875
2.36566162109375
2.5135498046875
2.6617431640625
2.66656494140625
2.43896484375
2.59564208984375
2.3905029296875
2.5147705078125
2.78973388671875
2.64398193359375
2.36187744140625
2.49249267578125
2.25054931640625
2.490234375
2.60162353515625
2.402099609375
2.79254150390625
2.6033935546875
2.7515869140625
2.6810302734375
2.89923095703125
2.444091796875
2.49774169921875
2.47747802734375
2.482666015625
2.399658203125
2.43780517578125
2.29296875
2.56005859375
2.3636474609375
2.72442626953125
2.55364990234375
2.41693115234375
2.574462890625
2.24951171875
2.57470703125
2.75
2.62298583984375
2.54339599609375
2.37945556640625
2.6890869140625
2.71295166015625
2.28564453125
2.4146728515625
2.38525390625
2.67230224609375
2.47100830078125
2.21246337890625
2.454345703125
2.80035400390625
2.56719970703125
2.55047607421875
2.45257568359375
2.80743408203125
2.491943359375
2.36614990234375
2.2657470703125
2.66583251953125
2.5548095703125
2.59576416015625
2.49566650390625
2.39453125
2.3092041015625
2.78192138671875
2.52001953125
2.425048828125
2.71148681640625
2.49761962890625
2.35382080078125
2.4061279296875
2.14508056640625
2.84906005859375
2.52288818359375
2.5155029296875
2.6683349609375
2.65142822265625
2.601806640625
2.6546630859375
2.46209716796875
2.684326171875
2.54058837890625
2.4840087890625
2.74505615234375
2.3983154296875
2.424072265625
2.6212158203125
2.36761474609375
2.518310546875
2.33544921875
2.5501708984375
2.28369140625
2.3123779296875
2.762451171875
2.56854248046875
2.64111328125
2.396728515625
2.60675048828125
2.37255859375
2.6304931640625
2.49462890625
2.65606689453125
2.544677734375
2.80816650390625
2.492431640625
2.46051025390625
2.7774658203125
2.4801025390625
2.6064453125
2.52593994140625
2.62103271484375
2.5718994140625
2.5052490234375
2.34112548828125
2.283203125
2.22723388671875
2.45269775390625
2.4649658203125
2.62225341796875
2.5892333984375
2.5181884765625
2.66046142578125
2.75244140625
2.633056640625
2.59576416015625
2.20452880859375
2.496826171875
2.6099853515625
2.31060791015625
2.6705322265625
2.481201171875
2.641845703125
2.6085205078125
2.69354248046875
2.48590087890625
2.4720458984375
2.40570068359375
2.822021484375
2.63787841796875
2.6624755859375
2.3861083984375
2.433837890625
2.61053466796875
2.34014892578125
2.2593994140625
2.509033203125
2.52215576171875
2.396240234375
2.3629150390625
2.71966552734375
2.426025390625
2.37969970703125
2.49853515625
2.1925048828125
2.4215087890625
2.56890869140625
2.555908203125
2.591064453125
2.869140625
2.67266845703125
2.30718994140625
2.38787841796875
2.7982177734375
2.65911865234375
2.57635498046875
2.56390380859375
2.4495849609375
2.49273681640625
2.29815673828125
2.19244384765625
2.54559326171875
2.3294677734375
2.6795654296875
2.097900390625
2.38372802734375
2.98785400390625
2.55255126953125
2.42071533203125
2.6717529296875
2.55950927734375
2.49090576171875
2.326416015625
2.33233642578125
2.48370361328125
2.34423828125
2.6044921875
2.3448486328125
2.47344970703125
2.5350341796875
2.199462890625
2.634033203125
2.4234619140625
2.395263671875
2.3546142578125
2.64715576171875
2.56298828125
2.353271484375
2.7879638671875
2.4166259765625
2.29522705078125
2.48931884765625
2.7039794921875
2.6060791015625
2.5648193359375
2.44000244140625
2.759521484375
2.47442626953125
2.54058837890625
2.58453369140625
2.44012451171875
2.6793212890625
2.455322265625
2.526611328125
2.751953125
2.33172607421875
2.57940673828125
2.617431640625
2.624755859375
2.1590576171875
2.48675537109375
2.39471435546875
2.4925537109375
2.66363525390625
2.22802734375
2.52862548828125
2.54010009765625
2.59539794921875
2.49835205078125
2.34197998046875
2.357421875
2.75006103515625
2.43914794921875
2.1903076171875
2.55535888671875
2.650390625
2.3892822265625
2.49090576171875
2.2779541015625
2.5379638671875
2.5811767578125
2.73248291015625
2.520751953125
2.549560546875
2.6351318359375
2.60162353515625
2.52154541015625
2.67303466796875
2.3563232421875
2.3720703125
2.34844970703125
2.53924560546875
2.50506591796875
2.6024169921875
2.6463623046875
2.3511962890625
2.39208984375
2.4615478515625
2.3946533203125
2.68316650390625
2.50469970703125
2.4771728515625
2.7548828125
2.456787109375
2.5416259765625
2.26300048828125
2.28533935546875
2.345703125
2.69744873046875
2.44830322265625
2.55908203125
2.2020263671875
2.37152099609375
2.3018798828125
2.59954833984375
2.65570068359375
2.4854736328125
2.2603759765625
2.41009521484375
2.690185546875
2.59130859375
2.491943359375
2.7344970703125
2.5478515625
2.46649169921875
2.441650390625
2.2529296875
2.5029296875
2.15960693359375
2.318359375
2.663818359375
2.5963134765625
2.40032958984375
2.43572998046875
2.52593994140625
2.50341796875
2.352294921875
2.32318115234375
2.42279052734375
2.81146240234375
2.35955810546875
2.69189453125
2.3626708984375
2.5953369140625
2.71575927734375
2.37994384765625
2.784423828125
2.2261962890625
2.59674072265625
2.51812744140625
2.4078369140625
2.3997802734375
2.75604248046875
2.62939453125
2.64117431640625
2.43731689453125
2.34490966796875
2.30877685546875
2.56219482421875
2.38140869140625
2.73736572265625
2.566162109375
2.6820068359375
2.6212158203125
2.45916748046875
2.5682373046875
2.28509521484375
2.69891357421875
2.48980712890625
2.59637451171875
2.5101318359375
2.533203125
2.6181640625
2.24676513671875
2.28851318359375
2.2183837890625
2.4580078125
2.08447265625
2.780029296875
2.52783203125
2.427001953125
2.78826904296875
2.47979736328125
2.482421875
2.61676025390625
2.420166015625
2.66619873046875
2.290771484375
2.6195068359375
2.340087890625
2.645263671875
2.49810791015625
2.531494140625
2.71087646484375
2.267822265625
2.31982421875
2.34039306640625
2.56439208984375
2.5145263671875
2.5118408203125
2.40484619140625
2.714599609375
2.3433837890625
2.55120849609375
2.36865234375
2.586669921875
2.35260009765625
2.35772705078125
2.30523681640625
2.5908203125
2.34429931640625
2.43402099609375
2.50567626953125
2.55657958984375
2.12939453125
2.37945556640625
2.3612060546875
2.56793212890625
2.017822265625
2.32476806640625
2.302001953125
2.54095458984375
2.6263427734375
2.38385009765625
2.4964599609375
2.64239501953125
2.6651611328125
2.647705078125
2.46685791015625
2.7587890625
2.4759521484375
2.48529052734375
2.37261962890625
2.3240966796875
2.58441162109375
2.4630126953125
2.50927734375
2.64300537109375
2.64727783203125
2.6287841796875
2.1031494140625
2.55810546875
2.41973876953125
2.775390625
2.49127197265625
2.5216064453125
2.73760986328125
2.568359375
2.54498291015625
2.693359375
2.56829833984375
2.28570556640625
2.52899169921875
2.48870849609375
2.47039794921875
2.62811279296875
2.80859375
2.412109375
2.64849853515625
2.498046875
2.4742431640625
2.560791015625
2.75
2.42962646484375
2.38140869140625
2.4647216796875
2.64166259765625
2.6185302734375
2.78643798828125
2.4921875
2.563720703125
2.70428466796875
2.45556640625
2.4163818359375
2.641845703125
