1.1375732421875
1.1375732421875
1.1375732421875
1.1375732421875
1.1375732421875
1.5423583984375
1.68206787109375
1.84405517578125
1.533447265625
1.49853515625
1.4483642578125
1.6365966796875
1.47283935546875
1.52069091796875
1.71209716796875
1.2911376953125
1.58978271484375
1.6837158203125
1.278564453125
1.39971923828125
1.2919921875
1.48126220703125
1.53045654296875
1.5882568359375
1.2508544921875
1.6090087890625
1.414306640625
1.5631103515625
1.26397705078125
1.342529296875
1.22674560546875
1.6590576171875
1.55206298828125
1.23236083984375
1.57562255859375
1.59100341796875
1.43035888671875
1.42315673828125
1.1268310546875
1.429443359375
1.55230712890625
1.620849609375
1.67626953125
1.717041015625
1.59820556640625
1.64324951171875
1.49212646484375
1.5723876953125
1.72021484375
1.54583740234375
1.63421630859375
1.59893798828125
1.5333251953125
1.261474609375
1.509033203125
1.7618408203125
1.482666015625
1.51116943359375
1.77313232421875
1.60498046875
1.3780517578125
1.45660400390625
1.81988525390625
1.40130615234375
1.575439453125
1.5247802734375
1.4014892578125
1.56390380859375
1.60479736328125
1.41448974609375
1.64013671875
1.449462890625
1.57763671875
1.42047119140625
1.4130859375
1.76580810546875
1.364990234375
1.44097900390625
1.5906982421875
1.5076904296875
1.52581787109375
1.6802978515625
1.4051513671875
1.39080810546875
1.5030517578125
1.31207275390625
1.45404052734375
1.73992919921875
1.558837890625
1.48150634765625
1.29656982421875
1.26373291015625
1.4283447265625
1.464599609375
1.55584716796875
1.3406982421875
1.68890380859375
1.532958984375
1.5865478515625
1.56488037109375
1.3284912109375
1.4312744140625
1.32525634765625
1.2972412109375
1.577392578125
1.33685302734375
1.3538818359375
1.50738525390625
1.5628662109375
1.3853759765625
1.774658203125
1.3114013671875
1.6690673828125
1.47308349609375
1.55682373046875
1.54345703125
1.557373046875
1.6468505859375
1.52423095703125
1.4637451171875
1.473388671875
1.5311279296875
1.60009765625
1.41632080078125
1.49481201171875
1.4400634765625
1.3558349609375
1.39239501953125
1.61767578125
1.158447265625
1.49017333984375
1.52496337890625
1.67706298828125
1.5712890625
1.50714111328125
1.591064453125
1.3487548828125
1.54156494140625
1.48681640625
1.322998046875
1.615478515625
1.41046142578125
1.37554931640625
1.6058349609375
1.4388427734375
1.63287353515625
1.708984375
1.47509765625
1.517578125
1.5235595703125
1.433349609375
1.6182861328125
1.20806884765625
1.59783935546875
1.783935546875
1.70306396484375
1.5689697265625
1.7259521484375
1.41644287109375
1.68731689453125
1.71075439453125
1.58526611328125
1.5255126953125
1.25347900390625
1.50677490234375
1.38763427734375
1.66845703125
1.59088134765625
1.5789794921875
1.52801513671875
1.35784912109375
1.5631103515625
1.60308837890625
1.28533935546875
1.5679931640625
1.31744384765625
1.4542236328125
1.3900146484375
1.5040283203125
1.4833984375
1.57855224609375
1.6707763671875
1.593994140625
1.9249267578125
1.82354736328125
1.44451904296875
1.49395751953125
1.43768310546875
1.35577392578125
1.43292236328125
1.48992919921875
1.2344970703125
1.46124267578125
1.62066650390625
1.5654296875
1.32330322265625
1.5963134765625
1.66900634765625
1.55084228515625
1.37054443359375
1.49969482421875
1.50677490234375
1.366943359375
1.73541259765625
1.531005859375
1.42254638671875
1.51654052734375
1.5164794921875
1.60223388671875
1.33111572265625
1.4705810546875
1.44244384765625
1.4488525390625
1.4307861328125
1.51007080078125
1.5902099609375
1.52032470703125
1.7593994140625
1.607666015625
1.56365966796875
1.37713623046875
1.74407958984375
1.58355712890625
1.66058349609375
1.4722900390625
1.58172607421875
1.44537353515625
1.3599853515625
1.288818359375
1.58648681640625
1.52557373046875
1.22833251953125
1.6248779296875
1.464111328125
1.3482666015625
1.29193115234375
1.61920166015625
1.4801025390625
1.5618896484375
1.06243896484375
1.6270751953125
1.733642578125
1.58868408203125
1.5245361328125
1.517333984375
1.327392578125
1.4395751953125
1.35009765625
1.53515625
1.7220458984375
1.3419189453125
1.73492431640625
1.71649169921875
1.5496826171875
1.47412109375
1.3863525390625
1.536376953125
1.5621337890625
1.523193359375
1.540771484375
1.24981689453125
1.7255859375
1.69696044921875
1.600341796875
1.537841796875
1.40283203125
1.4241943359375
1.6693115234375
1.32916259765625
1.67626953125
1.403564453125
1.13800048828125
1.63385009765625
1.5213623046875
1.718017578125
1.52130126953125
1.487060546875
1.6676025390625
1.47857666015625
1.44525146484375
1.80548095703125
1.47430419921875
1.63311767578125
1.304931640625
1.658935546875
1.23211669921875
1.54010009765625
1.395263671875
1.58575439453125
1.5601806640625
1.693115234375
1.39697265625
1.488037109375
1.537109375
1.6138916015625
1.346923828125
1.59417724609375
1.52783203125
1.4942626953125
1.49114990234375
1.3529052734375
1.5401611328125
1.3558349609375
1.64849853515625
1.5213623046875
1.501953125
1.4625244140625
1.8646240234375
1.6031494140625
1.60223388671875
1.61053466796875
1.52972412109375
1.4659423828125
1.692138671875
1.5531005859375
1.5595703125
1.40380859375
1.61297607421875
1.50042724609375
1.76953125
1.61712646484375
1.5692138671875
1.6790771484375
1.2994384765625
1.29046630859375
1.264404296875
1.2974853515625
1.45867919921875
1.81121826171875
1.28369140625
1.36572265625
1.6492919921875
1.32855224609375
1.5181884765625
1.5654296875
1.667236328125
1.73779296875
1.70489501953125
1.70587158203125
1.427001953125
1.306640625
1.56103515625
1.79248046875
1.38970947265625
1.47052001953125
1.546142578125
1.55828857421875
1.5360107421875
1.37237548828125
1.3970947265625
1.31475830078125
1.589599609375
1.50701904296875
1.6785888671875
1.5970458984375
1.467041015625
1.441650390625
1.33245849609375
1.44415283203125
1.40252685546875
1.36285400390625
1.1639404296875
1.46807861328125
1.38201904296875
1.4556884765625
1.61724853515625
1.2152099609375
1.489013671875
1.38702392578125
1.51727294921875
1.7705078125
1.6058349609375
1.617431640625
1.39117431640625
1.294189453125
1.61529541015625
1.40863037109375
1.79974365234375
1.5423583984375
1.44049072265625
1.66961669921875
1.359619140625
1.39678955078125
1.390625
1.341552734375
1.62335205078125
1.59930419921875
1.66754150390625
1.24688720703125
1.5328369140625
1.5369873046875
1.2547607421875
1.492919921875
1.619140625
1.35882568359375
1.47686767578125
1.41650390625
1.67401123046875
1.362060546875
1.688720703125
1.5281982421875
1.43896484375
1.61932373046875
1.64715576171875
1.48443603515625
1.37689208984375
1.65924072265625
1.68634033203125
1.6876220703125
1.2763671875
1.48681640625
1.2847900390625
1.379150390625
1.67156982421875
1.23822021484375
1.64410400390625
1.3997802734375
1.55352783203125
1.6260986328125
1.4959716796875
1.80841064453125
1.5677490234375
1.306640625
1.60955810546875
1.313720703125
1.5557861328125
1.42254638671875
1.5897216796875
1.65496826171875
1.508544921875
1.24652099609375
1.3870849609375
1.50885009765625
1.7149658203125
1.5753173828125
1.54962158203125
1.58319091796875
1.71832275390625
1.51104736328125
1.78692626953125
1.59808349609375
1.61553955078125
1.64306640625
1.53509521484375
1.80877685546875
1.39654541015625
1.65740966796875
1.4127197265625
1.36590576171875
1.60321044921875
1.75054931640625
1.366455078125
1.79156494140625
1.35333251953125
1.48565673828125
1.5450439453125
1.5206298828125
1.5989990234375
1.5526123046875
1.6173095703125
1.5572509765625
1.5504150390625
1.63201904296875
1.39886474609375
1.63043212890625
1.39501953125
1.41961669921875
1.56085205078125
1.3746337890625
1.596923828125
1.63330078125
1.5989990234375
1.37664794921875
1.617431640625
1.5655517578125
1.44769287109375
1.63330078125
1.38128662109375
1.3270263671875
1.3565673828125
1.46929931640625
1.388427734375
1.746826171875
1.49615478515625
1.41748046875
1.654052734375
1.57086181640625
1.18505859375
1.4422607421875
1.4649658203125
1.51409912109375
1.4359130859375
1.3658447265625
1.51959228515625
1.40521240234375
1.39520263671875
1.3416748046875
1.5872802734375
1.47845458984375
1.52911376953125
1.4869384765625
1.6849365234375
1.2069091796875
1.32183837890625
1.24725341796875
1.3856201171875
1.35711669921875
1.9068603515625
1.3717041015625
1.537109375
1.47344970703125
1.58868408203125
1.81829833984375
1.60150146484375
1.53326416015625
1.7486572265625
1.5665283203125
1.13726806640625
1.23583984375
1.7713623046875
1.425537109375
1.4073486328125
1.4736328125
1.60040283203125
1.45245361328125
1.64447021484375
1.37164306640625
1.54119873046875
1.4197998046875
1.1531982421875
1.6678466796875
1.5858154296875
1.61083984375
1.257080078125
1.49365234375
1.6083984375
1.6246337890625
1.26202392578125
1.576416015625
1.5244140625
1.39007568359375
1.416015625
1.650634765625
1.45361328125
1.61444091796875
1.32965087890625
1.5615234375
1.76654052734375
1.19287109375
1.70111083984375
1.581787109375
1.3648681640625
1.766845703125
1.67596435546875
1.58258056640625
1.2393798828125
1.37322998046875
1.44232177734375
1.54931640625
1.30242919921875
1.723388671875
1.51165771484375
1.726318359375
1.44879150390625
1.32275390625
1.46221923828125
1.168212890625
1.64569091796875
1.55865478515625
1.52911376953125
1.52215576171875
1.57257080078125
1.40338134765625
1.70477294921875
1.58636474609375
1.423095703125
1.7119140625
1.6328125
1.52923583984375
1.389404296875
1.692138671875
1.5565185546875
1.61810302734375
1.36566162109375
1.2626953125
1.61090087890625
1.81463623046875
1.38177490234375
1.69525146484375
1.481689453125
1.4552001953125
1.32080078125
1.38525390625
1.41815185546875
1.34844970703125
1.49237060546875
1.3948974609375
1.5286865234375
1.18695068359375
1.48980712890625
1.571533203125
1.30633544921875
1.6575927734375
1.46575927734375
1.61297607421875
1.46026611328125
1.08197021484375
1.37799072265625
1.4913330078125
1.31842041015625
1.76416015625
1.5843505859375
1.6634521484375
1.4622802734375
1.485107421875
1.47454833984375
1.2528076171875
1.39373779296875
1.61883544921875
1.61492919921875
1.522705078125
1.4735107421875
1.33575439453125
1.3892822265625
1.5233154296875
1.4814453125
1.454345703125
1.2825927734375
1.50286865234375
1.45233154296875
1.7734375
1.42730712890625
1.66107177734375
1.46185302734375
1.36932373046875
1.128173828125
1.3612060546875
1.59783935546875
1.3594970703125
1.49884033203125
1.47515869140625
1.62786865234375
1.68316650390625
1.2705078125
1.2835693359375
1.45465087890625
1.387451171875
1.5523681640625
1.59295654296875
1.54583740234375
1.717041015625
1.44525146484375
1.423583984375
1.3345947265625
1.67059326171875
1.49310302734375
1.7694091796875
1.6181640625
1.50543212890625
1.40478515625
1.39129638671875
1.58746337890625
1.76617431640625
1.4364013671875
1.75933837890625
1.50689697265625
1.64019775390625
1.42864990234375
1.4569091796875
1.513427734375
1.54669189453125
1.60986328125
1.596923828125
1.2418212890625
1.6668701171875
1.49346923828125
1.1773681640625
1.41796875
1.563720703125
1.55718994140625
1.44866943359375
1.232421875
1.59552001953125
1.57855224609375
1.8226318359375
1.5526123046875
1.227783203125
1.3712158203125
1.50811767578125
1.76202392578125
1.4251708984375
1.48773193359375
1.59136962890625
1.60791015625
1.82659912109375
1.533935546875
1.62200927734375
1.366455078125
1.53997802734375
1.46624755859375
1.65240478515625
1.54840087890625
1.34307861328125
1.44140625
1.44866943359375
1.71783447265625
1.49993896484375
1.7457275390625
1.57257080078125
1.6163330078125
1.70428466796875
1.5418701171875
1.61553955078125
1.3525390625
1.4005126953125
1.44488525390625
1.433349609375
1.564697265625
1.586181640625
1.2879638671875
1.36724853515625
1.21307373046875
1.51385498046875
1.37744140625
1.64447021484375
1.0294189453125
1.54852294921875
1.4635009765625
1.45306396484375
1.65496826171875
1.49102783203125
1.592041015625
1.32733154296875
1.51263427734375
1.592041015625
1.59161376953125
1.3599853515625
1.16796875
1.57354736328125
1.7559814453125
1.4273681640625
1.8646240234375
1.627685546875
1.3253173828125
1.5294189453125
1.52178955078125
1.567626953125
1.4749755859375
1.29486083984375
1.55517578125
1.62017822265625
1.187255859375
1.60687255859375
1.76727294921875
1.6993408203125
1.55206298828125
1.53466796875
1.626953125
1.43109130859375
1.46075439453125
1.34893798828125
1.6851806640625
1.73089599609375
1.5621337890625
1.64202880859375
1.38482666015625
1.42791748046875
1.37445068359375
1.35614013671875
1.16546630859375
1.6392822265625
1.70458984375
1.461181640625
1.74468994140625
1.64251708984375
1.42413330078125
1.5821533203125
1.63873291015625
1.58013916015625
1.42254638671875
1.3953857421875
1.51605224609375
1.5318603515625
1.62152099609375
1.269287109375
1.80364990234375
1.49517822265625
1.67822265625
1.5020751953125
1.27984619140625
1.617431640625
1.7601318359375
1.582275390625
1.5213623046875
1.5948486328125
1.6805419921875
1.70159912109375
1.58843994140625
1.5135498046875
1.51885986328125
1.36834716796875
1.45135498046875
1.8096923828125
1.72802734375
1.390625
1.46295166015625
1.5152587890625
1.537109375
1.6365966796875
1.64044189453125
1.5316162109375
1.3643798828125
1.4024658203125
1.42828369140625
1.57513427734375
1.5941162109375
1.42327880859375
1.4488525390625
1.52154541015625
1.25994873046875
1.40753173828125
1.33892822265625
1.47650146484375
1.594482421875
1.24737548828125
1.54864501953125
1.39459228515625
1.37713623046875
1.4610595703125
1.77142333984375
1.4915771484375
1.60882568359375
1.59259033203125
1.3153076171875
1.56219482421875
1.67608642578125
1.628173828125
1.6177978515625
1.44195556640625
1.545166015625
1.4132080078125
1.5350341796875
1.48480224609375
1.26556396484375
1.24774169921875
1.56201171875
1.4383544921875
1.6036376953125
1.37738037109375
1.625244140625
1.57867431640625
1.341064453125
1.63165283203125
1.46728515625
1.5015869140625
1.35968017578125
1.5074462890625
1.45306396484375
1.3304443359375
1.38641357421875
1.3251953125
1.49609375
1.68682861328125
1.611083984375
1.6551513671875
1.37481689453125
1.62982177734375
1.5528564453125
1.414794921875
1.5574951171875
1.46868896484375
1.41583251953125
1.48834228515625
1.38482666015625
1.26678466796875
1.628662109375
1.17584228515625
1.38629150390625
1.45172119140625
1.70001220703125
1.54156494140625
1.4805908203125
1.569091796875
1.25970458984375
1.57489013671875
1.46502685546875
1.512939453125
1.822265625
1.45977783203125
1.5018310546875
1.46331787109375
1.364013671875
1.59527587890625
1.52386474609375
1.44342041015625
1.44384765625
1.74072265625
1.4512939453125
1.58148193359375
1.69024658203125
1.66534423828125
1.62310791015625
1.5335693359375
1.47509765625
1.66656494140625
1.67333984375
1.31219482421875
1.48187255859375
1.25274658203125
1.46063232421875
1.6529541015625
1.7884521484375
1.60107421875
1.65411376953125
1.601806640625
1.43145751953125
1.38238525390625
1.64935302734375
1.52606201171875
1.44854736328125
1.51519775390625
1.471923828125
1.375732421875
1.66607666015625
1.65484619140625
1.39703369140625
1.7281494140625
1.5750732421875
1.529052734375
1.3192138671875
1.70623779296875
1.166015625
1.1270751953125
1.63262939453125
1.5372314453125
1.3514404296875
1.5701904296875
1.56915283203125
1.31024169921875
1.62286376953125
1.57012939453125
1.69854736328125
1.34307861328125
1.42559814453125
1.52923583984375
1.47821044921875
1.39276123046875
1.423095703125
1.38323974609375
1.572265625
1.60003662109375
1.75537109375
1.60394287109375
1.29071044921875
1.19818115234375
1.88226318359375
1.5091552734375
1.65643310546875
1.27337646484375
1.67401123046875
1.36761474609375
1.58837890625
1.818115234375
1.7215576171875
1.48651123046875
1.53582763671875
1.50677490234375
1.60614013671875
1.6279296875
1.46051025390625
1.47216796875
1.4935302734375
1.676025390625
1.386962890625
1.273681640625
1.4832763671875
1.22607421875
1.71533203125
1.64337158203125
1.62896728515625
1.7012939453125
1.24908447265625
1.41302490234375
1.3057861328125
1.40362548828125
