0.45074462890625
0.45074462890625
0.45074462890625
0.62237548828125
0.4703369140625
0.47900390625
0.3848876953125
0.4302978515625
0.50885009765625
0.3193359375
0.3670654296875
0.383544921875
0.40924072265625
0.38922119140625
0.42926025390625
0.50836181640625
0.32098388671875
0.39520263671875
0.349609375
0.36175537109375
0.302490234375
0.25634765625
0.38714599609375
0.362060546875
0.4298095703125
0.38946533203125
0.38177490234375
0.3807373046875
0.321533203125
0.396728515625
0.30059814453125
0.4453125
0.45770263671875
0.3824462890625
0.43634033203125
0.28900146484375
0.505126953125
0.4918212890625
0.4591064453125
0.517333984375
0.302734375
0.5755615234375
0.38720703125
0.44671630859375
0.4608154296875
0.6507568359375
0.36981201171875
0.60198974609375
0.453369140625
0.4158935546875
0.3525390625
0.44879150390625
0.31939697265625
0.2166748046875
0.47198486328125
0.34423828125
0.29638671875
0.45477294921875
0.419189453125
0.5269775390625
0.379150390625
0.3692626953125
0.4124755859375
0.43011474609375
0.4276123046875
0.40606689453125
0.671142578125
0.46807861328125
0.57012939453125
0.200927734375
0.4527587890625
0.320068359375
0.72222900390625
0.611328125
0.38128662109375
0.61260986328125
0.52099609375
0.40362548828125
0.50244140625
0.373046875
0.53607177734375
0.35784912109375
0.53131103515625
0.6446533203125
0.4014892578125
0.5037841796875
0.31915283203125
0.5140380859375
0.3150634765625
0.5352783203125
0.36224365234375
0.45806884765625
0.6392822265625
0.28765869140625
0.5489501953125
0.42266845703125
0.48468017578125
0.54608154296875
0.4407958984375
0.3560791015625
0.4090576171875
0.462646484375
0.27984619140625
0.41876220703125
0.57122802734375
0.31988525390625
0.3489990234375
0.46905517578125
0.54815673828125
0.4718017578125
0.487060546875
0.5167236328125
0.42279052734375
0.3621826171875
0.4112548828125
0.415283203125
0.48785400390625
0.45916748046875
0.26513671875
0.4732666015625
0.47021484375
0.5947265625
0.64453125
0.43511962890625
0.5433349609375
0.3494873046875
0.328125
0.64715576171875
0.5538330078125
0.36602783203125
0.283447265625
0.3836669921875
0.25006103515625
0.53302001953125
0.38238525390625
0.3753662109375
0.42974853515625
0.4178466796875
0.32220458984375
0.397216796875
0.46661376953125
0.51190185546875
0.28997802734375
0.45330810546875
0.46356201171875
0.4498291015625
0.50872802734375
0.484130859375
0.2777099609375
0.39825439453125
0.5233154296875
0.40118408203125
0.52349853515625
0.4945068359375
0.2841796875
0.36614990234375
0.34600830078125
0.3660888671875
0.21820068359375
0.4066162109375
0.2491455078125
0.4254150390625
0.38787841796875
0.29937744140625
0.259521484375
0.41009521484375
0.58770751953125
0.376220703125
0.5330810546875
0.39825439453125
0.4222412109375
0.468505859375
0.3829345703125
0.36065673828125
0.40228271484375
0.4041748046875
0.314453125
0.3970947265625
0.505859375
0.1890869140625
0.39276123046875
0.50665283203125
0.3369140625
0.398193359375
0.41595458984375
0.40325927734375
0.36297607421875
0.3353271484375
0.2464599609375
0.24761962890625
0.30694580078125
0.43060302734375
0.478515625
0.37799072265625
0.4261474609375
0.47576904296875
0.49859619140625
0.4176025390625
0.5484619140625
0.42694091796875
0.30743408203125
0.48681640625
0.5025634765625
0.50439453125
0.38629150390625
0.4630126953125
0.28424072265625
0.3568115234375
0.48992919921875
0.50634765625
0.27520751953125
0.29998779296875
0.34112548828125
0.42523193359375
0.47357177734375
0.4224853515625
0.41790771484375
0.38458251953125
0.41937255859375
0.34014892578125
0.3642578125
0.375732421875
0.55523681640625
0.2762451171875
0.36480712890625
0.33465576171875
0.53570556640625
0.33990478515625
0.43341064453125
0.4703369140625
0.42279052734375
0.556396484375
0.3411865234375
0.42413330078125
0.48077392578125
0.405029296875
0.508544921875
0.55206298828125
0.37359619140625
0.3822021484375
0.344482421875
0.68621826171875
0.30059814453125
0.7203369140625
0.38616943359375
0.4119873046875
0.42022705078125
0.38238525390625
0.44091796875
0.59979248046875
0.412353515625
0.4371337890625
0.39337158203125
0.52789306640625
0.28656005859375
0.412353515625
0.27496337890625
0.42816162109375
0.53460693359375
0.45074462890625
0.4241943359375
0.466796875
0.362548828125
0.3802490234375
0.58026123046875
0.41021728515625
0.4444580078125
0.6436767578125
0.56939697265625
0.74835205078125
0.3372802734375
0.24591064453125
0.44659423828125
0.36846923828125
0.38348388671875
0.54083251953125
0.513671875
0.4609375
0.55596923828125
0.4652099609375
0.41070556640625
0.34552001953125
0.36688232421875
0.31805419921875
0.36480712890625
0.3421630859375
0.426513671875
0.2861328125
0.41278076171875
0.53094482421875
0.33038330078125
0.40032958984375
0.4671630859375
0.37945556640625
0.2703857421875
0.30242919921875
0.3409423828125
0.33843994140625
0.44366455078125
0.3912353515625
0.55657958984375
0.5123291015625
0.4549560546875
0.7276611328125
0.39056396484375
0.4635009765625
0.33306884765625
0.29864501953125
0.320556640625
0.489013671875
0.40155029296875
0.64599609375
0.4478759765625
0.41888427734375
0.5311279296875
0.49151611328125
0.4892578125
0.4122314453125
0.3927001953125
0.473876953125
0.54168701171875
0.47540283203125
0.4146728515625
0.36212158203125
0.54376220703125
0.35198974609375
0.34332275390625
0.6429443359375
0.4239501953125
0.491455078125
0.593994140625
0.435791015625
0.38714599609375
0.453369140625
0.52691650390625
0.42926025390625
0.3599853515625
0.388671875
0.578857421875
0.251953125
0.5635986328125
0.3299560546875
0.6466064453125
0.355224609375
0.41748046875
0.36053466796875
0.407470703125
0.393798828125
0.52325439453125
0.54608154296875
0.48760986328125
0.27886962890625
0.32818603515625
0.43133544921875
0.38201904296875
0.27618408203125
0.6361083984375
0.4005126953125
0.298828125
0.4197998046875
0.30718994140625
0.58856201171875
0.31890869140625
0.4505615234375
0.34674072265625
0.3251953125
0.45611572265625
0.468017578125
0.67779541015625
0.49688720703125
0.61578369140625
0.4654541015625
0.376220703125
0.4725341796875
0.48065185546875
0.41015625
0.3204345703125
0.4805908203125
0.34521484375
0.329345703125
0.532470703125
0.4310302734375
0.40924072265625
0.5225830078125
0.45440673828125
0.3377685546875
0.3599853515625
0.4156494140625
0.40191650390625
0.349365234375
0.39813232421875
0.399169921875
0.3154296875
0.51678466796875
0.361083984375
0.4110107421875
0.642578125
0.57489013671875
0.20343017578125
0.32928466796875
0.50067138671875
0.36627197265625
0.475341796875
0.34527587890625
0.4141845703125
0.55499267578125
0.34222412109375
0.49383544921875
0.26214599609375
0.48321533203125
0.31170654296875
0.33837890625
0.39703369140625
0.340087890625
0.506591796875
0.55419921875
0.545654296875
0.36297607421875
0.39117431640625
0.4342041015625
0.4293212890625
0.36572265625
0.5225830078125
0.3277587890625
0.5206298828125
0.37872314453125
0.61212158203125
0.50274658203125
0.382568359375
0.48583984375
0.30419921875
0.5799560546875
0.23272705078125
0.335205078125
0.28704833984375
0.3277587890625
0.32220458984375
0.22698974609375
0.451171875
0.477783203125
0.66534423828125
0.28033447265625
0.50982666015625
0.5030517578125
0.3775634765625
0.36688232421875
0.45904541015625
0.45269775390625
0.56146240234375
0.40386962890625
0.560546875
0.46990966796875
0.52197265625
0.27130126953125
0.3612060546875
0.2591552734375
0.50982666015625
0.33636474609375
0.3685302734375
0.37689208984375
0.298583984375
0.6282958984375
0.37371826171875
0.4610595703125
0.390625
0.53790283203125
0.3758544921875
0.57635498046875
0.31683349609375
0.42230224609375
0.58978271484375
0.4559326171875
0.634521484375
0.71881103515625
0.34564208984375
0.43316650390625
0.3907470703125
0.5177001953125
0.39312744140625
0.427734375
0.56353759765625
0.3880615234375
0.38482666015625
0.322021484375
0.40960693359375
0.50494384765625
0.340576171875
0.41094970703125
0.5670166015625
0.37908935546875
0.227783203125
0.44915771484375
0.35888671875
0.27069091796875
0.307373046875
0.49273681640625
0.55035400390625
0.44482421875
0.49755859375
0.37890625
0.4697265625
0.50457763671875
0.43585205078125
0.31658935546875
0.34039306640625
0.32977294921875
0.40594482421875
0.38983154296875
0.38323974609375
0.396728515625
0.377685546875
0.3936767578125
0.52386474609375
0.618408203125
0.73712158203125
0.4942626953125
0.49444580078125
0.4202880859375
0.4326171875
0.4237060546875
0.50567626953125
0.41290283203125
0.43157958984375
0.2755126953125
0.48541259765625
0.4031982421875
0.3720703125
0.41094970703125
0.3421630859375
0.42266845703125
0.534912109375
0.4305419921875
0.3145751953125
0.70806884765625
0.4547119140625
0.44537353515625
0.6429443359375
0.5826416015625
0.387451171875
0.67901611328125
0.47076416015625
0.318603515625
0.3084716796875
0.46929931640625
0.376953125
0.48382568359375
0.43145751953125
0.2696533203125
0.45928955078125
0.394287109375
0.51885986328125
0.30230712890625
0.2911376953125
0.2481689453125
0.26544189453125
0.3741455078125
0.520263671875
0.43682861328125
0.4610595703125
0.35565185546875
0.503173828125
0.3951416015625
0.4610595703125
0.681884765625
0.4334716796875
0.32452392578125
0.50946044921875
0.33038330078125
0.40606689453125
0.35858154296875
0.3160400390625
0.40875244140625
0.28448486328125
0.35906982421875
0.516845703125
0.3580322265625
0.75787353515625
0.36431884765625
0.44403076171875
0.43988037109375
0.3653564453125
0.405517578125
0.47576904296875
0.43145751953125
0.2587890625
0.41778564453125
0.3607177734375
0.53436279296875
0.39080810546875
0.5654296875
0.5230712890625
0.40191650390625
0.49798583984375
0.3563232421875
0.3387451171875
0.33154296875
0.5675048828125
0.45172119140625
0.4254150390625
0.439208984375
0.48040771484375
0.465576171875
0.26837158203125
0.5010986328125
0.359130859375
0.18719482421875
0.45831298828125
0.39434814453125
0.508544921875
0.25042724609375
0.35076904296875
0.34808349609375
0.5155029296875
0.3748779296875
0.43048095703125
0.2645263671875
0.32476806640625
0.32623291015625
0.51513671875
0.28570556640625
0.40521240234375
0.2523193359375
0.4281005859375
0.6256103515625
0.38922119140625
0.42169189453125
0.4007568359375
0.4630126953125
0.382080078125
0.43603515625
0.34979248046875
0.44189453125
0.461181640625
0.4639892578125
0.58966064453125
0.42974853515625
0.4710693359375
0.5086669921875
0.52630615234375
0.35986328125
0.52764892578125
0.40509033203125
0.33538818359375
0.551025390625
0.4849853515625
0.7431640625
0.361083984375
0.63104248046875
0.4364013671875
0.45404052734375
0.5863037109375
0.43341064453125
0.3934326171875
0.50006103515625
0.53466796875
0.4581298828125
0.22998046875
0.496826171875
0.38922119140625
0.3858642578125
0.8414306640625
0.44384765625
0.39190673828125
0.42413330078125
0.4765625
0.401123046875
0.30633544921875
0.40008544921875
0.34039306640625
0.36737060546875
0.42205810546875
0.19390869140625
0.23309326171875
0.38677978515625
0.27508544921875
0.31427001953125
0.40228271484375
0.37579345703125
0.33453369140625
0.47540283203125
0.4453125
0.5048828125
0.376953125
0.48382568359375
0.30242919921875
0.3228759765625
0.4384765625
0.312255859375
0.46087646484375
0.449462890625
0.562255859375
0.462646484375
0.4036865234375
0.36492919921875
0.21533203125
0.50616455078125
0.48065185546875
0.4947509765625
0.48626708984375
0.4447021484375
0.42138671875
0.3919677734375
0.3494873046875
0.34088134765625
0.4620361328125
0.4713134765625
0.33837890625
0.33251953125
0.4866943359375
0.38922119140625
0.50262451171875
0.3443603515625
0.3126220703125
0.51666259765625
0.382080078125
0.44659423828125
0.459716796875
0.5086669921875
0.4095458984375
0.4400634765625
0.47650146484375
0.40972900390625
0.49176025390625
0.4501953125
0.41082763671875
0.43023681640625
0.29095458984375
0.41552734375
0.50946044921875
0.39508056640625
0.28741455078125
0.40850830078125
0.51348876953125
0.3355712890625
0.71942138671875
0.438720703125
0.36468505859375
0.35687255859375
0.41082763671875
0.3834228515625
0.46136474609375
0.35540771484375
0.6422119140625
0.47283935546875
0.5391845703125
0.29571533203125
0.49493408203125
0.5159912109375
0.33154296875
0.28692626953125
0.472900390625
0.406494140625
0.46636962890625
0.43182373046875
0.4091796875
0.35064697265625
0.453857421875
0.43621826171875
0.41180419921875
0.4310302734375
0.33184814453125
0.3101806640625
0.3817138671875
0.41552734375
0.432373046875
0.36962890625
0.35589599609375
0.56195068359375
0.35137939453125
0.3995361328125
0.54351806640625
0.4111328125
0.53009033203125
0.511474609375
0.4656982421875
0.41473388671875
0.32257080078125
0.4288330078125
0.35321044921875
0.41021728515625
0.47900390625
0.3907470703125
0.37139892578125
0.43817138671875
0.5218505859375
0.48651123046875
0.59320068359375
0.2874755859375
0.4461669921875
0.47601318359375
0.391357421875
0.3275146484375
0.383544921875
0.44989013671875
0.3333740234375
0.3712158203125
0.41046142578125
0.49053955078125
0.3966064453125
0.58270263671875
0.39349365234375
0.37322998046875
0.45343017578125
0.4927978515625
0.32330322265625
0.458740234375
0.41900634765625
0.36944580078125
0.49365234375
0.5142822265625
0.66046142578125
0.31524658203125
0.37164306640625
0.42376708984375
0.3721923828125
0.5030517578125
0.4136962890625
0.474365234375
0.48583984375
0.3348388671875
0.4166259765625
0.5594482421875
0.34600830078125
0.303466796875
0.31890869140625
0.38037109375
0.4390869140625
0.35205078125
0.437255859375
0.5604248046875
0.4771728515625
0.23077392578125
0.28924560546875
0.5379638671875
0.459228515625
0.5076904296875
0.51641845703125
0.5489501953125
0.36749267578125
0.3511962890625
0.4686279296875
0.5064697265625
0.3641357421875
0.3385009765625
0.50360107421875
0.53021240234375
0.45977783203125
0.30841064453125
0.43817138671875
0.41143798828125
0.463623046875
0.48345947265625
0.33038330078125
0.4560546875
0.4598388671875
0.3006591796875
0.5284423828125
0.65338134765625
0.4228515625
0.3216552734375
0.26763916015625
0.5518798828125
0.27386474609375
0.73260498046875
0.27728271484375
0.4383544921875
0.41497802734375
0.41961669921875
0.4024658203125
0.51495361328125
0.49029541015625
0.40380859375
0.52752685546875
0.30389404296875
0.31866455078125
0.4156494140625
0.478271484375
0.207763671875
0.42315673828125
0.43341064453125
0.40753173828125
0.394287109375
0.54046630859375
0.39208984375
0.37847900390625
0.4658203125
0.26495361328125
0.3275146484375
0.56689453125
0.38055419921875
0.62506103515625
0.41363525390625
0.339599609375
0.5146484375
0.33099365234375
0.30181884765625
0.47607421875
0.53070068359375
0.429931640625
0.435302734375
0.34393310546875
0.349853515625
0.448486328125
0.28802490234375
0.65692138671875
0.3096923828125
0.4541015625
0.43475341796875
0.5467529296875
0.33380126953125
0.4437255859375
0.32672119140625
0.4906005859375
0.4930419921875
0.47100830078125
0.54010009765625
0.43096923828125
0.45977783203125
0.41827392578125
0.34942626953125
0.31903076171875
0.29620361328125
0.5364990234375
0.53173828125
0.365478515625
0.32025146484375
0.40655517578125
0.478271484375
0.48101806640625
0.37493896484375
0.63641357421875
0.50531005859375
0.495849609375
0.465576171875
0.43121337890625
0.6202392578125
0.52972412109375
0.4117431640625
0.30096435546875
0.4088134765625
0.5042724609375
0.40899658203125
0.39141845703125
0.41070556640625
0.34429931640625
0.3399658203125
0.37725830078125
0.4522705078125
0.55596923828125
0.5836181640625
0.49090576171875
0.52386474609375
0.461669921875
0.24932861328125
0.5074462890625
0.48028564453125
0.4814453125
0.492431640625
0.4051513671875
0.45263671875
0.343994140625
0.42498779296875
0.3155517578125
0.32830810546875
0.339111328125
0.5126953125
0.42303466796875
0.766845703125
0.44488525390625
0.27545166015625
0.53546142578125
0.51318359375
0.32257080078125
0.27508544921875
0.5445556640625
0.39556884765625
0.4632568359375
0.52838134765625
0.47137451171875
0.62030029296875
0.30755615234375
0.46368408203125
0.4400634765625
0.64117431640625
0.57769775390625
0.3973388671875
0.49542236328125
0.38623046875
0.4453125
0.4337158203125
0.3656005859375
0.3643798828125
0.4132080078125
