2.4283447265625
2.4283447265625
2.4283447265625
2.54840087890625
2.74920654296875
2.5596923828125
2.68450927734375
2.5369873046875
2.9210205078125
2.6043701171875
2.575927734375
2.6534423828125
2.8082275390625
2.8426513671875
2.797119140625
2.74615478515625
2.44091796875
2.5133056640625
2.5069580078125
2.7183837890625
2.54736328125
2.83856201171875
2.73211669921875
2.75421142578125
2.64263916015625
2.62359619140625
2.5177001953125
2.7569580078125
2.57098388671875
2.91650390625
2.9581298828125
2.789794921875
2.54241943359375
2.70281982421875
2.82177734375
2.87652587890625
2.58984375
2.86151123046875
2.8753662109375
2.45892333984375
2.87628173828125
2.78564453125
2.56402587890625
2.8731689453125
2.604248046875
2.7115478515625
2.7978515625
2.7691650390625
2.83465576171875
2.5657958984375
2.70867919921875
2.6160888671875
2.7891845703125
2.556884765625
2.88031005859375
2.666748046875
2.6195068359375
2.96417236328125
2.85296630859375
2.80963134765625
2.82794189453125
2.7117919921875
2.472412109375
2.6082763671875
2.4766845703125
2.519775390625
2.67401123046875
2.78582763671875
2.5911865234375
2.74395751953125
2.7198486328125
2.64703369140625
3.00384521484375
2.64300537109375
2.62896728515625
2.8052978515625
2.5831298828125
2.8924560546875
2.79656982421875
2.6060791015625
2.42718505859375
2.429443359375
2.25079345703125
2.50018310546875
2.8187255859375
2.63189697265625
2.7879638671875
2.7139892578125
2.95648193359375
3.18536376953125
2.8720703125
2.8692626953125
2.80804443359375
2.7371826171875
2.62384033203125
2.906494140625
2.6561279296875
2.922607421875
2.69354248046875
2.73980712890625
3.0401611328125
2.3748779296875
2.82244873046875
2.93206787109375
2.5804443359375
2.569580078125
2.51806640625
2.39898681640625
3.04010009765625
3.02154541015625
2.5867919921875
2.4951171875
2.78057861328125
2.801025390625
2.70404052734375
2.73291015625
2.84716796875
2.85711669921875
2.6290283203125
2.67242431640625
2.914794921875
2.66265869140625
2.4288330078125
2.99566650390625
2.66265869140625
2.82830810546875
2.57586669921875
3.03619384765625
2.75830078125
2.77301025390625
2.62786865234375
2.39288330078125
2.65087890625
2.802490234375
2.7669677734375
2.8355712890625
2.603515625
2.88848876953125
2.99981689453125
2.61956787109375
2.70770263671875
2.6673583984375
2.95831298828125
2.75140380859375
2.66412353515625
2.53070068359375
2.90179443359375
2.844970703125
2.688720703125
2.6668701171875
2.6651611328125
2.62286376953125
2.962890625
2.76165771484375
2.5999755859375
2.78411865234375
2.692626953125
2.677978515625
2.60540771484375
2.72027587890625
2.908203125
2.57049560546875
2.6260986328125
2.90374755859375
2.85968017578125
2.63031005859375
2.69537353515625
2.654296875
2.7509765625
2.8272705078125
2.864501953125
2.7364501953125
2.70281982421875
2.6773681640625
2.651611328125
2.66998291015625
2.81707763671875
2.55731201171875
2.7847900390625
2.50250244140625
2.61529541015625
2.7764892578125
2.8248291015625
2.70233154296875
2.7603759765625
2.976806640625
2.7344970703125
2.62652587890625
2.46820068359375
2.52899169921875
2.9891357421875
2.53594970703125
2.63043212890625
2.698486328125
2.589599609375
2.84320068359375
2.53070068359375
2.77685546875
2.56683349609375
2.7506103515625
2.64984130859375
2.547607421875
2.754638671875
2.98431396484375
2.83013916015625
2.86700439453125
2.8310546875
2.60760498046875
2.9024658203125
2.72784423828125
2.9171142578125
2.66339111328125
2.75799560546875
2.5875244140625
2.8431396484375
2.56787109375
2.5145263671875
2.6884765625
2.87054443359375
2.7713623046875
2.46014404296875
2.68798828125
2.92950439453125
2.4742431640625
2.75146484375
2.6951904296875
2.88262939453125
2.76837158203125
2.983154296875
2.646484375
2.715087890625
2.53643798828125
2.76220703125
2.94439697265625
2.8475341796875
2.80169677734375
2.791015625
2.95623779296875
2.8372802734375
2.763671875
2.2703857421875
2.928955078125
2.51324462890625
2.6785888671875
2.6922607421875
2.72149658203125
2.7381591796875
2.9686279296875
2.960205078125
2.7391357421875
2.677978515625
2.93798828125
2.47314453125
2.48992919921875
2.6138916015625
2.9310302734375
2.57745361328125
2.589111328125
2.751953125
2.5426025390625
2.81719970703125
2.4000244140625
2.80535888671875
2.87823486328125
2.78997802734375
2.78985595703125
2.74615478515625
2.65496826171875
2.52783203125
2.75933837890625
2.77392578125
2.54803466796875
2.67669677734375
2.97308349609375
2.55963134765625
2.52398681640625
2.70135498046875
2.593017578125
2.626953125
2.92724609375
2.94012451171875
2.81884765625
2.46478271484375
2.51519775390625
2.72821044921875
2.68121337890625
2.8856201171875
2.70806884765625
2.510986328125
2.65234375
2.83880615234375
2.3787841796875
2.94805908203125
2.86444091796875
2.786865234375
2.7904052734375
2.276123046875
2.69024658203125
2.39617919921875
2.69927978515625
2.60919189453125
2.92901611328125
2.96063232421875
2.71923828125
2.76220703125
2.8394775390625
2.65203857421875
2.60028076171875
2.55364990234375
2.75628662109375
2.70941162109375
2.70489501953125
2.81298828125
2.62481689453125
2.7894287109375
2.6988525390625
2.6400146484375
2.7156982421875
2.59478759765625
2.433349609375
3.04400634765625
2.6705322265625
2.47320556640625
2.6314697265625
2.763427734375
2.8798828125
2.87823486328125
2.45269775390625
2.6689453125
2.564697265625
2.501953125
2.63153076171875
2.42315673828125
2.59503173828125
2.923095703125
2.66680908203125
2.73687744140625
2.88592529296875
2.61956787109375
2.8582763671875
2.74359130859375
2.56683349609375
2.619384765625
2.718017578125
2.76861572265625
2.5234375
2.7532958984375
2.5933837890625
2.64813232421875
2.717529296875
2.893798828125
2.87200927734375
2.5689697265625
2.8206787109375
2.75592041015625
2.8463134765625
2.802978515625
2.94818115234375
2.68389892578125
2.63763427734375
2.42315673828125
2.49847412109375
2.80535888671875
2.746826171875
2.9415283203125
2.7996826171875
2.76116943359375
2.9393310546875
2.6556396484375
2.62286376953125
2.57208251953125
2.92279052734375
2.777099609375
2.59161376953125
2.6258544921875
2.66375732421875
2.80828857421875
2.71392822265625
2.77362060546875
2.89227294921875
2.7694091796875
2.6427001953125
2.7615966796875
2.78363037109375
2.412841796875
2.69403076171875
2.6734619140625
2.73394775390625
2.91644287109375
2.549560546875
2.52386474609375
2.70721435546875
2.695556640625
2.8824462890625
2.81463623046875
2.77020263671875
2.89166259765625
2.92169189453125
2.97222900390625
2.606689453125
2.741455078125
2.603515625
2.643310546875
2.813232421875
2.5360107421875
2.892578125
2.7037353515625
2.77099609375
2.802978515625
2.90374755859375
2.5074462890625
2.84881591796875
2.66162109375
2.6046142578125
2.6143798828125
2.62017822265625
2.8692626953125
2.87603759765625
2.7471923828125
2.4854736328125
2.73907470703125
2.71661376953125
2.71673583984375
2.81683349609375
2.60076904296875
2.66082763671875
2.5804443359375
2.84320068359375
2.60198974609375
2.84619140625
2.77886962890625
2.83599853515625
2.55926513671875
2.983642578125
2.43115234375
2.94927978515625
2.53680419921875
2.7899169921875
2.6590576171875
2.765869140625
2.64984130859375
2.3623046875
2.91705322265625
2.9739990234375
2.70458984375
2.85595703125
2.49444580078125
2.8748779296875
2.804443359375
2.7252197265625
2.62127685546875
2.56317138671875
2.48028564453125
2.60491943359375
2.64385986328125
2.488037109375
2.60736083984375
2.6787109375
2.6856689453125
3.00775146484375
2.68487548828125
2.9901123046875
2.64190673828125
2.87884521484375
2.758544921875
2.83026123046875
3.0531005859375
2.7978515625
2.81439208984375
2.71649169921875
2.829833984375
2.8048095703125
2.819091796875
2.8101806640625
2.87115478515625
2.8138427734375
2.45660400390625
2.45379638671875
2.53314208984375
2.71783447265625
2.60552978515625
2.65142822265625
2.98236083984375
2.669921875
2.54241943359375
2.67913818359375
2.59344482421875
2.62457275390625
2.7916259765625
2.734375
2.8843994140625
2.775146484375
2.6962890625
2.70770263671875
2.77703857421875
2.7205810546875
2.796875
2.84344482421875
2.66912841796875
2.55621337890625
3.0125732421875
2.84271240234375
2.912109375
2.66265869140625
3.17828369140625
2.721923828125
2.3233642578125
2.699951171875
2.76470947265625
2.9169921875
2.4915771484375
2.82574462890625
2.63311767578125
2.90020751953125
2.74774169921875
3.00823974609375
2.63818359375
2.82867431640625
2.46844482421875
2.9027099609375
2.806640625
2.6383056640625
2.8763427734375
2.7652587890625
2.77490234375
2.68182373046875
2.781005859375
2.9478759765625
2.5252685546875
2.60052490234375
2.49188232421875
2.5126953125
2.64599609375
2.68798828125
2.42706298828125
2.59796142578125
2.6466064453125
2.9378662109375
2.69647216796875
2.67401123046875
2.7255859375
2.79949951171875
2.76641845703125
2.74163818359375
2.81146240234375
2.705810546875
2.8746337890625
2.6544189453125
2.599365234375
2.65087890625
2.950439453125
2.7996826171875
2.70947265625
2.78790283203125
2.99822998046875
2.72711181640625
2.78436279296875
2.5447998046875
2.6456298828125
2.62579345703125
2.54046630859375
3.05126953125
2.79083251953125
2.487060546875
2.96673583984375
2.73687744140625
2.5374755859375
2.69952392578125
2.6541748046875
2.847900390625
2.64599609375
2.868408203125
2.6290283203125
2.63555908203125
2.5697021484375
2.48663330078125
2.87860107421875
2.68487548828125
2.51165771484375
2.8253173828125
3.00640869140625
2.58868408203125
2.88128662109375
2.5494384765625
2.84637451171875
3.1395263671875
2.61767578125
2.84466552734375
2.6185302734375
2.75982666015625
2.5924072265625
2.9080810546875
2.912353515625
2.82293701171875
2.91571044921875
2.7572021484375
2.9102783203125
2.764892578125
2.79443359375
2.46160888671875
2.6378173828125
2.65167236328125
2.95220947265625
2.600341796875
2.5582275390625
2.8397216796875
2.896240234375
2.76025390625
2.78118896484375
2.42529296875
2.80474853515625
2.62811279296875
2.7576904296875
2.8399658203125
2.4359130859375
2.5604248046875
2.73089599609375
2.92840576171875
2.78753662109375
2.75726318359375
2.889892578125
2.91900634765625
2.64044189453125
2.71636962890625
2.81256103515625
2.6043701171875
3.01788330078125
2.56671142578125
2.78961181640625
2.46075439453125
2.8834228515625
2.94696044921875
2.8338623046875
2.50970458984375
2.7786865234375
2.9642333984375
2.65594482421875
2.761962890625
2.82421875
2.740234375
2.7437744140625
2.75006103515625
2.80523681640625
2.79437255859375
2.941650390625
2.582275390625
2.71929931640625
2.6512451171875
2.73333740234375
2.499755859375
2.5909423828125
2.7388916015625
2.7935791015625
2.71246337890625
2.88262939453125
2.705078125
2.6898193359375
2.4837646484375
2.91143798828125
2.68408203125
2.7459716796875
2.6396484375
2.6529541015625
2.7821044921875
2.5675048828125
2.79266357421875
2.405029296875
2.8389892578125
2.82525634765625
2.93157958984375
2.71881103515625
2.449462890625
2.712158203125
2.63970947265625
2.450927734375
2.64691162109375
2.7598876953125
2.72100830078125
2.95068359375
2.723388671875
2.5946044921875
2.4737548828125
2.90234375
2.5274658203125
2.6416015625
2.86614990234375
2.5408935546875
2.74072265625
2.890869140625
2.57708740234375
2.62969970703125
2.8128662109375
2.72320556640625
2.60662841796875
2.7415771484375
2.2745361328125
2.59375
2.81378173828125
2.67578125
2.87518310546875
2.81475830078125
2.35797119140625
2.7451171875
2.88031005859375
3.111328125
2.64593505859375
2.8812255859375
2.7373046875
2.80108642578125
2.575439453125
2.47003173828125
2.62554931640625
2.93017578125
2.6663818359375
2.53814697265625
2.6241455078125
2.9921875
2.76873779296875
2.65936279296875
2.59405517578125
2.55633544921875
2.48931884765625
2.81231689453125
2.5919189453125
2.837890625
2.76519775390625
2.5186767578125
2.7490234375
2.84576416015625
2.5391845703125
2.60003662109375
2.69647216796875
2.57086181640625
2.7716064453125
2.76617431640625
3.105224609375
2.701171875
2.717529296875
2.9403076171875
2.65240478515625
2.84979248046875
2.4541015625
2.81182861328125
2.73455810546875
2.6866455078125
2.7652587890625
2.77313232421875
2.8814697265625
2.68475341796875
2.991455078125
2.8167724609375
2.7049560546875
2.51953125
2.74993896484375
2.9210205078125
2.3851318359375
2.76605224609375
2.55731201171875
2.59014892578125
2.81146240234375
2.84405517578125
2.5673828125
2.6492919921875
2.7274169921875
2.7379150390625
2.76849365234375
2.537109375
2.6103515625
2.56500244140625
3.003173828125
2.84527587890625
2.620849609375
2.85784912109375
2.3631591796875
2.62933349609375
2.961181640625
2.70904541015625
2.91156005859375
2.86376953125
2.93255615234375
2.47747802734375
2.75146484375
2.451171875
2.3692626953125
2.5826416015625
2.72039794921875
2.7174072265625
2.65087890625
2.54248046875
2.7598876953125
2.62237548828125
2.57208251953125
2.5621337890625
2.55987548828125
2.7701416015625
2.66693115234375
2.54254150390625
2.37408447265625
2.730712890625
2.64007568359375
2.761962890625
2.76702880859375
2.5963134765625
2.79327392578125
2.57513427734375
2.756103515625
2.82940673828125
2.77508544921875
2.74371337890625
2.641845703125
2.81988525390625
2.75335693359375
2.69171142578125
2.5469970703125
2.80908203125
3.09124755859375
2.79638671875
2.935302734375
2.88275146484375
2.94830322265625
2.8087158203125
2.73974609375
2.883056640625
2.74456787109375
2.7694091796875
2.5980224609375
2.693115234375
2.74627685546875
2.62939453125
2.64599609375
2.5941162109375
2.89666748046875
2.83697509765625
2.6165771484375
2.98553466796875
2.83892822265625
2.801513671875
2.4825439453125
3.04168701171875
2.76239013671875
2.9632568359375
2.62786865234375
2.8958740234375
2.4915771484375
2.622802734375
2.90496826171875
2.755615234375
2.72119140625
2.8489990234375
2.828369140625
2.6612548828125
2.8878173828125
2.76348876953125
2.6739501953125
2.32318115234375
2.908203125
2.63641357421875
2.4696044921875
2.5517578125
2.59124755859375
2.83837890625
2.8197021484375
2.56695556640625
2.80517578125
2.74609375
2.5098876953125
2.8485107421875
2.81378173828125
2.81585693359375
2.6138916015625
2.74163818359375
2.80670166015625
2.63372802734375
2.88067626953125
2.762451171875
2.7218017578125
2.61236572265625
2.4591064453125
2.6243896484375
2.5045166015625
2.60089111328125
2.37359619140625
2.5184326171875
2.87664794921875
2.587646484375
2.565673828125
2.959716796875
2.477294921875
2.9656982421875
2.63427734375
2.90789794921875
2.4837646484375
2.5743408203125
2.6591796875
2.82855224609375
2.62957763671875
2.750244140625
2.969970703125
2.6270751953125
2.7423095703125
2.78936767578125
2.66607666015625
2.5693359375
2.4586181640625
2.7374267578125
2.69366455078125
2.84912109375
2.45855712890625
2.693115234375
2.96881103515625
2.7313232421875
2.6026611328125
2.76702880859375
2.51300048828125
2.75909423828125
2.90960693359375
2.7647705078125
2.7572021484375
2.883544921875
2.796142578125
2.73089599609375
3.008056640625
2.710205078125
2.6854248046875
2.77880859375
2.65380859375
2.5428466796875
2.7462158203125
2.83648681640625
2.8521728515625
2.5924072265625
2.71954345703125
2.8875732421875
2.50341796875
2.59320068359375
2.75262451171875
2.79254150390625
2.371826171875
2.4720458984375
2.78125
2.57232666015625
2.538330078125
2.79571533203125
2.5980224609375
2.6080322265625
2.843017578125
2.9637451171875
2.87493896484375
2.62103271484375
2.6373291015625
2.79058837890625
2.59869384765625
2.54931640625
2.632080078125
2.78912353515625
2.7874755859375
2.6944580078125
2.43505859375
2.79583740234375
2.74639892578125
2.9910888671875
2.5704345703125
2.76922607421875
2.85406494140625
2.8416748046875
2.67803955078125
2.9083251953125
2.238037109375
2.5103759765625
2.813232421875
2.67913818359375
2.7965087890625
2.7454833984375
2.8272705078125
2.7410888671875
2.6304931640625
2.6778564453125
2.5362548828125
2.8408203125
2.697998046875
2.76495361328125
2.7371826171875
2.86114501953125
2.88232421875
2.6285400390625
2.89447021484375
2.747314453125
2.751220703125
2.6605224609375
2.814208984375
2.927001953125
2.83538818359375
