1.1375732421875
1.1375732421875
1.1375732421875
1.1375732421875
1.1375732421875
1.290283203125
1.395751953125
1.2109375
1.4927978515625
1.8282470703125
1.55120849609375
1.32269287109375
1.5130615234375
1.5888671875
1.5438232421875
1.562744140625
1.62396240234375
1.49566650390625
1.57489013671875
1.66351318359375
1.492919921875
1.6767578125
1.37921142578125
1.76556396484375
1.5850830078125
1.46673583984375
1.47576904296875
1.5225830078125
1.43719482421875
1.5589599609375
1.3753662109375
1.6085205078125
1.46099853515625
1.2227783203125
1.429443359375
1.50457763671875
1.6583251953125
1.5494384765625
1.3851318359375
1.4560546875
1.3946533203125
1.61590576171875
1.4813232421875
1.4639892578125
1.4105224609375
1.427734375
1.66436767578125
1.84527587890625
1.7010498046875
1.33489990234375
1.49102783203125
1.5439453125
1.2301025390625
1.6519775390625
1.641845703125
1.59686279296875
1.49359130859375
1.47491455078125
1.57537841796875
1.615478515625
1.60821533203125
1.57550048828125
1.37518310546875
1.32275390625
1.67144775390625
1.6544189453125
1.2054443359375
1.56854248046875
1.637939453125
1.3975830078125
1.38165283203125
1.60479736328125
1.30499267578125
1.15399169921875
1.343505859375
1.5906982421875
1.589111328125
1.56048583984375
1.51495361328125
1.50604248046875
1.529052734375
1.41461181640625
1.6124267578125
1.3448486328125
1.7069091796875
1.70123291015625
1.64947509765625
1.6610107421875
1.38818359375
1.6025390625
1.28466796875
1.6279296875
1.75164794921875
1.37640380859375
1.6732177734375
1.5882568359375
1.27081298828125
1.370849609375
1.68499755859375
1.6038818359375
1.46087646484375
1.59716796875
1.58416748046875
1.446044921875
1.705078125
1.5885009765625
1.6414794921875
1.415771484375
1.35986328125
1.2274169921875
1.69378662109375
1.48370361328125
1.44720458984375
1.41693115234375
1.6690673828125
1.4366455078125
1.6846923828125
1.20379638671875
1.71600341796875
1.5504150390625
1.40130615234375
1.5799560546875
1.43896484375
1.53326416015625
1.26507568359375
1.53863525390625
1.6763916015625
1.46429443359375
1.6842041015625
1.494384765625
1.59942626953125
1.3326416015625
1.45556640625
1.58880615234375
1.76068115234375
1.75994873046875
1.4593505859375
1.50537109375
1.58868408203125
1.43011474609375
1.43988037109375
1.52288818359375
1.3665771484375
1.47509765625
1.3841552734375
1.7030029296875
1.32293701171875
1.58331298828125
1.68304443359375
1.63568115234375
1.33441162109375
1.278076171875
1.46875
1.28179931640625
1.35687255859375
1.45892333984375
1.45733642578125
1.1826171875
1.50396728515625
1.38726806640625
1.627685546875
1.6798095703125
1.40283203125
1.6063232421875
1.4366455078125
1.3909912109375
1.36285400390625
1.655517578125
1.621826171875
1.55828857421875
1.19488525390625
1.6197509765625
1.505615234375
1.38555908203125
1.33441162109375
1.56005859375
1.48248291015625
1.6771240234375
1.57122802734375
1.32861328125
1.3978271484375
1.395751953125
1.4283447265625
1.68695068359375
1.2940673828125
1.54327392578125
1.3701171875
1.2227783203125
1.4176025390625
1.237548828125
1.6307373046875
1.5313720703125
1.380615234375
1.3809814453125
1.30682373046875
1.56591796875
1.1240234375
1.73052978515625
1.33721923828125
1.31561279296875
1.54803466796875
1.52716064453125
1.54217529296875
1.207275390625
1.5755615234375
1.7882080078125
1.65533447265625
1.739501953125
1.410400390625
1.57440185546875
1.46624755859375
1.7919921875
1.6263427734375
1.2630615234375
1.43487548828125
1.437744140625
1.51446533203125
1.5537109375
1.53802490234375
1.5831298828125
1.49951171875
1.667724609375
1.85382080078125
1.7056884765625
1.61334228515625
1.34674072265625
1.65966796875
1.53253173828125
1.38165283203125
1.71051025390625
1.58648681640625
1.51190185546875
1.51690673828125
1.43682861328125
1.57611083984375
1.570556640625
1.46112060546875
1.6241455078125
1.71405029296875
1.52557373046875
1.5875244140625
1.5697021484375
1.5419921875
1.3641357421875
1.42132568359375
1.41351318359375
1.37774658203125
1.75341796875
1.486572265625
1.429931640625
1.64178466796875
1.5787353515625
1.537109375
1.44146728515625
1.57257080078125
1.613037109375
1.38128662109375
1.478271484375
1.4808349609375
1.419921875
1.48974609375
1.51104736328125
1.5841064453125
1.60052490234375
1.611328125
1.5589599609375
1.30169677734375
1.31732177734375
1.67010498046875
1.46417236328125
1.5152587890625
1.6541748046875
1.64227294921875
1.69305419921875
1.65301513671875
1.48486328125
1.54937744140625
1.39276123046875
1.23614501953125
1.56878662109375
1.6402587890625
1.54718017578125
1.6422119140625
1.56298828125
1.6002197265625
1.5128173828125
1.31695556640625
1.36236572265625
1.57269287109375
1.81500244140625
1.5894775390625
1.35540771484375
1.5792236328125
1.33209228515625
1.27313232421875
1.86651611328125
1.306884765625
1.36322021484375
1.32373046875
1.6824951171875
1.65850830078125
1.75115966796875
1.7677001953125
1.49713134765625
1.541748046875
1.5296630859375
1.5289306640625
1.88330078125
1.52679443359375
1.5667724609375
1.38031005859375
1.34906005859375
1.22320556640625
1.40997314453125
1.374755859375
1.29425048828125
1.72637939453125
1.30108642578125
1.4840087890625
1.57916259765625
1.63555908203125
1.58477783203125
1.45111083984375
1.6480712890625
1.781982421875
1.65277099609375
1.35870361328125
1.47454833984375
1.220703125
1.605712890625
1.48583984375
1.41168212890625
1.6724853515625
1.531005859375
1.59991455078125
1.2841796875
1.74114990234375
1.69854736328125
1.52264404296875
1.4775390625
1.52471923828125
1.53472900390625
1.14312744140625
1.47479248046875
1.66448974609375
1.58831787109375
1.5758056640625
1.27960205078125
1.3096923828125
1.5421142578125
1.37225341796875
1.47381591796875
1.4866943359375
1.51275634765625
1.432373046875
1.69482421875
1.399169921875
1.616943359375
1.4219970703125
1.57080078125
1.64825439453125
1.55487060546875
1.781494140625
1.57928466796875
1.5426025390625
1.48736572265625
1.43646240234375
1.480712890625
1.5447998046875
1.47979736328125
1.625244140625
1.80340576171875
1.57415771484375
1.6591796875
1.82427978515625
1.47021484375
1.4942626953125
1.6092529296875
1.360595703125
1.3680419921875
1.29461669921875
1.63201904296875
1.49462890625
1.46337890625
1.670166015625
1.53369140625
1.49267578125
1.482421875
1.41094970703125
1.68408203125
1.32952880859375
1.5389404296875
1.55322265625
1.52545166015625
1.500244140625
1.4962158203125
1.619140625
1.44097900390625
1.35986328125
1.53326416015625
1.4310302734375
1.76336669921875
1.6326904296875
1.45550537109375
1.43865966796875
1.338623046875
1.44879150390625
1.45330810546875
1.40509033203125
1.46063232421875
1.52398681640625
1.54302978515625
1.4468994140625
1.540283203125
1.4202880859375
1.63323974609375
1.3870849609375
1.315673828125
1.430419921875
1.41082763671875
1.517822265625
1.48065185546875
1.22589111328125
1.58489990234375
1.328857421875
1.6011962890625
1.64434814453125
1.394287109375
1.61993408203125
1.32891845703125
1.31927490234375
1.6778564453125
1.42132568359375
1.31158447265625
1.4127197265625
1.6470947265625
1.318603515625
1.3468017578125
1.52960205078125
1.35955810546875
1.440185546875
1.66326904296875
1.5455322265625
1.27490234375
1.732177734375
1.6446533203125
1.45294189453125
1.52752685546875
1.44464111328125
1.363525390625
1.70233154296875
1.65081787109375
1.45849609375
1.22015380859375
1.5458984375
1.69036865234375
1.47039794921875
1.46746826171875
1.29486083984375
1.5064697265625
1.3104248046875
1.6361083984375
1.591796875
1.62384033203125
1.71148681640625
1.3585205078125
1.477294921875
1.6656494140625
1.864501953125
1.453369140625
1.60107421875
1.68853759765625
1.2020263671875
1.53021240234375
1.3919677734375
1.432373046875
1.638427734375
1.67095947265625
1.620849609375
1.68798828125
1.70343017578125
1.691650390625
1.254150390625
1.53912353515625
1.5987548828125
1.51708984375
1.57293701171875
1.5892333984375
1.37371826171875
1.56683349609375
1.533935546875
1.58502197265625
1.698974609375
1.5899658203125
1.3265380859375
1.3302001953125
1.421630859375
1.12884521484375
1.55438232421875
1.5391845703125
1.40106201171875
1.46710205078125
1.7406005859375
1.424072265625
1.23583984375
1.82745361328125
1.5601806640625
1.4486083984375
1.5760498046875
1.7451171875
1.8758544921875
1.4205322265625
1.39959716796875
1.35675048828125
1.27703857421875
1.68817138671875
1.41192626953125
1.41107177734375
1.49603271484375
1.5029296875
1.455810546875
1.44677734375
1.5291748046875
1.257080078125
1.70648193359375
1.58026123046875
1.42926025390625
1.3121337890625
1.44287109375
1.64471435546875
1.52056884765625
1.38568115234375
1.64727783203125
1.3970947265625
1.3155517578125
1.67767333984375
1.8798828125
1.11505126953125
1.58880615234375
1.7060546875
1.513427734375
1.356689453125
1.3743896484375
1.48199462890625
1.477783203125
1.4718017578125
1.60272216796875
1.30682373046875
1.73101806640625
1.38092041015625
1.6517333984375
1.59814453125
1.343505859375
1.396484375
1.62017822265625
1.4945068359375
1.52545166015625
1.69830322265625
1.46112060546875
1.35418701171875
1.7803955078125
1.30450439453125
1.27386474609375
1.4105224609375
1.5408935546875
1.62982177734375
1.67816162109375
1.5880126953125
1.267333984375
1.5263671875
1.44061279296875
1.61334228515625
1.70025634765625
1.76422119140625
1.80169677734375
1.66497802734375
1.68896484375
1.42120361328125
1.552734375
1.72088623046875
1.3831787109375
1.48687744140625
1.6888427734375
1.483642578125
1.57574462890625
1.4964599609375
1.61785888671875
1.46087646484375
1.42901611328125
1.48785400390625
1.6026611328125
1.6834716796875
1.34722900390625
1.45770263671875
1.5137939453125
1.548828125
1.2291259765625
1.52557373046875
1.40411376953125
1.54541015625
1.43914794921875
1.718994140625
1.61273193359375
1.596923828125
1.47479248046875
1.61383056640625
1.56103515625
1.438720703125
1.508544921875
1.473876953125
1.60321044921875
1.783935546875
1.5274658203125
1.469482421875
1.58087158203125
1.410400390625
1.427978515625
1.69488525390625
1.4722900390625
1.44488525390625
1.78826904296875
1.44036865234375
1.55328369140625
1.45745849609375
1.33941650390625
1.619384765625
1.3065185546875
1.64453125
1.36749267578125
1.79443359375
1.33837890625
1.44647216796875
1.3763427734375
1.42669677734375
1.4671630859375
1.58404541015625
1.3822021484375
1.4683837890625
1.555419921875
1.4007568359375
1.3387451171875
1.35321044921875
1.37664794921875
1.6041259765625
1.46234130859375
1.31036376953125
1.57550048828125
1.54351806640625
1.330810546875
1.1953125
1.61798095703125
1.39312744140625
1.61767578125
1.2496337890625
1.6920166015625
1.4478759765625
1.474609375
1.6363525390625
1.72625732421875
1.84661865234375
1.54046630859375
1.27410888671875
1.41046142578125
1.6724853515625
1.63922119140625
1.6845703125
1.50128173828125
1.6446533203125
1.451416015625
1.48260498046875
1.530029296875
1.67779541015625
1.46240234375
1.2811279296875
1.52203369140625
1.341796875
1.364501953125
1.55224609375
1.5391845703125
1.77520751953125
1.43792724609375
1.53265380859375
1.74127197265625
1.80902099609375
1.4022216796875
1.5042724609375
1.5592041015625
1.3577880859375
1.49383544921875
1.4625244140625
1.28045654296875
1.5281982421875
1.420654296875
1.5723876953125
1.4178466796875
1.49896240234375
1.50811767578125
1.73291015625
1.664306640625
1.6527099609375
1.54345703125
1.5718994140625
1.60662841796875
1.6871337890625
1.38531494140625
1.22540283203125
1.6500244140625
1.59246826171875
1.5220947265625
1.43499755859375
1.55535888671875
1.55511474609375
1.56353759765625
1.61553955078125
1.49078369140625
1.60321044921875
1.46966552734375
1.38232421875
1.36871337890625
1.38592529296875
1.197265625
1.5513916015625
1.55963134765625
1.62603759765625
1.4879150390625
1.4017333984375
1.36614990234375
1.431640625
1.71282958984375
1.466796875
1.3621826171875
1.6318359375
1.28936767578125
1.46380615234375
1.4656982421875
1.1397705078125
1.49188232421875
1.67425537109375
1.65325927734375
1.526123046875
1.6422119140625
1.43255615234375
1.67462158203125
1.46136474609375
1.72802734375
1.4173583984375
1.61700439453125
1.41827392578125
1.4322509765625
1.3868408203125
1.3897705078125
1.59375
1.5755615234375
1.32952880859375
1.59735107421875
1.81903076171875
1.36962890625
1.48272705078125
1.6588134765625
1.55499267578125
1.4921875
1.73394775390625
1.6080322265625
1.42724609375
1.58404541015625
1.413818359375
1.64410400390625
1.6171875
1.3052978515625
1.1756591796875
1.6656494140625
1.7996826171875
1.40948486328125
1.46728515625
1.46343994140625
1.5946044921875
1.4571533203125
1.40167236328125
1.59539794921875
1.51177978515625
1.279296875
1.447265625
1.38482666015625
1.1187744140625
1.495361328125
1.52459716796875
1.456787109375
1.43304443359375
1.65667724609375
1.4803466796875
1.60491943359375
1.3092041015625
1.2857666015625
1.65606689453125
1.5577392578125
1.498291015625
1.4130859375
1.79669189453125
1.48809814453125
1.34521484375
1.45550537109375
1.332763671875
1.41265869140625
1.500244140625
1.6826171875
1.53204345703125
1.430908203125
1.48583984375
1.6654052734375
1.5076904296875
1.54425048828125
1.27996826171875
1.6317138671875
1.33306884765625
1.46051025390625
1.21539306640625
1.4608154296875
1.5634765625
1.55560302734375
1.53436279296875
1.44915771484375
1.56500244140625
1.259521484375
1.75006103515625
1.76239013671875
1.6246337890625
1.42828369140625
1.52911376953125
1.3394775390625
1.5157470703125
1.35308837890625
1.438232421875
1.3604736328125
1.43243408203125
1.34222412109375
1.2244873046875
1.47247314453125
1.280029296875
1.62591552734375
1.56488037109375
1.48980712890625
1.495361328125
1.4505615234375
1.46044921875
1.536865234375
1.64093017578125
1.7269287109375
1.48876953125
1.63189697265625
1.304931640625
1.51776123046875
1.60711669921875
1.2294921875
1.25152587890625
1.68701171875
1.36651611328125
1.3358154296875
1.34735107421875
1.6119384765625
1.6585693359375
1.57513427734375
1.73291015625
1.3427734375
1.6602783203125
1.48663330078125
1.553466796875
1.4283447265625
1.37298583984375
1.7452392578125
1.617431640625
1.5379638671875
1.53656005859375
1.4947509765625
1.322509765625
1.43341064453125
1.85308837890625
1.41583251953125
1.63275146484375
1.626708984375
1.69189453125
1.55389404296875
1.3304443359375
1.44464111328125
1.62078857421875
1.41619873046875
1.57012939453125
1.634521484375
1.56304931640625
1.46209716796875
1.507080078125
1.53057861328125
1.507080078125
1.53955078125
1.33331298828125
1.416015625
1.3865966796875
1.40667724609375
1.5489501953125
1.37322998046875
1.6197509765625
1.53094482421875
1.41119384765625
1.42974853515625
1.53533935546875
1.720703125
1.47015380859375
1.5809326171875
1.3455810546875
1.5262451171875
1.62274169921875
1.27557373046875
1.544677734375
1.6239013671875
1.5289306640625
1.67333984375
1.4876708984375
1.57501220703125
1.3701171875
1.71490478515625
1.18646240234375
1.4954833984375
1.48162841796875
1.53515625
1.59814453125
1.5430908203125
1.70501708984375
1.66937255859375
1.591064453125
1.53619384765625
1.22216796875
1.540283203125
1.351806640625
1.2548828125
1.23974609375
1.47479248046875
1.43939208984375
1.4892578125
1.5303955078125
1.59588623046875
1.3377685546875
1.3699951171875
1.6683349609375
1.5628662109375
1.4381103515625
1.45703125
1.42254638671875
1.54931640625
1.5394287109375
1.6048583984375
1.5810546875
1.62713623046875
1.42572021484375
1.786376953125
1.76171875
1.79437255859375
1.31365966796875
1.5557861328125
1.64447021484375
1.2933349609375
1.49188232421875
1.38140869140625
1.50128173828125
1.66748046875
1.6280517578125
1.51629638671875
1.3355712890625
1.450927734375
1.34130859375
1.52880859375
1.29327392578125
1.61297607421875
1.21746826171875
1.11572265625
1.60107421875
1.2540283203125
1.56298828125
1.598876953125
1.83587646484375
1.21685791015625
1.5609130859375
1.82684326171875
1.57586669921875
1.5941162109375
1.44525146484375
1.355224609375
1.7012939453125
1.7205810546875
1.68963623046875
1.439697265625
1.51287841796875
