1.1375732421875
1.1375732421875
1.1375732421875
1.3682861328125
1.63043212890625
1.4736328125
1.541748046875
1.33526611328125
1.697509765625
1.4857177734375
1.36334228515625
1.63446044921875
1.593017578125
1.586669921875
1.56463623046875
1.576171875
1.40362548828125
1.41064453125
1.31103515625
1.49566650390625
1.3419189453125
1.573486328125
1.527587890625
1.64129638671875
1.43896484375
1.4105224609375
1.35400390625
1.5626220703125
1.3653564453125
1.77874755859375
1.70367431640625
1.67633056640625
1.5191650390625
1.53704833984375
1.54095458984375
1.5865478515625
1.47900390625
1.6597900390625
1.6512451171875
1.2701416015625
1.692138671875
1.550537109375
1.48052978515625
1.6519775390625
1.513427734375
1.59686279296875
1.497314453125
1.3551025390625
1.42437744140625
1.471923828125
1.65301513671875
1.39227294921875
1.54046630859375
1.31695556640625
1.754150390625
1.29742431640625
1.468505859375
1.59259033203125
1.85894775390625
1.7646484375
1.529541015625
1.384033203125
1.35601806640625
1.4217529296875
1.28118896484375
1.30377197265625
1.67718505859375
1.65545654296875
1.48529052734375
1.8065185546875
1.48712158203125
1.43328857421875
1.50286865234375
1.41265869140625
1.49554443359375
1.80426025390625
1.4949951171875
1.48681640625
1.7581787109375
1.42327880859375
1.2786865234375
1.35986328125
1.04644775390625
1.2706298828125
1.73052978515625
1.5113525390625
1.2899169921875
1.5040283203125
1.72802734375
1.886962890625
1.50762939453125
1.6630859375
1.5557861328125
1.639404296875
1.607666015625
1.699951171875
1.4866943359375
1.7269287109375
1.4466552734375
1.5242919921875
1.5389404296875
1.13201904296875
1.7750244140625
1.734375
1.44091796875
1.5372314453125
1.24945068359375
1.19482421875
1.47454833984375
1.7041015625
1.40997314453125
1.68060302734375
1.51177978515625
1.42938232421875
1.41717529296875
1.52777099609375
1.54669189453125
1.6202392578125
1.42645263671875
1.55572509765625
1.6539306640625
1.39886474609375
1.24114990234375
1.99481201171875
1.33807373046875
1.6556396484375
1.6112060546875
1.89453125
1.64251708984375
1.62908935546875
1.49822998046875
1.32806396484375
1.5615234375
1.8360595703125
1.68243408203125
1.58795166015625
1.6409912109375
1.51104736328125
1.59783935546875
1.4410400390625
1.51397705078125
1.46331787109375
1.56695556640625
1.627685546875
1.39569091796875
1.34112548828125
1.690185546875
1.5855712890625
1.5833740234375
1.4189453125
1.46923828125
1.5028076171875
1.6060791015625
1.66107177734375
1.55364990234375
1.64337158203125
1.4693603515625
1.52032470703125
1.443359375
1.5684814453125
1.50299072265625
1.45367431640625
1.4364013671875
1.585693359375
1.577880859375
1.2965087890625
1.66375732421875
1.4453125
1.748779296875
1.5948486328125
1.7486572265625
1.52825927734375
1.52398681640625
1.45611572265625
1.640869140625
1.45587158203125
1.56494140625
1.50567626953125
1.61138916015625
1.35443115234375
1.66815185546875
1.65618896484375
1.610595703125
1.583740234375
1.5994873046875
1.8135986328125
1.47412109375
1.5386962890625
1.32330322265625
1.56158447265625
1.786865234375
1.405029296875
1.44903564453125
1.51788330078125
1.28033447265625
1.410400390625
1.34564208984375
1.54339599609375
1.33978271484375
1.49530029296875
1.52886962890625
1.53302001953125
1.5682373046875
1.69952392578125
1.7210693359375
1.688232421875
1.6343994140625
1.43145751953125
1.8663330078125
1.50738525390625
1.6932373046875
1.37908935546875
1.6298828125
1.48565673828125
1.6318359375
1.3450927734375
1.31402587890625
1.70751953125
1.58331298828125
1.34698486328125
1.37408447265625
1.4400634765625
1.81024169921875
1.2847900390625
1.50384521484375
1.498291015625
1.8243408203125
1.5233154296875
1.52557373046875
1.60418701171875
1.54473876953125
1.435546875
1.5941162109375
1.79656982421875
1.590087890625
1.41851806640625
1.58648681640625
1.49407958984375
1.59112548828125
1.43682861328125
1.226318359375
1.60858154296875
1.4150390625
1.37689208984375
1.7669677734375
1.66705322265625
1.50994873046875
1.60888671875
1.5902099609375
1.48211669921875
1.45050048828125
1.68560791015625
1.30218505859375
1.20440673828125
1.53460693359375
1.5789794921875
1.39361572265625
1.58575439453125
1.552490234375
1.5401611328125
1.64215087890625
1.25616455078125
1.556884765625
1.63665771484375
1.5540771484375
1.55633544921875
1.43408203125
1.59722900390625
1.4296875
1.47894287109375
1.560546875
1.36834716796875
1.4195556640625
1.82110595703125
1.29296875
1.32080078125
1.6187744140625
1.3984375
1.29962158203125
1.74267578125
1.694580078125
1.82086181640625
1.34478759765625
1.46240234375
1.4368896484375
1.35516357421875
1.5762939453125
1.51025390625
1.3240966796875
1.408447265625
1.5511474609375
1.23077392578125
1.7139892578125
1.5577392578125
1.64404296875
1.59222412109375
1.113037109375
1.4537353515625
1.2435302734375
1.59906005859375
1.3372802734375
1.638916015625
1.75848388671875
1.59271240234375
1.4222412109375
1.53607177734375
1.60687255859375
1.50042724609375
1.41961669921875
1.62396240234375
1.37109375
1.5406494140625
1.658203125
1.4796142578125
1.6239013671875
1.5347900390625
1.40771484375
1.543701171875
1.34112548828125
1.3233642578125
1.64813232421875
1.65423583984375
1.5643310546875
1.49847412109375
1.6724853515625
1.51788330078125
1.77496337890625
1.2879638671875
1.58331298828125
1.5989990234375
1.47216796875
1.44970703125
1.14324951171875
1.49652099609375
1.52447509765625
1.534912109375
1.46673583984375
1.6492919921875
1.46624755859375
1.564697265625
1.57037353515625
1.5660400390625
1.258544921875
1.4866943359375
1.5146484375
1.32916259765625
1.63018798828125
1.5401611328125
1.66656494140625
1.510986328125
1.63616943359375
1.6763916015625
1.62481689453125
1.474365234375
1.4110107421875
1.6173095703125
1.58636474609375
1.5615234375
1.45166015625
1.63330078125
1.259033203125
1.291748046875
1.8580322265625
1.52020263671875
1.57366943359375
1.5657958984375
1.55242919921875
1.560791015625
1.54052734375
1.50506591796875
1.4185791015625
1.73175048828125
1.62890625
1.41387939453125
1.53155517578125
1.5255126953125
1.6785888671875
1.54803466796875
1.5042724609375
1.66754150390625
1.8033447265625
1.593994140625
1.5504150390625
1.45599365234375
1.1966552734375
1.41241455078125
1.56951904296875
1.55010986328125
1.56048583984375
1.40228271484375
1.257568359375
1.5526123046875
1.6875
1.76336669921875
1.4193115234375
1.510498046875
1.52593994140625
1.64276123046875
1.5216064453125
1.35577392578125
1.513916015625
1.56890869140625
1.50177001953125
1.41448974609375
1.35076904296875
1.646240234375
1.50518798828125
1.52874755859375
1.68817138671875
1.8638916015625
1.28399658203125
1.83709716796875
1.5118408203125
1.53900146484375
1.41961669921875
1.34185791015625
1.5374755859375
1.593505859375
1.508544921875
1.3697509765625
1.81915283203125
1.8558349609375
1.54779052734375
1.5673828125
1.473388671875
1.56494140625
1.52716064453125
1.4920654296875
1.53167724609375
1.5343017578125
1.55877685546875
1.76727294921875
1.43011474609375
1.943603515625
1.23077392578125
1.70269775390625
1.368408203125
1.51641845703125
1.72991943359375
1.52618408203125
1.568359375
1.239501953125
1.6348876953125
1.72052001953125
1.73828125
1.62994384765625
1.27490234375
1.56671142578125
1.56427001953125
1.53399658203125
1.5626220703125
1.401123046875
1.339599609375
1.45709228515625
1.45843505859375
1.23236083984375
1.42535400390625
1.3917236328125
1.49261474609375
1.58831787109375
1.3624267578125
1.56927490234375
1.4996337890625
1.47021484375
1.4974365234375
1.520751953125
1.50048828125
1.4744873046875
1.48321533203125
1.50836181640625
1.72479248046875
1.79937744140625
1.486572265625
1.59661865234375
1.563232421875
1.76251220703125
1.41973876953125
1.430908203125
1.17266845703125
1.62939453125
1.53240966796875
1.3409423828125
1.70159912109375
1.58428955078125
1.4962158203125
1.4002685546875
1.589111328125
1.49676513671875
1.44146728515625
1.4757080078125
1.5625
1.60723876953125
1.3953857421875
1.49249267578125
1.6973876953125
1.37701416015625
1.47772216796875
1.5428466796875
1.4874267578125
1.601318359375
1.6234130859375
1.619384765625
1.5433349609375
1.31439208984375
1.99786376953125
1.5487060546875
1.341796875
1.4871826171875
1.59576416015625
1.5272216796875
1.4835205078125
1.44171142578125
1.653564453125
1.50799560546875
1.520751953125
1.5789794921875
1.76800537109375
1.72796630859375
1.285400390625
1.52691650390625
1.39837646484375
1.72601318359375
1.6685791015625
1.541259765625
1.64910888671875
1.508056640625
1.52783203125
1.8629150390625
1.61444091796875
1.4412841796875
1.33929443359375
1.3812255859375
1.315185546875
1.4024658203125
1.4095458984375
1.36749267578125
1.43438720703125
1.6864013671875
1.657958984375
1.53875732421875
1.62200927734375
1.53741455078125
1.48480224609375
1.403076171875
1.54132080078125
1.400390625
1.62115478515625
1.43768310546875
1.57177734375
1.53045654296875
1.70489501953125
1.7222900390625
1.396484375
1.42022705078125
1.75537109375
1.5140380859375
1.68878173828125
1.18255615234375
1.65374755859375
1.45098876953125
1.330078125
1.5755615234375
1.49169921875
1.45416259765625
1.545654296875
1.51776123046875
1.2667236328125
1.5916748046875
1.46435546875
1.609619140625
1.39312744140625
1.55914306640625
1.4501953125
1.41009521484375
1.38800048828125
1.40716552734375
1.673095703125
1.7208251953125
1.3232421875
1.6170654296875
1.76171875
1.3118896484375
1.47900390625
1.2554931640625
1.5255126953125
1.62860107421875
1.34710693359375
1.65777587890625
1.4239501953125
1.833251953125
1.2489013671875
1.6177978515625
1.5125732421875
1.59124755859375
1.6142578125
1.312744140625
1.739013671875
1.6630859375
1.5286865234375
1.28997802734375
1.6575927734375
1.407470703125
1.6083984375
1.3111572265625
1.37969970703125
1.5474853515625
1.77862548828125
1.62750244140625
1.59014892578125
1.4493408203125
1.618408203125
1.3385009765625
1.66473388671875
1.648193359375
1.46136474609375
1.39373779296875
1.345458984375
1.54766845703125
1.77313232421875
1.67718505859375
1.843505859375
1.7459716796875
1.52972412109375
1.66998291015625
1.49261474609375
1.51751708984375
1.70550537109375
1.17291259765625
1.3748779296875
1.513916015625
1.71270751953125
1.6021728515625
1.6131591796875
1.37274169921875
1.50213623046875
1.612548828125
1.3912353515625
1.65863037109375
1.56268310546875
1.345703125
1.48797607421875
1.60205078125
1.5169677734375
1.5950927734375
1.60650634765625
1.37884521484375
1.581298828125
1.36962890625
1.61663818359375
1.32989501953125
1.34393310546875
1.42254638671875
1.6337890625
1.6385498046875
1.54229736328125
1.57269287109375
1.41180419921875
1.232666015625
1.4462890625
1.52203369140625
1.48529052734375
1.50146484375
1.45849609375
1.74127197265625
1.47698974609375
1.47747802734375
1.21759033203125
1.5322265625
1.50616455078125
1.796142578125
1.73162841796875
1.15936279296875
1.465576171875
1.460205078125
1.38787841796875
1.486083984375
1.59088134765625
1.42767333984375
1.813720703125
1.51666259765625
1.42169189453125
1.18182373046875
1.61029052734375
1.53594970703125
1.581298828125
1.4871826171875
1.3060302734375
1.3280029296875
1.50616455078125
1.34063720703125
1.67132568359375
1.62677001953125
1.515869140625
1.45208740234375
1.6685791015625
1.03839111328125
1.31683349609375
1.63336181640625
1.52911376953125
1.6068115234375
1.6107177734375
1.23333740234375
1.468017578125
1.59814453125
1.7392578125
1.33984375
1.565185546875
1.58831787109375
1.68780517578125
1.34869384765625
1.40631103515625
1.3519287109375
1.68585205078125
1.5849609375
1.3111572265625
1.57574462890625
1.76611328125
1.7139892578125
1.5198974609375
1.38177490234375
1.5218505859375
1.3572998046875
1.6988525390625
1.4522705078125
1.67169189453125
1.5467529296875
1.36773681640625
1.2957763671875
1.7537841796875
1.2119140625
1.3583984375
1.50103759765625
1.40478515625
1.52569580078125
1.5718994140625
1.66485595703125
1.72052001953125
1.39764404296875
1.6513671875
1.575927734375
1.60589599609375
1.18121337890625
1.5301513671875
1.50103759765625
1.44195556640625
1.6181640625
1.49127197265625
1.50616455078125
1.6561279296875
1.7127685546875
1.57373046875
1.51739501953125
1.32098388671875
1.56268310546875
1.56512451171875
1.1728515625
1.48199462890625
1.17724609375
1.534423828125
1.56982421875
1.62750244140625
1.35601806640625
1.561279296875
1.6871337890625
1.6650390625
1.4952392578125
1.39306640625
1.29351806640625
1.4949951171875
1.50689697265625
1.5430908203125
1.4422607421875
1.73248291015625
1.4898681640625
1.34100341796875
1.583251953125
1.5555419921875
1.5745849609375
1.65008544921875
1.48828125
1.21966552734375
1.50799560546875
1.40966796875
1.5506591796875
1.4825439453125
1.6407470703125
1.50592041015625
1.5831298828125
1.37066650390625
1.3868408203125
1.53125
1.47125244140625
1.5904541015625
1.28271484375
1.63287353515625
1.57568359375
1.400146484375
1.12042236328125
1.55499267578125
1.29461669921875
1.5079345703125
1.68402099609375
1.398681640625
1.54449462890625
1.56365966796875
1.70819091796875
1.4595947265625
1.628662109375
1.57843017578125
1.56439208984375
1.78179931640625
1.5689697265625
1.572265625
1.39483642578125
1.645263671875
1.79205322265625
1.49713134765625
1.58160400390625
1.7935791015625
1.63653564453125
1.56121826171875
1.59796142578125
1.54522705078125
1.30743408203125
1.6143798828125
1.3701171875
1.63671875
1.619873046875
1.456787109375
1.56988525390625
1.37359619140625
1.5841064453125
1.8441162109375
1.51123046875
1.68798828125
1.57110595703125
1.3895263671875
1.44903564453125
1.8358154296875
1.62164306640625
1.53289794921875
1.34954833984375
1.6595458984375
1.2423095703125
1.554931640625
1.65362548828125
1.4586181640625
1.4345703125
1.64166259765625
1.643310546875
1.39300537109375
1.5675048828125
1.70098876953125
1.65802001953125
1.1939697265625
1.6888427734375
1.45184326171875
1.4276123046875
1.27337646484375
1.47125244140625
1.39093017578125
1.51458740234375
1.32666015625
1.6502685546875
1.47235107421875
1.3367919921875
1.57415771484375
1.37884521484375
1.57305908203125
1.5948486328125
1.55303955078125
1.74298095703125
1.65289306640625
1.62701416015625
1.69061279296875
1.5123291015625
1.44464111328125
1.34857177734375
1.39056396484375
1.2706298828125
1.60076904296875
1.14666748046875
1.41033935546875
1.46209716796875
1.41180419921875
1.3095703125
1.72259521484375
1.50537109375
1.5699462890625
1.44317626953125
1.58575439453125
1.30908203125
1.73321533203125
1.6170654296875
1.59423828125
1.53387451171875
1.50042724609375
1.7130126953125
1.3883056640625
1.51141357421875
1.53045654296875
1.6136474609375
1.34912109375
1.41845703125
1.55902099609375
1.45391845703125
1.5391845703125
1.2891845703125
1.4061279296875
1.59210205078125
1.5633544921875
1.41607666015625
1.64312744140625
1.42437744140625
1.450439453125
1.68463134765625
1.60260009765625
1.489501953125
1.66552734375
1.560546875
1.44219970703125
1.6087646484375
1.57830810546875
1.60943603515625
1.46783447265625
1.63818359375
1.4344482421875
1.38665771484375
1.82440185546875
1.49627685546875
1.4935302734375
1.52764892578125
1.66607666015625
1.42352294921875
1.53790283203125
1.59912109375
1.55157470703125
1.193359375
1.33447265625
1.67572021484375
1.42315673828125
1.51324462890625
1.62554931640625
1.5654296875
1.31988525390625
1.507080078125
1.719970703125
1.50604248046875
1.37530517578125
1.28924560546875
1.53399658203125
1.377685546875
1.3115234375
1.4298095703125
1.3448486328125
1.4384765625
1.51025390625
1.280029296875
1.418212890625
1.44683837890625
1.7696533203125
1.34234619140625
1.43206787109375
1.7135009765625
1.7254638671875
1.59478759765625
1.58026123046875
1.39447021484375
1.20477294921875
1.6392822265625
1.389892578125
1.59197998046875
1.3907470703125
1.5133056640625
1.50677490234375
1.22186279296875
1.422119140625
1.23541259765625
1.3922119140625
1.64227294921875
1.61810302734375
1.505859375
1.7559814453125
1.73712158203125
1.308349609375
1.6951904296875
1.525390625
1.5435791015625
1.425048828125
1.5279541015625
1.553466796875
1.5406494140625
