1.69091796875
1.69091796875
1.69091796875
1.69091796875
1.69091796875
1.915771484375
1.752685546875
1.546875
1.335205078125
1.572265625
1.6259765625
1.658935546875
1.805419921875
1.668701171875
1.63427734375
1.704345703125
1.825439453125
1.69873046875
1.82373046875
1.7197265625
1.51025390625
1.933349609375
1.871337890625
1.740966796875
1.929443359375
1.557861328125
1.58447265625
1.72998046875
1.59716796875
1.880615234375
1.453125
1.69384765625
1.643798828125
1.7607421875
1.686767578125
1.594970703125
1.82080078125
1.6474609375
1.67626953125
1.746337890625
1.5791015625
1.77099609375
1.663330078125
1.615234375
1.774658203125
1.791015625
1.549072265625
1.816650390625
1.523681640625
1.763427734375
1.728759765625
1.555908203125
1.636474609375
1.777587890625
1.5234375
1.693359375
1.4541015625
1.51123046875
1.866943359375
1.83203125
1.741455078125
1.395263671875
1.24072265625
1.850830078125
1.810302734375
1.833251953125
1.545654296875
1.546630859375
1.51904296875
1.773193359375
1.640869140625
1.341064453125
1.620849609375
1.951416015625
1.62939453125
1.82373046875
1.77978515625
1.536376953125
1.666259765625
1.69677734375
1.819091796875
1.912353515625
1.618408203125
1.522216796875
1.61767578125
1.623046875
2.09423828125
1.60009765625
1.612548828125
1.800048828125
1.555419921875
1.9248046875
1.898193359375
1.944091796875
1.69775390625
1.87939453125
1.434814453125
1.738525390625
1.633056640625
1.81884765625
1.82470703125
1.63330078125
1.802001953125
1.716552734375
1.629150390625
1.504638671875
1.593017578125
1.64501953125
1.94873046875
2.00927734375
1.689697265625
2.010009765625
1.547607421875
1.757568359375
1.726806640625
1.84716796875
1.974609375
1.59765625
1.8125
1.666748046875
1.51708984375
1.660888671875
1.699951171875
1.90869140625
1.5537109375
1.6337890625
1.5029296875
1.5615234375
1.861572265625
1.5419921875
1.806884765625
1.88720703125
1.949462890625
1.65673828125
1.375
1.747802734375
1.903076171875
1.58642578125
1.709716796875
1.402099609375
1.53173828125
2.062744140625
1.73974609375
1.810791015625
1.738037109375
1.569091796875
1.7978515625
1.658935546875
1.76416015625
1.627197265625
1.609375
1.641845703125
1.623779296875
1.609619140625
1.71923828125
1.708251953125
1.6484375
2.025146484375
1.70947265625
1.760009765625
1.7158203125
1.908447265625
1.65673828125
1.638671875
1.92138671875
1.505126953125
1.7314453125
1.38916015625
1.8359375
1.791015625
1.575439453125
1.80859375
1.98095703125
1.748779296875
1.958984375
1.838134765625
1.88818359375
1.490234375
1.74072265625
1.730224609375
1.52294921875
1.668212890625
1.721435546875
1.614501953125
1.512451171875
1.8251953125
1.518798828125
1.73828125
1.901611328125
1.686279296875
1.69140625
1.637939453125
1.916015625
1.848388671875
1.833251953125
1.818359375
1.861328125
1.847412109375
2.057373046875
1.5576171875
1.837646484375
1.77490234375
1.961181640625
1.72265625
1.73388671875
1.61669921875
1.568359375
1.727783203125
1.560791015625
1.751953125
1.562744140625
1.833251953125
1.81982421875
1.88037109375
1.78369140625
1.673828125
1.574951171875
1.32373046875
1.58203125
1.702392578125
1.833740234375
1.5419921875
1.63720703125
1.38037109375
1.68115234375
1.474609375
1.834228515625
1.69677734375
1.595703125
1.42333984375
1.7802734375
1.6689453125
1.33935546875
1.780517578125
1.669921875
1.75146484375
1.7001953125
1.83984375
1.676025390625
1.94677734375
1.803466796875
1.882080078125
1.484619140625
1.75
1.744873046875
1.6796875
1.533935546875
1.877685546875
1.6328125
1.591064453125
1.4912109375
1.6806640625
1.56982421875
1.245849609375
1.42236328125
1.80126953125
1.957763671875
1.316650390625
1.33154296875
1.718017578125
1.639404296875
1.603759765625
1.76171875
1.635498046875
1.660400390625
1.92724609375
1.740966796875
1.46142578125
1.8251953125
1.565673828125
1.62353515625
1.677978515625
1.797119140625
1.9208984375
1.69091796875
1.71044921875
1.766845703125
1.890380859375
1.728759765625
1.54638671875
1.80859375
1.76220703125
1.74365234375
1.4453125
1.53271484375
1.532958984375
1.665771484375
1.599853515625
1.4072265625
1.688720703125
2.11376953125
1.656494140625
1.8115234375
1.777099609375
1.81396484375
1.58544921875
1.43359375
1.56201171875
1.50537109375
1.818359375
1.9599609375
1.76708984375
1.492431640625
1.876708984375
1.409423828125
1.782470703125
1.499267578125
1.9140625
1.37255859375
1.6142578125
1.73681640625
1.685302734375
1.71630859375
1.5810546875
1.582275390625
1.76806640625
1.545654296875
1.865966796875
1.932373046875
1.85107421875
1.833984375
1.78759765625
1.5166015625
1.52197265625
1.603515625
1.846923828125
1.791015625
1.791015625
1.9072265625
1.894775390625
1.611572265625
1.866943359375
1.41357421875
1.8310546875
1.546142578125
1.71337890625
1.738037109375
1.53076171875
1.796142578125
1.573974609375
1.795654296875
1.8095703125
1.55419921875
1.599365234375
1.630126953125
1.78662109375
1.4013671875
1.975341796875
1.76953125
2.118896484375
1.552490234375
1.386474609375
1.978271484375
1.47021484375
1.908447265625
1.70703125
1.572998046875
1.7158203125
1.483642578125
1.762939453125
1.666015625
1.7958984375
1.611572265625
1.817138671875
1.84130859375
1.92333984375
1.69384765625
1.30078125
1.770263671875
1.601806640625
1.773681640625
1.6298828125
1.387939453125
1.715087890625
1.933349609375
1.8818359375
1.718994140625
1.785888671875
1.806640625
2.047607421875
1.53955078125
1.7763671875
1.33056640625
1.71630859375
1.774169921875
1.7099609375
1.678466796875
1.8681640625
1.638427734375
1.90478515625
1.818115234375
1.765380859375
1.693115234375
1.88623046875
1.810546875
1.54345703125
1.841064453125
1.662353515625
1.692138671875
1.748779296875
1.847900390625
1.906005859375
1.754150390625
1.772705078125
1.834228515625
1.80029296875
1.684326171875
1.797607421875
1.528564453125
1.757568359375
1.66650390625
1.240478515625
1.784423828125
1.642578125
1.69580078125
2.016357421875
1.7626953125
1.887939453125
1.65380859375
1.82666015625
1.761474609375
1.806640625
1.67724609375
1.7900390625
1.834228515625
1.9541015625
1.771484375
1.73779296875
1.70556640625
1.810302734375
1.678466796875
1.439697265625
1.662109375
1.816162109375
1.650146484375
1.990966796875
1.882568359375
2.029541015625
1.530517578125
1.68701171875
1.488525390625
1.29736328125
1.885498046875
1.826416015625
1.701416015625
1.677001953125
1.551513671875
1.390380859375
1.775634765625
1.85302734375
1.388916015625
1.71533203125
1.642333984375
2.0751953125
1.917236328125
1.5224609375
1.75439453125
1.959716796875
1.68017578125
1.510986328125
1.6279296875
1.430419921875
1.575927734375
1.93896484375
1.805908203125
1.593505859375
1.739501953125
1.972412109375
1.3984375
1.760986328125
1.46923828125
1.60498046875
1.787109375
1.499267578125
1.661376953125
1.68896484375
1.715576171875
1.593017578125
1.597412109375
1.621337890625
1.757568359375
1.589599609375
1.6904296875
1.43505859375
1.869873046875
1.666259765625
1.7314453125
1.9326171875
1.504638671875
1.728271484375
1.911865234375
1.5771484375
1.686767578125
1.68505859375
1.615234375
1.66845703125
1.548828125
1.7412109375
1.584716796875
1.432373046875
1.66650390625
1.79296875
1.75390625
1.92578125
1.720458984375
1.71044921875
1.6640625
1.910400390625
1.5322265625
1.492431640625
1.69189453125
1.676513671875
1.59716796875
1.64501953125
1.5537109375
1.441162109375
1.9521484375
1.708984375
1.71923828125
1.473388671875
1.857177734375
1.95458984375
1.830322265625
1.5888671875
1.775146484375
1.6806640625
1.4951171875
1.511474609375
1.802734375
1.623046875
1.48046875
1.504638671875
1.4912109375
1.495849609375
1.573974609375
1.572509765625
1.689208984375
1.681640625
1.665283203125
1.744384765625
1.569091796875
1.896728515625
1.8896484375
1.86865234375
1.6875
2.015380859375
1.600830078125
1.515625
1.791259765625
1.543212890625
1.7431640625
1.528076171875
1.683349609375
1.678466796875
1.75927734375
1.589111328125
2.024658203125
1.91943359375
1.586181640625
1.67138671875
1.681884765625
1.679443359375
1.755859375
1.66259765625
1.61279296875
1.546630859375
1.621337890625
1.71044921875
1.77734375
1.7705078125
1.67333984375
1.5771484375
2.03369140625
1.822998046875
1.80615234375
2.060546875
1.83056640625
1.91015625
1.59765625
1.718017578125
1.445068359375
1.783203125
1.7490234375
1.880126953125
1.57275390625
1.73779296875
1.57421875
1.71484375
1.71337890625
1.7744140625
1.891845703125
1.666748046875
1.74609375
1.437744140625
1.5712890625
1.50537109375
1.680419921875
1.63232421875
1.938720703125
1.869873046875
1.57666015625
1.509521484375
1.803955078125
1.724609375
1.781982421875
1.6357421875
1.848388671875
1.95068359375
1.76025390625
1.737060546875
1.63037109375
1.462646484375
1.449951171875
1.8046875
1.616455078125
1.40576171875
1.7470703125
1.546630859375
1.703369140625
1.80224609375
1.8037109375
1.4814453125
1.803466796875
1.906494140625
1.7138671875
1.625732421875
1.752197265625
1.336669921875
1.495849609375
1.5908203125
1.56640625
1.635009765625
1.456298828125
2.091064453125
1.626708984375
1.5244140625
1.88330078125
1.706787109375
1.703857421875
1.65380859375
1.726806640625
1.62451171875
1.8330078125
1.959716796875
1.665771484375
1.637939453125
1.56787109375
1.596923828125
1.55712890625
1.49072265625
1.68408203125
1.61669921875
1.540283203125
1.42724609375
1.903076171875
1.67578125
1.742431640625
1.82275390625
1.7001953125
1.338623046875
1.566162109375
1.67333984375
1.754150390625
1.489990234375
2.066162109375
1.8837890625
1.922607421875
1.80029296875
1.575927734375
1.66796875
1.703125
1.790771484375
1.484375
1.87890625
1.65380859375
1.853759765625
1.47216796875
1.9052734375
1.786865234375
1.801025390625
1.82373046875
1.689208984375
1.961181640625
1.586181640625
1.54150390625
1.603759765625
1.675048828125
1.72802734375
1.7314453125
1.346923828125
1.64306640625
1.44189453125
1.626708984375
1.73974609375
1.958740234375
1.918701171875
1.6865234375
1.8525390625
1.83740234375
1.90234375
1.54345703125
1.796630859375
1.681396484375
1.700439453125
1.707275390625
1.558837890625
1.44287109375
1.78955078125
1.889892578125
1.953125
1.77392578125
1.81298828125
1.716796875
1.869384765625
1.667236328125
1.32666015625
1.7783203125
1.8701171875
1.5703125
1.623046875
1.6318359375
1.6533203125
1.6513671875
1.899169921875
1.9423828125
1.651123046875
1.46484375
1.82275390625
2.0419921875
1.767578125
1.896484375
1.455322265625
1.83935546875
1.74560546875
1.681884765625
1.70068359375
1.822265625
1.82421875
1.55322265625
1.765380859375
1.39013671875
1.54443359375
1.570556640625
1.548095703125
1.802490234375
1.742919921875
1.4775390625
1.67724609375
1.79931640625
1.80859375
2.0732421875
2.02978515625
1.47509765625
1.759521484375
1.72021484375
1.789306640625
1.60595703125
1.7744140625
1.23046875
1.71533203125
1.5458984375
1.775390625
1.567138671875
1.828857421875
1.548828125
1.628662109375
2.030517578125
1.734619140625
1.90673828125
1.759765625
1.8212890625
1.78857421875
1.552734375
1.869873046875
1.718017578125
1.8076171875
1.71142578125
1.6806640625
1.6220703125
1.649169921875
1.886474609375
1.898681640625
1.685546875
1.72216796875
1.759765625
1.824951171875
