1.655517578125
1.655517578125
1.655517578125
1.880615234375
1.800048828125
1.759033203125
1.93212890625
1.599365234375
1.700439453125
1.890869140625
1.81982421875
1.52099609375
1.7890625
1.68896484375
1.478271484375
1.837158203125
1.652099609375
1.606201171875
1.72265625
1.54931640625
1.7099609375
1.547119140625
1.85693359375
1.779052734375
1.663330078125
1.447265625
1.552490234375
1.73486328125
1.768310546875
1.723388671875
1.794677734375
1.610107421875
1.64501953125
1.576904296875
1.5703125
1.620849609375
1.6708984375
1.75341796875
1.98681640625
1.72216796875
1.65283203125
1.667236328125
1.8095703125
1.923095703125
1.580810546875
1.812255859375
1.973388671875
1.814697265625
1.582763671875
1.482177734375
1.694580078125
1.52490234375
1.53173828125
1.7919921875
1.497314453125
1.66064453125
1.281005859375
1.74267578125
1.69482421875
1.91064453125
1.311279296875
1.7177734375
1.69140625
1.6982421875
1.685791015625
1.28125
1.483154296875
1.833740234375
1.745849609375
1.704833984375
1.841552734375
1.644775390625
1.63037109375
1.441162109375
1.78759765625
1.5166015625
1.701416015625
1.70703125
1.7744140625
1.73486328125
1.7978515625
1.50732421875
1.284423828125
1.8935546875
1.46435546875
1.81103515625
1.841552734375
1.554931640625
1.697021484375
1.773681640625
1.593017578125
2.00537109375
1.406005859375
1.605224609375
1.879638671875
1.609619140625
1.56298828125
1.40576171875
1.82861328125
1.55126953125
1.62890625
1.57373046875
1.8095703125
1.7529296875
1.63671875
1.70703125
1.6044921875
1.4208984375
1.96923828125
1.436279296875
1.642822265625
1.91748046875
1.52099609375
1.66259765625
1.437744140625
1.384521484375
1.50830078125
1.86181640625
1.798828125
1.767333984375
1.74951171875
1.95849609375
1.621337890625
1.5654296875
1.8203125
1.753173828125
1.53466796875
1.7734375
1.429443359375
1.852783203125
2.212646484375
1.84765625
2.125732421875
1.755859375
1.83740234375
1.5654296875
1.7861328125
1.611572265625
1.728515625
1.7490234375
1.665771484375
1.562744140625
1.487060546875
1.710205078125
1.5634765625
1.726318359375
1.825439453125
1.741943359375
1.652587890625
1.686767578125
1.78369140625
1.656005859375
1.67919921875
1.59619140625
1.320556640625
1.374755859375
1.477294921875
1.65966796875
1.781494140625
1.714599609375
1.663818359375
1.602294921875
1.365478515625
1.751953125
1.5283203125
1.443603515625
1.49951171875
1.511474609375
1.63330078125
1.77685546875
1.763916015625
1.578125
1.632568359375
1.595947265625
1.611572265625
1.71875
1.70751953125
1.678955078125
1.6142578125
1.3974609375
1.618408203125
1.665771484375
1.453857421875
1.74853515625
1.527099609375
1.68115234375
1.5908203125
1.713623046875
1.8994140625
1.6435546875
1.70947265625
1.676025390625
1.984375
1.388671875
1.889404296875
1.6005859375
1.881103515625
1.42626953125
1.83544921875
1.866943359375
1.784912109375
1.746337890625
1.737060546875
1.993896484375
1.47607421875
1.51953125
1.95458984375
1.75244140625
1.271484375
1.82763671875
1.825439453125
1.427978515625
1.667236328125
1.43701171875
1.42578125
1.7294921875
1.7626953125
1.871826171875
1.74560546875
1.556640625
1.510986328125
1.7109375
1.520751953125
1.692138671875
1.873291015625
1.552490234375
1.529052734375
1.46728515625
1.563232421875
1.3984375
1.709228515625
1.471435546875
1.7373046875
1.547607421875
1.564453125
1.69189453125
1.610107421875
1.445068359375
1.740234375
1.6416015625
1.389404296875
1.75341796875
1.8671875
1.498291015625
1.631591796875
1.55029296875
1.770751953125
1.6474609375
1.641357421875
1.41015625
1.93994140625
1.8623046875
1.65625
1.62890625
1.71923828125
1.783203125
1.874267578125
1.726318359375
1.39453125
1.638671875
1.54248046875
1.798583984375
1.7744140625
1.683349609375
1.575439453125
1.641357421875
1.700439453125
1.809814453125
1.7119140625
1.482666015625
1.909912109375
1.919677734375
1.84521484375
1.78466796875
1.72265625
1.55126953125
1.3017578125
1.489501953125
1.772216796875
1.742431640625
1.562255859375
1.59375
1.530517578125
1.468505859375
1.625732421875
1.744384765625
1.631103515625
1.597412109375
1.6025390625
1.99560546875
1.3095703125
1.63330078125
1.717041015625
1.96337890625
2.02392578125
1.424560546875
1.618408203125
1.791259765625
1.75927734375
1.80712890625
1.422607421875
1.672607421875
1.766357421875
1.60888671875
1.999267578125
1.943359375
1.786376953125
1.855712890625
1.527099609375
1.714599609375
1.923583984375
1.796875
1.5673828125
1.43994140625
1.751708984375
1.80517578125
1.8134765625
1.839111328125
1.717529296875
1.5029296875
1.65087890625
1.421875
1.86328125
1.667236328125
1.8486328125
1.536376953125
1.771484375
1.671875
1.56982421875
2.087890625
1.83154296875
1.742431640625
1.5947265625
1.68408203125
1.785400390625
1.449462890625
1.763427734375
1.70703125
1.799560546875
1.4638671875
1.29248046875
1.884765625
1.52978515625
1.823486328125
1.701904296875
1.56591796875
1.69189453125
1.917236328125
1.51953125
1.730712890625
1.6259765625
1.7978515625
1.656005859375
1.851318359375
1.6171875
1.857421875
1.8134765625
1.574951171875
1.78369140625
1.6318359375
1.771728515625
1.842529296875
1.7138671875
1.962646484375
1.491943359375
1.7431640625
1.633544921875
1.5703125
1.698974609375
1.525634765625
1.851806640625
1.86181640625
1.820068359375
1.73291015625
1.874755859375
1.892333984375
1.645751953125
1.634521484375
1.813232421875
1.87158203125
1.69775390625
1.408447265625
1.4931640625
1.619384765625
1.560791015625
1.900390625
1.78076171875
1.85546875
1.90771484375
1.783447265625
1.61669921875
1.789306640625
1.464111328125
1.6943359375
2.039306640625
1.643798828125
1.8271484375
1.636962890625
1.510986328125
1.963134765625
1.708740234375
1.6787109375
1.98974609375
1.547607421875
1.62060546875
1.971923828125
1.93994140625
1.595703125
1.546142578125
1.446533203125
1.62841796875
1.77783203125
1.600341796875
1.66650390625
1.588623046875
1.599609375
1.76708984375
1.653564453125
1.9609375
1.56005859375
1.54345703125
1.37646484375
1.397705078125
1.890380859375
1.58984375
1.613037109375
1.6787109375
1.668212890625
1.583740234375
1.63330078125
2.0234375
1.587646484375
1.8662109375
1.659912109375
1.661865234375
1.6259765625
1.701904296875
1.597412109375
1.48876953125
1.856201171875
1.46337890625
1.66064453125
1.60107421875
1.518310546875
1.811279296875
1.600830078125
1.589599609375
1.6845703125
1.863525390625
1.72802734375
1.9267578125
1.925537109375
1.748291015625
1.851806640625
1.80078125
1.67138671875
1.73046875
1.62109375
1.95166015625
1.755859375
1.562255859375
1.4853515625
1.736572265625
1.582275390625
1.5107421875
1.8291015625
1.6572265625
1.6728515625
1.70263671875
1.6259765625
1.811767578125
1.553955078125
1.73974609375
1.634033203125
1.593017578125
1.815673828125
1.528564453125
1.659423828125
1.708984375
1.67626953125
1.582275390625
1.377197265625
1.620849609375
1.84326171875
1.6318359375
1.606201171875
1.71337890625
1.860107421875
1.618896484375
1.666748046875
1.608154296875
1.529052734375
1.97265625
1.627197265625
1.6015625
2.111328125
1.592041015625
1.419189453125
1.6376953125
1.634033203125
1.432373046875
1.6494140625
1.6103515625
1.621337890625
1.5791015625
1.847412109375
1.797119140625
1.667236328125
1.36669921875
1.58203125
1.81689453125
1.611083984375
1.719970703125
1.53076171875
1.53955078125
1.643798828125
1.3779296875
1.60888671875
1.8251953125
1.670654296875
1.613525390625
1.652587890625
1.804931640625
1.73583984375
1.61865234375
1.494140625
1.69189453125
1.728515625
1.5634765625
1.87451171875
1.65380859375
1.291015625
1.64697265625
1.7861328125
1.765869140625
1.703369140625
1.49462890625
1.31103515625
1.63671875
1.726806640625
1.37353515625
1.447021484375
2.02978515625
1.7587890625
1.712158203125
1.5712890625
1.709716796875
1.595947265625
1.7177734375
1.462646484375
1.8203125
1.395263671875
1.7216796875
1.759033203125
1.610595703125
1.920654296875
1.5341796875
1.6533203125
1.467041015625
1.660400390625
1.6357421875
1.580078125
1.66748046875
1.67919921875
1.310791015625
1.544189453125
1.454345703125
1.81982421875
1.6923828125
1.65576171875
1.842041015625
1.709228515625
1.651123046875
1.365478515625
1.9423828125
1.873291015625
1.666748046875
1.53076171875
1.96435546875
1.907470703125
2.022705078125
1.483642578125
1.700439453125
1.937744140625
1.573486328125
1.65283203125
1.835205078125
1.580078125
1.689697265625
1.831298828125
1.647216796875
1.6328125
1.771240234375
1.472412109375
1.466064453125
1.5283203125
1.549560546875
1.833251953125
1.66845703125
1.703369140625
1.668701171875
1.55615234375
1.643310546875
1.903564453125
1.64306640625
1.64794921875
1.2802734375
1.834716796875
1.71630859375
1.66162109375
1.779052734375
1.668212890625
1.744873046875
1.75244140625
1.86474609375
1.47998046875
1.71533203125
1.804443359375
1.532470703125
1.821044921875
1.910400390625
1.84228515625
1.752685546875
1.818359375
1.73583984375
2.02490234375
1.824462890625
1.812744140625
1.84619140625
1.727783203125
1.668701171875
1.820068359375
1.75390625
1.654052734375
1.68310546875
1.567138671875
1.618408203125
1.793212890625
1.55029296875
1.498291015625
1.54833984375
1.990966796875
1.640380859375
1.8388671875
1.971435546875
1.76708984375
1.66796875
1.50634765625
1.5078125
1.929443359375
1.84375
1.775390625
1.796630859375
1.849365234375
1.790283203125
1.541015625
1.68212890625
1.456298828125
1.68310546875
1.46337890625
1.795166015625
1.53515625
1.699951171875
1.734130859375
1.692138671875
1.5234375
1.781494140625
1.74658203125
1.22265625
1.994873046875
1.637451171875
1.58740234375
1.447998046875
1.360595703125
1.34912109375
1.628173828125
1.873046875
1.550537109375
1.645751953125
1.617431640625
1.41650390625
1.76416015625
1.7080078125
1.63720703125
1.734619140625
1.547607421875
1.480712890625
1.371337890625
1.482421875
1.628662109375
1.559814453125
1.600341796875
1.271728515625
1.527587890625
1.53125
1.586669921875
1.645751953125
1.57470703125
1.655029296875
2.036865234375
2.084716796875
1.669921875
1.90576171875
1.573486328125
1.6162109375
1.676513671875
1.792236328125
1.631591796875
1.240966796875
1.498291015625
1.688232421875
1.5537109375
1.577880859375
1.83740234375
1.5625
1.69140625
1.62646484375
2.0810546875
1.69482421875
1.669189453125
1.821533203125
1.545166015625
1.46533203125
1.639404296875
1.73388671875
1.76171875
1.592041015625
1.685546875
1.614501953125
1.813720703125
1.79150390625
1.695068359375
1.332763671875
1.59765625
2.025390625
1.480712890625
1.5673828125
1.765380859375
1.80126953125
1.384521484375
1.722412109375
1.946533203125
1.8828125
1.455078125
1.473388671875
1.954345703125
1.501708984375
1.60009765625
1.67626953125
1.951416015625
1.492431640625
1.598876953125
1.737060546875
1.663330078125
1.665283203125
1.935791015625
1.926513671875
1.7958984375
1.524658203125
1.5693359375
1.906005859375
1.736572265625
1.6171875
1.775634765625
1.40966796875
1.820556640625
1.7265625
1.849853515625
1.557861328125
1.556640625
1.588623046875
1.5888671875
1.521240234375
1.60986328125
1.872314453125
1.513671875
1.68115234375
1.30078125
1.762451171875
1.633056640625
1.6474609375
1.69091796875
1.759765625
1.676513671875
1.80078125
1.57373046875
1.690673828125
1.724609375
1.638427734375
1.75732421875
1.7490234375
1.58642578125
1.27294921875
1.64111328125
1.72900390625
1.7705078125
1.62158203125
1.916259765625
1.58837890625
1.79150390625
2.010498046875
1.741455078125
1.76513671875
1.818359375
1.60009765625
1.443115234375
1.31640625
2.007080078125
1.7568359375
1.8662109375
1.938232421875
1.335693359375
1.81005859375
1.728759765625
1.705322265625
1.669921875
1.844970703125
1.75
1.406982421875
1.85302734375
1.587646484375
1.73583984375
1.699951171875
1.544921875
1.6669921875
1.603515625
1.873779296875
1.470947265625
1.66259765625
1.44970703125
1.756103515625
1.744384765625
1.665283203125
1.883056640625
1.5
1.831787109375
1.75
1.756591796875
1.369384765625
1.597900390625
1.556396484375
1.71533203125
1.79296875
1.53515625
1.724609375
1.820068359375
2.0087890625
1.458984375
1.819580078125
1.69580078125
1.7158203125
1.79052734375
1.8388671875
1.6181640625
1.7451171875
1.571044921875
1.5234375
1.568603515625
1.650634765625
1.673095703125
1.908203125
1.66845703125
1.822265625
1.521484375
1.724365234375
2.003662109375
1.553955078125
1.642822265625
