1.655517578125
1.655517578125
1.655517578125
1.655517578125
1.655517578125
1.896484375
1.73974609375
1.50634765625
1.316650390625
1.523193359375
1.601318359375
1.60205078125
1.809814453125
1.63330078125
1.605712890625
1.66943359375
1.7890625
1.652099609375
1.780517578125
1.72705078125
1.422119140625
1.89013671875
1.755859375
1.76708984375
1.9072265625
1.51123046875
1.534423828125
1.725830078125
1.5546875
1.911376953125
1.4130859375
1.64501953125
1.579833984375
1.7412109375
1.665771484375
1.5556640625
1.79833984375
1.665283203125
1.677734375
1.76318359375
1.59130859375
1.726318359375
1.62939453125
1.559814453125
1.762939453125
1.79931640625
1.52734375
1.814697265625
1.482177734375
1.711181640625
1.660888671875
1.468505859375
1.62060546875
1.74267578125
1.46875
1.657958984375
1.430419921875
1.515869140625
1.9072265625
1.786376953125
1.72412109375
1.311279296875
1.193359375
1.816162109375
1.756103515625
1.808837890625
1.493896484375
1.52197265625
1.502197265625
1.724365234375
1.61474609375
1.309814453125
1.59228515625
1.931884765625
1.579345703125
1.7978515625
1.745361328125
1.484375
1.631591796875
1.64599609375
1.78857421875
1.903076171875
1.60009765625
1.490478515625
1.595947265625
1.59765625
2.085205078125
1.577880859375
1.54833984375
1.759033203125
1.516357421875
1.91552734375
1.85205078125
1.956787109375
1.69189453125
1.869140625
1.384521484375
1.696533203125
1.62939453125
1.776123046875
1.830810546875
1.569091796875
1.747802734375
1.724853515625
1.555419921875
1.499267578125
1.559814453125
1.615478515625
1.932373046875
1.9765625
1.66015625
1.983154296875
1.552978515625
1.716552734375
1.718505859375
1.82763671875
1.941162109375
1.531982421875
1.794921875
1.637939453125
1.46728515625
1.61962890625
1.6630859375
1.883056640625
1.54638671875
1.6044921875
1.46533203125
1.547119140625
1.8525390625
1.510498046875
1.736572265625
1.874755859375
1.91943359375
1.617919921875
1.31640625
1.699462890625
1.901123046875
1.565673828125
1.65966796875
1.38037109375
1.49755859375
2.05029296875
1.687255859375
1.7353515625
1.71435546875
1.52734375
1.769775390625
1.6669921875
1.770263671875
1.614990234375
1.568359375
1.57861328125
1.606201171875
1.587158203125
1.682373046875
1.6748046875
1.6142578125
2.0
1.677978515625
1.75390625
1.708984375
1.897705078125
1.631591796875
1.5634765625
1.8984375
1.458251953125
1.711669921875
1.37744140625
1.78662109375
1.74951171875
1.5546875
1.7685546875
1.93603515625
1.71484375
1.975830078125
1.80859375
1.8818359375
1.436279296875
1.716796875
1.705810546875
1.508544921875
1.66796875
1.687255859375
1.59765625
1.510986328125
1.7744140625
1.497314453125
1.705810546875
1.873291015625
1.681884765625
1.6474609375
1.620361328125
1.857177734375
1.8310546875
1.839111328125
1.791748046875
1.845458984375
1.854736328125
2.01171875
1.534423828125
1.81640625
1.740234375
1.955078125
1.704833984375
1.7197265625
1.57421875
1.540771484375
1.7333984375
1.551513671875
1.71044921875
1.505859375
1.770751953125
1.8193359375
1.8310546875
1.7822265625
1.661865234375
1.545166015625
1.292724609375
1.548828125
1.699462890625
1.801025390625
1.517822265625
1.59716796875
1.33447265625
1.619384765625
1.43701171875
1.82861328125
1.65234375
1.5908203125
1.388671875
1.772216796875
1.6376953125
1.30029296875
1.761962890625
1.603759765625
1.72265625
1.654296875
1.787353515625
1.625732421875
1.918212890625
1.754638671875
1.8251953125
1.44921875
1.7080078125
1.710205078125
1.647705078125
1.49609375
1.833984375
1.617919921875
1.54150390625
1.491943359375
1.61962890625
1.542724609375
1.2099609375
1.39599609375
1.758544921875
1.943115234375
1.282470703125
1.2880859375
1.69921875
1.623291015625
1.6005859375
1.741455078125
1.600830078125
1.624755859375
1.908447265625
1.663330078125
1.436767578125
1.79150390625
1.56982421875
1.575927734375
1.66650390625
1.7568359375
1.86328125
1.6708984375
1.721923828125
1.755615234375
1.8388671875
1.728271484375
1.510986328125
1.774658203125
1.753173828125
1.680419921875
1.402099609375
1.498291015625
1.496826171875
1.611328125
1.553955078125
1.36572265625
1.694580078125
2.11474609375
1.626220703125
1.777587890625
1.7734375
1.76416015625
1.5439453125
1.40380859375
1.530029296875
1.453369140625
1.793701171875
1.9375
1.68896484375
1.4853515625
1.861572265625
1.3818359375
1.764892578125
1.48095703125
1.885498046875
1.343994140625
1.52978515625
1.720458984375
1.650146484375
1.701904296875
1.544921875
1.546875
1.76025390625
1.512939453125
1.851318359375
1.90576171875
1.813232421875
1.80615234375
1.775634765625
1.46337890625
1.491455078125
1.583984375
1.85888671875
1.75
1.783203125
1.851806640625
1.87939453125
1.58349609375
1.832763671875
1.41015625
1.7822265625
1.525390625
1.661376953125
1.669189453125
1.4638671875
1.760009765625
1.533447265625
1.78125
1.783447265625
1.5556640625
1.563720703125
1.614501953125
1.717041015625
1.36328125
1.963134765625
1.735595703125
2.076171875
1.517333984375
1.3330078125
1.936279296875
1.437255859375
1.876220703125
1.669921875
1.55908203125
1.697265625
1.452392578125
1.7861328125
1.623779296875
1.756103515625
1.59716796875
1.7900390625
1.815185546875
1.9443359375
1.6806640625
1.263427734375
1.743896484375
1.575927734375
1.728271484375
1.583740234375
1.36328125
1.670654296875
1.91162109375
1.83642578125
1.661865234375
1.7705078125
1.760009765625
2.040283203125
1.48876953125
1.733154296875
1.287841796875
1.69287109375
1.75390625
1.712646484375
1.668701171875
1.827392578125
1.643798828125
1.921630859375
1.7763671875
1.7060546875
1.637939453125
1.8291015625
1.788818359375
1.54345703125
1.796875
1.6572265625
1.655029296875
1.707275390625
1.833740234375
1.878662109375
1.685546875
1.725341796875
1.810546875
1.754150390625
1.630126953125
1.739990234375
1.49267578125
1.73974609375
1.634033203125
1.201904296875
1.765380859375
1.582763671875
1.63818359375
2.03857421875
1.721435546875
1.870361328125
1.659423828125
1.818359375
1.70703125
1.76904296875
1.647216796875
1.733154296875
1.84423828125
1.93310546875
1.730712890625
1.710205078125
1.68994140625
1.7763671875
1.630615234375
1.41796875
1.6376953125
1.771240234375
1.588134765625
1.93310546875
1.845458984375
1.974853515625
1.457275390625
1.651123046875
1.447509765625
1.255859375
1.88427734375
1.801513671875
1.6865234375
1.6337890625
1.510986328125
1.3779296875
1.733642578125
1.8046875
1.370849609375
1.697509765625
1.64599609375
2.12255859375
1.896484375
1.49658203125
1.755126953125
1.957763671875
1.634033203125
1.47509765625
1.62939453125
1.3837890625
1.534912109375
1.9482421875
1.7587890625
1.588623046875
1.701416015625
1.969970703125
1.349853515625
1.701171875
1.456787109375
1.581787109375
1.762939453125
1.48193359375
1.618408203125
1.62451171875
1.670166015625
1.55810546875
1.547607421875
1.548583984375
1.748046875
1.5751953125
1.633544921875
1.3798828125
1.7861328125
1.65478515625
1.707763671875
1.9150390625
1.473388671875
1.67919921875
1.89013671875
1.554443359375
1.631103515625
1.689453125
1.611083984375
1.625732421875
1.521484375
1.69287109375
1.577392578125
1.393798828125
1.638671875
1.770751953125
1.740966796875
1.873291015625
1.71142578125
1.712646484375
1.657958984375
1.883056640625
1.483642578125
1.400146484375
1.65234375
1.668212890625
1.5673828125
1.57275390625
1.53515625
1.400634765625
1.85986328125
1.653564453125
1.689697265625
1.433349609375
1.817626953125
1.93310546875
1.791015625
1.502685546875
1.73193359375
1.62451171875
1.4521484375
1.466064453125
1.778564453125
1.57958984375
1.44091796875
1.4736328125
1.458740234375
1.42626953125
1.5625
1.55615234375
1.643310546875
1.657470703125
1.63818359375
1.702880859375
1.551025390625
1.892333984375
1.930908203125
1.85009765625
1.650634765625
1.96630859375
1.565673828125
1.505126953125
1.767578125
1.513671875
1.732421875
1.49609375
1.691162109375
1.67041015625
1.690185546875
1.532470703125
1.990966796875
1.91650390625
1.554931640625
1.64111328125
1.649169921875
1.643798828125
1.769775390625
1.6181640625
1.563720703125
1.50537109375
1.58056640625
1.66796875
1.748779296875
1.73974609375
1.6845703125
1.511474609375
2.072509765625
1.822509765625
1.78125
2.068603515625
1.837158203125
1.9169921875
1.620849609375
1.680419921875
1.42919921875
1.783935546875
1.727783203125
1.819580078125
1.512451171875
1.724609375
1.529541015625
1.69677734375
1.6552734375
1.72509765625
1.84765625
1.650146484375
1.72607421875
1.418212890625
1.51953125
1.468994140625
1.657470703125
1.628173828125
1.878173828125
1.851806640625
1.53515625
1.4970703125
1.774169921875
1.692138671875
1.755126953125
1.6015625
1.783447265625
1.9130859375
1.720458984375
1.69140625
1.6162109375
1.4658203125
1.41650390625
1.78857421875
1.578125
1.3720703125
1.710693359375
1.516357421875
1.687255859375
1.81591796875
1.742431640625
1.4384765625
1.77587890625
1.902099609375
1.69287109375
1.597900390625
1.742431640625
1.294677734375
1.4345703125
1.539306640625
1.5615234375
1.59521484375
1.423095703125
2.115966796875
1.614501953125
1.49267578125
1.8671875
1.676513671875
1.67431640625
1.621826171875
1.708740234375
1.5908203125
1.78173828125
1.939208984375
1.623046875
1.606689453125
1.566162109375
1.563720703125
1.570556640625
1.474853515625
1.69482421875
1.590576171875
1.498291015625
1.411865234375
1.894287109375
1.609375
1.66748046875
1.813720703125
1.6650390625
1.287353515625
1.482177734375
1.630126953125
1.72021484375
1.455078125
2.06201171875
1.861572265625
1.912841796875
1.75439453125
1.536865234375
1.62939453125
1.688720703125
1.76904296875
1.47314453125
1.85693359375
1.602783203125
1.80712890625
1.458740234375
1.8818359375
1.77294921875
1.712158203125
1.775634765625
1.66015625
1.933349609375
1.557861328125
1.51220703125
1.588623046875
1.6103515625
1.677490234375
1.6962890625
1.3291015625
1.583740234375
1.42822265625
1.637939453125
1.6943359375
1.919921875
1.890869140625
1.65478515625
1.833740234375
1.79296875
1.87744140625
1.510498046875
1.740234375
1.68017578125
1.694580078125
1.681396484375
1.51611328125
1.395751953125
1.762939453125
1.822021484375
1.919189453125
1.77734375
1.7880859375
1.69775390625
1.844970703125
1.601806640625
1.303955078125
1.75
1.846923828125
1.501953125
1.58349609375
1.6015625
1.6259765625
1.632568359375
1.882080078125
1.908203125
1.672607421875
1.4462890625
1.818359375
2.015380859375
1.699951171875
1.900634765625
1.4013671875
1.84033203125
1.745361328125
1.6162109375
1.659912109375
1.744384765625
1.8251953125
1.5380859375
1.748779296875
1.369384765625
1.482177734375
1.52001953125
1.5009765625
1.747802734375
1.756103515625
1.400390625
1.664306640625
1.753662109375
1.77490234375
2.056396484375
2.064208984375
1.45849609375
1.710205078125
1.717041015625
1.797119140625
1.538330078125
1.753173828125
1.16357421875
1.708740234375
1.53515625
1.74267578125
1.521728515625
1.819580078125
1.52587890625
1.592041015625
1.989501953125
1.697021484375
1.8623046875
1.740478515625
1.7763671875
1.73974609375
1.500244140625
1.81982421875
1.7041015625
1.820068359375
1.68994140625
1.670166015625
1.615966796875
1.61181640625
1.810546875
1.861083984375
1.634521484375
1.675537109375
1.7177734375
1.85693359375
