1.251953125
1.251953125
1.251953125
1.251953125
1.251953125
1.251953125
1.318603515625
1.4462890625
1.313232421875
1.095458984375
1.3505859375
1.072998046875
1.424072265625
1.03955078125
1.354736328125
1.160400390625
0.91552734375
1.36376953125
1.103271484375
1.3173828125
1.121826171875
1.5693359375
1.18017578125
1.293212890625
1.259765625
1.251953125
0.989501953125
1.361572265625
1.121826171875
1.380615234375
1.60302734375
1.2431640625
1.1787109375
1.189208984375
1.20751953125
1.25390625
1.268798828125
1.35986328125
1.353515625
1.34033203125
1.462890625
1.31884765625
1.209716796875
1.19873046875
1.320556640625
1.265380859375
1.1318359375
1.343017578125
1.333251953125
1.35986328125
1.26904296875
1.2744140625
1.375244140625
1.403076171875
1.558837890625
1.24951171875
1.1318359375
1.490966796875
1.127685546875
1.458251953125
1.1962890625
1.273681640625
1.02685546875
1.02734375
1.20703125
1.132080078125
1.208740234375
1.1943359375
1.2431640625
1.337158203125
1.402099609375
1.111328125
1.478515625
1.1474609375
1.25439453125
1.1845703125
1.01806640625
1.168212890625
1.234375
1.074951171875
1.385498046875
1.180908203125
1.36083984375
1.212158203125
1.446044921875
1.369873046875
1.445068359375
1.04931640625
1.48828125
1.16357421875
1.263916015625
1.396240234375
1.356201171875
1.505615234375
1.268798828125
1.208251953125
1.191162109375
1.14208984375
1.123779296875
1.402099609375
1.052734375
1.16943359375
1.36279296875
1.318115234375
1.460205078125
1.389404296875
1.250732421875
1.231689453125
1.33935546875
1.29443359375
1.31982421875
1.257080078125
1.17822265625
1.28662109375
1.326904296875
1.353271484375
1.42626953125
1.28271484375
1.34814453125
1.10791015625
1.115966796875
1.1669921875
1.31982421875
1.399658203125
1.21826171875
1.375244140625
1.223876953125
1.2158203125
1.397216796875
1.188720703125
1.13330078125
1.320556640625
1.15380859375
1.138427734375
1.2626953125
1.533447265625
1.2275390625
1.302490234375
1.40087890625
1.30029296875
1.127197265625
0.9384765625
1.26953125
1.11474609375
1.572509765625
1.2568359375
1.093017578125
1.267333984375
1.19140625
1.4716796875
0.871337890625
1.180419921875
1.3193359375
1.38916015625
1.0751953125
1.120361328125
1.00927734375
1.167236328125
1.314453125
1.054931640625
1.3251953125
1.306884765625
1.156005859375
1.7421875
1.179443359375
1.031494140625
1.148681640625
1.77099609375
1.305908203125
1.40380859375
1.1376953125
1.247314453125
1.437255859375
1.186279296875
1.293212890625
1.27978515625
1.13232421875
1.326416015625
1.192626953125
1.254150390625
1.34765625
1.148681640625
1.493408203125
1.673095703125
0.879150390625
1.154052734375
1.22412109375
1.404052734375
1.202392578125
1.393798828125
1.459716796875
1.47998046875
1.26708984375
0.891845703125
1.269775390625
1.112060546875
1.07861328125
1.552490234375
1.352294921875
1.195556640625
1.21484375
1.2236328125
1.2880859375
1.48681640625
1.277099609375
1.417724609375
1.422119140625
0.884033203125
1.296142578125
1.28125
1.449951171875
1.257568359375
1.264404296875
1.231201171875
1.135498046875
1.427978515625
1.53759765625
1.370361328125
1.214111328125
1.07421875
1.188232421875
1.112060546875
1.11669921875
1.20556640625
1.34765625
1.21435546875
1.443603515625
1.029541015625
1.473876953125
0.978759765625
1.253662109375
1.3955078125
1.088134765625
1.558837890625
1.2666015625
1.327880859375
1.44189453125
0.90087890625
1.527587890625
1.309326171875
1.11962890625
1.033935546875
1.39111328125
1.255126953125
1.35400390625
1.6201171875
1.015380859375
1.180908203125
1.305419921875
1.18408203125
0.997314453125
1.223388671875
1.390869140625
1.353759765625
1.19384765625
1.327392578125
1.373779296875
1.315185546875
1.2841796875
1.064208984375
1.328369140625
1.493408203125
1.41162109375
1.3037109375
1.084716796875
1.271728515625
1.07470703125
1.3837890625
1.239501953125
1.213134765625
1.17529296875
1.5126953125
1.27734375
1.197998046875
1.454833984375
1.140869140625
1.404296875
1.523681640625
1.068359375
1.43408203125
1.335205078125
1.26708984375
1.283935546875
1.28662109375
1.141357421875
1.533203125
1.39892578125
1.018798828125
1.3701171875
1.1201171875
1.423828125
1.429443359375
1.344970703125
1.224365234375
1.2578125
1.185302734375
1.210693359375
1.3134765625
1.317138671875
1.43994140625
1.21533203125
1.376708984375
1.0654296875
1.5712890625
1.3369140625
1.465576171875
1.1005859375
1.123779296875
1.536376953125
1.35595703125
1.0283203125
1.49072265625
1.088623046875
1.43310546875
1.292236328125
1.21484375
1.404296875
1.290771484375
1.427490234375
1.3330078125
1.41943359375
1.655517578125
1.268798828125
1.356201171875
1.449462890625
1.435546875
1.158447265625
1.21728515625
1.29638671875
1.22607421875
1.091064453125
1.263671875
1.007080078125
1.2275390625
1.43603515625
1.2529296875
1.438232421875
1.446044921875
1.1796875
1.083984375
1.451416015625
1.12109375
1.47021484375
1.447509765625
1.103271484375
1.341064453125
1.22021484375
1.21142578125
1.225830078125
1.332763671875
1.508056640625
1.187744140625
1.074462890625
1.683837890625
1.159423828125
1.211181640625
1.5791015625
1.47412109375
1.38720703125
1.17626953125
1.26171875
1.2255859375
1.2998046875
1.30615234375
1.331787109375
1.375732421875
1.251953125
1.282470703125
0.9208984375
1.333984375
1.207763671875
1.239501953125
1.128662109375
1.1533203125
1.5009765625
1.139892578125
1.320556640625
1.26171875
1.322021484375
1.279541015625
1.374267578125
1.68359375
1.16259765625
1.424072265625
1.2939453125
1.271728515625
1.162353515625
1.2080078125
1.32177734375
1.008056640625
1.529052734375
1.366455078125
1.28466796875
1.38134765625
1.396240234375
1.087646484375
1.42529296875
1.23046875
1.077880859375
1.184814453125
1.43359375
1.490234375
1.273193359375
1.310302734375
1.238037109375
1.217529296875
0.960205078125
1.109375
1.342041015625
1.164306640625
1.14013671875
1.265380859375
1.274169921875
1.2431640625
1.26806640625
1.292236328125
1.13330078125
1.170166015625
1.224609375
1.194580078125
0.94775390625
1.255615234375
1.228759765625
1.534423828125
1.3134765625
1.1904296875
1.33984375
1.200439453125
1.07763671875
1.3076171875
1.142578125
1.217529296875
1.35498046875
0.9990234375
1.32470703125
1.006103515625
1.25
1.263916015625
1.408447265625
1.4873046875
1.50537109375
1.252197265625
1.111572265625
1.427734375
1.093994140625
1.1416015625
1.23974609375
1.392333984375
1.08203125
0.9423828125
1.37548828125
1.38427734375
1.1259765625
1.3955078125
1.31396484375
1.310546875
1.416015625
1.152587890625
1.20654296875
1.43896484375
1.130615234375
1.09619140625
0.981689453125
1.131591796875
1.144287109375
1.279296875
1.194091796875
1.43115234375
1.1171875
1.135009765625
1.395263671875
1.293212890625
1.1455078125
1.19580078125
1.409912109375
1.3173828125
1.0458984375
0.94921875
1.378662109375
1.2001953125
1.1689453125
1.318603515625
1.195068359375
1.121826171875
1.27001953125
1.142333984375
1.56884765625
1.214111328125
1.348876953125
1.21142578125
1.416748046875
1.423095703125
1.40966796875
1.3623046875
1.1318359375
1.243896484375
1.52783203125
1.01318359375
1.480712890625
1.1201171875
0.947265625
1.264892578125
1.442626953125
1.48486328125
1.38916015625
1.352294921875
1.255126953125
1.22265625
1.53173828125
1.390869140625
1.275634765625
1.00732421875
1.100830078125
1.236572265625
1.435302734375
1.166748046875
1.550537109375
1.25048828125
1.46337890625
1.4111328125
1.19189453125
1.552734375
1.21630859375
1.085205078125
1.307861328125
1.32421875
1.253662109375
1.02685546875
1.325927734375
1.4921875
1.36279296875
1.197265625
1.008056640625
1.094482421875
1.130615234375
1.173828125
1.281494140625
1.2265625
1.259765625
1.2880859375
1.474609375
1.48046875
1.351806640625
1.439208984375
1.15966796875
1.08544921875
1.2724609375
1.232177734375
1.28271484375
1.36181640625
1.214111328125
0.949951171875
1.199462890625
1.36376953125
1.3203125
1.316650390625
1.005615234375
1.34912109375
1.2880859375
1.590576171875
1.301025390625
1.290771484375
1.2451171875
1.43994140625
1.245849609375
1.057861328125
1.378662109375
1.160400390625
1.037109375
1.15966796875
1.43994140625
1.35107421875
1.12255859375
1.185791015625
1.359375
1.327880859375
1.219970703125
1.405029296875
1.37060546875
1.161865234375
1.027099609375
1.7236328125
1.3818359375
1.37109375
1.1435546875
1.322021484375
1.285400390625
1.2919921875
1.31494140625
1.173828125
1.363525390625
1.157958984375
1.23291015625
1.034912109375
1.211669921875
0.916748046875
1.228271484375
1.26220703125
1.166259765625
1.384033203125
1.464111328125
1.648681640625
1.292724609375
1.1953125
1.51513671875
1.608642578125
1.0859375
1.060791015625
1.50634765625
1.21337890625
1.219482421875
1.24169921875
1.285888671875
1.488525390625
1.2412109375
1.43359375
1.197509765625
1.297119140625
1.37158203125
1.18310546875
1.36376953125
1.213134765625
1.28759765625
1.2646484375
1.222412109375
1.28955078125
1.085205078125
1.224365234375
1.196044921875
1.162109375
1.501953125
1.221435546875
1.347900390625
1.454833984375
1.705322265625
1.229248046875
1.414794921875
1.207763671875
1.1474609375
1.272216796875
1.2685546875
1.41259765625
1.297119140625
1.30419921875
1.26953125
1.633056640625
1.328125
1.17529296875
1.453857421875
0.98974609375
1.361328125
0.935546875
1.11572265625
1.50830078125
1.505126953125
1.387451171875
1.135986328125
1.135009765625
1.036865234375
1.154052734375
1.13134765625
1.534912109375
1.466064453125
1.38623046875
1.3388671875
1.388916015625
1.078369140625
1.203125
1.413818359375
1.205810546875
1.30859375
1.41943359375
1.34326171875
1.091552734375
1.333251953125
1.2734375
1.285400390625
1.328125
1.147705078125
1.442626953125
1.0146484375
1.26904296875
1.195556640625
1.21875
1.041015625
1.2138671875
1.0283203125
1.219482421875
1.553955078125
1.3828125
0.96533203125
1.410400390625
1.48193359375
1.06005859375
1.2880859375
1.27978515625
1.224365234375
1.147705078125
1.357421875
1.07861328125
1.087646484375
1.08935546875
1.141357421875
1.41455078125
1.29443359375
1.041259765625
1.083984375
1.351318359375
1.232177734375
1.223388671875
1.242431640625
1.43505859375
1.129150390625
1.3662109375
1.310791015625
1.237060546875
1.261962890625
1.12548828125
1.166748046875
1.234130859375
1.299560546875
1.364990234375
1.358642578125
1.202392578125
1.36962890625
1.201904296875
1.094970703125
1.24169921875
1.177734375
1.3046875
1.51171875
1.350830078125
1.343017578125
1.201171875
1.009033203125
1.02197265625
1.288818359375
0.95068359375
1.13232421875
1.07568359375
1.450927734375
1.1474609375
1.13720703125
1.411865234375
1.400634765625
0.99365234375
1.185791015625
1.17041015625
1.283935546875
1.216552734375
1.32763671875
1.167724609375
1.101318359375
1.459716796875
1.14208984375
1.32177734375
0.963623046875
1.47509765625
1.18359375
1.2490234375
1.183349609375
1.43701171875
1.1611328125
1.21875
1.16943359375
1.1533203125
1.5849609375
1.0380859375
1.21728515625
1.43359375
1.203857421875
1.466796875
1.35595703125
1.44677734375
1.420166015625
1.538818359375
1.582275390625
1.33984375
1.158203125
1.202880859375
1.3857421875
1.0625
1.37353515625
0.940185546875
1.3525390625
1.218017578125
1.478515625
1.35546875
1.403564453125
1.45361328125
1.1259765625
1.45361328125
0.99169921875
1.41455078125
1.360595703125
1.390869140625
1.243896484375
1.2236328125
1.395751953125
1.12255859375
1.1611328125
1.37109375
1.192138671875
1.349853515625
1.466552734375
1.221435546875
0.952392578125
1.31396484375
1.44970703125
1.270751953125
1.342529296875
1.430908203125
1.269775390625
1.25439453125
1.3994140625
1.3505859375
1.165283203125
1.05029296875
1.08154296875
1.383544921875
1.347900390625
1.34033203125
1.37646484375
1.260009765625
1.252197265625
1.338134765625
1.344482421875
1.493896484375
1.685546875
1.20361328125
1.201416015625
1.3056640625
1.308349609375
1.361572265625
1.28369140625
1.050048828125
1.04248046875
1.13525390625
1.70947265625
1.2763671875
1.33984375
1.47412109375
1.404541015625
1.403076171875
1.326904296875
1.289794921875
1.125732421875
1.227294921875
1.360595703125
1.30224609375
1.19287109375
1.513671875
1.146240234375
1.229736328125
1.02197265625
1.381103515625
1.402587890625
1.35400390625
1.02294921875
1.38427734375
1.593017578125
1.71630859375
1.094970703125
1.031982421875
1.328857421875
1.33837890625
1.27880859375
1.29931640625
1.1787109375
0.97705078125
1.18701171875
1.544677734375
1.2412109375
1.460693359375
1.359130859375
1.32763671875
1.32666015625
1.298583984375
1.302490234375
1.0400390625
1.307373046875
1.424072265625
1.486572265625
1.10107421875
1.25390625
1.18115234375
1.377685546875
1.133544921875
1.309814453125
1.481689453125
1.497314453125
1.10595703125
1.2001953125
1.198486328125
1.095703125
0.932373046875
1.185302734375
0.9619140625
1.510498046875
1.3056640625
1.254638671875
1.334716796875
