1.251953125
1.251953125
1.251953125
1.4462890625
1.260498046875
1.3408203125
1.502197265625
1.203857421875
1.37646484375
1.523193359375
1.52587890625
1.045166015625
1.4345703125
1.1943359375
1.0615234375
1.36376953125
1.20458984375
1.23779296875
1.294189453125
1.264892578125
1.397216796875
1.216796875
1.3740234375
1.379638671875
1.23828125
0.987060546875
1.1787109375
1.251708984375
1.18896484375
1.400146484375
1.26318359375
1.268798828125
1.12939453125
1.275146484375
1.35986328125
1.2861328125
1.265380859375
1.41845703125
1.548828125
1.333251953125
1.166259765625
1.40869140625
1.39111328125
1.365478515625
1.19287109375
1.50439453125
1.522705078125
1.298828125
1.1318359375
0.941650390625
1.39453125
1.319091796875
1.1962890625
1.43603515625
1.02734375
1.339111328125
0.880126953125
1.5205078125
1.27392578125
1.468505859375
1.034423828125
1.28955078125
1.2431640625
1.16943359375
1.360107421875
1.07080078125
1.030517578125
1.43310546875
1.343505859375
1.459716796875
1.3154296875
1.3203125
1.16357421875
1.045166015625
1.488525390625
1.03125
1.388671875
1.263916015625
1.37109375
1.25634765625
1.2705078125
1.25927734375
1.0517578125
1.516845703125
1.11669921875
1.374755859375
1.454345703125
1.1376953125
1.32470703125
1.38037109375
1.06201171875
1.4794921875
1.123779296875
1.19091796875
1.318603515625
1.2333984375
1.26123046875
1.164306640625
1.310546875
1.198486328125
1.282958984375
1.14697265625
1.408203125
1.384765625
1.197021484375
1.162109375
1.19140625
1.06591796875
1.523193359375
0.9970703125
1.250244140625
1.592041015625
1.17529296875
1.257080078125
1.031494140625
1.04248046875
1.192138671875
1.325439453125
1.27392578125
1.163330078125
1.28271484375
1.427734375
1.29931640625
0.975830078125
1.265869140625
1.439453125
1.152099609375
1.188720703125
1.177978515625
1.404541015625
1.565673828125
1.2998046875
1.4921875
1.370361328125
1.544189453125
1.102783203125
1.35205078125
1.31494140625
1.223388671875
1.34228515625
1.324462890625
1.19140625
1.05615234375
1.408203125
1.0751953125
1.44970703125
1.44677734375
1.30859375
1.306396484375
1.167236328125
1.393798828125
1.336669921875
1.13623046875
1.236328125
0.961181640625
1.04443359375
1.167724609375
1.295166015625
1.367431640625
1.190185546875
1.17724609375
1.284423828125
0.968505859375
1.264892578125
1.21337890625
1.064208984375
1.0556640625
1.249267578125
1.248779296875
1.32763671875
1.398193359375
0.9814453125
1.23779296875
1.139892578125
1.348388671875
1.2900390625
1.33984375
1.29345703125
1.228759765625
1.035888671875
1.21484375
1.24365234375
1.09375
1.297119140625
1.126953125
1.27490234375
1.125
1.330322265625
1.49609375
1.2451171875
1.3388671875
1.237060546875
1.472412109375
1.1005859375
1.38623046875
1.23974609375
1.601806640625
1.10205078125
1.457275390625
1.498291015625
1.21533203125
1.296142578125
1.270751953125
1.651123046875
1.18603515625
1.116455078125
1.571533203125
1.3583984375
0.9365234375
1.343994140625
1.41162109375
1.02880859375
1.243408203125
1.118896484375
1.176025390625
1.333984375
1.23876953125
1.484375
1.311767578125
1.070556640625
1.217529296875
1.408447265625
1.160400390625
1.162353515625
1.525390625
1.217529296875
1.166748046875
1.087890625
1.201904296875
1.00341796875
1.3955078125
1.088134765625
1.244140625
1.327880859375
1.058837890625
1.27783203125
1.11962890625
1.032958984375
1.420166015625
1.35400390625
1.06884765625
1.299560546875
1.384033203125
1.05322265625
1.235595703125
1.1630859375
1.2861328125
1.218505859375
1.158203125
1.098876953125
1.4755859375
1.500244140625
1.32177734375
1.158447265625
1.239013671875
1.52685546875
1.408935546875
1.277099609375
1.103759765625
1.3486328125
1.07470703125
1.345458984375
1.33642578125
1.360595703125
1.29541015625
1.10888671875
1.26513671875
1.359130859375
1.4130859375
1.199462890625
1.41015625
1.4892578125
1.53564453125
1.30517578125
1.301025390625
1.335205078125
0.930908203125
1.303466796875
1.3486328125
1.387451171875
1.130615234375
1.461181640625
1.141357421875
1.232177734375
1.09423828125
1.282958984375
1.2060546875
1.2265625
1.157470703125
1.423828125
0.999267578125
1.12646484375
1.32763671875
1.438232421875
1.625244140625
0.9697265625
1.166259765625
1.17041015625
1.35546875
1.2646484375
1.0078125
1.236328125
1.3369140625
1.243408203125
1.494873046875
1.584716796875
1.4052734375
1.311767578125
1.139404296875
1.230712890625
1.44921875
1.275390625
1.072265625
1.088623046875
1.241943359375
1.44580078125
1.364990234375
1.381591796875
1.37060546875
1.184814453125
1.1298828125
0.978759765625
1.5234375
1.3408203125
1.36572265625
1.174072265625
1.37060546875
1.438232421875
1.120361328125
1.529296875
1.386474609375
1.30908203125
1.22021484375
1.225830078125
1.30322265625
1.0888671875
1.476806640625
1.249267578125
1.372802734375
1.042724609375
0.869873046875
1.380126953125
1.1201171875
1.388427734375
1.2470703125
1.27978515625
1.268310546875
1.498291015625
1.131103515625
1.282470703125
1.224365234375
1.477294921875
1.33837890625
1.42041015625
1.239501953125
1.387939453125
1.19189453125
1.162109375
1.200439453125
1.32861328125
1.385498046875
1.38916015625
1.210693359375
1.5400390625
1.247802734375
1.34423828125
1.3388671875
1.33154296875
1.406494140625
1.205322265625
1.426025390625
1.43505859375
1.432373046875
1.234619140625
1.364990234375
1.3173828125
1.17138671875
1.308349609375
1.272216796875
1.53515625
1.322509765625
1.259765625
1.12841796875
1.210693359375
1.10302734375
1.481689453125
1.252685546875
1.421630859375
1.487548828125
1.352783203125
1.391357421875
1.46923828125
1.056884765625
1.31982421875
1.567626953125
1.124267578125
1.607666015625
1.25244140625
1.089111328125
1.4794921875
1.267578125
1.333984375
1.515380859375
1.157470703125
1.164306640625
1.53369140625
1.490966796875
1.23095703125
1.16455078125
1.1396484375
1.235107421875
1.326416015625
1.340576171875
1.274658203125
1.1162109375
1.17138671875
1.31005859375
1.24755859375
1.64990234375
1.060302734375
1.127197265625
1.08056640625
0.923583984375
1.589599609375
1.26318359375
1.291748046875
1.24658203125
1.31201171875
1.198974609375
1.219482421875
1.461181640625
1.1572265625
1.452392578125
1.231689453125
1.130126953125
1.169677734375
1.285888671875
1.04345703125
0.947021484375
1.392333984375
1.12548828125
1.302001953125
1.216796875
1.37548828125
1.38427734375
1.282470703125
1.187255859375
1.224853515625
1.46875
1.402587890625
1.465576171875
1.31396484375
1.24755859375
1.364501953125
1.48291015625
1.281005859375
1.322998046875
1.322998046875
1.43212890625
1.309326171875
1.14306640625
1.086181640625
1.237060546875
1.1728515625
1.123046875
1.384765625
1.151123046875
1.322021484375
1.194091796875
1.2197265625
1.490478515625
1.09765625
1.315185546875
1.30859375
1.170654296875
1.433837890625
1.1689453125
1.228759765625
1.2939453125
1.32421875
1.195068359375
1.077880859375
1.196044921875
1.52734375
1.220703125
1.209716796875
1.27880859375
1.41552734375
1.293701171875
1.3134765625
1.119384765625
1.22509765625
1.4072265625
1.26611328125
1.322265625
1.709228515625
1.2900390625
1.01318359375
1.25146484375
1.25341796875
1.09716796875
1.261474609375
1.193603515625
1.105712890625
1.228271484375
1.450927734375
1.4296875
1.236572265625
1.04248046875
1.182373046875
1.380859375
1.1181640625
1.22265625
1.173828125
1.146484375
1.252197265625
1.00732421875
1.120361328125
1.45263671875
1.270263671875
1.16455078125
1.3125
1.300537109375
1.410888671875
1.240966796875
1.23681640625
1.21044921875
1.245361328125
1.086669921875
1.552734375
1.175537109375
0.859375
1.174560546875
1.383056640625
1.327392578125
1.312255859375
1.204833984375
0.9482421875
1.3955078125
1.3037109375
1.027099609375
1.09228515625
1.49560546875
1.39013671875
1.474609375
1.19140625
1.34033203125
1.061279296875
1.3955078125
1.027099609375
1.439208984375
1.015869140625
1.29443359375
1.3720703125
1.2509765625
1.54931640625
1.263427734375
1.26513671875
1.098876953125
1.301025390625
1.3623046875
1.068603515625
1.325439453125
1.27001953125
0.892578125
1.096923828125
1.1689453125
1.212890625
1.32470703125
1.28564453125
1.36474609375
1.22607421875
1.237060546875
1.1591796875
1.441650390625
1.395751953125
1.206298828125
1.22900390625
1.587646484375
1.433837890625
1.507080078125
1.164306640625
1.289794921875
1.420166015625
1.180419921875
1.12060546875
1.4541015625
1.162841796875
1.357421875
1.412109375
1.24462890625
1.27001953125
1.52197265625
0.98974609375
1.162353515625
1.073974609375
1.197021484375
1.3701171875
1.396484375
1.2333984375
1.27783203125
1.23388671875
1.374755859375
1.4267578125
1.314208984375
1.34130859375
0.898681640625
1.44482421875
1.391357421875
1.32470703125
1.2919921875
1.211669921875
1.4658203125
1.216064453125
1.55419921875
1.037353515625
1.38232421875
1.380859375
1.16015625
1.4677734375
1.4873046875
1.418212890625
1.355224609375
1.45263671875
1.14208984375
1.50830078125
1.3095703125
1.31298828125
1.332763671875
1.151611328125
1.1640625
1.358154296875
1.337646484375
1.353271484375
1.318359375
1.345947265625
1.20166015625
1.412353515625
1.1826171875
1.04052734375
1.2685546875
1.528076171875
1.1982421875
1.382080078125
1.603759765625
1.34228515625
1.1435546875
1.257080078125
1.068115234375
1.566650390625
1.333251953125
1.35546875
1.31005859375
1.4296875
1.370849609375
1.210693359375
1.277099609375
1.091796875
1.234130859375
1.152587890625
1.257568359375
1.16455078125
1.26904296875
1.252197265625
1.2919921875
1.35009765625
1.489501953125
1.396484375
0.8251953125
1.47705078125
1.16455078125
1.1591796875
1.046630859375
0.99609375
0.958740234375
1.19287109375
1.525146484375
1.29443359375
1.103515625
1.447265625
0.969970703125
1.270751953125
1.227783203125
1.0576171875
1.280517578125
1.186279296875
1.166259765625
1.060546875
1.11572265625
1.116943359375
1.135009765625
1.057861328125
0.917236328125
1.1015625
1.094970703125
1.24462890625
1.24169921875
1.240478515625
1.1884765625
1.44482421875
1.640625
1.041748046875
1.5205078125
1.1640625
1.134033203125
1.298095703125
1.251953125
1.25537109375
0.958740234375
1.1279296875
1.303955078125
1.31005859375
1.192138671875
1.413330078125
1.191650390625
1.216552734375
1.1376953125
1.73974609375
1.3076171875
1.257080078125
1.4140625
1.28271484375
1.148681640625
1.2490234375
1.38525390625
1.280029296875
1.32373046875
1.225830078125
1.18603515625
1.280517578125
1.2607421875
1.432373046875
0.826904296875
1.287353515625
1.62646484375
1.061279296875
1.080810546875
1.35107421875
1.3818359375
1.012451171875
1.177001953125
1.49267578125
1.4072265625
1.17333984375
1.194091796875
1.44677734375
1.087158203125
1.27197265625
1.158203125
1.34912109375
1.145263671875
1.235595703125
1.45263671875
1.239501953125
1.292724609375
1.409912109375
1.555908203125
1.458251953125
1.085205078125
1.19189453125
1.42529296875
1.226806640625
1.21484375
1.39306640625
1.09912109375
1.40869140625
1.164306640625
1.49658203125
1.257080078125
1.201416015625
1.155517578125
1.351318359375
1.200927734375
1.2236328125
1.421142578125
1.23095703125
1.134033203125
0.945556640625
1.41455078125
1.196533203125
1.10205078125
1.279052734375
1.273193359375
1.45703125
1.454345703125
1.2431640625
1.310791015625
1.37109375
1.2294921875
1.2705078125
1.281494140625
1.19677734375
0.92578125
1.19677734375
1.35302734375
1.627197265625
1.098876953125
1.43603515625
1.11572265625
1.294189453125
1.622802734375
1.130126953125
1.370361328125
1.43359375
1.166748046875
0.972412109375
0.9794921875
1.46875
1.39892578125
1.517822265625
1.447265625
0.966796875
1.4296875
1.422119140625
1.28759765625
1.194091796875
1.277587890625
1.317138671875
1.207763671875
1.42138671875
1.1748046875
1.409423828125
1.374755859375
1.13525390625
1.2431640625
1.1875
1.394287109375
1.136962890625
1.276123046875
1.19091796875
1.281982421875
1.3076171875
1.212890625
1.46923828125
0.995849609375
1.265869140625
1.356689453125
1.2783203125
1.058837890625
1.15234375
1.168701171875
1.3310546875
1.340576171875
1.19091796875
1.260009765625
1.236572265625
1.369140625
1.08154296875
1.460693359375
1.27880859375
1.274658203125
1.26953125
1.37744140625
1.20654296875
1.254150390625
1.466064453125
1.1640625
1.1494140625
1.305908203125
1.25830078125
1.503173828125
1.384033203125
1.351318359375
1.10791015625
1.31494140625
1.686279296875
1.004638671875
1.254638671875
