1.474853515625
1.474853515625
1.474853515625
1.474853515625
1.474853515625
1.474853515625
1.474853515625
1.608642578125
1.643798828125
1.541259765625
1.23974609375
1.37353515625
1.4716796875
1.469482421875
1.708984375
1.46435546875
1.281982421875
1.745361328125
1.667236328125
1.302001953125
1.56982421875
1.45166015625
1.553955078125
1.6591796875
1.4052734375
1.8330078125
1.760498046875
1.450439453125
1.548828125
1.630859375
1.640380859375
1.681396484375
1.666015625
1.3828125
1.599365234375
1.425537109375
1.433837890625
1.432861328125
1.2607421875
1.480712890625
1.53125
1.561279296875
1.41552734375
1.4375
1.73828125
1.326904296875
1.31494140625
1.59619140625
1.3525390625
1.653076171875
1.70849609375
1.487548828125
1.660400390625
1.584716796875
1.507080078125
1.49072265625
1.600341796875
1.630615234375
1.49365234375
1.6875
1.4443359375
1.243408203125
1.62890625
1.4580078125
1.5732421875
1.338623046875
1.14501953125
1.30712890625
1.442626953125
1.57080078125
1.568115234375
1.24951171875
1.663818359375
1.60400390625
1.507080078125
1.527587890625
1.547119140625
1.85009765625
1.50390625
1.4716796875
1.30908203125
1.526123046875
1.36376953125
1.56982421875
1.695068359375
1.75732421875
1.497802734375
1.69287109375
1.144287109375
1.441162109375
1.271240234375
1.3955078125
1.21923828125
1.48046875
1.295166015625
1.960205078125
1.753173828125
1.583740234375
1.30126953125
1.52392578125
1.576416015625
1.431396484375
1.341552734375
1.298095703125
1.68115234375
1.06787109375
1.777099609375
1.2802734375
1.73193359375
1.547119140625
1.475341796875
1.5146484375
1.63623046875
1.44091796875
1.686767578125
1.2822265625
1.41552734375
1.638427734375
1.538818359375
1.61865234375
1.666748046875
1.5224609375
1.317626953125
1.665771484375
1.53173828125
1.471435546875
1.557373046875
1.452880859375
1.39404296875
1.337158203125
1.389892578125
1.56640625
1.61669921875
1.380859375
1.610595703125
1.53369140625
1.39111328125
1.40673828125
1.556396484375
1.650390625
1.592529296875
1.56884765625
1.429931640625
1.801025390625
1.476806640625
1.569091796875
1.646484375
1.787109375
1.706787109375
1.32861328125
1.600830078125
1.453369140625
1.52392578125
1.3251953125
1.360595703125
1.40087890625
1.197265625
1.348876953125
1.44384765625
1.713623046875
1.459228515625
1.630859375
1.50732421875
1.32470703125
1.63525390625
1.562744140625
1.4990234375
1.226806640625
1.695068359375
1.319580078125
1.547119140625
1.81103515625
1.637451171875
1.669677734375
1.383544921875
1.480224609375
1.5712890625
1.807373046875
1.471923828125
1.085693359375
1.55810546875
1.32666015625
1.1552734375
1.3515625
1.754638671875
1.624267578125
1.39990234375
1.561279296875
1.59375
1.54296875
1.557373046875
1.703369140625
1.51025390625
1.410888671875
1.384033203125
1.391845703125
1.4404296875
1.401611328125
1.453125
1.93505859375
1.44921875
1.5966796875
1.46240234375
1.590087890625
1.761474609375
1.15380859375
1.67431640625
1.342529296875
1.437255859375
1.583984375
1.693603515625
1.593017578125
1.4755859375
1.54052734375
1.234130859375
1.50634765625
1.64404296875
1.71728515625
1.68017578125
1.437255859375
1.3359375
1.571044921875
1.593994140625
1.599609375
1.664794921875
1.790771484375
1.675537109375
1.48046875
1.730712890625
1.50439453125
1.37451171875
1.496337890625
1.45556640625
1.54833984375
1.770263671875
1.676025390625
1.56640625
1.473876953125
1.548583984375
1.632568359375
1.533203125
1.54150390625
1.43115234375
1.6328125
1.315185546875
1.6474609375
1.4423828125
1.4296875
1.544677734375
1.266357421875
1.562255859375
1.58154296875
1.384521484375
1.30517578125
1.614501953125
1.630859375
1.34375
1.630126953125
1.687255859375
1.339599609375
1.5546875
1.31787109375
1.598876953125
1.551513671875
1.627685546875
1.445556640625
1.448974609375
1.422119140625
1.31689453125
1.35205078125
1.595947265625
1.505859375
1.30859375
1.69921875
1.352783203125
1.833984375
1.292236328125
1.432861328125
1.500244140625
1.782470703125
1.481201171875
1.37890625
1.454345703125
1.265869140625
1.30810546875
1.41357421875
1.625732421875
1.602783203125
1.554931640625
1.435302734375
1.401611328125
1.67236328125
1.3955078125
1.58740234375
1.36083984375
1.3310546875
1.6376953125
1.610107421875
1.769287109375
1.699951171875
1.449462890625
1.8017578125
1.436767578125
1.65234375
1.71923828125
1.6767578125
1.5537109375
1.417236328125
1.390869140625
1.44189453125
1.682373046875
1.463623046875
1.4599609375
1.282470703125
1.372802734375
1.6826171875
1.472900390625
1.544189453125
1.342041015625
1.683349609375
1.47607421875
1.39208984375
1.7470703125
1.521728515625
1.322265625
1.55322265625
1.2607421875
1.31396484375
1.353271484375
1.662841796875
1.414794921875
1.595703125
1.403076171875
1.500732421875
1.6005859375
1.47021484375
1.24560546875
1.437255859375
1.427978515625
1.448486328125
1.32177734375
1.46337890625
1.404052734375
1.50048828125
1.339599609375
1.505126953125
1.391845703125
1.63427734375
1.38623046875
1.547119140625
1.294921875
1.38330078125
1.48291015625
1.423583984375
1.786376953125
1.559326171875
1.58251953125
1.276611328125
1.600830078125
1.211181640625
1.196044921875
1.6201171875
1.376953125
1.66748046875
1.609130859375
1.580322265625
1.318603515625
1.46337890625
1.307373046875
1.62158203125
1.482177734375
1.559326171875
1.271240234375
1.38916015625
1.408203125
1.671142578125
1.568603515625
1.627197265625
1.55615234375
1.232421875
1.587646484375
1.51904296875
1.753662109375
1.36865234375
1.52734375
1.613525390625
1.40576171875
1.640625
1.4873046875
1.529541015625
1.38037109375
1.323486328125
1.4609375
1.513671875
1.478515625
1.614013671875
1.5
1.467041015625
1.745849609375
1.4912109375
1.437744140625
1.587158203125
1.529052734375
1.3671875
1.412841796875
1.41162109375
1.736572265625
1.741455078125
1.68896484375
1.66162109375
1.492431640625
1.609619140625
1.52880859375
1.524169921875
1.489990234375
1.54833984375
1.50244140625
1.595947265625
1.6689453125
1.6865234375
1.28173828125
1.38623046875
1.3525390625
1.617919921875
1.41259765625
1.270263671875
1.442138671875
1.7861328125
1.372314453125
1.42578125
1.318115234375
1.58447265625
1.34814453125
1.38916015625
1.391845703125
1.256591796875
1.7939453125
1.63330078125
1.2412109375
1.249755859375
1.69775390625
1.550537109375
1.5634765625
1.562255859375
1.58544921875
1.3251953125
1.648681640625
1.55322265625
1.411376953125
1.506103515625
1.22509765625
1.68994140625
1.460205078125
1.61572265625
1.67578125
1.341552734375
1.637451171875
1.491943359375
1.6240234375
1.645751953125
1.3017578125
1.703857421875
1.53662109375
1.343505859375
1.49951171875
1.19970703125
1.4091796875
1.483154296875
1.701904296875
1.249267578125
1.5087890625
1.134765625
1.497802734375
1.42138671875
1.46728515625
1.290771484375
1.439208984375
1.323486328125
1.629150390625
1.7587890625
1.55859375
1.433349609375
1.487060546875
1.5810546875
1.55224609375
1.2626953125
1.437255859375
1.435791015625
1.683837890625
1.477294921875
1.528564453125
1.425048828125
1.38671875
1.534912109375
1.63671875
1.384765625
1.4375
1.474609375
1.291259765625
1.33349609375
1.317626953125
1.3125
1.480224609375
1.56884765625
1.513916015625
1.72119140625
1.287841796875
1.7099609375
1.638671875
1.332275390625
1.3486328125
1.6474609375
1.59033203125
1.676513671875
1.51318359375
1.818115234375
1.550048828125
1.566162109375
1.33642578125
1.3486328125
1.396728515625
1.545166015625
1.457275390625
1.519775390625
1.61572265625
1.38330078125
1.4775390625
1.449951171875
1.232177734375
1.39501953125
1.72314453125
1.3583984375
1.550537109375
1.589599609375
1.656005859375
1.478759765625
1.59765625
1.685302734375
1.269775390625
1.510498046875
1.314697265625
1.39599609375
1.583984375
1.25634765625
1.7275390625
1.509765625
1.55224609375
1.5009765625
1.7470703125
1.549560546875
1.52783203125
1.65283203125
1.35400390625
1.46044921875
1.485107421875
1.6474609375
1.30224609375
1.158935546875
1.457275390625
1.435791015625
1.63623046875
1.5205078125
1.44482421875
1.431640625
1.636474609375
1.39208984375
1.5087890625
1.54345703125
1.6533203125
1.475341796875
1.470703125
1.363037109375
1.442626953125
1.579833984375
1.455810546875
1.660400390625
1.606201171875
1.43603515625
1.343505859375
1.68212890625
1.25341796875
1.247802734375
1.58251953125
1.31689453125
1.406005859375
1.46044921875
1.674072265625
1.474609375
1.69384765625
1.484619140625
1.640869140625
1.458740234375
1.40771484375
1.6279296875
1.5751953125
1.344482421875
1.65283203125
1.64453125
1.65087890625
1.429443359375
1.30615234375
1.70947265625
1.478271484375
1.273681640625
1.488037109375
1.492431640625
1.187255859375
1.329833984375
1.333984375
1.57763671875
1.500732421875
1.672119140625
1.56591796875
1.5576171875
1.539306640625
1.328125
1.415283203125
1.509521484375
1.55078125
1.485107421875
1.497802734375
1.509033203125
1.59228515625
1.765625
1.40283203125
1.62158203125
1.429443359375
1.489501953125
1.425537109375
1.290771484375
1.567138671875
1.550537109375
1.603515625
1.484375
1.378662109375
1.59033203125
1.33154296875
1.547119140625
1.274658203125
1.36865234375
1.710205078125
1.707275390625
1.616455078125
1.753173828125
1.3828125
1.54931640625
1.298095703125
1.68212890625
1.552734375
1.34130859375
1.603759765625
1.664794921875
1.577880859375
1.455322265625
1.49609375
1.554443359375
1.631591796875
1.28369140625
1.5009765625
1.662841796875
1.319580078125
1.613037109375
1.5029296875
1.32861328125
1.546875
1.42724609375
1.453369140625
1.471435546875
1.523681640625
1.267578125
1.449951171875
1.334716796875
1.60791015625
1.32568359375
1.406005859375
1.39306640625
1.721435546875
1.3828125
1.401123046875
1.490966796875
1.375
1.489013671875
1.4453125
1.338134765625
1.779541015625
1.51513671875
1.507568359375
1.53662109375
1.60302734375
1.798095703125
1.76123046875
1.489013671875
1.456298828125
1.453857421875
1.385498046875
1.2802734375
1.618896484375
1.62255859375
1.554443359375
1.701904296875
1.529052734375
1.676513671875
1.73974609375
1.4208984375
1.54052734375
1.2685546875
1.472900390625
1.801513671875
1.2783203125
1.521484375
1.47802734375
1.4169921875
1.4716796875
1.486572265625
1.2470703125
1.700439453125
1.669189453125
1.60498046875
1.4658203125
1.407958984375
1.46142578125
1.3505859375
1.462890625
1.52099609375
1.42822265625
1.572265625
1.381103515625
1.35107421875
1.144775390625
1.40869140625
1.683349609375
1.272216796875
1.59521484375
1.643798828125
1.681640625
1.64453125
1.65576171875
1.51220703125
1.660888671875
1.51806640625
1.330078125
1.44140625
1.552490234375
1.402099609375
1.3642578125
1.54541015625
1.477294921875
1.371337890625
1.359619140625
1.4541015625
1.69873046875
1.486083984375
1.218505859375
1.584716796875
1.49609375
1.46484375
1.65869140625
1.83642578125
1.302001953125
1.407958984375
1.485595703125
1.46533203125
1.60986328125
1.54052734375
1.47900390625
1.853759765625
1.277099609375
1.513916015625
1.590087890625
1.419189453125
1.374267578125
1.802490234375
1.45556640625
1.359130859375
1.622314453125
1.685791015625
1.370849609375
1.6953125
1.553955078125
1.466064453125
1.5126953125
1.378173828125
1.506103515625
1.42529296875
1.479248046875
1.57373046875
1.452880859375
1.621826171875
1.58251953125
1.40234375
1.65380859375
1.495361328125
1.271240234375
1.485107421875
1.51806640625
1.2314453125
1.711181640625
1.579833984375
1.417724609375
1.47119140625
1.414794921875
1.33203125
1.615478515625
