0.710693359375
0.710693359375
0.710693359375
0.710693359375
0.575927734375
0.80517578125
0.76220703125
0.589599609375
0.373046875
0.582763671875
0.4501953125
0.47021484375
0.499755859375
0.65380859375
0.449951171875
0.63037109375
0.830078125
0.642333984375
0.69775390625
0.95263671875
0.89306640625
0.66064453125
0.7294921875
0.716064453125
0.805419921875
0.8642578125
0.76904296875
0.6181640625
0.797119140625
0.709228515625
0.808349609375
0.81982421875
0.80224609375
0.712158203125
0.9462890625
0.508056640625
0.8505859375
0.7890625
0.500244140625
0.75390625
0.84814453125
0.726806640625
0.649169921875
0.713134765625
0.92236328125
0.647705078125
0.86962890625
0.6533203125
0.55615234375
0.5224609375
0.807373046875
0.759765625
0.701904296875
0.5869140625
0.645751953125
0.602783203125
0.7978515625
0.853271484375
0.8095703125
0.553955078125
0.714111328125
0.66943359375
0.681640625
0.698486328125
0.377197265625
0.60693359375
0.677978515625
0.68701171875
0.60302734375
0.751220703125
0.795654296875
0.76708984375
0.95263671875
0.912841796875
0.757568359375
0.900634765625
0.811279296875
0.78173828125
0.93408203125
0.7265625
0.996337890625
0.553955078125
0.7421875
1.08154296875
0.7587890625
0.563720703125
0.559326171875
0.84326171875
0.63037109375
0.70361328125
0.74267578125
0.80517578125
0.700927734375
0.71630859375
0.822509765625
0.699951171875
0.773193359375
0.72607421875
0.882568359375
0.6162109375
0.67431640625
0.644775390625
0.928955078125
0.662841796875
0.7509765625
0.72705078125
0.80517578125
0.649169921875
0.869873046875
0.946044921875
0.52783203125
0.5732421875
0.85888671875
0.676025390625
0.669921875
0.808837890625
0.77392578125
0.61181640625
0.6689453125
0.51171875
0.90771484375
0.810791015625
0.670166015625
0.849853515625
0.750732421875
0.77490234375
0.67626953125
0.8857421875
0.63427734375
0.779052734375
0.735107421875
0.67138671875
0.818359375
0.96435546875
0.78369140625
0.83349609375
0.58056640625
0.7080078125
0.615966796875
0.70849609375
0.8466796875
0.627685546875
0.673583984375
0.39306640625
0.843017578125
0.6474609375
0.623779296875
0.70849609375
0.88525390625
0.8037109375
0.76318359375
0.718994140625
0.73193359375
0.73388671875
0.730224609375
0.654296875
0.8603515625
0.812744140625
0.4404296875
0.889404296875
0.74560546875
0.69287109375
0.732177734375
0.5859375
0.757568359375
0.75830078125
0.9189453125
0.759521484375
0.733642578125
0.709228515625
0.922119140625
0.49267578125
0.842041015625
0.776123046875
0.73876953125
0.9384765625
0.664794921875
0.768798828125
0.58251953125
0.943603515625
0.97509765625
0.912353515625
0.771240234375
0.6142578125
0.870361328125
0.768310546875
0.7890625
0.75390625
0.7373046875
0.71630859375
0.661376953125
0.760498046875
0.884521484375
0.946533203125
0.9970703125
0.936279296875
0.584716796875
0.7421875
0.637451171875
0.689697265625
0.865478515625
0.58740234375
0.828857421875
0.419189453125
0.551025390625
0.58251953125
0.830322265625
1.026123046875
0.5634765625
0.885498046875
0.84130859375
0.939453125
0.662841796875
0.729248046875
0.916015625
0.66015625
0.841796875
0.654296875
0.9833984375
0.672607421875
0.430419921875
0.607177734375
0.71533203125
0.916015625
0.625732421875
0.772705078125
0.8408203125
0.865234375
0.57080078125
0.973388671875
0.68701171875
0.908935546875
0.476318359375
0.720947265625
0.865478515625
0.943603515625
0.865966796875
0.86376953125
0.488525390625
0.666259765625
0.74951171875
0.762939453125
0.897216796875
0.808349609375
0.8544921875
0.66455078125
0.68505859375
0.7705078125
0.790771484375
0.899658203125
0.702880859375
0.630859375
0.663818359375
0.65234375
0.66357421875
0.666259765625
0.969970703125
0.60400390625
0.74853515625
0.944580078125
0.704345703125
0.942138671875
0.5458984375
0.51953125
0.693115234375
0.552734375
0.421630859375
0.609375
0.73876953125
0.718994140625
0.7177734375
0.861572265625
0.831787109375
0.75390625
0.693359375
1.00390625
0.704833984375
0.60107421875
0.71826171875
0.591796875
0.718994140625
0.7783203125
0.6474609375
1.0693359375
0.84765625
0.62646484375
0.699462890625
0.765380859375
0.760986328125
0.7607421875
0.611328125
0.81591796875
0.790771484375
0.72412109375
0.65771484375
0.898681640625
0.57568359375
0.812744140625
0.797607421875
0.818115234375
0.593017578125
0.628662109375
0.801513671875
0.736328125
0.86181640625
0.575927734375
0.821044921875
0.6728515625
0.69677734375
0.73291015625
0.71142578125
0.658935546875
0.589599609375
0.447998046875
0.716064453125
0.608154296875
0.68115234375
0.82568359375
0.693359375
0.550048828125
0.716796875
0.948974609375
0.791259765625
0.66943359375
0.55126953125
0.604248046875
0.68408203125
0.522705078125
0.593505859375
0.828857421875
0.806884765625
0.7978515625
0.391357421875
0.810302734375
0.715576171875
0.668212890625
0.7431640625
0.620849609375
0.543701171875
0.634765625
0.622314453125
0.729248046875
0.531005859375
0.71875
0.6083984375
0.541015625
0.86767578125
0.77783203125
1.01806640625
0.74267578125
0.892578125
0.772216796875
0.767578125
0.60107421875
0.619384765625
0.799560546875
0.692626953125
0.732666015625
0.654296875
0.716796875
0.423583984375
0.5537109375
0.746826171875
0.86572265625
0.651123046875
1.01220703125
0.872802734375
0.779541015625
0.834228515625
0.85107421875
0.811767578125
0.97607421875
0.76513671875
0.75732421875
0.802001953125
0.525146484375
0.730712890625
0.894775390625
0.640380859375
0.720458984375
1.03564453125
0.824462890625
0.6875
0.8642578125
0.738037109375
0.653564453125
0.779052734375
0.819580078125
0.830322265625
0.6171875
0.737060546875
0.939453125
0.59033203125
0.74853515625
0.767333984375
0.801513671875
0.798095703125
0.7841796875
0.8564453125
0.951416015625
0.55126953125
0.8212890625
0.7685546875
0.78271484375
0.797119140625
0.373291015625
0.927490234375
0.922119140625
0.65625
0.571533203125
0.7490234375
0.914794921875
0.57373046875
0.781982421875
0.865966796875
0.71728515625
0.461669921875
0.7666015625
0.471923828125
0.78466796875
0.822265625
0.461181640625
0.571044921875
0.587646484375
0.426025390625
0.580810546875
0.68310546875
0.536376953125
0.9619140625
0.705322265625
0.7080078125
0.849853515625
0.87060546875
0.67822265625
0.829345703125
0.5859375
0.653076171875
0.997802734375
0.708740234375
0.62158203125
0.984619140625
0.69921875
0.7578125
0.88720703125
0.757568359375
0.4951171875
0.778076171875
0.741455078125
0.803466796875
0.87548828125
0.73779296875
0.825439453125
0.755126953125
0.777587890625
0.70263671875
0.7275390625
0.944091796875
0.650146484375
0.751708984375
0.81396484375
0.672607421875
0.94482421875
0.872802734375
0.91064453125
0.7841796875
0.631103515625
0.74365234375
0.744140625
0.66162109375
0.796142578125
0.79638671875
0.610595703125
0.622802734375
0.695556640625
0.64013671875
0.697509765625
1.019775390625
0.859619140625
0.907470703125
0.62255859375
0.771240234375
0.8896484375
0.7333984375
0.666259765625
0.355712890625
0.67041015625
0.829345703125
0.598388671875
0.614013671875
0.8095703125
0.734375
0.619140625
0.552001953125
0.647216796875
0.821533203125
0.583984375
0.812255859375
0.74462890625
0.66845703125
0.7177734375
0.666259765625
0.889892578125
0.7705078125
0.7353515625
0.746337890625
0.621826171875
0.7626953125
0.7890625
0.79541015625
0.748291015625
0.917236328125
0.59375
0.657958984375
0.783935546875
0.84375
0.805419921875
0.61669921875
0.6376953125
0.940185546875
0.664306640625
0.736083984375
0.7998046875
0.693359375
0.825927734375
0.828369140625
0.78955078125
0.64794921875
0.76708984375
0.55029296875
0.614501953125
0.66748046875
1.0771484375
0.471435546875
0.412353515625
0.85546875
0.938232421875
0.58544921875
0.4833984375
0.52783203125
0.6494140625
0.828125
0.72509765625
0.59814453125
0.534423828125
0.674072265625
0.8564453125
0.78662109375
0.627197265625
0.54541015625
0.473876953125
0.627685546875
0.902587890625
0.6220703125
0.603515625
0.711669921875
0.614990234375
0.44189453125
0.933349609375
0.872314453125
0.673583984375
0.8994140625
0.717529296875
0.8896484375
0.5
0.7568359375
0.707763671875
0.473876953125
0.718505859375
0.802490234375
0.722412109375
0.6884765625
0.51611328125
0.84130859375
0.811279296875
0.631591796875
0.888427734375
0.7939453125
0.506591796875
0.68359375
1.054931640625
0.634765625
0.753173828125
0.900146484375
0.81494140625
0.68798828125
0.842529296875
0.677734375
0.64453125
0.661865234375
0.677734375
0.782470703125
0.579345703125
0.759033203125
0.67333984375
0.66552734375
0.557373046875
0.9326171875
0.520751953125
0.576171875
0.562255859375
0.85791015625
0.71240234375
0.8857421875
0.78125
0.78369140625
0.841796875
0.74658203125
0.7119140625
0.689697265625
0.90771484375
0.68505859375
0.630126953125
0.58251953125
1.02978515625
0.45458984375
0.48486328125
0.72021484375
0.53369140625
0.787109375
0.8466796875
0.40869140625
0.723388671875
0.7900390625
0.651123046875
0.64453125
0.690185546875
0.5751953125
0.679931640625
0.6318359375
0.751220703125
0.898193359375
0.875732421875
0.72802734375
0.691650390625
0.85888671875
0.800537109375
0.743408203125
0.936767578125
0.652099609375
0.77978515625
0.7578125
0.655029296875
0.426025390625
0.625
0.58251953125
0.872802734375
0.82470703125
0.6669921875
0.685791015625
0.841064453125
0.617431640625
0.880859375
0.80615234375
0.6201171875
0.8125
0.794677734375
0.67919921875
0.5224609375
0.84716796875
0.775390625
0.982177734375
0.7158203125
0.84716796875
0.79541015625
0.83642578125
0.7177734375
0.67578125
0.928466796875
0.47119140625
0.918212890625
0.611083984375
0.643310546875
0.63720703125
0.649169921875
0.701904296875
0.7734375
0.738037109375
0.9541015625
0.6875
0.711181640625
1.0380859375
0.7666015625
0.76953125
0.5048828125
0.708251953125
0.7080078125
0.86328125
0.87744140625
0.890869140625
0.438232421875
0.9345703125
0.783447265625
0.56591796875
0.636474609375
0.7822265625
0.81298828125
0.647216796875
0.58203125
0.80419921875
0.87109375
0.56982421875
1.073486328125
0.86865234375
0.60009765625
0.780517578125
0.539306640625
0.809814453125
0.661865234375
0.73193359375
0.557861328125
0.66650390625
0.5771484375
1.01318359375
0.651611328125
0.981689453125
0.52099609375
0.835205078125
0.605712890625
0.760986328125
0.7568359375
0.781005859375
0.7294921875
0.513916015625
0.552734375
0.626953125
0.546630859375
0.861328125
0.459716796875
0.94677734375
0.62109375
0.40673828125
0.78857421875
0.8115234375
0.63916015625
0.7685546875
0.685546875
0.81103515625
0.734130859375
0.56591796875
0.58154296875
0.693603515625
0.687255859375
0.68310546875
0.74755859375
0.88037109375
0.8076171875
0.585693359375
0.9189453125
0.4736328125
0.8310546875
0.537841796875
0.669921875
0.85205078125
0.90380859375
0.751708984375
0.70947265625
0.40576171875
0.557373046875
0.684814453125
0.712890625
0.611083984375
0.479736328125
0.6416015625
0.63232421875
0.659423828125
0.791748046875
0.61279296875
0.418701171875
0.68701171875
0.53076171875
0.61865234375
0.520751953125
0.884765625
0.75927734375
0.88720703125
0.3837890625
0.544677734375
0.665283203125
0.864013671875
0.786376953125
0.95703125
1.001953125
0.788330078125
0.678955078125
0.941162109375
0.645751953125
0.474853515625
0.88818359375
0.847900390625
0.82421875
0.68115234375
0.59765625
0.7080078125
0.85546875
0.801513671875
0.7216796875
0.41064453125
0.622314453125
0.769287109375
0.60009765625
0.775390625
0.528076171875
0.5302734375
0.560302734375
0.45166015625
0.6328125
0.5234375
0.6279296875
0.793701171875
0.473388671875
0.893310546875
0.80908203125
0.746337890625
0.571044921875
0.895263671875
0.692138671875
0.623779296875
0.634033203125
0.63427734375
0.598876953125
0.831298828125
0.671875
0.52490234375
0.543212890625
0.90625
0.596923828125
0.5576171875
0.7080078125
0.7412109375
0.4892578125
0.79150390625
0.35302734375
1.066162109375
0.744384765625
0.658935546875
0.755859375
0.82470703125
0.82763671875
0.760009765625
0.819091796875
0.74072265625
0.411865234375
0.761474609375
0.57373046875
0.8623046875
0.51708984375
0.7939453125
0.716796875
0.521728515625
0.737548828125
0.801513671875
0.79150390625
0.598388671875
0.81591796875
0.743408203125
1.121337890625
0.578857421875
0.6796875
0.77001953125
0.630859375
0.678466796875
0.687255859375
0.588623046875
0.7626953125
0.76123046875
0.70556640625
0.641845703125
0.43310546875
0.8896484375
0.5380859375
