1.251953125
1.251953125
1.251953125
1.251953125
1.318603515625
1.435302734375
1.3408203125
1.385986328125
1.528564453125
1.353271484375
1.09326171875
1.49169921875
1.103515625
1.342529296875
1.330810546875
1.202880859375
1.103271484375
1.20458984375
1.23974609375
1.463623046875
1.354736328125
1.23779296875
1.228515625
1.359619140625
1.397216796875
1.237060546875
1.19384765625
1.23828125
1.191650390625
1.403564453125
1.500732421875
1.58740234375
1.25390625
1.240478515625
1.359375
1.253173828125
1.25
1.209228515625
1.14306640625
1.46923828125
1.19775390625
1.43896484375
1.15087890625
1.41845703125
1.293212890625
1.0703125
1.4306640625
1.0810546875
1.58837890625
1.35693359375
1.16796875
1.225341796875
1.38525390625
1.38330078125
1.279052734375
1.17919921875
1.249755859375
1.1962890625
1.43603515625
1.315673828125
1.02734375
1.6181640625
1.088134765625
1.27392578125
1.148193359375
1.4189453125
1.426025390625
1.360107421875
1.07080078125
1.1474609375
1.275146484375
1.262939453125
1.08740234375
1.212158203125
1.392822265625
1.602783203125
0.974365234375
1.49560546875
1.39111328125
1.193115234375
0.9482421875
1.3203125
1.045166015625
1.2998046875
1.1328125
1.142333984375
1.255859375
1.0517578125
1.05810546875
0.95361328125
1.123779296875
1.12158203125
1.2861328125
1.178955078125
1.57568359375
1.131103515625
1.03173828125
1.1630859375
1.18505859375
1.546142578125
1.017578125
1.599365234375
1.298583984375
1.206787109375
1.25341796875
1.196044921875
1.17529296875
1.181884765625
1.531982421875
1.252197265625
1.51904296875
1.42626953125
1.28466796875
0.9775390625
1.241455078125
1.284912109375
1.1923828125
1.421875
1.3515625
1.53173828125
1.271240234375
1.217529296875
1.184814453125
1.4013671875
1.425537109375
1.330322265625
1.1435546875
1.11083984375
0.944580078125
0.9384765625
1.14404296875
0.9755859375
1.1240234375
1.45068359375
0.97412109375
1.04052734375
0.887939453125
1.314453125
1.13623046875
1.403076171875
1.21044921875
1.21337890625
1.234375
1.3515625
1.26171875
1.21337890625
1.2646484375
1.37451171875
1.249267578125
1.216796875
1.207275390625
1.15869140625
1.305908203125
1.23779296875
1.378662109375
1.239990234375
1.43603515625
1.34326171875
1.2578125
1.62060546875
1.220458984375
1.1357421875
1.301513671875
1.202392578125
1.41845703125
1.1806640625
1.26416015625
1.48388671875
1.136962890625
1.424560546875
1.453369140625
1.11572265625
1.601806640625
1.18505859375
1.408447265625
1.3837890625
1.242919921875
1.230712890625
1.265625
1.3583984375
1.225830078125
1.203857421875
1.37646484375
1.5703125
1.02880859375
0.971435546875
1.254638671875
1.20166015625
1.107421875
1.27685546875
1.329345703125
1.24267578125
1.233642578125
1.383544921875
1.11669921875
1.296142578125
1.37548828125
1.509765625
1.232666015625
1.029541015625
1.227783203125
1.38134765625
1.411865234375
1.323974609375
1.15625
1.5244140625
1.537109375
1.40380859375
1.39111328125
1.428955078125
1.537841796875
1.05322265625
1.390869140625
1.223388671875
1.406494140625
1.243408203125
1.146240234375
1.376220703125
1.205078125
1.44873046875
1.315185546875
1.2060546875
1.328369140625
1.39208984375
1.32763671875
1.470703125
1.46533203125
1.29248046875
1.340087890625
1.43994140625
1.084716796875
1.01220703125
1.165771484375
1.1845703125
1.260009765625
1.440185546875
1.316650390625
1.46044921875
1.456298828125
1.5126953125
1.37744140625
1.267578125
1.4462890625
1.0859375
1.1767578125
1.061767578125
1.30517578125
1.335205078125
1.378173828125
0.930908203125
1.245361328125
1.502197265625
1.16796875
1.283935546875
1.354248046875
1.242431640625
1.122802734375
1.25537109375
1.232177734375
1.2060546875
1.25830078125
1.32421875
1.3251953125
1.274658203125
1.332275390625
1.169189453125
1.1220703125
1.413330078125
1.2919921875
1.179931640625
1.204833984375
1.1279296875
0.996826171875
0.981689453125
1.2109375
1.42236328125
1.147705078125
1.3369140625
1.151123046875
1.200439453125
1.14794921875
1.439697265625
1.584716796875
1.56787109375
1.327392578125
1.123779296875
1.115966796875
1.007568359375
1.31103515625
0.94091796875
1.212890625
1.43310546875
1.241943359375
1.364990234375
1.29296875
1.272705078125
1.210205078125
1.3046875
1.174072265625
1.37548828125
1.303466796875
1.011962890625
1.223388671875
1.04150390625
1.171875
1.650634765625
1.19873046875
1.438232421875
1.036865234375
1.45849609375
1.30322265625
1.334716796875
1.432373046875
1.23828125
1.3720703125
1.365478515625
1.27197265625
1.122802734375
1.193359375
1.34716796875
1.25244140625
1.212890625
1.33251953125
1.182373046875
1.19482421875
1.364501953125
1.2080078125
1.1328125
1.237060546875
1.2802734375
1.268310546875
1.49658203125
1.16064453125
0.9208984375
1.24169921875
1.32958984375
1.385498046875
1.374267578125
1.054931640625
1.197509765625
1.406494140625
1.454833984375
1.588623046875
1.4150390625
1.30419921875
1.2861328125
1.234619140625
1.60205078125
1.049560546875
1.46826171875
1.32177734375
1.016845703125
1.01416015625
1.19580078125
1.08056640625
1.154296875
1.237060546875
1.529052734375
1.250732421875
1.42529296875
1.3857421875
1.50390625
1.34375
1.091796875
1.130126953125
1.1669921875
1.567626953125
1.344970703125
1.22216796875
1.01513671875
1.313232421875
1.2607421875
1.38232421875
1.355224609375
1.445556640625
1.214111328125
1.25830078125
1.3564453125
1.577880859375
1.331787109375
1.36181640625
1.268310546875
1.26806640625
1.1396484375
1.177001953125
1.29541015625
1.363525390625
1.27099609375
1.200439453125
1.4833984375
1.541015625
0.91357421875
1.397216796875
1.336181640625
1.322509765625
1.219482421875
1.309326171875
1.461181640625
1.231689453125
1.217529296875
1.366455078125
1.498779296875
1.0849609375
1.392333984375
1.470947265625
0.990966796875
1.07958984375
1.13916015625
1.491455078125
1.072265625
0.98046875
1.148681640625
1.43212890625
1.123046875
1.208984375
1.2685546875
1.132568359375
1.010009765625
1.1728515625
1.130615234375
1.37841796875
1.474365234375
1.400390625
1.1845703125
1.337890625
1.371826171875
1.40283203125
1.395263671875
1.248779296875
1.35693359375
1.09765625
1.28662109375
1.516357421875
1.386962890625
1.2685546875
1.298095703125
1.378662109375
0.970703125
1.06884765625
1.293212890625
1.16796875
1.1484375
0.9306640625
1.44580078125
1.463134765625
1.32421875
1.561767578125
1.150390625
1.231201171875
1.412841796875
0.995361328125
1.209228515625
1.036376953125
1.157470703125
1.142578125
1.119384765625
1.22509765625
1.126220703125
1.35693359375
1.4306640625
1.04736328125
1.1083984375
1.105712890625
1.237548828125
1.431884765625
1.247314453125
0.9755859375
1.312744140625
1.107666015625
1.16259765625
1.3974609375
1.21484375
1.15966796875
1.390869140625
1.036865234375
1.18701171875
1.207275390625
1.381591796875
1.32275390625
1.233154296875
1.23681640625
1.479736328125
0.9677734375
1.383056640625
1.264892578125
1.041259765625
1.275146484375
1.38671875
1.27978515625
1.163818359375
1.027099609375
1.130615234375
1.3466796875
1.681884765625
1.353515625
1.510986328125
1.259765625
1.242919921875
1.14990234375
1.212890625
1.120849609375
1.1728515625
1.4013671875
1.13623046875
1.06689453125
1.170166015625
1.2646484375
1.55615234375
1.251953125
1.2509765625
1.402587890625
1.2880859375
1.332763671875
1.381103515625
1.01806640625
1.153076171875
1.257080078125
1.290771484375
1.364013671875
1.333251953125
1.037109375
1.375
1.066650390625
1.2666015625
1.297119140625
1.05029296875
1.343505859375
1.22607421875
0.946533203125
1.42138671875
1.0283203125
1.21484375
1.161865234375
1.027099609375
1.226806640625
1.22021484375
1.0732421875
1.206298828125
1.2734375
1.63623046875
1.2919921875
1.100341796875
1.5830078125
1.232666015625
0.998046875
1.084228515625
1.284912109375
1.216796875
1.26220703125
1.301513671875
1.32421875
1.5888671875
1.197021484375
1.0859375
1.27978515625
1.3701171875
1.2333984375
1.42578125
1.025146484375
1.2138671875
1.079833984375
1.181884765625
1.142333984375
1.2431640625
1.213134765625
1.250244140625
1.1513671875
1.130615234375
1.3525390625
0.93408203125
1.420654296875
1.148681640625
1.167236328125
1.166259765625
1.16015625
0.99609375
1.240478515625
1.457763671875
1.06005859375
1.374755859375
1.142333984375
1.114501953125
1.281005859375
1.229736328125
0.9228515625
1.3095703125
1.423583984375
1.221923828125
1.151611328125
1.27783203125
1.252685546875
1.399169921875
1.1318359375
1.10546875
1.238037109375
1.3388671875
1.30517578125
1.1435546875
1.214111328125
1.48828125
1.51513671875
1.2587890625
1.303955078125
1.67822265625
1.432373046875
1.1513671875
1.371826171875
1.462158203125
1.041015625
1.187255859375
1.206298828125
1.2138671875
1.197509765625
1.50146484375
1.552734375
1.06396484375
1.35009765625
1.292724609375
1.091552734375
1.46875
1.292236328125
1.1357421875
1.046630859375
1.26953125
1.2216796875
1.37890625
1.48486328125
1.198974609375
1.385009765625
1.267578125
1.04541015625
1.262451171875
1.238037109375
1.287841796875
1.201904296875
1.116943359375
1.411865234375
1.309326171875
1.288818359375
1.544677734375
1.260009765625
1.225341796875
1.202392578125
1.36962890625
1.236572265625
1.04248046875
1.172607421875
1.218505859375
1.200439453125
1.353271484375
1.4150390625
1.1943359375
1.303466796875
1.226806640625
1.256591796875
1.323486328125
1.14306640625
1.2470703125
1.343994140625
1.185791015625
1.177978515625
1.337890625
1.440673828125
1.21142578125
1.065673828125
1.253662109375
1.0087890625
0.973388671875
1.34326171875
1.22265625
1.307861328125
1.4814453125
1.3076171875
1.2099609375
1.312744140625
0.998779296875
1.05419921875
1.38037109375
1.28271484375
1.278564453125
1.152099609375
1.275390625
1.34912109375
1.318603515625
1.35107421875
1.269287109375
1.329833984375
1.23388671875
1.17333984375
1.42529296875
1.47607421875
1.367431640625
1.060546875
1.419189453125
1.538818359375
1.467041015625
1.4794921875
1.2275390625
1.029296875
1.512939453125
1.332275390625
1.358642578125
1.21923828125
1.2861328125
1.44775390625
1.33349609375
1.25244140625
1.291259765625
1.2421875
1.164306640625
1.257080078125
1.257080078125
1.58447265625
1.298583984375
1.240234375
1.395751953125
1.24951171875
1.498046875
1.469482421875
1.123046875
1.2041015625
1.44091796875
1.308837890625
1.294921875
1.295654296875
1.363525390625
1.34912109375
1.383544921875
1.135498046875
1.4833984375
1.364990234375
1.26171875
1.35205078125
1.194091796875
1.245361328125
1.3330078125
1.046630859375
1.26708984375
1.27001953125
1.355712890625
1.401611328125
1.424560546875
0.96630859375
1.1748046875
1.360595703125
1.268310546875
1.1982421875
1.29052734375
1.394287109375
1.2197265625
1.01416015625
1.371826171875
1.176513671875
1.162109375
1.161376953125
1.31201171875
1.533447265625
1.2783203125
1.50244140625
1.39599609375
1.361572265625
0.81396484375
1.18701171875
1.177001953125
1.19873046875
1.71630859375
1.125732421875
1.14306640625
1.579345703125
1.202880859375
1.180908203125
1.546630859375
1.357666015625
1.17041015625
1.253173828125
1.56298828125
1.242431640625
1.108642578125
1.228271484375
1.494873046875
1.256103515625
1.29052734375
1.2861328125
1.413818359375
1.210693359375
1.088134765625
1.02294921875
1.40185546875
1.36083984375
1.27978515625
1.166259765625
1.15673828125
1.2451171875
1.377685546875
1.351318359375
1.229736328125
1.02099609375
1.045654296875
1.2392578125
1.2060546875
1.091796875
1.168701171875
1.14404296875
1.279052734375
1.476806640625
1.33203125
1.1357421875
