1.69091796875
1.708251953125
1.797607421875
1.392822265625
1.649658203125
1.743408203125
1.69970703125
2.00390625
1.76513671875
1.902587890625
1.649658203125
1.7353515625
1.703125
1.6630859375
1.560791015625
1.933349609375
1.994140625
1.804443359375
1.902099609375
1.656494140625
1.6044921875
1.713623046875
1.87646484375
1.807861328125
1.9521484375
1.847412109375
1.723876953125
1.683837890625
1.864990234375
1.575927734375
1.615966796875
1.50537109375
1.798828125
1.48486328125
1.7119140625
1.796630859375
1.9208984375
1.739990234375
1.702880859375
1.700927734375
1.601806640625
1.80517578125
1.82861328125
1.588134765625
1.609619140625
1.774658203125
1.812744140625
1.609375
1.865966796875
1.55322265625
1.79931640625
1.721435546875
2.126220703125
1.5869140625
2.096923828125
1.815673828125
1.720947265625
1.798095703125
1.575439453125
1.76220703125
1.80712890625
1.520751953125
1.825439453125
1.716064453125
1.6845703125
1.820068359375
1.68359375
1.666015625
1.781494140625
1.578369140625
1.581298828125
1.847900390625
1.490966796875
1.9248046875
1.4013671875
1.638916015625
1.788330078125
2.145263671875
1.93212890625
1.751220703125
1.602294921875
1.68896484375
1.544921875
1.771240234375
1.95947265625
1.908935546875
1.67919921875
1.77978515625
1.76953125
1.620849609375
1.673828125
1.716796875
1.60009765625
1.48876953125
1.772216796875
1.513427734375
1.558837890625
1.78662109375
1.5390625
1.765625
1.78955078125
1.689697265625
1.673095703125
1.7783203125
1.76904296875
1.691162109375
1.61474609375
1.474365234375
1.738525390625
1.6669921875
1.669189453125
1.806396484375
1.708251953125
1.449462890625
1.978515625
1.71435546875
1.5751953125
1.53759765625
1.644287109375
1.552490234375
1.76416015625
1.7783203125
1.626220703125
1.95458984375
1.823486328125
1.89111328125
1.52880859375
1.8818359375
1.673583984375
1.656005859375
2.018798828125
1.6201171875
2.010009765625
1.580322265625
1.950927734375
1.700439453125
1.2119140625
1.85595703125
1.845458984375
1.466796875
1.90869140625
1.7080078125
1.45654296875
1.36767578125
1.732421875
1.364990234375
1.846923828125
1.573974609375
1.681640625
1.794921875
1.802490234375
1.493408203125
1.544921875
1.54833984375
1.478759765625
2.03662109375
1.641845703125
1.6259765625
1.896240234375
1.50341796875
1.72412109375
1.8369140625
1.473388671875
1.908447265625
1.632080078125
1.671875
1.616455078125
1.52197265625
2.01611328125
1.738525390625
1.650634765625
1.811767578125
1.634765625
1.649169921875
1.6318359375
1.478759765625
2.0224609375
1.723876953125
1.600341796875
1.98095703125
1.6064453125
1.46533203125
2.00048828125
1.734375
1.6357421875
1.840576171875
1.79150390625
1.58154296875
1.9501953125
1.871337890625
1.478515625
1.7861328125
1.533935546875
1.541748046875
1.860107421875
1.838623046875
1.52294921875
1.8955078125
1.760498046875
1.680908203125
1.734619140625
1.51318359375
1.4765625
1.899658203125
1.643310546875
1.660400390625
1.677978515625
1.712890625
1.51806640625
1.808837890625
1.644775390625
1.458251953125
2.099609375
1.68115234375
1.516845703125
1.71533203125
1.94970703125
1.670654296875
1.71044921875
2.0029296875
1.642578125
1.84130859375
2.057373046875
1.773681640625
1.767578125
1.566162109375
1.584228515625
1.796875
1.9091796875
1.68017578125
1.61669921875
1.584716796875
1.776123046875
1.588623046875
1.572021484375
1.938720703125
1.80078125
1.956298828125
1.3388671875
1.505615234375
1.908203125
1.6376953125
1.906005859375
1.627685546875
1.5146484375
1.53076171875
1.656494140625
1.628173828125
1.947509765625
1.759033203125
1.693359375
1.58154296875
1.693115234375
1.80322265625
1.626708984375
1.628662109375
1.42333984375
1.741943359375
1.820068359375
1.352294921875
1.805908203125
1.70849609375
1.603759765625
1.565185546875
1.611328125
1.74658203125
1.7392578125
1.65234375
1.681640625
1.471923828125
1.81884765625
1.9267578125
1.80615234375
1.4990234375
1.502197265625
1.724609375
1.892333984375
1.656005859375
1.748779296875
1.656005859375
1.759521484375
1.618408203125
1.849365234375
2.02099609375
1.4609375
1.6328125
1.552001953125
1.514892578125
1.431396484375
1.790771484375
1.591064453125
1.697265625
1.53955078125
1.81494140625
1.6416015625
1.999755859375
1.46923828125
1.858154296875
1.8564453125
1.500732421875
1.61865234375
1.66845703125
1.807373046875
1.9453125
1.597900390625
1.59814453125
1.775146484375
1.45068359375
1.654541015625
1.6259765625
1.732421875
1.992431640625
1.560546875
1.719482421875
1.8662109375
1.762939453125
1.7451171875
1.7939453125
1.797119140625
1.754638671875
1.543212890625
1.5849609375
1.65869140625
1.766845703125
1.890380859375
1.755126953125
1.73779296875
1.751953125
1.6845703125
1.583740234375
2.0205078125
1.8408203125
1.7802734375
1.851806640625
1.688720703125
1.82763671875
1.737548828125
1.8486328125
1.422119140625
1.82421875
1.589111328125
1.869873046875
1.850830078125
1.874267578125
1.774658203125
1.6533203125
1.468017578125
1.956298828125
1.414794921875
1.863037109375
1.93505859375
1.76806640625
1.54150390625
1.85498046875
1.455322265625
1.741943359375
1.823974609375
1.71142578125
1.796630859375
1.932373046875
1.599853515625
1.768798828125
1.60693359375
1.48876953125
1.9140625
1.517822265625
1.640380859375
2.0009765625
1.904296875
1.64208984375
1.62353515625
1.930419921875
1.58544921875
1.611572265625
1.716796875
1.67822265625
1.4912109375
1.525146484375
1.521484375
1.8818359375
1.5830078125
1.464599609375
1.613037109375
2.052490234375
1.625244140625
1.955078125
1.6396484375
1.805908203125
1.985107421875
1.630126953125
1.7041015625
2.052490234375
1.613525390625
1.910400390625
1.928466796875
1.492919921875
1.69921875
1.730712890625
1.8134765625
1.868896484375
1.656982421875
1.824462890625
1.698486328125
1.802978515625
1.64306640625
1.843505859375
1.8359375
1.71826171875
1.5869140625
1.68505859375
1.789794921875
1.817138671875
1.7099609375
1.613037109375
1.6484375
1.556640625
1.9130859375
1.622802734375
1.664306640625
1.526123046875
1.897705078125
1.737060546875
1.64599609375
1.8212890625
1.725830078125
1.888671875
1.739013671875
1.754150390625
1.57958984375
1.684814453125
1.743408203125
1.735107421875
2.049560546875
1.92724609375
1.8798828125
1.57861328125
1.69091796875
1.97412109375
1.84228515625
1.391357421875
1.618896484375
1.685791015625
1.77783203125
1.75732421875
1.521484375
1.780029296875
1.3642578125
1.6552734375
1.770751953125
1.822265625
1.8671875
1.67919921875
1.830322265625
1.605712890625
1.844482421875
1.847900390625
1.3740234375
1.57421875
1.754150390625
1.7548828125
1.80029296875
1.60205078125
1.797607421875
1.880615234375
1.701171875
1.66650390625
1.784423828125
1.9169921875
1.794189453125
1.53564453125
1.74658203125
1.7412109375
1.806640625
1.659423828125
1.682373046875
1.427490234375
1.669189453125
1.930419921875
1.499267578125
1.93994140625
1.7265625
1.632568359375
1.654541015625
1.682861328125
1.67919921875
1.473388671875
1.7333984375
1.740478515625
1.6416015625
1.650146484375
1.55029296875
1.974853515625
1.71142578125
1.599609375
1.692138671875
1.64404296875
1.667236328125
1.969482421875
1.4033203125
1.727294921875
1.684326171875
1.29736328125
1.4501953125
1.886962890625
1.964599609375
1.80078125
1.780029296875
1.4990234375
1.574951171875
1.499267578125
1.669677734375
1.867431640625
1.514892578125
1.491943359375
1.677490234375
1.96337890625
1.66943359375
1.6005859375
1.470947265625
1.534423828125
1.770263671875
1.802978515625
1.55908203125
1.83837890625
1.437744140625
1.809814453125
1.854736328125
1.479248046875
1.76123046875
1.805908203125
1.71142578125
1.69580078125
1.848876953125
1.76953125
1.918212890625
1.446044921875
1.843505859375
1.54150390625
1.67822265625
1.364501953125
1.60498046875
1.88623046875
1.831298828125
1.5859375
1.468994140625
1.7236328125
1.4228515625
1.784423828125
1.567626953125
1.502685546875
1.649169921875
1.7646484375
1.9326171875
1.51513671875
1.61962890625
1.6455078125
1.504638671875
1.73681640625
1.46337890625
1.72021484375
1.6357421875
1.79296875
1.506103515625
1.375732421875
1.66796875
1.580078125
1.57177734375
1.92578125
1.58935546875
1.52001953125
1.5341796875
1.587890625
1.597412109375
1.758544921875
1.642578125
1.6103515625
1.751220703125
1.837646484375
1.541015625
1.64013671875
1.469482421875
1.857177734375
1.5888671875
1.92138671875
1.693115234375
1.303466796875
1.802734375
1.574462890625
1.929443359375
1.7802734375
1.828857421875
1.5009765625
1.440185546875
1.928955078125
1.7216796875
1.53369140625
1.92236328125
1.60009765625
1.887451171875
1.88818359375
1.50390625
2.027099609375
1.61865234375
1.86865234375
1.402587890625
1.783935546875
1.6875
1.660400390625
1.6689453125
1.789794921875
1.884521484375
1.682861328125
1.823486328125
1.7705078125
1.623291015625
1.897705078125
1.677001953125
1.681884765625
1.68994140625
1.75927734375
2.024658203125
1.7001953125
1.701904296875
2.052734375
1.550048828125
1.914306640625
1.662109375
1.818115234375
1.57177734375
1.621337890625
1.677978515625
1.716552734375
2.03369140625
1.82373046875
1.53515625
1.43310546875
1.796875
1.55078125
1.788330078125
2.060546875
1.813232421875
1.68408203125
1.726806640625
1.9951171875
1.681884765625
1.68115234375
1.646240234375
1.719970703125
1.7763671875
1.84814453125
1.619873046875
1.82470703125
1.424072265625
1.891845703125
1.57568359375
1.693359375
1.700927734375
1.673095703125
1.790771484375
1.73681640625
1.695556640625
1.88623046875
1.9609375
1.549560546875
1.98388671875
1.721435546875
1.677490234375
1.603759765625
1.6318359375
1.903564453125
1.462890625
1.272705078125
1.66552734375
1.851806640625
1.571533203125
1.90673828125
1.7392578125
1.850341796875
1.797607421875
1.8193359375
1.86474609375
1.703369140625
1.8505859375
1.630859375
1.767822265625
1.46533203125
1.597412109375
1.62646484375
1.634765625
1.808837890625
1.838623046875
1.498046875
1.64892578125
1.948974609375
1.96044921875
1.861328125
1.666259765625
1.51904296875
1.625244140625
1.5576171875
1.61669921875
1.72509765625
1.934814453125
1.760986328125
1.73291015625
1.620849609375
1.59326171875
1.84521484375
1.6435546875
1.588134765625
1.754638671875
1.39599609375
1.6220703125
1.64501953125
1.551513671875
1.325439453125
1.62451171875
1.8330078125
1.4990234375
1.892333984375
1.472412109375
1.604248046875
1.699951171875
1.802978515625
1.794189453125
1.55712890625
1.6865234375
1.2919921875
1.874755859375
1.474365234375
1.918701171875
1.6328125
1.634521484375
1.50146484375
1.75
1.668701171875
1.50048828125
1.692626953125
2.053955078125
1.575439453125
1.660888671875
1.940673828125
1.96044921875
1.51025390625
1.836181640625
1.977294921875
1.722412109375
1.61572265625
1.51513671875
2.029052734375
1.86376953125
1.983642578125
1.57177734375
1.65380859375
1.682373046875
1.967041015625
1.79345703125
1.730712890625
1.887451171875
1.82373046875
1.553955078125
1.448486328125
1.869384765625
1.483154296875
1.80712890625
1.703125
1.679931640625
1.8916015625
1.941650390625
1.403076171875
1.5849609375
1.75146484375
1.63623046875
1.7783203125
1.772705078125
1.346923828125
1.707763671875
1.678955078125
1.8017578125
1.6201171875
1.615966796875
1.6865234375
1.64794921875
1.863525390625
1.750244140625
1.693359375
1.836181640625
1.5625
1.592529296875
1.603271484375
1.867919921875
1.843017578125
1.681396484375
1.83447265625
1.510009765625
1.82470703125
1.763427734375
1.73974609375
1.81689453125
1.510498046875
1.558837890625
1.495849609375
1.60302734375
1.691162109375
1.9892578125
1.77685546875
1.402099609375
1.9150390625
1.76806640625
1.797119140625
1.768798828125
1.47119140625
1.584716796875
2.04833984375
1.635498046875
1.705078125
1.5703125
1.586181640625
1.864990234375
1.946044921875
1.647216796875
1.82275390625
1.767578125
1.626220703125
1.380859375
1.5517578125
1.765625
1.600830078125
1.455322265625
1.85107421875
1.83935546875
1.801025390625
1.69287109375
1.624755859375
1.59765625
1.389404296875
1.73388671875
1.654052734375
1.608154296875
1.819580078125
1.4921875
1.8076171875
1.562255859375
1.92236328125
1.599609375
1.75
1.819091796875
1.764404296875
1.85205078125
1.5458984375
1.861572265625
1.82275390625
1.7490234375
1.72607421875
1.519775390625
1.638671875
1.828369140625
1.7236328125
1.826416015625
1.776123046875
1.796875
1.754150390625
1.8076171875
1.923583984375
1.6220703125
1.9443359375
1.60205078125
1.807861328125
1.928955078125
1.47998046875
1.775634765625
