0.860107421875
0.860107421875
0.852294921875
0.749755859375
0.979248046875
0.846435546875
0.806884765625
0.82373046875
1.088623046875
0.810791015625
0.802001953125
1.009521484375
0.849853515625
0.95263671875
0.92529296875
0.78076171875
0.77587890625
0.867919921875
1.072509765625
0.7275390625
0.8310546875
0.744140625
0.603271484375
0.936767578125
0.60546875
1.083740234375
0.913330078125
0.870849609375
0.81884765625
0.836181640625
0.999267578125
0.9833984375
0.880859375
0.837158203125
0.78173828125
1.13623046875
1.0341796875
0.937744140625
0.970703125
0.803466796875
0.93017578125
0.982666015625
1.034912109375
0.90380859375
0.980224609375
0.693359375
0.711669921875
0.76123046875
0.811767578125
0.875732421875
0.929443359375
0.881103515625
0.77587890625
1.01806640625
0.591796875
0.89697265625
0.691162109375
0.764404296875
1.14990234375
1.161376953125
0.892822265625
0.66796875
0.9609375
1.207275390625
0.812744140625
1.2001953125
0.8857421875
1.03125
1.00244140625
0.8876953125
0.859130859375
0.813720703125
0.78955078125
0.906494140625
0.975341796875
0.929443359375
1.155517578125
0.9091796875
0.712158203125
1.213134765625
0.714111328125
0.907470703125
0.868896484375
0.871826171875
0.970458984375
0.87841796875
1.059326171875
0.927978515625
0.7041015625
0.84326171875
0.725830078125
0.927001953125
1.210693359375
0.70703125
1.286376953125
0.7578125
0.873046875
0.725830078125
0.78955078125
0.876953125
1.0166015625
0.8310546875
0.98974609375
0.63134765625
0.8134765625
0.81640625
0.73388671875
0.8935546875
0.960205078125
0.65869140625
0.7236328125
0.95458984375
0.96875
0.6435546875
0.798828125
1.0693359375
0.69677734375
0.798828125
1.000732421875
0.990234375
0.770263671875
1.043701171875
0.93408203125
0.911376953125
0.802490234375
0.675048828125
0.840576171875
0.808349609375
0.766845703125
0.793212890625
0.732666015625
1.015869140625
1.010009765625
1.017822265625
0.919677734375
0.831298828125
0.8125
1.05712890625
0.843017578125
0.62744140625
0.708251953125
0.913330078125
0.958984375
0.875
1.024658203125
0.9853515625
0.822265625
0.796630859375
1.0009765625
0.890869140625
0.6240234375
0.82763671875
0.927734375
0.850830078125
1.039306640625
0.913330078125
0.894287109375
0.96240234375
0.79541015625
0.737060546875
0.982177734375
0.789306640625
0.834716796875
0.99658203125
0.75634765625
0.918212890625
0.762939453125
0.91259765625
0.69580078125
1.0537109375
0.84521484375
0.949951171875
0.892578125
0.91162109375
0.69189453125
0.75146484375
0.74609375
0.91796875
0.73974609375
0.815185546875
0.85302734375
1.1025390625
0.802490234375
0.78515625
0.69580078125
0.702880859375
1.0849609375
0.9794921875
1.127197265625
0.90869140625
0.740234375
0.809814453125
0.87255859375
0.9833984375
0.96435546875
0.689453125
1.0029296875
0.906005859375
1.03076171875
1.072998046875
1.17822265625
0.83984375
0.94873046875
0.52392578125
0.859619140625
1.1904296875
0.87890625
0.947998046875
0.898681640625
1.07470703125
0.80224609375
0.828857421875
0.99560546875
1.196533203125
0.990966796875
0.627685546875
0.87060546875
0.828369140625
0.69921875
1.039794921875
0.811767578125
0.677001953125
1.01025390625
0.85400390625
1.087646484375
1.154052734375
0.92041015625
0.635986328125
0.815673828125
0.875732421875
0.547119140625
0.935302734375
0.935546875
0.808837890625
0.80517578125
0.68017578125
0.85205078125
0.755126953125
0.7666015625
0.81103515625
0.950927734375
0.845458984375
0.8896484375
0.832763671875
0.99853515625
0.69287109375
0.810791015625
1.076416015625
0.93798828125
0.762939453125
0.915283203125
0.97265625
0.77490234375
0.979736328125
0.639892578125
0.656494140625
1.00390625
0.9453125
0.47265625
1.06787109375
0.809814453125
0.751953125
1.1162109375
1.088134765625
1.01611328125
0.951416015625
0.730224609375
0.974609375
0.640625
1.063720703125
0.8916015625
0.8369140625
1.001708984375
0.732666015625
0.9794921875
0.87744140625
0.83740234375
0.80517578125
1.10107421875
0.82080078125
1.043212890625
0.5947265625
0.946044921875
0.6142578125
1.0302734375
0.66845703125
0.88232421875
0.85546875
0.8232421875
0.963134765625
0.95458984375
0.772705078125
0.724609375
1.03759765625
1.109130859375
1.22119140625
0.96337890625
0.765380859375
1.07080078125
0.718505859375
0.83544921875
0.795166015625
0.64208984375
0.947998046875
0.7294921875
0.8193359375
0.844482421875
0.639892578125
0.803466796875
0.880859375
0.799072265625
0.6064453125
0.890869140625
0.60595703125
1.074951171875
0.97216796875
0.96826171875
0.736572265625
0.762939453125
0.87451171875
1.04638671875
0.65283203125
0.8583984375
0.936279296875
0.728515625
0.819580078125
0.6865234375
0.97216796875
0.884521484375
0.935546875
0.85009765625
0.904052734375
1.045654296875
0.874755859375
1.037353515625
1.142822265625
0.55810546875
0.78466796875
0.75634765625
0.705322265625
0.75244140625
0.68212890625
0.705078125
0.81982421875
0.891357421875
0.80224609375
0.724365234375
0.9453125
0.939697265625
0.95556640625
0.597412109375
0.868896484375
0.988037109375
0.57080078125
0.875244140625
1.009765625
0.769287109375
0.980224609375
0.7587890625
0.810546875
0.954833984375
1.030029296875
0.916015625
1.079833984375
0.81640625
0.625732421875
0.736572265625
0.895263671875
0.940673828125
0.918701171875
0.697509765625
0.922607421875
0.74462890625
0.890869140625
0.833251953125
1.001220703125
1.001220703125
0.83984375
1.063232421875
0.939453125
1.042724609375
0.81298828125
1.17138671875
0.969482421875
0.78271484375
0.92724609375
1.038330078125
0.9365234375
0.72509765625
0.985595703125
1.000244140625
0.9326171875
0.77734375
0.857177734375
0.730224609375
0.685546875
0.81103515625
0.764404296875
0.643310546875
0.74365234375
1.1845703125
1.02880859375
1.101806640625
0.862548828125
1.064697265625
0.854248046875
1.078125
0.722412109375
0.892822265625
0.82080078125
0.759765625
0.96142578125
0.678466796875
1.1064453125
1.050048828125
0.733642578125
0.87353515625
0.811279296875
0.97021484375
0.7119140625
0.73193359375
0.79248046875
1.05126953125
0.75927734375
0.9248046875
0.836181640625
0.79248046875
0.590576171875
0.629638671875
0.72216796875
0.953369140625
0.97509765625
0.86376953125
0.84033203125
1.125
1.159423828125
0.743408203125
0.97705078125
1.042236328125
0.76171875
0.864013671875
0.88818359375
0.719970703125
0.825439453125
0.880859375
0.8818359375
1.1328125
0.931396484375
0.8779296875
0.976806640625
0.93798828125
0.765869140625
0.581298828125
0.84326171875
0.66845703125
0.8466796875
1.025634765625
0.88037109375
0.99658203125
0.976318359375
0.696533203125
0.9111328125
0.6416015625
0.68408203125
0.9365234375
0.9208984375
0.689453125
1.011474609375
0.94140625
0.866943359375
0.9033203125
0.7734375
0.811279296875
0.786865234375
0.73974609375
0.9033203125
0.752197265625
0.65283203125
0.713623046875
0.896240234375
0.9306640625
0.802734375
0.982666015625
0.943603515625
0.994140625
1.041259765625
1.091796875
0.773681640625
1.03466796875
0.91552734375
0.64404296875
0.849365234375
0.901123046875
0.767822265625
0.9677734375
0.978515625
0.878173828125
0.85888671875
0.78564453125
1.149658203125
0.972412109375
0.931884765625
0.714599609375
0.89892578125
0.91796875
0.737060546875
0.650634765625
0.845947265625
0.818359375
0.894775390625
0.795166015625
0.96484375
0.89599609375
0.740234375
0.801025390625
0.820556640625
1.072265625
0.7177734375
0.95703125
0.737060546875
1.070556640625
0.95849609375
1.03662109375
0.66650390625
0.838134765625
0.962646484375
0.76806640625
0.57958984375
0.870849609375
0.844970703125
0.707763671875
0.82177734375
0.77197265625
0.82568359375
0.66796875
0.95556640625
1.02490234375
0.8486328125
0.8935546875
0.93603515625
1.11279296875
1.122802734375
0.67822265625
0.998291015625
0.803955078125
0.967041015625
0.979248046875
1.0771484375
0.73828125
0.854736328125
0.72216796875
0.96240234375
0.873291015625
0.964599609375
0.749755859375
0.7255859375
0.69677734375
0.747802734375
0.910888671875
0.90576171875
0.87060546875
0.96875
0.6748046875
1.002685546875
0.789794921875
0.905517578125
0.9228515625
0.824951171875
0.760986328125
1.013916015625
0.71044921875
0.987548828125
0.771240234375
1.063232421875
0.814208984375
1.12451171875
1.055908203125
0.796875
0.81982421875
0.946533203125
0.742919921875
1.1240234375
0.964599609375
1.007080078125
0.850341796875
0.791748046875
0.852783203125
0.9951171875
0.611083984375
0.60693359375
0.944091796875
0.755859375
0.578369140625
1.046875
0.80517578125
0.998779296875
1.07666015625
0.972412109375
1.016845703125
0.892578125
0.97705078125
0.94482421875
0.84375
0.936279296875
0.837158203125
0.686279296875
0.823974609375
0.905029296875
0.986328125
0.87158203125
0.846435546875
0.984619140625
0.596923828125
0.833984375
0.865966796875
0.707275390625
0.860595703125
0.8876953125
0.953857421875
0.734619140625
0.83935546875
1.026611328125
0.60498046875
0.919189453125
0.72509765625
0.63671875
0.745849609375
0.898681640625
0.566162109375
0.774169921875
0.926513671875
0.909423828125
0.80078125
0.85595703125
0.653564453125
0.79150390625
0.807373046875
0.78076171875
0.91455078125
0.98291015625
0.864501953125
0.855224609375
1.004150390625
0.891845703125
0.53173828125
0.83154296875
1.09716796875
0.745849609375
0.957763671875
0.68408203125
0.86474609375
0.98828125
0.852783203125
0.957763671875
0.504638671875
0.983642578125
0.70068359375
0.816650390625
0.74560546875
0.706787109375
0.61279296875
1.11376953125
1.02099609375
0.979736328125
0.80517578125
0.9560546875
0.66162109375
1.029541015625
0.9052734375
1.136962890625
1.09521484375
0.882568359375
0.98681640625
0.88671875
0.750732421875
1.0361328125
1.04931640625
0.843017578125
0.95947265625
0.83056640625
0.785400390625
0.986328125
0.8984375
0.456787109375
0.818115234375
1.059814453125
0.76025390625
0.747802734375
0.828857421875
1.1259765625
0.91162109375
0.7412109375
1.019775390625
0.896484375
0.951904296875
0.650146484375
0.79052734375
0.89453125
0.8681640625
0.76025390625
0.592529296875
1.06640625
1.08349609375
0.837646484375
0.860595703125
0.641357421875
0.8046875
0.81640625
0.927490234375
0.858154296875
0.84765625
0.711669921875
1.088134765625
0.919921875
0.765625
1.029541015625
1.19189453125
0.787353515625
0.904296875
0.8056640625
0.783447265625
0.892578125
0.90283203125
0.80078125
1.022705078125
0.94287109375
0.85546875
1.0615234375
1.068115234375
0.597900390625
0.803466796875
0.618896484375
1.0888671875
0.877685546875
0.65283203125
1.0380859375
0.990966796875
0.872314453125
1.194580078125
0.98974609375
0.9326171875
0.87158203125
1.10693359375
0.61376953125
0.667236328125
0.7666015625
0.82421875
1.0908203125
0.80029296875
0.866943359375
0.920654296875
0.85693359375
0.747802734375
0.964111328125
0.916748046875
0.660888671875
1.2578125
0.896728515625
0.577392578125
1.004150390625
0.56689453125
0.948974609375
1.085693359375
1.022216796875
0.66748046875
0.802001953125
0.7578125
0.984130859375
1.03369140625
0.762451171875
0.8154296875
0.90625
0.778564453125
0.81884765625
0.913330078125
1.017822265625
0.847900390625
0.7294921875
0.594970703125
0.919921875
0.8857421875
0.754638671875
0.6357421875
1.096923828125
0.769775390625
0.77294921875
0.994873046875
1.08740234375
0.86181640625
0.921875
0.792724609375
1.02734375
0.702392578125
0.978515625
0.82177734375
0.815673828125
0.64013671875
0.977294921875
0.880615234375
0.99169921875
0.975830078125
0.968017578125
0.906494140625
0.896484375
0.8671875
1.00390625
0.923583984375
1.067626953125
0.79296875
0.844482421875
0.87353515625
0.808837890625
1.187255859375
0.583984375
0.861083984375
0.894287109375
1.159912109375
0.802490234375
1.17431640625
1.060791015625
1.16796875
0.63818359375
0.960205078125
0.875732421875
0.953125
0.80126953125
1.003173828125
1.0634765625
0.88232421875
0.589599609375
0.6162109375
0.857177734375
0.747314453125
1.014404296875
1.052490234375
1.184326171875
0.8896484375
0.84033203125
0.960693359375
0.659423828125
0.637939453125
0.670654296875
1.138671875
0.894287109375
0.74853515625
0.81689453125
0.771484375
0.868896484375
0.820556640625
1.059814453125
1.05126953125
0.846435546875
0.728515625
0.7470703125
0.984130859375
1.045166015625
1.033203125
1.06005859375
0.8349609375
0.820556640625
0.9140625
1.049560546875
0.930419921875
0.84716796875
1.003173828125
0.7060546875
0.89990234375
0.728515625
0.75537109375
0.773681640625
0.712158203125
0.908935546875
0.922607421875
0.743896484375
0.993896484375
0.681396484375
0.935791015625
1.04638671875
0.85791015625
0.6826171875
0.61083984375
0.8115234375
1.02734375
0.947021484375
0.8193359375
0.75390625
0.633056640625
0.733154296875
1.049072265625
0.92431640625
0.865966796875
0.8798828125
0.804931640625
0.840576171875
0.718017578125
0.919921875
0.823974609375
1.040771484375
0.963134765625
0.897705078125
1.280517578125
0.767333984375
0.601806640625
0.868896484375
0.823486328125
0.85693359375
0.697265625
0.8466796875
0.8408203125
0.66455078125
0.982421875
0.90087890625
0.85205078125
1.066162109375
0.8779296875
0.965576171875
1.121826171875
0.774169921875
1.1689453125
0.97021484375
0.53173828125
0.84326171875
0.697265625
0.928466796875
0.7529296875
1.118896484375
0.654541015625
0.92431640625
0.9072265625
0.81591796875
0.949951171875
0.72705078125
0.977294921875
0.97119140625
0.865234375
0.954833984375
0.778076171875
0.492431640625
0.9560546875
0.6748046875
0.618896484375
0.843505859375
