1.428466796875
1.428466796875
1.428466796875
1.428466796875
1.428466796875
1.428466796875
1.428466796875
1.5556640625
1.60302734375
1.50048828125
1.19921875
1.302001953125
1.437255859375
1.435302734375
1.658935546875
1.434326171875
1.219970703125
1.715576171875
1.59765625
1.27978515625
1.542724609375
1.41650390625
1.51611328125
1.6123046875
1.385009765625
1.7705078125
1.72314453125
1.420166015625
1.493896484375
1.600341796875
1.6015625
1.65576171875
1.64990234375
1.33349609375
1.576416015625
1.383544921875
1.38720703125
1.40185546875
1.219970703125
1.437744140625
1.48095703125
1.523193359375
1.37890625
1.3876953125
1.709716796875
1.295654296875
1.296630859375
1.5771484375
1.309326171875
1.616455078125
1.650634765625
1.428955078125
1.617431640625
1.552001953125
1.443115234375
1.441650390625
1.57666015625
1.58203125
1.43603515625
1.6162109375
1.377685546875
1.178466796875
1.55810546875
1.413330078125
1.504638671875
1.29052734375
1.09521484375
1.279541015625
1.39013671875
1.56640625
1.503662109375
1.220458984375
1.632080078125
1.559326171875
1.47021484375
1.482177734375
1.510498046875
1.81982421875
1.460693359375
1.434326171875
1.267822265625
1.4990234375
1.306884765625
1.548583984375
1.653076171875
1.707275390625
1.479736328125
1.65283203125
1.099853515625
1.41015625
1.22119140625
1.351806640625
1.19091796875
1.4404296875
1.24169921875
1.897705078125
1.732666015625
1.5400390625
1.221923828125
1.483154296875
1.519775390625
1.412109375
1.280517578125
1.254638671875
1.637939453125
1.013427734375
1.776123046875
1.23779296875
1.685546875
1.511962890625
1.43701171875
1.43798828125
1.5888671875
1.394775390625
1.6416015625
1.24072265625
1.386962890625
1.60400390625
1.555419921875
1.600341796875
1.635986328125
1.467041015625
1.278564453125
1.647216796875
1.478515625
1.43798828125
1.529296875
1.412841796875
1.366943359375
1.2958984375
1.3623046875
1.496826171875
1.591796875
1.34130859375
1.564453125
1.50048828125
1.346435546875
1.361083984375
1.534423828125
1.60302734375
1.544921875
1.519287109375
1.385986328125
1.7685546875
1.416015625
1.50146484375
1.5966796875
1.697265625
1.659912109375
1.29541015625
1.56396484375
1.41357421875
1.478759765625
1.255615234375
1.318603515625
1.391357421875
1.155517578125
1.283447265625
1.39990234375
1.68701171875
1.419189453125
1.59912109375
1.490478515625
1.30859375
1.581298828125
1.5048828125
1.46337890625
1.179443359375
1.637939453125
1.28515625
1.5
1.756591796875
1.619873046875
1.609375
1.334716796875
1.4541015625
1.521728515625
1.763671875
1.440185546875
1.064208984375
1.5244140625
1.310302734375
1.100341796875
1.309814453125
1.7333984375
1.56787109375
1.363037109375
1.523193359375
1.56005859375
1.5
1.506103515625
1.67236328125
1.482177734375
1.373291015625
1.33642578125
1.360107421875
1.413330078125
1.341796875
1.39697265625
1.904052734375
1.410888671875
1.57275390625
1.40380859375
1.56103515625
1.716796875
1.127685546875
1.616455078125
1.2998046875
1.4033203125
1.549072265625
1.612060546875
1.527587890625
1.43603515625
1.48583984375
1.184814453125
1.473876953125
1.579345703125
1.677978515625
1.655029296875
1.421142578125
1.29345703125
1.52734375
1.54541015625
1.55224609375
1.594970703125
1.744873046875
1.6298828125
1.441650390625
1.679931640625
1.420166015625
1.318603515625
1.46826171875
1.403564453125
1.49462890625
1.749755859375
1.61962890625
1.509521484375
1.410400390625
1.503662109375
1.590576171875
1.483154296875
1.4970703125
1.39599609375
1.58642578125
1.268798828125
1.598876953125
1.38330078125
1.379150390625
1.501220703125
1.202880859375
1.507568359375
1.531494140625
1.345458984375
1.260986328125
1.560302734375
1.60400390625
1.285400390625
1.60693359375
1.62109375
1.2890625
1.514404296875
1.27587890625
1.54931640625
1.510986328125
1.56103515625
1.4013671875
1.417236328125
1.377685546875
1.272216796875
1.302490234375
1.561767578125
1.405517578125
1.29052734375
1.655517578125
1.316162109375
1.80615234375
1.236328125
1.43017578125
1.42529296875
1.732421875
1.43505859375
1.33447265625
1.4072265625
1.2294921875
1.272705078125
1.37548828125
1.59130859375
1.566650390625
1.52587890625
1.406494140625
1.37646484375
1.654052734375
1.345947265625
1.549560546875
1.318115234375
1.300537109375
1.592041015625
1.5966796875
1.69677734375
1.675537109375
1.405029296875
1.76708984375
1.388916015625
1.6103515625
1.67431640625
1.649169921875
1.530517578125
1.37646484375
1.370361328125
1.39501953125
1.638671875
1.401611328125
1.452880859375
1.2451171875
1.341796875
1.6318359375
1.439208984375
1.484619140625
1.310302734375
1.646240234375
1.4326171875
1.35546875
1.69873046875
1.48291015625
1.271484375
1.523681640625
1.22265625
1.251953125
1.2939453125
1.626220703125
1.3740234375
1.565673828125
1.35791015625
1.455810546875
1.56298828125
1.435546875
1.208984375
1.412109375
1.3642578125
1.37939453125
1.302001953125
1.411865234375
1.375
1.44091796875
1.3125
1.464599609375
1.3427734375
1.606201171875
1.375244140625
1.476806640625
1.23388671875
1.3193359375
1.4658203125
1.38330078125
1.744873046875
1.512939453125
1.537353515625
1.239013671875
1.556640625
1.1875
1.171875
1.58935546875
1.341796875
1.588134765625
1.58203125
1.547607421875
1.2783203125
1.4150390625
1.28271484375
1.582763671875
1.429931640625
1.527099609375
1.19384765625
1.321044921875
1.372802734375
1.611572265625
1.537841796875
1.56298828125
1.52587890625
1.208984375
1.5439453125
1.466064453125
1.726318359375
1.299560546875
1.476806640625
1.584716796875
1.361328125
1.583984375
1.468994140625
1.487060546875
1.33984375
1.290771484375
1.41748046875
1.477294921875
1.447509765625
1.562744140625
1.44140625
1.411865234375
1.701171875
1.43310546875
1.39013671875
1.57177734375
1.476806640625
1.332275390625
1.38720703125
1.374267578125
1.696533203125
1.68310546875
1.69482421875
1.635009765625
1.469482421875
1.561767578125
1.50048828125
1.462890625
1.44921875
1.5263671875
1.456298828125
1.519775390625
1.640380859375
1.624267578125
1.2548828125
1.36669921875
1.317626953125
1.56982421875
1.3798828125
1.25634765625
1.389892578125
1.751953125
1.341064453125
1.380615234375
1.3046875
1.55810546875
1.29345703125
1.34619140625
1.336669921875
1.216796875
1.746337890625
1.593017578125
1.190185546875
1.204345703125
1.658203125
1.519775390625
1.516357421875
1.520263671875
1.56103515625
1.249755859375
1.572021484375
1.538330078125
1.341552734375
1.45556640625
1.18798828125
1.6484375
1.41748046875
1.58154296875
1.614501953125
1.30224609375
1.55126953125
1.441162109375
1.59765625
1.613525390625
1.259765625
1.681640625
1.475830078125
1.296875
1.437255859375
1.156494140625
1.3720703125
1.441162109375
1.64306640625
1.205810546875
1.4677734375
1.088134765625
1.451904296875
1.38232421875
1.421875
1.2373046875
1.3837890625
1.27978515625
1.57421875
1.70751953125
1.517578125
1.37744140625
1.4345703125
1.535400390625
1.542724609375
1.23486328125
1.393310546875
1.404296875
1.635009765625
1.41943359375
1.487548828125
1.364501953125
1.354736328125
1.5126953125
1.588623046875
1.31494140625
1.39208984375
1.425537109375
1.27685546875
1.280517578125
1.283447265625
1.262939453125
1.418701171875
1.517822265625
1.471923828125
1.69189453125
1.23779296875
1.66650390625
1.594482421875
1.29052734375
1.297119140625
1.59326171875
1.536865234375
1.634765625
1.461669921875
1.761474609375
1.517578125
1.54541015625
1.276611328125
1.32470703125
1.330078125
1.504638671875
1.403076171875
1.45703125
1.54248046875
1.353515625
1.434814453125
1.426025390625
1.186279296875
1.356201171875
1.67578125
1.301513671875
1.4873046875
1.541748046875
1.5947265625
1.442138671875
1.5634765625
1.663330078125
1.229736328125
1.477783203125
1.289794921875
1.353759765625
1.5263671875
1.21923828125
1.65625
1.45703125
1.495849609375
1.459716796875
1.74560546875
1.5048828125
1.48583984375
1.5888671875
1.31689453125
1.397705078125
1.419921875
1.60205078125
1.2685546875
1.116943359375
1.402587890625
1.369140625
1.597900390625
1.483642578125
1.41162109375
1.378173828125
1.606689453125
1.365234375
1.469970703125
1.503662109375
1.61083984375
1.4296875
1.44384765625
1.306396484375
1.40966796875
1.520263671875
1.4072265625
1.62548828125
1.55810546875
1.4130859375
1.33154296875
1.649658203125
1.2021484375
1.20556640625
1.5439453125
1.283447265625
1.369873046875
1.4228515625
1.640380859375
1.4140625
1.651611328125
1.435546875
1.56982421875
1.43115234375
1.358154296875
1.580078125
1.531982421875
1.324462890625
1.576171875
1.611083984375
1.607666015625
1.38232421875
1.2451171875
1.654052734375
1.40478515625
1.25146484375
1.458740234375
1.4453125
1.144287109375
1.302490234375
1.294189453125
1.534423828125
1.461669921875
1.64599609375
1.515380859375
1.51025390625
1.515625
1.28759765625
1.35009765625
1.476806640625
1.49267578125
1.436279296875
1.441650390625
1.50146484375
1.581298828125
1.749755859375
1.365234375
1.574462890625
1.4013671875
1.442138671875
1.387939453125
1.2431640625
1.535888671875
1.537841796875
1.578369140625
1.4423828125
1.34716796875
1.5576171875
1.287353515625
1.51318359375
1.215087890625
1.3212890625
1.64697265625
1.671630859375
1.56982421875
1.71435546875
1.315185546875
1.498779296875
1.26171875
1.619384765625
1.5
1.291015625
1.569580078125
1.658203125
1.5361328125
1.4150390625
1.44677734375
1.506103515625
1.580322265625
1.23046875
1.452392578125
1.623779296875
1.257568359375
1.57275390625
1.454345703125
1.263671875
1.47265625
1.353271484375
1.425537109375
1.4296875
1.48046875
1.24853515625
1.411376953125
1.31005859375
1.568115234375
1.260498046875
1.35498046875
1.34521484375
1.64892578125
1.33544921875
1.3583984375
1.43798828125
1.349365234375
1.446044921875
1.406982421875
1.30419921875
1.730224609375
1.449462890625
1.459716796875
1.500244140625
1.58544921875
1.7451171875
1.716796875
1.45849609375
1.404052734375
1.411865234375
1.3369140625
1.25537109375
1.604248046875
1.56005859375
1.510498046875
1.677978515625
1.49267578125
1.62939453125
1.726318359375
1.39013671875
1.50732421875
1.237548828125
1.44482421875
1.75830078125
1.2236328125
1.464111328125
1.42822265625
1.370361328125
1.4384765625
1.470458984375
1.196533203125
1.646484375
1.642333984375
1.552978515625
1.40234375
1.354736328125
1.4111328125
1.3046875
1.41162109375
1.464111328125
1.38916015625
1.50732421875
1.34033203125
1.302978515625
1.1142578125
1.358154296875
1.65234375
1.222900390625
1.557861328125
1.59765625
1.655029296875
1.6025390625
1.615966796875
1.47802734375
1.5927734375
1.462158203125
1.29345703125
1.406982421875
1.523193359375
1.35546875
1.326171875
1.4970703125
1.4365234375
1.3212890625
1.321044921875
1.426025390625
1.623046875
1.434326171875
1.17578125
1.5009765625
1.424072265625
1.44140625
1.603759765625
1.82568359375
1.267333984375
1.347900390625
1.417724609375
1.4462890625
1.5849609375
1.48388671875
1.460693359375
1.837646484375
1.23681640625
1.461669921875
1.53955078125
1.364501953125
1.327880859375
1.785888671875
1.416259765625
1.3212890625
1.58984375
1.646484375
1.306640625
1.6357421875
1.49951171875
1.4443359375
1.468505859375
1.329833984375
1.425537109375
1.375732421875
1.452880859375
1.565185546875
1.431884765625
1.5849609375
1.54248046875
1.3828125
1.629150390625
1.4521484375
1.236572265625
1.464599609375
1.46923828125
1.16943359375
1.666015625
1.530517578125
1.3857421875
1.447998046875
1.355712890625
1.2880859375
1.5888671875
