1.37548828125
1.37548828125
1.37548828125
1.37548828125
1.37548828125
1.37548828125
1.37548828125
1.37548828125
1.37548828125
1.448486328125
1.384765625
1.454833984375
1.62939453125
1.135498046875
1.4248046875
1.517333984375
1.360595703125
1.15380859375
1.239990234375
1.586669921875
1.42626953125
1.742919921875
1.251220703125
1.207275390625
1.54052734375
1.111328125
1.505859375
1.464111328125
1.491943359375
1.311767578125
1.14306640625
1.3583984375
1.37353515625
1.343994140625
1.4052734375
1.22705078125
1.65185546875
1.351318359375
1.55859375
1.353759765625
1.307373046875
1.48193359375
1.332275390625
1.36767578125
1.533203125
1.38916015625
1.469482421875
1.359375
1.385986328125
1.10107421875
1.43701171875
1.236083984375
1.4599609375
1.357177734375
1.45703125
1.293701171875
1.4052734375
1.31689453125
1.5576171875
1.1494140625
1.26318359375
1.588134765625
1.35009765625
1.2685546875
1.60009765625
1.393310546875
1.425537109375
1.370849609375
1.5087890625
1.45263671875
1.174072265625
1.230712890625
1.640380859375
1.322265625
1.380126953125
1.381591796875
1.5439453125
1.62939453125
1.283447265625
1.161376953125
1.274169921875
1.705810546875
1.436767578125
1.502197265625
1.3037109375
1.3447265625
1.54541015625
1.5009765625
1.31982421875
1.480712890625
1.206787109375
1.728515625
1.22412109375
1.305419921875
1.43115234375
1.400146484375
1.52880859375
1.6748046875
1.35302734375
1.7021484375
1.18505859375
1.539794921875
1.73291015625
1.534912109375
1.41455078125
1.583740234375
1.32177734375
1.3505859375
1.118408203125
1.322265625
1.78759765625
1.530029296875
1.39990234375
1.37158203125
1.533203125
1.6865234375
1.52734375
1.360595703125
1.392822265625
1.3369140625
1.195556640625
1.43359375
1.3447265625
1.29296875
1.170654296875
1.603271484375
1.416748046875
1.22998046875
1.490966796875
1.452880859375
1.17724609375
1.57861328125
1.390380859375
1.357421875
1.2744140625
1.414306640625
1.42236328125
1.56982421875
1.78857421875
1.226806640625
1.255859375
1.275146484375
1.37060546875
1.187255859375
1.38427734375
1.404052734375
1.306884765625
1.45068359375
1.377197265625
1.60400390625
1.445556640625
1.511962890625
0.9912109375
1.64794921875
1.345947265625
1.4716796875
0.98974609375
1.444091796875
1.2578125
1.45654296875
1.548095703125
1.240966796875
1.271484375
1.513427734375
1.677734375
1.442626953125
1.304931640625
1.487548828125
1.388427734375
1.513671875
1.397705078125
1.369873046875
1.05859375
1.567626953125
1.374267578125
1.58642578125
1.54052734375
1.247802734375
1.35107421875
1.422119140625
1.263671875
1.413330078125
1.771728515625
1.453125
1.407470703125
1.16064453125
1.469970703125
1.592529296875
1.3154296875
1.623291015625
1.365966796875
1.27978515625
1.363525390625
1.230712890625
1.33203125
1.2275390625
1.3251953125
1.39306640625
1.467041015625
1.326171875
1.603759765625
1.512451171875
1.28564453125
1.372314453125
1.49072265625
1.356689453125
1.365234375
1.28564453125
1.118896484375
1.373291015625
1.62646484375
1.580322265625
1.696044921875
1.267822265625
1.485107421875
1.305908203125
1.362548828125
1.58447265625
2.017822265625
1.2353515625
1.3935546875
1.375244140625
1.576171875
1.64404296875
1.482177734375
1.512939453125
1.546875
1.31396484375
1.54150390625
1.5302734375
1.227783203125
1.40234375
1.5703125
1.173583984375
1.5537109375
1.63427734375
1.486328125
1.4736328125
1.43798828125
1.108154296875
1.609130859375
1.2041015625
1.479248046875
1.518310546875
1.654296875
1.53662109375
1.595947265625
1.1845703125
1.048828125
1.527099609375
1.591064453125
1.51318359375
1.290283203125
1.282470703125
1.650634765625
1.455078125
1.334228515625
1.356689453125
1.2353515625
1.483642578125
1.402587890625
1.3408203125
1.44482421875
1.47265625
1.3173828125
1.4228515625
1.362060546875
1.381591796875
1.472412109375
1.323974609375
1.205810546875
1.3583984375
1.3447265625
1.30908203125
1.27099609375
1.23876953125
1.08544921875
1.18212890625
1.373779296875
1.5830078125
1.29052734375
1.244140625
1.262939453125
1.4794921875
1.591796875
1.4453125
1.401611328125
1.685791015625
1.440673828125
1.28662109375
1.712890625
1.247802734375
1.238037109375
1.4287109375
1.532958984375
1.46337890625
1.159423828125
1.449951171875
1.3994140625
1.70703125
1.617431640625
1.06689453125
1.236083984375
1.238037109375
1.56689453125
1.3427734375
1.169677734375
1.337890625
1.43408203125
1.82861328125
1.277587890625
1.43505859375
1.501953125
1.55419921875
1.149169921875
1.45361328125
1.46240234375
1.17041015625
1.19775390625
1.4814453125
1.56640625
1.470947265625
1.19775390625
1.7646484375
1.2021484375
1.329833984375
1.079345703125
1.3330078125
1.227783203125
1.60693359375
1.20751953125
1.38818359375
1.840087890625
1.480712890625
1.360107421875
1.311767578125
1.316650390625
1.39306640625
1.01953125
1.32177734375
1.594970703125
1.494384765625
1.63330078125
1.52685546875
1.267333984375
1.310791015625
1.62841796875
1.4189453125
1.752197265625
1.50830078125
1.6083984375
1.37548828125
1.42236328125
1.43701171875
1.444580078125
1.65478515625
1.29296875
1.690673828125
1.396728515625
1.408447265625
1.400390625
1.471923828125
1.313232421875
1.498779296875
1.52587890625
1.349609375
1.306640625
1.47802734375
1.275390625
1.40625
1.529052734375
1.248779296875
1.239990234375
1.091552734375
1.427978515625
1.63134765625
1.531005859375
1.453857421875
1.359130859375
1.443603515625
1.279052734375
1.4580078125
1.47412109375
1.765380859375
1.49365234375
1.297607421875
1.55615234375
1.79052734375
1.433837890625
1.51318359375
1.356689453125
1.485107421875
1.29296875
1.421630859375
1.61865234375
1.386962890625
1.31298828125
1.17919921875
1.22314453125
1.484375
1.168212890625
1.479736328125
1.150390625
1.54248046875
1.478759765625
1.398193359375
1.433349609375
1.46484375
1.3212890625
1.353759765625
1.05712890625
1.347412109375
1.533203125
1.11669921875
1.435302734375
1.49169921875
1.380615234375
1.018798828125
1.501708984375
1.324462890625
1.161865234375
1.6171875
1.195556640625
1.394287109375
1.276123046875
1.44384765625
1.34912109375
1.5576171875
1.361572265625
1.562744140625
1.47314453125
1.1884765625
1.286376953125
1.562744140625
1.36376953125
1.37939453125
1.203125
1.44921875
1.305419921875
1.1640625
1.333984375
1.333740234375
1.556396484375
1.121826171875
1.192138671875
1.45068359375
1.38671875
1.382080078125
1.3154296875
1.579345703125
1.640625
1.347900390625
1.593505859375
1.557861328125
1.685546875
1.541015625
1.562744140625
1.534912109375
1.436279296875
1.3330078125
1.42529296875
0.947021484375
1.545166015625
1.385986328125
1.2744140625
1.31103515625
1.176025390625
1.471923828125
1.281494140625
1.58154296875
1.3408203125
1.25439453125
1.275146484375
1.429931640625
1.365966796875
1.43359375
1.7275390625
1.12158203125
1.658935546875
1.214599609375
1.288818359375
1.456298828125
1.382080078125
1.5791015625
1.461181640625
1.193115234375
1.3681640625
1.181396484375
1.626708984375
1.28515625
1.4365234375
1.5537109375
1.274169921875
1.47265625
1.217529296875
1.364501953125
1.154541015625
1.28173828125
1.36083984375
1.144287109375
1.349853515625
1.18603515625
1.373779296875
1.449951171875
1.49609375
1.217529296875
1.380859375
1.26123046875
1.434326171875
1.60546875
1.290771484375
1.6064453125
1.323486328125
1.55029296875
1.46044921875
1.563232421875
1.2353515625
1.30712890625
1.495361328125
1.435302734375
1.417236328125
1.5869140625
1.7509765625
1.487060546875
1.37158203125
1.677001953125
1.339111328125
1.17138671875
1.1865234375
1.380859375
1.398681640625
1.582763671875
1.48876953125
1.35400390625
1.290771484375
1.406982421875
1.683349609375
1.40185546875
1.466064453125
1.335693359375
1.2890625
1.3818359375
1.51416015625
1.20849609375
1.59423828125
1.42919921875
1.7109375
1.28173828125
1.4521484375
1.295166015625
1.33740234375
1.21630859375
1.336669921875
1.466064453125
1.3369140625
1.395751953125
1.438232421875
1.36962890625
1.5966796875
1.36962890625
1.500244140625
1.431884765625
1.45654296875
1.178466796875
1.50390625
1.378173828125
0.98974609375
1.195068359375
1.407958984375
1.34375
1.67626953125
1.3193359375
1.675537109375
1.27783203125
1.435546875
1.456787109375
1.508544921875
1.25244140625
1.0146484375
1.44384765625
1.317138671875
1.28564453125
1.531494140625
1.3564453125
1.544921875
1.2216796875
1.2529296875
1.217529296875
1.19775390625
1.254638671875
1.36767578125
1.228515625
1.563232421875
1.3271484375
1.494384765625
1.3076171875
1.481689453125
1.6103515625
1.28857421875
1.312255859375
1.47412109375
1.36376953125
1.748779296875
1.298583984375
1.071533203125
1.50048828125
1.60400390625
1.53076171875
1.329345703125
1.502197265625
1.3291015625
1.23681640625
1.215576171875
1.4794921875
1.10107421875
1.565673828125
1.37353515625
1.35546875
1.3935546875
1.246337890625
1.514404296875
1.52587890625
1.261962890625
1.36865234375
1.7744140625
1.53955078125
1.23876953125
1.4482421875
1.6103515625
1.49853515625
1.461669921875
1.302001953125
1.286376953125
1.687744140625
1.509521484375
1.38720703125
1.354736328125
1.476318359375
1.5595703125
1.265625
1.73046875
1.072265625
1.300048828125
1.31201171875
1.2939453125
1.631591796875
1.457763671875
1.501708984375
1.536376953125
1.3642578125
1.5166015625
1.363525390625
1.322021484375
1.146728515625
1.583740234375
1.351806640625
1.18798828125
1.337890625
1.467041015625
1.33056640625
1.406982421875
1.467041015625
1.247314453125
1.17578125
1.383544921875
1.458740234375
1.3828125
1.272705078125
1.110595703125
1.2314453125
1.19873046875
1.293212890625
1.47021484375
1.336669921875
1.40576171875
1.33544921875
1.453857421875
1.526123046875
1.49853515625
1.038818359375
1.313720703125
1.544921875
1.054931640625
1.34033203125
1.323486328125
1.71142578125
1.298095703125
1.23388671875
1.043212890625
1.15771484375
1.355712890625
1.2451171875
1.218994140625
1.5615234375
1.65576171875
1.54248046875
1.749755859375
1.4755859375
1.6708984375
1.457763671875
1.293212890625
1.360595703125
1.136962890625
1.38623046875
1.16845703125
1.330810546875
1.62646484375
1.6923828125
1.56787109375
1.426513671875
1.4755859375
1.54150390625
1.3857421875
1.501708984375
1.406982421875
1.3828125
1.329345703125
1.385498046875
1.276123046875
1.25
1.549072265625
1.410400390625
1.31494140625
1.09716796875
1.390625
1.6171875
1.26123046875
1.447509765625
1.345703125
1.265380859375
1.41162109375
1.467529296875
1.353271484375
1.527099609375
1.431396484375
1.189453125
1.445556640625
1.363525390625
1.53076171875
1.19921875
1.470703125
1.224609375
1.322265625
1.36962890625
1.348388671875
1.585205078125
1.4580078125
1.34814453125
1.539794921875
1.361328125
1.417236328125
1.472900390625
1.30078125
1.427001953125
1.54248046875
1.114990234375
1.439453125
1.4736328125
1.451416015625
1.368408203125
1.295166015625
1.399169921875
1.336181640625
1.309326171875
1.396240234375
1.47509765625
1.27783203125
1.220947265625
1.322998046875
1.384521484375
1.547607421875
1.56103515625
1.4052734375
1.2470703125
1.5400390625
1.105224609375
1.29248046875
1.31982421875
1.421630859375
1.560302734375
1.665771484375
1.29296875
1.52880859375
1.381591796875
1.42724609375
1.0400390625
1.389404296875
1.263427734375
1.4453125
1.309326171875
1.09033203125
1.39453125
1.387451171875
1.296875
1.37451171875
1.588623046875
1.572021484375
1.175537109375
1.368408203125
1.35400390625
1.42626953125
1.412109375
1.262451171875
1.102294921875
