0.710693359375
0.710693359375
0.710693359375
0.830322265625
0.767822265625
0.767333984375
1.017578125
0.58203125
0.8173828125
0.888916015625
0.916259765625
0.589111328125
0.74609375
0.663818359375
0.6943359375
0.743408203125
0.75341796875
0.67626953125
0.72216796875
0.830078125
0.849609375
0.599609375
0.66357421875
0.9072265625
0.52197265625
0.487060546875
0.7861328125
0.709228515625
0.581298828125
0.861083984375
0.8232421875
0.656005859375
0.72900390625
0.804931640625
0.91455078125
0.82568359375
0.831787109375
0.75537109375
0.8623046875
0.86962890625
0.7724609375
0.716552734375
0.86083984375
0.825927734375
0.81787109375
0.88037109375
0.87890625
0.685546875
0.6650390625
0.41552734375
0.859375
0.844482421875
0.6552734375
0.724365234375
0.4443359375
0.686279296875
0.54541015625
0.87939453125
0.67822265625
1.021484375
0.518310546875
0.817626953125
0.613525390625
0.554443359375
0.95263671875
0.801513671875
0.85693359375
0.729736328125
0.78173828125
0.7578125
0.818115234375
0.707275390625
0.608154296875
0.52294921875
0.71630859375
0.466064453125
0.695556640625
0.740478515625
0.668212890625
0.6845703125
0.92236328125
0.874755859375
0.587890625
0.914306640625
0.70947265625
0.81103515625
0.7509765625
0.76123046875
0.763916015625
0.849609375
0.628662109375
0.666259765625
0.67919921875
0.81103515625
0.642822265625
0.703125
0.7373046875
0.614013671875
0.76171875
0.706787109375
0.73974609375
0.677001953125
0.643798828125
0.791259765625
0.756591796875
0.588134765625
0.595703125
0.640625
0.897705078125
0.52685546875
0.916748046875
0.994384765625
0.664794921875
0.749755859375
0.4921875
0.58447265625
0.640380859375
0.671142578125
0.669189453125
0.546875
0.7470703125
0.842529296875
0.8837890625
0.39306640625
0.558837890625
1.078857421875
0.635009765625
0.4677734375
0.670166015625
0.782470703125
0.724853515625
0.790771484375
0.927490234375
0.834716796875
1.13525390625
0.71435546875
0.73193359375
0.834716796875
0.583984375
0.75244140625
0.72265625
0.744873046875
0.444091796875
0.8525390625
0.5703125
0.883544921875
0.889404296875
0.732666015625
0.80908203125
0.5634765625
0.698486328125
0.685302734375
0.479736328125
0.861572265625
0.60595703125
0.67724609375
0.5234375
0.826416015625
0.79052734375
0.824951171875
0.59912109375
0.776123046875
0.634521484375
0.776123046875
0.75146484375
0.76220703125
0.479736328125
0.823974609375
0.644287109375
0.6748046875
0.793212890625
0.389404296875
0.71435546875
0.576171875
0.870361328125
0.72509765625
0.7890625
0.847900390625
0.769775390625
0.535400390625
0.8291015625
0.8505859375
0.5888671875
0.864501953125
0.655517578125
0.656005859375
0.714111328125
0.56982421875
0.865478515625
0.77978515625
0.72705078125
0.71337890625
0.7666015625
0.6005859375
0.828857421875
0.626708984375
1.10302734375
0.72705078125
0.84130859375
0.69140625
0.607666015625
0.700439453125
0.738037109375
0.948974609375
0.6298828125
0.53515625
0.936279296875
0.916015625
0.406982421875
0.899169921875
1.035400390625
0.586181640625
0.931396484375
0.74169921875
0.62255859375
0.8046875
0.54736328125
0.80517578125
0.830322265625
0.529052734375
0.843994140625
0.916015625
0.625732421875
0.54541015625
0.990234375
0.67626953125
0.5947265625
0.572509765625
0.800048828125
0.48046875
0.84912109375
0.521240234375
0.59326171875
0.99609375
0.4111328125
0.80078125
0.581787109375
0.65087890625
1.01611328125
0.736572265625
0.51708984375
0.754150390625
0.804931640625
0.601318359375
0.614990234375
0.606201171875
0.619873046875
0.77392578125
0.552734375
0.587646484375
0.751220703125
0.74267578125
0.7177734375
0.861572265625
0.80615234375
0.86767578125
0.7734375
0.757568359375
0.605224609375
1.00146484375
0.510009765625
0.70849609375
0.783203125
0.810546875
0.92333984375
0.593505859375
0.760009765625
0.697265625
0.77880859375
0.74609375
0.869140625
0.779052734375
0.68603515625
0.80908203125
0.790771484375
0.804931640625
0.554443359375
0.696533203125
0.65869140625
0.837158203125
0.68603515625
0.9921875
0.73876953125
0.670654296875
0.579345703125
0.679931640625
0.56689453125
0.58935546875
0.78369140625
0.8564453125
0.55029296875
0.638427734375
0.805908203125
0.769775390625
0.960205078125
0.449951171875
0.6845703125
0.681396484375
0.864990234375
0.6708984375
0.5888671875
0.72216796875
0.781005859375
0.7275390625
0.67822265625
0.822509765625
0.65869140625
0.66943359375
0.612548828125
0.666748046875
0.82373046875
0.648681640625
0.507568359375
0.671875
0.73388671875
0.942138671875
0.68603515625
0.80615234375
0.946533203125
0.54541015625
0.668212890625
0.57177734375
1.00634765625
0.83740234375
0.63916015625
0.60693359375
0.98828125
0.8134765625
0.5625
0.7265625
0.701904296875
0.735595703125
0.6865234375
0.564208984375
0.814453125
0.651611328125
0.8310546875
0.767578125
1.009765625
0.594482421875
0.509033203125
0.801513671875
0.6982421875
0.933349609375
0.70849609375
0.849365234375
0.837890625
0.85107421875
0.565673828125
0.76513671875
0.6728515625
0.842529296875
0.81884765625
0.75732421875
0.525146484375
0.858642578125
0.61279296875
0.684814453125
0.587646484375
0.8681640625
1.0263671875
0.812255859375
0.519775390625
0.87255859375
0.736328125
0.740966796875
0.849365234375
0.9169921875
0.930908203125
0.61279296875
0.716064453125
0.96484375
1.00927734375
0.79736328125
0.625
0.74853515625
0.640869140625
0.961181640625
0.8046875
0.82421875
0.753662109375
0.951416015625
0.510009765625
0.656982421875
0.582763671875
0.9365234375
0.73974609375
0.71875
0.701904296875
0.760498046875
0.8017578125
0.9072265625
0.572021484375
0.77294921875
0.914794921875
0.67578125
1.115234375
0.7490234375
0.640625
0.865966796875
0.7705078125
0.734130859375
0.744873046875
0.90771484375
0.662841796875
0.915771484375
0.85205078125
0.705322265625
0.597412109375
0.656005859375
0.761474609375
0.718505859375
0.71240234375
0.791015625
0.756103515625
0.68994140625
0.708984375
0.833251953125
0.997802734375
0.6279296875
0.564697265625
0.62744140625
0.525146484375
0.910888671875
0.80810546875
0.8857421875
0.815673828125
0.79833984375
0.778076171875
0.6640625
0.819091796875
0.69921875
0.7421875
0.650634765625
0.629150390625
0.583984375
0.69873046875
0.52392578125
0.561767578125
0.826904296875
0.630615234375
0.717041015625
0.594482421875
0.8427734375
0.718505859375
0.848876953125
0.69482421875
0.6630859375
0.85400390625
0.896240234375
0.88134765625
0.79541015625
0.7529296875
0.8427734375
0.9326171875
0.759033203125
0.5625
0.83642578125
0.672119140625
0.796142578125
0.630615234375
0.4912109375
0.762451171875
0.553466796875
0.699462890625
0.74560546875
0.4638671875
0.7021484375
0.529052734375
0.849853515625
0.81103515625
0.61474609375
0.8017578125
0.8896484375
0.79541015625
0.858154296875
0.6845703125
0.5283203125
0.85400390625
0.790283203125
0.575439453125
0.624267578125
0.7177734375
0.9365234375
0.6748046875
0.762939453125
0.55615234375
0.899658203125
0.83154296875
0.794677734375
0.560546875
0.66455078125
0.73046875
0.76611328125
0.670654296875
0.99267578125
0.708740234375
0.6240234375
0.628173828125
0.739501953125
0.666259765625
0.765625
0.619384765625
0.647705078125
0.688720703125
0.894287109375
0.822998046875
0.6630859375
0.7197265625
0.764892578125
0.832275390625
0.678466796875
0.61669921875
0.651123046875
0.7939453125
0.726806640625
0.737548828125
0.71826171875
0.844482421875
0.940185546875
0.5166015625
0.784912109375
0.826171875
0.7373046875
0.63330078125
0.6943359375
0.693359375
0.6884765625
0.679443359375
0.825927734375
0.578857421875
0.37109375
0.64794921875
0.787353515625
0.8154296875
0.843017578125
0.718017578125
0.428466796875
0.924560546875
0.8671875
0.619873046875
0.7041015625
0.720947265625
1.03857421875
1.037109375
0.65380859375
0.828125
0.47412109375
0.96435546875
0.600830078125
0.841552734375
0.67333984375
0.81982421875
0.7783203125
0.765869140625
0.938232421875
0.802490234375
0.736083984375
0.603515625
0.81005859375
0.773193359375
0.44189453125
0.843994140625
0.680419921875
0.5
0.57421875
0.784912109375
0.55126953125
0.80224609375
0.64013671875
0.8564453125
0.666015625
0.810546875
0.758544921875
0.80029296875
0.9921875
0.63037109375
0.789794921875
0.784423828125
0.75
0.74658203125
0.9267578125
0.913330078125
0.721435546875
0.66015625
0.71533203125
0.953857421875
0.683349609375
0.756103515625
0.694091796875
0.6943359375
0.614013671875
0.9228515625
0.398193359375
0.71923828125
0.60546875
0.792236328125
0.728271484375
0.7431640625
0.864501953125
0.76708984375
0.634033203125
0.77392578125
0.77294921875
0.8857421875
0.841796875
0.58056640625
1.015869140625
0.900146484375
0.79296875
0.908203125
0.706787109375
0.683837890625
0.834716796875
1.21533203125
0.49609375
0.8837890625
0.86376953125
0.48486328125
0.958740234375
0.821044921875
0.88525390625
0.70751953125
0.814697265625
0.5419921875
0.90234375
0.640625
0.75146484375
0.86328125
0.672607421875
0.61376953125
0.749267578125
0.663818359375
0.7939453125
0.658935546875
0.751220703125
0.611572265625
0.6328125
0.630859375
0.49267578125
0.836669921875
0.94287109375
0.752197265625
0.778076171875
0.880615234375
0.717529296875
0.72802734375
0.754638671875
0.626220703125
0.912841796875
0.69091796875
0.747314453125
0.818359375
0.829345703125
0.841064453125
0.617431640625
0.7919921875
0.703369140625
0.6494140625
0.74267578125
0.698486328125
0.71875
0.8056640625
0.71826171875
0.607421875
0.806884765625
0.788818359375
0.71533203125
0.42822265625
0.749755859375
0.573486328125
0.7001953125
0.672119140625
0.563720703125
0.586669921875
0.72705078125
0.948974609375
0.774169921875
0.684814453125
1.11865234375
0.46337890625
0.81689453125
0.671875
0.561767578125
0.8369140625
0.62890625
0.8818359375
0.60107421875
0.5146484375
0.5048828125
0.579833984375
0.49609375
0.5126953125
0.68701171875
0.763916015625
0.88037109375
0.885986328125
0.694580078125
0.56591796875
0.63916015625
1.016357421875
0.554931640625
0.995849609375
0.706787109375
0.628173828125
0.83837890625
0.56982421875
0.782958984375
0.659423828125
0.70703125
0.843505859375
0.92724609375
0.7734375
0.641845703125
0.93017578125
0.523193359375
0.669677734375
1.02197265625
0.772216796875
0.803466796875
0.873779296875
0.710693359375
0.6787109375
0.6513671875
0.728271484375
0.656982421875
0.789306640625
0.69677734375
0.662109375
0.637939453125
0.62109375
0.909423828125
0.40673828125
0.97216796875
1.0361328125
0.60302734375
0.61572265625
0.87744140625
0.775634765625
0.437744140625
0.82861328125
0.685546875
0.88232421875
0.74267578125
0.697021484375
0.838134765625
0.52392578125
0.808349609375
0.630615234375
0.76611328125
0.662841796875
0.7412109375
0.792236328125
0.741455078125
0.8134765625
0.82958984375
0.947509765625
0.9462890625
0.5029296875
0.609375
0.797119140625
0.69921875
0.625
0.817138671875
0.558349609375
0.987548828125
0.666259765625
0.83349609375
0.80908203125
0.74560546875
0.602783203125
0.89599609375
0.682373046875
0.607421875
0.79052734375
0.607177734375
0.693115234375
0.547607421875
0.820068359375
0.68603515625
0.66455078125
0.91552734375
0.809814453125
0.894775390625
0.91015625
0.86083984375
0.71337890625
0.82421875
0.80322265625
0.7451171875
0.744140625
0.589111328125
0.418701171875
0.658935546875
0.82470703125
0.87646484375
0.529052734375
0.94384765625
0.46142578125
0.841796875
0.872802734375
0.54541015625
1.04638671875
0.83251953125
0.86279296875
0.537109375
0.698974609375
0.7275390625
0.831787109375
0.847900390625
0.7041015625
0.4306640625
0.76904296875
0.846435546875
0.650146484375
0.600830078125
0.696044921875
0.79736328125
0.924560546875
0.946533203125
0.722412109375
0.8662109375
0.672119140625
0.61279296875
0.708251953125
0.628173828125
0.636962890625
0.81591796875
0.795654296875
0.77880859375
0.652587890625
0.646728515625
0.63427734375
0.831298828125
0.485107421875
0.8056640625
0.796875
0.729736328125
0.6552734375
0.45947265625
0.696044921875
0.77587890625
0.555908203125
0.572998046875
0.788818359375
0.734619140625
0.7099609375
0.5283203125
0.923095703125
1.05322265625
0.702880859375
0.7822265625
0.760009765625
0.7177734375
0.702880859375
1.121337890625
0.6796875
0.7509765625
0.815673828125
0.670166015625
0.89990234375
0.729248046875
0.763671875
0.755615234375
0.808837890625
0.8837890625
0.564453125
0.5654296875
