0.162353515625
0.162353515625
0.162353515625
0.255126953125
0.20166015625
0.2099609375
0.154541015625
0.11962890625
0.20263671875
0.145751953125
0.135009765625
0.079345703125
0.137451171875
0.226318359375
0.265869140625
0.1904296875
0.11328125
0.188232421875
0.144287109375
0.349853515625
0.21826171875
0.171142578125
0.119140625
0.245361328125
0.228271484375
0.127197265625
0.167724609375
0.212646484375
0.172119140625
0.193359375
0.146728515625
0.151611328125
0.185302734375
0.270751953125
0.17041015625
0.208740234375
0.1982421875
0.141845703125
0.175048828125
0.26123046875
0.283447265625
0.147705078125
0.11474609375
0.16259765625
0.282958984375
0.158203125
0.20751953125
0.1611328125
0.256591796875
0.13134765625
0.212158203125
0.17626953125
0.14599609375
0.204833984375
0.089599609375
0.093017578125
0.105712890625
0.1689453125
0.24951171875
0.23876953125
0.131103515625
0.275390625
0.12353515625
0.128662109375
0.171142578125
0.318603515625
0.2216796875
0.152099609375
0.246826171875
0.170654296875
0.135498046875
0.226806640625
0.1904296875
0.130126953125
0.11181640625
0.197021484375
0.174072265625
0.284912109375
0.2021484375
0.2373046875
0.186767578125
0.179931640625
0.10498046875
0.1904296875
0.181884765625
0.200927734375
0.22265625
0.288818359375
0.242919921875
0.312744140625
0.24462890625
0.126953125
0.238037109375
0.290283203125
0.108154296875
0.16796875
0.167724609375
0.218505859375
0.279052734375
0.219482421875
0.17919921875
0.23876953125
0.21533203125
0.144287109375
0.2236328125
0.27001953125
0.13037109375
0.159912109375
0.1826171875
0.14453125
0.2294921875
0.22998046875
0.0888671875
0.18505859375
0.117919921875
0.1953125
0.127197265625
0.13232421875
0.133056640625
0.101806640625
0.19189453125
0.246826171875
0.208740234375
0.078857421875
0.12353515625
0.307861328125
0.1484375
0.076171875
0.134521484375
0.144287109375
0.12939453125
0.209716796875
0.174560546875
0.167236328125
0.251708984375
0.20947265625
0.126953125
0.282958984375
0.269775390625
0.176513671875
0.20458984375
0.318115234375
0.106689453125
0.195068359375
0.236572265625
0.13916015625
0.166748046875
0.190185546875
0.313720703125
0.10986328125
0.11767578125
0.134033203125
0.1123046875
0.1337890625
0.143798828125
0.119140625
0.18505859375
0.195556640625
0.197265625
0.164306640625
0.20556640625
0.249267578125
0.345703125
0.193115234375
0.24365234375
0.240478515625
0.085205078125
0.15185546875
0.15771484375
0.24658203125
0.15380859375
0.1162109375
0.193359375
0.272705078125
0.175537109375
0.15234375
0.224853515625
0.310791015625
0.16162109375
0.20556640625
0.221435546875
0.34228515625
0.198486328125
0.244140625
0.20556640625
0.1171875
0.202880859375
0.1494140625
0.18701171875
0.233154296875
0.18505859375
0.157958984375
0.22802734375
0.125244140625
0.197509765625
0.200927734375
0.19970703125
0.15966796875
0.1826171875
0.24658203125
0.0732421875
0.17333984375
0.150146484375
0.135498046875
0.120849609375
0.140625
0.282958984375
0.177978515625
0.16650390625
0.164794921875
0.26416015625
0.1103515625
0.193603515625
0.291748046875
0.126220703125
0.209228515625
0.091552734375
0.19384765625
0.215576171875
0.1650390625
0.180419921875
0.291259765625
0.195068359375
0.181640625
0.230224609375
0.097412109375
0.15478515625
0.10302734375
0.278564453125
0.182861328125
0.182373046875
0.0888671875
0.117431640625
0.19580078125
0.052490234375
0.1865234375
0.11279296875
0.217529296875
0.19580078125
0.23583984375
0.07275390625
0.177734375
0.171142578125
0.278564453125
0.134033203125
0.182373046875
0.214599609375
0.210693359375
0.1181640625
0.117431640625
0.184814453125
0.1279296875
0.22607421875
0.158447265625
0.217041015625
0.1552734375
0.18212890625
0.128662109375
0.185791015625
0.270751953125
0.099609375
0.1298828125
0.169677734375
0.1865234375
0.318115234375
0.27294921875
0.247802734375
0.106689453125
0.22119140625
0.200439453125
0.18994140625
0.138916015625
0.11962890625
0.2158203125
0.156005859375
0.32373046875
0.257080078125
0.139404296875
0.154296875
0.18115234375
0.124267578125
0.197265625
0.20166015625
0.156494140625
0.281494140625
0.13818359375
0.107666015625
0.24755859375
0.21484375
0.16259765625
0.15771484375
0.19873046875
0.127685546875
0.18701171875
0.1787109375
0.119873046875
0.300537109375
0.105224609375
0.151123046875
0.274658203125
0.215087890625
0.1953125
0.264892578125
0.201171875
0.21142578125
0.18994140625
0.14111328125
0.20166015625
0.20947265625
0.2236328125
0.232177734375
0.2626953125
0.200927734375
0.232177734375
0.123046875
0.322265625
0.136962890625
0.2109375
0.21630859375
0.111083984375
0.16015625
0.2431640625
0.231201171875
0.235595703125
0.129150390625
0.118408203125
0.21142578125
0.167724609375
0.13623046875
0.21435546875
0.21240234375
0.1884765625
0.166748046875
0.126220703125
0.3017578125
0.16162109375
0.197509765625
0.14208984375
0.1982421875
0.232421875
0.146484375
0.157958984375
0.142822265625
0.154296875
0.26806640625
0.1640625
0.17626953125
0.137939453125
0.1533203125
0.3154296875
0.0986328125
0.1552734375
0.120361328125
0.1318359375
0.14306640625
0.275390625
0.10498046875
0.26611328125
0.27734375
0.37109375
0.245849609375
0.124267578125
0.12841796875
0.130126953125
0.220458984375
0.28271484375
0.160888671875
0.257568359375
0.22900390625
0.102783203125
0.160400390625
0.2080078125
0.151123046875
0.2392578125
0.11328125
0.28662109375
0.08544921875
0.1728515625
0.29833984375
0.1552734375
0.3232421875
0.2529296875
0.162841796875
0.209228515625
0.131591796875
0.1904296875
0.197021484375
0.19677734375
0.119384765625
0.15380859375
0.222900390625
0.158935546875
0.184814453125
0.19677734375
0.187255859375
0.161865234375
0.2392578125
0.277587890625
0.2314453125
0.188720703125
0.152587890625
0.203857421875
0.144287109375
0.1669921875
0.2314453125
0.1884765625
0.24658203125
0.180908203125
0.17333984375
0.26708984375
0.2412109375
0.12451171875
0.23828125
0.15966796875
0.189453125
0.102294921875
0.1240234375
0.258544921875
0.18896484375
0.23291015625
0.23681640625
0.1171875
0.20947265625
0.158935546875
0.26953125
0.343017578125
0.20849609375
0.21728515625
0.364013671875
0.194580078125
0.2587890625
0.169677734375
0.10498046875
0.216552734375
0.109619140625
0.144775390625
0.29248046875
0.143798828125
0.129150390625
0.247314453125
0.214111328125
0.151123046875
0.149658203125
0.15966796875
0.2529296875
0.188720703125
0.283935546875
0.171142578125
0.158203125
0.160400390625
0.1376953125
0.210693359375
0.244873046875
0.189453125
0.210205078125
0.15234375
0.193603515625
0.15869140625
0.22802734375
0.18603515625
0.181396484375
0.140625
0.27978515625
0.111572265625
0.172119140625
0.195556640625
0.074462890625
0.141845703125
0.244873046875
0.203857421875
0.189208984375
0.217041015625
0.14453125
0.180908203125
0.204345703125
0.198486328125
0.151611328125
0.11962890625
0.13232421875
0.163818359375
0.109130859375
0.187255859375
0.115478515625
0.188232421875
0.1318359375
0.241455078125
0.18603515625
0.3310546875
0.2314453125
0.156494140625
0.1083984375
0.130615234375
0.300537109375
0.1552734375
0.33154296875
0.2138671875
0.197021484375
0.21435546875
0.1259765625
0.22314453125
0.218017578125
0.165283203125
0.197265625
0.108642578125
0.174560546875
0.212158203125
0.123291015625
0.1787109375
0.23388671875
0.212646484375
0.224609375
0.220703125
0.21142578125
0.23583984375
0.211669921875
0.26123046875
0.340576171875
0.185302734375
0.134521484375
0.24853515625
0.161865234375
0.1982421875
0.260986328125
0.2216796875
0.128662109375
0.239990234375
0.189697265625
0.264892578125
0.12890625
0.226806640625
0.187255859375
0.0732421875
0.20947265625
0.144287109375
0.23291015625
0.2080078125
0.22021484375
0.065185546875
0.203369140625
0.2333984375
0.265625
0.184326171875
0.115478515625
0.232177734375
0.2890625
0.20068359375
0.158203125
0.121826171875
0.184814453125
0.287109375
0.25244140625
0.225830078125
0.167724609375
0.16552734375
0.22216796875
0.16259765625
0.3818359375
0.20263671875
0.24853515625
0.26953125
0.295654296875
0.092529296875
0.1494140625
0.1845703125
0.133056640625
0.075439453125
0.274169921875
0.186767578125
0.13818359375
0.272216796875
0.280029296875
0.182373046875
0.128173828125
0.1591796875
0.14794921875
0.229248046875
0.0986328125
0.2822265625
0.268310546875
0.2060546875
0.19677734375
0.249267578125
0.300048828125
0.122802734375
0.186279296875
0.20947265625
0.291259765625
0.26708984375
0.28759765625
0.125732421875
0.22265625
0.145751953125
0.224365234375
0.115966796875
0.16552734375
0.1484375
0.149169921875
0.1611328125
0.129638671875
0.29541015625
0.2158203125
0.1103515625
0.182861328125
0.1328125
0.17822265625
0.196044921875
0.26171875
0.280517578125
0.23095703125
0.257568359375
0.214111328125
0.109619140625
0.10009765625
0.345703125
0.244873046875
0.204345703125
0.18798828125
0.169677734375
0.169921875
0.192626953125
0.1845703125
0.166015625
0.1845703125
0.271484375
0.124267578125
0.202392578125
0.111083984375
0.138427734375
0.26025390625
0.1357421875
0.204833984375
0.135498046875
0.22607421875
0.211181640625
0.120849609375
0.21826171875
0.244140625
0.09521484375
0.21875
0.158203125
0.32470703125
0.155029296875
0.14794921875
0.110595703125
0.177490234375
0.16552734375
0.1474609375
0.16259765625
0.21826171875
0.16259765625
0.12890625
0.1953125
0.25732421875
0.119873046875
0.18359375
0.239013671875
0.142822265625
0.205810546875
0.119140625
0.178955078125
0.163818359375
0.29150390625
0.127197265625
0.125
0.200927734375
0.1455078125
0.201904296875
0.24267578125
0.110595703125
0.25830078125
0.152099609375
0.26806640625
0.142822265625
0.19287109375
0.132568359375
0.18896484375
0.1806640625
0.140380859375
0.169921875
0.2890625
0.091552734375
0.16015625
0.174560546875
0.161865234375
0.142578125
0.1455078125
0.350830078125
0.1630859375
0.1142578125
0.06494140625
0.204833984375
0.219482421875
0.082763671875
0.165771484375
0.17724609375
0.18603515625
0.1591796875
0.21337890625
0.087646484375
0.16015625
0.251220703125
0.192138671875
0.181396484375
0.195068359375
0.2626953125
0.1435546875
0.223388671875
0.209716796875
0.2421875
0.19287109375
0.12841796875
0.19482421875
0.146728515625
0.10595703125
0.28369140625
0.082763671875
0.1787109375
0.267822265625
0.22607421875
0.2470703125
0.19677734375
0.19091796875
0.109130859375
0.1767578125
0.228759765625
0.167236328125
0.216552734375
0.14013671875
0.158447265625
0.13134765625
0.200927734375
0.15771484375
0.08447265625
0.24755859375
0.2841796875
0.2587890625
0.1875
0.169189453125
0.127197265625
0.080810546875
0.26123046875
0.09912109375
0.200927734375
0.20947265625
0.175048828125
0.232421875
0.077880859375
0.169677734375
0.20166015625
0.19482421875
0.138916015625
0.334716796875
0.27490234375
0.23583984375
0.20849609375
0.185302734375
0.22900390625
0.1650390625
0.102294921875
0.091064453125
0.149169921875
0.197265625
0.143798828125
0.1845703125
0.118896484375
0.28466796875
0.1552734375
0.124267578125
0.260498046875
0.177490234375
0.185791015625
0.163818359375
0.25
0.1083984375
0.2099609375
0.1123046875
0.243408203125
0.153076171875
0.22412109375
0.18359375
0.174560546875
0.1826171875
0.2001953125
0.218505859375
0.253662109375
0.128173828125
0.18798828125
0.292724609375
0.21826171875
0.14404296875
0.214111328125
0.102294921875
0.07275390625
0.24169921875
0.30908203125
0.174072265625
0.094970703125
0.2041015625
0.061767578125
0.133544921875
0.214111328125
0.116455078125
0.202392578125
0.33837890625
0.26416015625
0.156982421875
0.120361328125
0.216064453125
0.206787109375
0.11767578125
0.10400390625
0.067626953125
0.185791015625
0.2236328125
0.11474609375
0.203857421875
0.157470703125
0.243896484375
0.19189453125
0.346923828125
0.184814453125
0.1533203125
0.1337890625
0.243896484375
0.24658203125
0.15380859375
0.14697265625
0.347412109375
0.169677734375
0.193115234375
0.25244140625
0.23291015625
0.170654296875
0.172119140625
0.140380859375
0.300048828125
0.1591796875
0.241455078125
0.14404296875
0.178466796875
0.301513671875
0.201416015625
0.129638671875
0.20703125
0.180908203125
0.21533203125
0.217529296875
0.091796875
0.203125
0.264892578125
0.21484375
0.2333984375
0.152587890625
0.23291015625
0.1494140625
0.269775390625
0.196044921875
0.23779296875
0.130615234375
0.221435546875
0.19140625
0.21484375
0.159912109375
0.296875
0.166748046875
0.131103515625
0.252197265625
0.21923828125
