0.162353515625
0.17919921875
0.19287109375
0.097412109375
0.3154296875
0.157470703125
0.19970703125
0.1728515625
0.266845703125
0.201904296875
0.1279296875
0.17236328125
0.23046875
0.33935546875
0.096435546875
0.257080078125
0.144287109375
0.21337890625
0.242919921875
0.172607421875
0.294189453125
0.34912109375
0.321533203125
0.14892578125
0.158447265625
0.129638671875
0.1328125
0.31494140625
0.216064453125
0.20751953125
0.230712890625
0.224609375
0.212646484375
0.21728515625
0.258056640625
0.146728515625
0.13671875
0.23095703125
0.1640625
0.137451171875
0.2783203125
0.248779296875
0.153076171875
0.262451171875
0.17529296875
0.162353515625
0.249755859375
0.16943359375
0.110107421875
0.18359375
0.116455078125
0.145751953125
0.2783203125
0.20751953125
0.20556640625
0.232421875
0.16455078125
0.328369140625
0.17578125
0.175537109375
0.146240234375
0.28076171875
0.131591796875
0.1728515625
0.2421875
0.128662109375
0.10693359375
0.189208984375
0.1162109375
0.1435546875
0.06298828125
0.16943359375
0.246826171875
0.213134765625
0.082275390625
0.226806640625
0.152099609375
0.208740234375
0.130859375
0.192626953125
0.15283203125
0.1435546875
0.202880859375
0.286376953125
0.1904296875
0.2021484375
0.236083984375
0.191650390625
0.312744140625
0.290283203125
0.355224609375
0.150146484375
0.137939453125
0.252685546875
0.163818359375
0.1142578125
0.16357421875
0.144287109375
0.231689453125
0.1806640625
0.15478515625
0.240234375
0.24609375
0.15478515625
0.2939453125
0.289794921875
0.2119140625
0.18603515625
0.10888671875
0.239013671875
0.316162109375
0.186279296875
0.17626953125
0.2958984375
0.205322265625
0.213134765625
0.171875
0.2783203125
0.19091796875
0.225341796875
0.14794921875
0.12548828125
0.138427734375
0.181884765625
0.142822265625
0.251708984375
0.36474609375
0.221435546875
0.275390625
0.23681640625
0.221435546875
0.15380859375
0.218994140625
0.137939453125
0.1435546875
0.27490234375
0.114013671875
0.2294921875
0.198486328125
0.2548828125
0.232666015625
0.208984375
0.276123046875
0.150634765625
0.2197265625
0.143798828125
0.1611328125
0.254150390625
0.32763671875
0.33203125
0.18505859375
0.240478515625
0.085205078125
0.12158203125
0.168212890625
0.31005859375
0.18701171875
0.177001953125
0.20361328125
0.124755859375
0.307373046875
0.152587890625
0.26611328125
0.256103515625
0.140869140625
0.171875
0.253173828125
0.24267578125
0.21826171875
0.296875
0.16455078125
0.166015625
0.165283203125
0.334716796875
0.25390625
0.17333984375
0.22802734375
0.25439453125
0.239990234375
0.393310546875
0.202392578125
0.290283203125
0.16455078125
0.2001953125
0.2275390625
0.1826171875
0.164306640625
0.1884765625
0.22314453125
0.11328125
0.110595703125
0.134521484375
0.21142578125
0.189453125
0.17626953125
0.1259765625
0.20947265625
0.149658203125
0.205322265625
0.26171875
0.291259765625
0.279541015625
0.109130859375
0.187744140625
0.1240234375
0.22802734375
0.186279296875
0.1357421875
0.201416015625
0.197265625
0.08837890625
0.19921875
0.151611328125
0.207763671875
0.2666015625
0.26220703125
0.12451171875
0.2998046875
0.25244140625
0.1591796875
0.1279296875
0.1982421875
0.231689453125
0.221923828125
0.250244140625
0.21044921875
0.202392578125
0.21728515625
0.14208984375
0.144287109375
0.177001953125
0.23193359375
0.17724609375
0.209228515625
0.2197265625
0.1728515625
0.212158203125
0.272705078125
0.2080078125
0.21435546875
0.17578125
0.19921875
0.187744140625
0.26953125
0.2099609375
0.1875
0.270751953125
0.200439453125
0.107177734375
0.219970703125
0.105224609375
0.160400390625
0.12158203125
0.266845703125
0.133056640625
0.1328125
0.26904296875
0.183837890625
0.28369140625
0.100341796875
0.18896484375
0.181884765625
0.1181640625
0.134521484375
0.146484375
0.23193359375
0.326416015625
0.14453125
0.16015625
0.335693359375
0.229248046875
0.135986328125
0.14306640625
0.210693359375
0.156494140625
0.23974609375
0.2080078125
0.120361328125
0.1123046875
0.14306640625
0.135498046875
0.1279296875
0.140380859375
0.289794921875
0.2021484375
0.273193359375
0.14013671875
0.351318359375
0.215087890625
0.387451171875
0.103759765625
0.15576171875
0.236083984375
0.242919921875
0.1513671875
0.277587890625
0.16259765625
0.18017578125
0.21826171875
0.176513671875
0.152099609375
0.176513671875
0.212158203125
0.232177734375
0.223876953125
0.227783203125
0.2099609375
0.093505859375
0.27685546875
0.27880859375
0.280517578125
0.1591796875
0.156005859375
0.124755859375
0.201416015625
0.1298828125
0.230712890625
0.12548828125
0.265625
0.2021484375
0.252685546875
0.118408203125
0.238037109375
0.2314453125
0.1455078125
0.235107421875
0.29248046875
0.202392578125
0.167724609375
0.187255859375
0.213134765625
0.148681640625
0.3466796875
0.207763671875
0.140869140625
0.130859375
0.2705078125
0.126220703125
0.07958984375
0.168701171875
0.156005859375
0.19482421875
0.15283203125
0.15478515625
0.162109375
0.1865234375
0.095703125
0.3251953125
0.12451171875
0.151123046875
0.137939453125
0.13916015625
0.2119140625
0.175048828125
0.2431640625
0.078125
0.144775390625
0.23583984375
0.1220703125
0.16015625
0.100830078125
0.131591796875
0.158203125
0.157958984375
0.237060546875
0.184814453125
0.21142578125
0.234375
0.23095703125
0.18994140625
0.210693359375
0.20166015625
0.230224609375
0.21875
0.171142578125
0.199462890625
0.083251953125
0.126708984375
0.25048828125
0.15087890625
0.131591796875
0.1025390625
0.216064453125
0.279541015625
0.26953125
0.16943359375
0.222900390625
0.105712890625
0.147705078125
0.251220703125
0.094970703125
0.187255859375
0.260009765625
0.193359375
0.143310546875
0.2197265625
0.173828125
0.230224609375
0.157470703125
0.152587890625
0.153564453125
0.2109375
0.176513671875
0.2470703125
0.199462890625
0.2216796875
0.0986328125
0.210205078125
0.16455078125
0.129150390625
0.143798828125
0.354248046875
0.1865234375
0.371337890625
0.177490234375
0.19775390625
0.158935546875
0.26953125
0.21728515625
0.16259765625
0.10791015625
0.180419921875
0.2109375
0.1533203125
0.1875
0.127197265625
0.13671875
0.15283203125
0.14453125
0.151123046875
0.354248046875
0.2724609375
0.172119140625
0.13623046875
0.158203125
0.256103515625
0.270751953125
0.135498046875
0.31298828125
0.072509765625
0.15869140625
0.14306640625
0.322265625
0.2080078125
0.205078125
0.232177734375
0.150634765625
0.156005859375
0.23583984375
0.205078125
0.174560546875
0.177978515625
0.250244140625
0.138671875
0.11572265625
0.136962890625
0.2685546875
0.337158203125
0.123046875
0.2861328125
0.151611328125
0.1181640625
0.171630859375
0.100830078125
0.19677734375
0.180908203125
0.159912109375
0.214599609375
0.19775390625
0.282958984375
0.15283203125
0.3095703125
0.222900390625
0.16796875
0.20166015625
0.25537109375
0.17578125
0.22216796875
0.079345703125
0.238037109375
0.1884765625
0.18505859375
0.088623046875
0.240234375
0.186279296875
0.174072265625
0.2109375
0.12158203125
0.171630859375
0.17431640625
0.27587890625
0.192138671875
0.217529296875
0.167236328125
0.165283203125
0.189208984375
0.16259765625
0.161376953125
0.23388671875
0.17724609375
0.26953125
0.056884765625
0.124755859375
0.14990234375
0.16259765625
0.1748046875
0.220947265625
0.307373046875
0.252197265625
0.198486328125
0.243896484375
0.22265625
0.06298828125
0.178466796875
0.20751953125
0.175048828125
0.194580078125
0.17236328125
0.08056640625
0.239990234375
0.221923828125
0.23291015625
0.091552734375
0.22314453125
0.072021484375
0.218017578125
0.202392578125
0.172607421875
0.21044921875
0.232177734375
0.18994140625
0.19482421875
0.126220703125
0.12353515625
0.20703125
0.08837890625
0.20947265625
0.218994140625
0.184814453125
0.170654296875
0.179443359375
0.225341796875
0.156494140625
0.15771484375
0.2431640625
0.106689453125
0.104736328125
0.249267578125
0.302001953125
0.183349609375
0.114013671875
0.26953125
0.16259765625
0.171630859375
0.2109375
0.15673828125
0.259033203125
0.07470703125
0.111328125
0.1845703125
0.12841796875
0.235107421875
0.22802734375
0.247314453125
0.167236328125
0.125244140625
0.255126953125
0.229248046875
0.161376953125
0.065673828125
0.2421875
0.0859375
0.146728515625
0.089599609375
0.181396484375
0.15185546875
0.2509765625
0.209716796875
0.189208984375
0.10888671875
0.1865234375
0.1943359375
0.153076171875
0.231689453125
0.237060546875
0.220458984375
0.176513671875
0.149169921875
0.22265625
0.17822265625
0.199462890625
0.196044921875
0.051513671875
0.17236328125
0.150146484375
0.280029296875
0.154052734375
0.123291015625
0.085693359375
0.24267578125
0.20263671875
0.135986328125
0.153564453125
0.112060546875
0.115234375
0.228271484375
0.11181640625
0.201904296875
0.173828125
0.250244140625
0.3828125
0.32177734375
0.25390625
0.0869140625
0.1591796875
0.121826171875
0.152099609375
0.243896484375
0.288330078125
0.20166015625
0.142578125
0.11767578125
0.157470703125
0.1376953125
0.236572265625
0.17138671875
0.13525390625
0.111083984375
0.170654296875
0.19873046875
0.087646484375
0.15478515625
0.148193359375
0.171630859375
0.171875
0.113525390625
0.219970703125
0.302978515625
0.259521484375
0.31689453125
0.12890625
0.19775390625
0.176513671875
0.136474609375
0.125
0.223876953125
0.1826171875
0.1982421875
0.191650390625
0.211181640625
0.207275390625
0.12646484375
0.298583984375
0.206787109375
0.284423828125
0.25732421875
0.160400390625
0.200439453125
0.24755859375
0.15234375
0.176025390625
0.300048828125
0.183837890625
0.141357421875
0.1953125
0.273681640625
0.222412109375
0.113525390625
0.078369140625
0.17822265625
0.129638671875
0.110595703125
0.152099609375
0.206787109375
0.11328125
0.1767578125
0.137451171875
0.153564453125
0.20166015625
0.29638671875
0.103759765625
0.1044921875
0.138916015625
0.086181640625
0.23876953125
0.192138671875
0.209716796875
0.15673828125
0.166015625
0.239013671875
0.177978515625
0.139404296875
0.39453125
0.186279296875
0.117919921875
0.239990234375
0.1767578125
0.1162109375
0.1943359375
0.0673828125
0.26318359375
0.16455078125
0.178466796875
0.159912109375
0.1103515625
0.2431640625
0.1318359375
0.16943359375
0.14599609375
0.12939453125
0.207763671875
0.3251953125
0.209716796875
0.22119140625
0.16162109375
0.091552734375
0.274169921875
0.15576171875
0.18212890625
0.107177734375
0.14013671875
0.13037109375
0.16064453125
0.140625
0.172607421875
0.08447265625
0.3251953125
0.146240234375
0.16064453125
0.06005859375
0.112548828125
0.164794921875
0.197265625
0.3525390625
0.150634765625
0.09814453125
0.2587890625
0.15185546875
0.178466796875
0.18505859375
0.157470703125
0.19091796875
0.22998046875
0.203857421875
0.198974609375
0.145751953125
0.138671875
0.16650390625
0.209716796875
0.201171875
0.122314453125
0.19482421875
0.149169921875
0.1953125
0.20849609375
0.27880859375
0.1650390625
0.1689453125
0.1865234375
0.1845703125
0.18994140625
0.118896484375
0.32080078125
0.23486328125
0.171630859375
0.2998046875
0.159423828125
0.145263671875
0.1884765625
0.187744140625
0.177490234375
0.16650390625
0.263671875
0.232177734375
0.124755859375
0.135986328125
0.19775390625
0.21826171875
0.112060546875
0.20263671875
0.27294921875
0.19091796875
0.118896484375
0.156494140625
0.2265625
0.2666015625
0.228271484375
0.153564453125
0.224609375
0.1044921875
0.1796875
0.15185546875
0.1279296875
0.375732421875
0.156982421875
0.19091796875
0.166748046875
0.12109375
0.225341796875
0.1796875
0.192626953125
0.276611328125
0.21875
0.14599609375
0.10400390625
0.1357421875
0.067626953125
0.2431640625
0.16650390625
0.1748046875
0.116455078125
0.412841796875
0.0654296875
0.234619140625
0.204833984375
0.23876953125
0.2216796875
0.155517578125
0.346923828125
0.11328125
0.239501953125
0.15625
0.1337890625
0.179443359375
0.099365234375
0.2158203125
0.2373046875
0.135009765625
0.2236328125
0.170166015625
0.20263671875
0.147705078125
0.170654296875
0.129150390625
0.173095703125
0.12890625
0.15625
0.105712890625
0.2216796875
0.284423828125
0.13525390625
0.176025390625
0.198974609375
0.215576171875
0.187744140625
0.26318359375
0.129638671875
0.182861328125
0.144775390625
0.20703125
0.157470703125
0.1533203125
0.118408203125
0.15087890625
0.14990234375
0.263427734375
0.124267578125
0.1962890625
0.133056640625
0.14111328125
0.19140625
0.160400390625
0.3369140625
0.144775390625
0.182373046875
0.19140625
0.1474609375
0.244384765625
0.18994140625
0.07861328125
0.163330078125
