1.310302734375
1.310302734375
1.310302734375
1.310302734375
1.310302734375
1.310302734375
1.310302734375
1.42333984375
1.46923828125
1.455810546875
1.08203125
1.139892578125
1.34765625
1.31689453125
1.550048828125
1.342041015625
1.060791015625
1.627197265625
1.41943359375
1.239990234375
1.39697265625
1.255615234375
1.4140625
1.466552734375
1.322021484375
1.616455078125
1.654541015625
1.29931640625
1.339599609375
1.482177734375
1.482421875
1.521728515625
1.521728515625
1.190673828125
1.4384765625
1.2529296875
1.29296875
1.32275390625
1.035400390625
1.314697265625
1.332763671875
1.45703125
1.2265625
1.259521484375
1.566162109375
1.212890625
1.1787109375
1.482666015625
1.17138671875
1.454833984375
1.46728515625
1.287353515625
1.443603515625
1.41552734375
1.297119140625
1.289306640625
1.4814453125
1.456787109375
1.294189453125
1.43212890625
1.244384765625
1.021240234375
1.38916015625
1.31689453125
1.380615234375
1.173828125
0.974853515625
1.177978515625
1.284423828125
1.453857421875
1.36767578125
1.141845703125
1.531494140625
1.382080078125
1.322265625
1.314453125
1.4521484375
1.66748046875
1.344970703125
1.306884765625
1.169921875
1.40478515625
1.15283203125
1.3798828125
1.501708984375
1.547119140625
1.4052734375
1.553466796875
0.97705078125
1.283203125
1.075439453125
1.236328125
1.130615234375
1.2763671875
1.093505859375
1.6875
1.679443359375
1.37841796875
1.169677734375
1.387939453125
1.362060546875
1.29248046875
1.107421875
1.169677734375
1.55126953125
0.873291015625
1.661865234375
1.112060546875
1.5927734375
1.3828125
1.302490234375
1.2763671875
1.42138671875
1.256591796875
1.52880859375
1.147705078125
1.315185546875
1.48193359375
1.421875
1.5009765625
1.589111328125
1.343505859375
1.125732421875
1.55224609375
1.291748046875
1.32470703125
1.405517578125
1.304443359375
1.263671875
1.185546875
1.31591796875
1.343017578125
1.506591796875
1.220458984375
1.436767578125
1.399658203125
1.226318359375
1.26953125
1.420166015625
1.505859375
1.4326171875
1.38916015625
1.287841796875
1.58251953125
1.263427734375
1.322265625
1.453369140625
1.5771484375
1.50830078125
1.19580078125
1.44677734375
1.327880859375
1.34033203125
1.07958984375
1.231201171875
1.361572265625
1.0234375
1.18017578125
1.271484375
1.625244140625
1.301513671875
1.472900390625
1.408447265625
1.249755859375
1.39013671875
1.35205078125
1.33349609375
1.069580078125
1.547119140625
1.197998046875
1.367431640625
1.5947265625
1.524658203125
1.46142578125
1.210205078125
1.364013671875
1.382568359375
1.59326171875
1.341796875
0.99560546875
1.443603515625
1.20751953125
0.94970703125
1.232177734375
1.587158203125
1.40966796875
1.26171875
1.39306640625
1.442138671875
1.3525390625
1.44287109375
1.55908203125
1.37744140625
1.262451171875
1.20947265625
1.280517578125
1.317138671875
1.1953125
1.251220703125
1.780517578125
1.30322265625
1.435791015625
1.270263671875
1.47900390625
1.560546875
1.009521484375
1.4814453125
1.18505859375
1.288330078125
1.420654296875
1.4296875
1.366943359375
1.306640625
1.372802734375
1.04052734375
1.37646484375
1.44384765625
1.52294921875
1.517333984375
1.315185546875
1.19384765625
1.4169921875
1.364013671875
1.41357421875
1.423095703125
1.56298828125
1.497314453125
1.339599609375
1.502197265625
1.231689453125
1.169189453125
1.357421875
1.264404296875
1.341552734375
1.6494140625
1.466552734375
1.37451171875
1.2451171875
1.416259765625
1.466796875
1.311767578125
1.361328125
1.259765625
1.442626953125
1.15771484375
1.44970703125
1.239990234375
1.246337890625
1.37255859375
1.08154296875
1.33642578125
1.4111328125
1.221923828125
1.13916015625
1.422607421875
1.499267578125
1.157470703125
1.50390625
1.482666015625
1.133544921875
1.4306640625
1.17919921875
1.41845703125
1.348876953125
1.43310546875
1.273193359375
1.336181640625
1.2626953125
1.134765625
1.173583984375
1.48876953125
1.304931640625
1.23193359375
1.536865234375
1.189453125
1.676513671875
1.15380859375
1.33447265625
1.32470703125
1.60498046875
1.28955078125
1.18994140625
1.267578125
1.140869140625
1.200927734375
1.268310546875
1.43603515625
1.471923828125
1.402587890625
1.263671875
1.253173828125
1.56640625
1.218994140625
1.42333984375
1.2177734375
1.219970703125
1.4638671875
1.492431640625
1.6279296875
1.604248046875
1.307373046875
1.682373046875
1.263671875
1.44384765625
1.52880859375
1.53759765625
1.385986328125
1.271728515625
1.283935546875
1.326416015625
1.525146484375
1.236083984375
1.310546875
1.11865234375
1.223388671875
1.4912109375
1.33349609375
1.361083984375
1.205810546875
1.511474609375
1.268310546875
1.305419921875
1.57080078125
1.3515625
1.1865234375
1.4013671875
1.098388671875
1.086181640625
1.178955078125
1.484375
1.2568359375
1.469482421875
1.214599609375
1.32177734375
1.432373046875
1.326416015625
1.11474609375
1.30712890625
1.2314453125
1.225830078125
1.23388671875
1.291748046875
1.296875
1.32177734375
1.229248046875
1.321044921875
1.19580078125
1.51025390625
1.303466796875
1.335205078125
1.095703125
1.151123046875
1.3173828125
1.271484375
1.62548828125
1.3740234375
1.435302734375
1.103515625
1.451416015625
1.08642578125
1.111328125
1.4560546875
1.224609375
1.467529296875
1.4658203125
1.423828125
1.18359375
1.304443359375
1.19921875
1.470703125
1.3037109375
1.388671875
1.039306640625
1.162109375
1.25732421875
1.486328125
1.4521484375
1.392822265625
1.359130859375
1.162841796875
1.409912109375
1.33935546875
1.62353515625
1.15283203125
1.261962890625
1.48681640625
1.223876953125
1.452392578125
1.38916015625
1.3408203125
1.22998046875
1.172119140625
1.265380859375
1.376708984375
1.351318359375
1.375732421875
1.313232421875
1.26416015625
1.5498046875
1.350341796875
1.370849609375
1.468017578125
1.358642578125
1.21728515625
1.30322265625
1.265625
1.5595703125
1.55322265625
1.589111328125
1.548828125
1.372802734375
1.383544921875
1.401611328125
1.307861328125
1.37060546875
1.403076171875
1.310546875
1.334716796875
1.519775390625
1.531494140625
1.139892578125
1.25927734375
1.230712890625
1.42822265625
1.2880859375
1.11279296875
1.267333984375
1.6015625
1.29150390625
1.223876953125
1.22998046875
1.490234375
1.129638671875
1.224609375
1.18310546875
1.14453125
1.61572265625
1.485595703125
1.076171875
1.05517578125
1.499267578125
1.450439453125
1.3857421875
1.39111328125
1.451416015625
1.11376953125
1.41552734375
1.4453125
1.255615234375
1.333740234375
1.07470703125
1.535400390625
1.377197265625
1.43798828125
1.494140625
1.2109375
1.410400390625
1.30615234375
1.4833984375
1.498291015625
1.15576171875
1.59228515625
1.3779296875
1.15380859375
1.30859375
1.03662109375
1.261962890625
1.312744140625
1.536865234375
1.10009765625
1.334716796875
0.9853515625
1.33349609375
1.263916015625
1.27685546875
1.0888671875
1.259765625
1.151123046875
1.44482421875
1.590087890625
1.41357421875
1.284423828125
1.2900390625
1.40478515625
1.42529296875
1.137939453125
1.292724609375
1.279296875
1.503662109375
1.2734375
1.3984375
1.232666015625
1.238525390625
1.391845703125
1.461181640625
1.152099609375
1.291015625
1.321044921875
1.172119140625
1.156982421875
1.212158203125
1.092041015625
1.26220703125
1.38623046875
1.36669921875
1.58154296875
1.103515625
1.55078125
1.416748046875
1.128173828125
1.1630859375
1.490478515625
1.392333984375
1.50390625
1.34326171875
1.6025390625
1.388671875
1.442138671875
1.14892578125
1.23193359375
1.18994140625
1.39013671875
1.261474609375
1.30224609375
1.360595703125
1.26318359375
1.314697265625
1.418212890625
1.083740234375
1.2197265625
1.49609375
1.1640625
1.36669921875
1.402099609375
1.426513671875
1.298828125
1.4501953125
1.567626953125
1.13330078125
1.374267578125
1.2099609375
1.2373046875
1.39501953125
1.13818359375
1.54443359375
1.319091796875
1.36669921875
1.305908203125
1.625
1.3623046875
1.3837890625
1.43017578125
1.2158203125
1.27783203125
1.324951171875
1.5244140625
1.186767578125
1.0087890625
1.33447265625
1.196044921875
1.476318359375
1.421630859375
1.23486328125
1.23291015625
1.49072265625
1.21826171875
1.36279296875
1.368896484375
1.468994140625
1.264892578125
1.37890625
1.19091796875
1.294677734375
1.37890625
1.27880859375
1.508056640625
1.37548828125
1.30224609375
1.27099609375
1.52880859375
1.068603515625
1.083984375
1.414306640625
1.1884765625
1.2490234375
1.324951171875
1.516357421875
1.31005859375
1.523681640625
1.300537109375
1.4296875
1.36669921875
1.20751953125
1.463623046875
1.38818359375
1.211181640625
1.3828125
1.48681640625
1.4892578125
1.234619140625
1.031982421875
1.5107421875
1.28759765625
1.173095703125
1.353759765625
1.345947265625
1.032958984375
1.2177734375
1.1806640625
1.398681640625
1.325927734375
1.54443359375
1.36767578125
1.372314453125
1.3818359375
1.125732421875
1.244384765625
1.361328125
1.34033203125
1.305908203125
1.3046875
1.45263671875
1.458740234375
1.639404296875
1.244140625
1.49560546875
1.32275390625
1.302734375
1.2490234375
1.10009765625
1.419677734375
1.423583984375
1.520263671875
1.359619140625
1.254150390625
1.43798828125
1.16796875
1.376953125
1.096923828125
1.172119140625
1.455322265625
1.56640625
1.4287109375
1.5859375
1.212646484375
1.39501953125
1.136474609375
1.46435546875
1.35888671875
1.195068359375
1.45556640625
1.568603515625
1.4677734375
1.318359375
1.314208984375
1.394775390625
1.43798828125
1.11767578125
1.357177734375
1.449462890625
1.109375
1.455322265625
1.37939453125
1.146728515625
1.333984375
1.19189453125
1.32470703125
1.299560546875
1.36767578125
1.178955078125
1.3125
1.20361328125
1.461181640625
1.108154296875
1.2490234375
1.21044921875
1.488525390625
1.173828125
1.245849609375
1.322265625
1.25
1.298095703125
1.340087890625
1.18359375
1.623046875
1.271484375
1.33154296875
1.37158203125
1.475830078125
1.586669921875
1.52880859375
1.353515625
1.281494140625
1.271484375
1.22265625
1.157958984375
1.524169921875
1.406494140625
1.35546875
1.5693359375
1.33544921875
1.484130859375
1.642333984375
1.270751953125
1.42333984375
1.158935546875
1.37646484375
1.626220703125
1.099853515625
1.3203125
1.32421875
1.259033203125
1.29443359375
1.32275390625
1.070068359375
1.49169921875
1.5615234375
1.411865234375
1.25537109375
1.22412109375
1.27490234375
1.186767578125
1.27001953125
1.307373046875
1.245361328125
1.37158203125
1.22998046875
1.165771484375
1.039794921875
1.22119140625
1.55908203125
1.104248046875
1.44970703125
1.474365234375
1.514892578125
1.46044921875
1.45703125
1.35009765625
1.4228515625
1.381591796875
1.156494140625
1.27001953125
1.386962890625
1.215576171875
1.208740234375
1.3828125
1.2919921875
1.237548828125
1.236328125
1.352294921875
1.456787109375
1.274658203125
1.08837890625
1.331787109375
1.33984375
1.378662109375
1.3837890625
1.688232421875
1.197021484375
1.268798828125
1.310546875
1.3388671875
1.468994140625
1.32763671875
1.388916015625
1.739501953125
1.104736328125
1.321533203125
1.386962890625
1.226318359375
1.206298828125
1.6337890625
1.314697265625
1.201171875
1.47509765625
1.445556640625
1.17724609375
1.48291015625
1.36572265625
1.36279296875
1.357666015625
1.216064453125
1.26611328125
1.260498046875
1.314208984375
1.453125
1.299560546875
1.46142578125
1.4375
1.3271484375
1.49169921875
1.35107421875
1.1220703125
1.345703125
1.41064453125
1.01220703125
1.52587890625
1.4072265625
1.267578125
1.3623046875
1.24267578125
1.17578125
1.47314453125
