1.5224609375
1.5224609375
1.524169921875
1.385009765625
1.865966796875
1.50390625
1.68115234375
1.530029296875
1.76904296875
1.495849609375
1.375732421875
1.701904296875
1.6220703125
1.68408203125
1.62841796875
1.51416015625
1.451904296875
1.541259765625
1.69921875
1.461669921875
1.397216796875
1.460205078125
1.27783203125
1.707763671875
1.310546875
1.57421875
1.6171875
1.48974609375
1.55126953125
1.64599609375
1.671630859375
1.520751953125
1.50439453125
1.3603515625
1.5302734375
1.724609375
1.5869140625
1.511474609375
1.51513671875
1.641845703125
1.6474609375
1.638427734375
1.62939453125
1.80126953125
1.5888671875
1.480712890625
1.464599609375
1.35888671875
1.5595703125
1.6064453125
1.493896484375
1.56884765625
1.57666015625
1.584716796875
1.096435546875
1.49072265625
1.27783203125
1.364990234375
1.511474609375
1.635009765625
1.3955078125
1.540771484375
1.62939453125
1.796630859375
1.554931640625
1.64306640625
1.560302734375
1.66650390625
1.681640625
1.347412109375
1.775634765625
1.20947265625
1.602783203125
1.64208984375
1.6865234375
1.35205078125
1.5810546875
1.484130859375
1.541748046875
1.9619140625
1.213134765625
1.712158203125
1.5751953125
1.603271484375
1.4951171875
1.457275390625
1.690673828125
1.594970703125
1.51806640625
1.308837890625
1.435546875
1.77197265625
1.771240234375
1.32763671875
1.837890625
1.335205078125
1.509033203125
1.45361328125
1.63232421875
1.642578125
1.70458984375
1.40673828125
1.62451171875
1.404052734375
1.52294921875
1.59619140625
1.3154296875
1.755859375
1.58154296875
1.091552734375
1.341552734375
1.7060546875
1.662841796875
1.224609375
1.568359375
1.56640625
1.390380859375
1.363037109375
1.67626953125
1.54638671875
1.4326171875
1.6318359375
1.47900390625
1.5029296875
1.542236328125
1.3271484375
1.476806640625
1.4541015625
1.387451171875
1.63037109375
1.4072265625
1.53955078125
1.5341796875
1.48193359375
1.647705078125
1.484130859375
1.37841796875
1.5791015625
1.518798828125
1.47607421875
1.5517578125
1.407958984375
1.87939453125
1.6953125
1.51171875
1.666015625
1.609619140625
1.598876953125
1.65869140625
1.52197265625
1.318359375
1.587158203125
1.4521484375
1.5830078125
1.888671875
1.588623046875
1.538818359375
1.62744140625
1.319580078125
1.3330078125
1.60595703125
1.464111328125
1.39697265625
1.673828125
1.356201171875
1.5859375
1.60986328125
1.50537109375
1.326904296875
1.67138671875
1.564208984375
1.483154296875
1.52197265625
1.44921875
1.4794921875
1.30810546875
1.372314453125
1.7236328125
1.310302734375
1.441162109375
1.548583984375
1.62353515625
1.521240234375
1.407958984375
1.58203125
1.503173828125
1.7236328125
1.504638671875
1.712646484375
1.37109375
1.54150390625
1.500244140625
1.643798828125
1.716796875
1.54931640625
1.3486328125
1.5361328125
1.802978515625
1.733154296875
1.765380859375
1.87890625
1.6171875
1.513916015625
1.1728515625
1.347900390625
1.678466796875
1.5400390625
1.729736328125
1.67626953125
1.748291015625
1.455810546875
1.372802734375
1.6640625
1.689208984375
1.6474609375
1.49169921875
1.572998046875
1.589111328125
1.512939453125
1.69580078125
1.436767578125
1.607666015625
1.69482421875
1.62451171875
1.821044921875
1.72900390625
1.74951171875
1.4765625
1.621337890625
1.651611328125
1.415283203125
1.681640625
1.495849609375
1.509521484375
1.521484375
1.308837890625
1.40380859375
1.480224609375
1.5478515625
1.4912109375
1.708740234375
1.55029296875
1.605224609375
1.44287109375
1.5400390625
1.439208984375
1.3828125
1.60400390625
1.805908203125
1.443603515625
1.578857421875
1.719970703125
1.60693359375
1.5517578125
1.332763671875
1.4140625
1.613525390625
1.63671875
1.18212890625
1.69287109375
1.7607421875
1.417236328125
1.661376953125
1.668212890625
1.70703125
1.49951171875
1.44140625
1.793701171875
1.54052734375
1.73876953125
1.52392578125
1.481201171875
1.546630859375
1.485595703125
1.63232421875
1.51953125
1.6259765625
1.4453125
1.761474609375
1.523681640625
1.6923828125
1.441162109375
1.680419921875
1.4287109375
1.748046875
1.49951171875
1.492919921875
1.464111328125
1.546630859375
1.646240234375
1.482177734375
1.3291015625
1.527099609375
1.63037109375
1.550537109375
1.75634765625
1.545166015625
1.611083984375
1.686279296875
1.479248046875
1.472412109375
1.416015625
1.20068359375
1.752685546875
1.28076171875
1.5458984375
1.496337890625
1.390869140625
1.298583984375
1.484130859375
1.483642578125
1.297607421875
1.621826171875
1.401611328125
1.645263671875
1.77685546875
1.5595703125
1.27685546875
1.498046875
1.486083984375
1.741943359375
1.350830078125
1.706787109375
1.552001953125
1.276611328125
1.4384765625
1.37548828125
1.408203125
1.58203125
1.430419921875
1.506103515625
1.555419921875
1.698486328125
1.7001953125
1.683837890625
1.670654296875
1.311767578125
1.439453125
1.375244140625
1.259521484375
1.457275390625
1.375
1.39111328125
1.55712890625
1.5546875
1.5751953125
1.39404296875
1.754150390625
1.4580078125
1.443115234375
1.402587890625
1.62060546875
1.617431640625
1.202392578125
1.557373046875
1.641845703125
1.516845703125
1.64404296875
1.41650390625
1.625244140625
1.649169921875
1.68115234375
1.56591796875
1.653076171875
1.467529296875
1.324951171875
1.531982421875
1.63525390625
1.464599609375
1.59619140625
1.325439453125
1.286865234375
1.550048828125
1.62109375
1.518310546875
1.57666015625
1.319580078125
1.69921875
1.67236328125
1.710693359375
1.713134765625
1.3564453125
1.5888671875
1.46923828125
1.597900390625
1.50439453125
1.96826171875
1.6611328125
1.3271484375
1.605224609375
1.673583984375
1.65625
1.6552734375
1.556884765625
1.296630859375
1.424072265625
1.479248046875
1.56787109375
1.12353515625
1.329833984375
1.688720703125
1.6337890625
1.57568359375
1.485595703125
1.788330078125
1.427978515625
1.826904296875
1.400146484375
1.60595703125
1.502685546875
1.36181640625
1.671875
1.351318359375
1.75732421875
1.48876953125
1.393798828125
1.590087890625
1.400146484375
1.6376953125
1.523193359375
1.521728515625
1.5078125
1.819091796875
1.320068359375
1.56005859375
1.595947265625
1.44189453125
1.4296875
1.20458984375
1.360595703125
1.83544921875
1.420166015625
1.511962890625
1.407470703125
1.66162109375
1.782958984375
1.419921875
1.702880859375
1.734130859375
1.408447265625
1.479248046875
1.608642578125
1.3974609375
1.40185546875
1.469970703125
1.640869140625
1.712158203125
1.535400390625
1.592529296875
1.70263671875
1.5751953125
1.61767578125
1.380126953125
1.580322265625
1.42431640625
1.5849609375
1.8427734375
1.551025390625
1.583740234375
1.63720703125
1.28466796875
1.48828125
1.306396484375
1.39306640625
1.630615234375
1.525634765625
1.300537109375
1.800537109375
1.546142578125
1.634765625
1.55029296875
1.4482421875
1.47119140625
1.605224609375
1.50341796875
1.566162109375
1.55029296875
1.3515625
1.435546875
1.552734375
1.486328125
1.64208984375
1.54150390625
1.688720703125
1.615478515625
1.676025390625
1.683349609375
1.70068359375
1.777587890625
1.4287109375
1.508056640625
1.638427734375
1.7666015625
1.4404296875
1.645751953125
1.547607421875
1.5068359375
1.490966796875
1.591552734375
1.722900390625
1.591552734375
1.671875
1.34765625
1.4970703125
1.710693359375
1.61767578125
1.344482421875
1.6484375
1.60205078125
1.68994140625
1.4296875
1.563232421875
1.53369140625
1.556396484375
1.434326171875
1.4677734375
1.697998046875
1.347900390625
1.56494140625
1.564453125
1.736328125
1.587646484375
1.692626953125
1.300048828125
1.58935546875
1.517578125
1.509521484375
1.239990234375
1.461669921875
1.59912109375
1.44921875
1.58154296875
1.4833984375
1.518310546875
1.431640625
1.738525390625
1.63720703125
1.40478515625
1.6240234375
1.49072265625
1.6962890625
1.7431640625
1.362060546875
1.6171875
1.44921875
1.641357421875
1.673583984375
1.592529296875
1.268798828125
1.619140625
1.72509765625
1.5634765625
1.701904296875
1.597900390625
1.245361328125
1.480712890625
1.45166015625
1.29443359375
1.521484375
1.69189453125
1.56494140625
1.635498046875
1.313232421875
1.56884765625
1.531494140625
1.510986328125
1.664306640625
1.27490234375
1.382080078125
1.543701171875
1.489501953125
1.629150390625
1.569580078125
1.641357421875
1.4453125
1.754150390625
1.577880859375
1.553955078125
1.5322265625
1.57666015625
1.6181640625
1.791259765625
1.586181640625
1.777587890625
1.494140625
1.43603515625
1.376220703125
1.421875
1.379150390625
1.220458984375
1.519775390625
1.44677734375
1.400146484375
1.89794921875
1.4580078125
1.412109375
1.529296875
1.626953125
1.6142578125
1.618408203125
1.67578125
1.871826171875
1.54296875
1.616455078125
1.490966796875
1.398681640625
1.3701171875
1.42041015625
1.472412109375
1.339111328125
1.58251953125
1.7138671875
1.282470703125
1.414794921875
1.5595703125
1.271728515625
1.7705078125
1.50146484375
1.614013671875
1.46533203125
1.31201171875
1.627197265625
1.425537109375
1.43115234375
1.482421875
1.4375
1.3447265625
1.723388671875
1.167236328125
1.532958984375
1.4267578125
1.698974609375
1.556396484375
1.664794921875
1.335693359375
1.326171875
1.42138671875
1.410400390625
1.47607421875
1.514404296875
1.543701171875
1.483642578125
1.979736328125
1.551513671875
1.25732421875
1.37744140625
1.701904296875
1.581787109375
1.6962890625
1.313232421875
1.415771484375
1.521484375
1.45166015625
1.39892578125
1.200439453125
1.54296875
1.45263671875
1.626708984375
1.57080078125
1.58154296875
1.447509765625
1.838623046875
1.843017578125
1.871826171875
1.675048828125
1.6083984375
1.476318359375
1.6728515625
1.4521484375
1.731689453125
1.70263671875
1.421142578125
1.513671875
1.667724609375
1.51708984375
1.741455078125
1.690673828125
1.44091796875
1.598876953125
1.550537109375
1.565673828125
1.6328125
1.57177734375
1.324951171875
1.656982421875
1.635009765625
1.35595703125
1.50146484375
1.544921875
1.612548828125
1.70947265625
1.31884765625
1.44677734375
1.609375
1.555419921875
1.3330078125
1.563720703125
1.708984375
1.504638671875
1.517333984375
1.470947265625
1.662109375
1.701416015625
1.41455078125
1.40625
1.4892578125
1.34912109375
1.46484375
1.490234375
1.514892578125
1.545166015625
1.510009765625
1.3681640625
1.66455078125
1.554443359375
1.8330078125
1.8876953125
1.596435546875
1.538818359375
1.45654296875
1.615234375
1.6806640625
1.732177734375
1.42431640625
1.875244140625
1.55615234375
1.524658203125
1.581298828125
1.7216796875
1.320068359375
1.402587890625
1.38037109375
1.7314453125
1.455810546875
1.48974609375
1.7646484375
1.60546875
1.43115234375
1.757568359375
1.600830078125
1.67578125
1.81201171875
1.6357421875
1.421875
1.232177734375
1.61669921875
1.722900390625
1.7236328125
1.43408203125
1.448486328125
1.483642578125
1.767822265625
1.583984375
1.53662109375
1.628173828125
1.475341796875
1.70166015625
1.6328125
1.171142578125
1.719970703125
1.472900390625
1.620361328125
1.7412109375
1.599853515625
1.442626953125
1.37548828125
1.48876953125
1.640869140625
1.7060546875
1.33544921875
1.533447265625
1.527099609375
1.48779296875
1.69140625
1.539794921875
1.63720703125
1.697998046875
1.56787109375
1.270751953125
1.668701171875
1.541259765625
1.420166015625
1.3017578125
1.618408203125
1.251220703125
1.693359375
1.638916015625
1.837890625
1.330810546875
1.541748046875
1.529541015625
1.697509765625
1.3876953125
1.60205078125
1.517333984375
1.578369140625
1.385986328125
1.754150390625
1.77783203125
1.558349609375
1.72998046875
1.62255859375
1.554931640625
1.50244140625
1.72705078125
1.474853515625
1.532470703125
1.68994140625
1.42626953125
1.517822265625
1.55712890625
1.612060546875
1.714111328125
1.23046875
1.560546875
1.54052734375
1.840087890625
1.3916015625
1.839599609375
1.6884765625
1.49658203125
1.364013671875
1.865234375
1.56787109375
1.434326171875
1.65576171875
1.62158203125
1.78271484375
1.6357421875
1.2978515625
1.2939453125
1.576904296875
1.548583984375
1.674072265625
1.678466796875
1.921630859375
1.451904296875
1.507080078125
1.64208984375
1.432861328125
1.493408203125
1.42333984375
1.59619140625
1.624755859375
1.655517578125
1.497314453125
1.407958984375
1.3876953125
1.510498046875
1.660400390625
1.441162109375
1.62060546875
1.3994140625
1.643310546875
1.796630859375
1.71533203125
1.6787109375
1.499267578125
1.4892578125
1.52978515625
1.708984375
1.7724609375
1.40234375
1.566650390625
1.509521484375
1.29833984375
1.39501953125
1.5380859375
1.401123046875
1.447509765625
1.5302734375
1.6318359375
1.584716796875
1.446533203125
1.7958984375
1.362060546875
1.5380859375
1.59814453125
1.576416015625
1.380126953125
1.40625
1.46533203125
1.627685546875
1.60107421875
1.56005859375
1.54541015625
1.263916015625
1.58203125
1.87353515625
1.346435546875
1.508056640625
1.584716796875
1.545166015625
1.4287109375
1.3330078125
1.579833984375
1.327880859375
1.634765625
1.685302734375
1.541015625
2.056396484375
1.4130859375
1.156005859375
1.57861328125
1.770751953125
1.789794921875
1.361572265625
1.78466796875
1.6103515625
1.325927734375
1.731689453125
1.618408203125
1.63916015625
1.489990234375
1.40185546875
1.4365234375
1.69580078125
1.61767578125
1.91552734375
1.869140625
1.13330078125
1.4580078125
1.410400390625
1.747802734375
1.3076171875
1.59765625
1.481201171875
1.652099609375
1.65576171875
1.55078125
1.470703125
1.509521484375
1.61181640625
1.510986328125
1.419189453125
1.64501953125
1.443603515625
1.28759765625
1.485107421875
1.432373046875
1.27392578125
1.46923828125
