1.5224609375
1.5224609375
1.5224609375
1.5224609375
1.5224609375
1.5224609375
1.517822265625
1.7646484375
1.6044921875
1.2783203125
1.593505859375
1.319580078125
1.656494140625
1.214111328125
1.64892578125
1.447021484375
1.308837890625
1.642578125
1.415283203125
1.62353515625
1.45263671875
1.58349609375
1.558837890625
1.52392578125
1.489990234375
1.570556640625
1.2236328125
1.783447265625
1.410400390625
1.735107421875
1.789794921875
1.602783203125
1.42919921875
1.458251953125
1.48974609375
1.64111328125
1.50439453125
1.495849609375
1.6962890625
1.5224609375
1.724609375
1.4716796875
1.489990234375
1.50830078125
1.51513671875
1.5498046875
1.4306640625
1.527587890625
1.5791015625
1.612548828125
1.46240234375
1.58349609375
1.6982421875
1.583740234375
1.875732421875
1.5830078125
1.44970703125
1.79541015625
1.47900390625
1.768310546875
1.431396484375
1.5595703125
1.364013671875
1.337646484375
1.535400390625
1.377685546875
1.377685546875
1.4541015625
1.544921875
1.647705078125
1.572509765625
1.47900390625
1.619873046875
1.540771484375
1.619140625
1.40185546875
1.369140625
1.47607421875
1.52685546875
1.364013671875
1.66162109375
1.454833984375
1.61279296875
1.563232421875
1.59375
1.484619140625
1.714111328125
1.2900390625
1.710693359375
1.466552734375
1.578857421875
1.5810546875
1.562744140625
1.759765625
1.525390625
1.4951171875
1.457275390625
1.4384765625
1.333984375
1.782470703125
1.39306640625
1.442138671875
1.612060546875
1.518798828125
1.797607421875
1.585693359375
1.53271484375
1.53076171875
1.708984375
1.51611328125
1.597412109375
1.558349609375
1.555908203125
1.51220703125
1.69140625
1.534912109375
1.7060546875
1.60888671875
1.56640625
1.46337890625
1.2900390625
1.47216796875
1.542236328125
1.723876953125
1.458984375
1.580810546875
1.408203125
1.47900390625
1.628173828125
1.588623046875
1.380126953125
1.5966796875
1.447998046875
1.4775390625
1.496337890625
1.83740234375
1.51806640625
1.484619140625
1.688720703125
1.656005859375
1.387451171875
1.195556640625
1.51806640625
1.367431640625
1.670166015625
1.488037109375
1.389404296875
1.518798828125
1.44580078125
1.87939453125
1.2255859375
1.49267578125
1.54638671875
1.708984375
1.375732421875
1.3671875
1.28369140625
1.47900390625
1.6123046875
1.22314453125
1.681640625
1.592041015625
1.504150390625
2.02978515625
1.431396484375
1.406005859375
1.399169921875
1.947265625
1.5830078125
1.681640625
1.36669921875
1.545166015625
1.7392578125
1.43408203125
1.658203125
1.488037109375
1.378662109375
1.606201171875
1.486572265625
1.560546875
1.6474609375
1.4287109375
1.818115234375
1.87109375
1.094970703125
1.430419921875
1.4716796875
1.6611328125
1.37744140625
1.532470703125
1.739990234375
1.595947265625
1.530517578125
1.1435546875
1.6611328125
1.37109375
1.396240234375
1.79150390625
1.573486328125
1.405517578125
1.476806640625
1.540283203125
1.67626953125
1.857421875
1.559814453125
1.70166015625
1.674072265625
1.174560546875
1.614013671875
1.57958984375
1.71142578125
1.635986328125
1.551513671875
1.568115234375
1.370361328125
1.767333984375
1.68310546875
1.611572265625
1.38720703125
1.35986328125
1.5986328125
1.385009765625
1.362060546875
1.460205078125
1.666259765625
1.497802734375
1.7099609375
1.327880859375
1.720703125
1.2890625
1.557373046875
1.56689453125
1.3603515625
1.761474609375
1.45263671875
1.4716796875
1.778564453125
1.136962890625
1.76025390625
1.679931640625
1.4609375
1.356689453125
1.749267578125
1.5107421875
1.608154296875
1.8349609375
1.361328125
1.521240234375
1.60400390625
1.473388671875
1.171142578125
1.51806640625
1.687255859375
1.568359375
1.424072265625
1.558837890625
1.45849609375
1.6494140625
1.636474609375
1.29345703125
1.664306640625
1.7685546875
1.668212890625
1.5166015625
1.388427734375
1.510498046875
1.404296875
1.815185546875
1.5517578125
1.430419921875
1.475341796875
1.808349609375
1.619384765625
1.5625
1.6806640625
1.4453125
1.604736328125
1.7373046875
1.279052734375
1.765625
1.509521484375
1.67041015625
1.45751953125
1.5703125
1.402587890625
1.791259765625
1.5771484375
1.330810546875
1.693115234375
1.410400390625
1.826171875
1.61279296875
1.596923828125
1.546875
1.59228515625
1.4296875
1.38037109375
1.675537109375
1.60205078125
1.56005859375
1.535888671875
1.690673828125
1.35693359375
1.823974609375
1.621826171875
1.706787109375
1.3173828125
1.325439453125
1.829345703125
1.65771484375
1.318359375
1.67236328125
1.303955078125
1.76318359375
1.6455078125
1.430419921875
1.72802734375
1.49462890625
1.674560546875
1.600341796875
1.7060546875
1.873291015625
1.49658203125
1.539794921875
1.70703125
1.828857421875
1.50146484375
1.548095703125
1.578369140625
1.5400390625
1.309326171875
1.563232421875
1.302490234375
1.694580078125
1.70458984375
1.505126953125
1.576904296875
1.754150390625
1.42041015625
1.517822265625
1.729248046875
1.379638671875
1.75341796875
1.73583984375
1.373291015625
1.579833984375
1.467529296875
1.417236328125
1.531982421875
1.66943359375
1.794189453125
1.391357421875
1.28662109375
1.895263671875
1.551025390625
1.319580078125
1.93017578125
1.677490234375
1.710693359375
1.433349609375
1.502197265625
1.6630859375
1.551513671875
1.647216796875
1.6552734375
1.701171875
1.556884765625
1.559326171875
1.21923828125
1.698486328125
1.56787109375
1.52392578125
1.458251953125
1.371337890625
1.64404296875
1.3564453125
1.6171875
1.51171875
1.72998046875
1.62158203125
1.6298828125
1.89013671875
1.39013671875
1.787353515625
1.552978515625
1.62158203125
1.380126953125
1.525146484375
1.58349609375
1.23828125
1.861083984375
1.614990234375
1.54345703125
1.642822265625
1.626220703125
1.40185546875
1.655517578125
1.58447265625
1.3662109375
1.550537109375
1.640869140625
1.82080078125
1.501953125
1.595947265625
1.517822265625
1.557373046875
1.22900390625
1.47900390625
1.76171875
1.4501953125
1.4169921875
1.6103515625
1.5634765625
1.4736328125
1.593017578125
1.573486328125
1.3564453125
1.408447265625
1.500732421875
1.369384765625
1.3037109375
1.656982421875
1.481689453125
1.893798828125
1.588134765625
1.4755859375
1.55810546875
1.4873046875
1.320556640625
1.588134765625
1.401123046875
1.606201171875
1.607666015625
1.215576171875
1.6533203125
1.364990234375
1.560302734375
1.5849609375
1.662353515625
1.85791015625
1.697998046875
1.47412109375
1.360107421875
1.732177734375
1.33740234375
1.4912109375
1.608154296875
1.724609375
1.382568359375
1.187255859375
1.4873046875
1.72265625
1.341064453125
1.665771484375
1.712646484375
1.634765625
1.612548828125
1.4482421875
1.476318359375
1.744140625
1.39794921875
1.3515625
1.284423828125
1.435546875
1.4423828125
1.66259765625
1.54541015625
1.733642578125
1.3916015625
1.4853515625
1.523681640625
1.64208984375
1.404052734375
1.457275390625
1.615478515625
1.587158203125
1.319580078125
1.091064453125
1.707763671875
1.49072265625
1.44140625
1.5947265625
1.430908203125
1.335693359375
1.491455078125
1.402587890625
1.81982421875
1.572021484375
1.672119140625
1.451171875
1.60791015625
1.69482421875
1.587890625
1.585693359375
1.47705078125
1.617431640625
1.7763671875
1.27099609375
1.754638671875
1.3896484375
1.291748046875
1.4892578125
1.770263671875
1.6796875
1.603515625
1.51611328125
1.564453125
1.59130859375
1.713623046875
1.69677734375
1.55322265625
1.2587890625
1.3525390625
1.485107421875
1.719970703125
1.42431640625
1.81787109375
1.575439453125
1.715576171875
1.677978515625
1.40478515625
1.757568359375
1.44921875
1.32470703125
1.62744140625
1.568359375
1.462158203125
1.268310546875
1.569091796875
1.684326171875
1.641357421875
1.45263671875
1.231201171875
1.3125
1.385009765625
1.372802734375
1.54638671875
1.441162109375
1.533935546875
1.549560546875
1.63330078125
1.8408203125
1.5869140625
1.578369140625
1.458251953125
1.241943359375
1.56494140625
1.501220703125
1.50439453125
1.6640625
1.431640625
1.258056640625
1.4013671875
1.6240234375
1.5810546875
1.4677734375
1.243408203125
1.600341796875
1.66357421875
1.790283203125
1.564697265625
1.52197265625
1.341064453125
1.75927734375
1.44091796875
1.306640625
1.710693359375
1.443603515625
1.31982421875
1.4521484375
1.713134765625
1.57568359375
1.4453125
1.5107421875
1.58837890625
1.54150390625
1.54296875
1.681640625
1.810791015625
1.559326171875
1.400146484375
1.89794921875
1.7724609375
1.62890625
1.44775390625
1.64306640625
1.492431640625
1.61328125
1.56640625
1.332763671875
1.712158203125
1.339111328125
1.449462890625
1.277099609375
1.566650390625
1.264404296875
1.545654296875
1.524169921875
1.367431640625
1.727783203125
1.787109375
1.948974609375
1.555419921875
1.491455078125
1.797119140625
1.849609375
1.3623046875
1.35595703125
1.677001953125
1.557373046875
1.4765625
1.467529296875
1.53759765625
1.80224609375
1.4755859375
1.73095703125
1.403076171875
1.5419921875
1.57958984375
1.48046875
1.786865234375
1.48486328125
1.50732421875
1.448486328125
1.47607421875
1.546142578125
1.2705078125
1.556640625
1.471435546875
1.3955078125
1.73291015625
1.531494140625
1.6884765625
1.835693359375
1.916748046875
1.529541015625
1.681640625
1.4228515625
1.352294921875
1.60205078125
1.6318359375
1.70166015625
1.645751953125
1.521484375
1.604736328125
1.80517578125
1.54296875
1.50048828125
1.704345703125
1.327392578125
1.65625
1.219970703125
1.41162109375
1.843017578125
1.871826171875
1.62890625
1.48828125
1.380126953125
1.34033203125
1.471435546875
1.35888671875
1.8486328125
1.62841796875
1.595703125
1.710205078125
1.524658203125
1.374267578125
1.550537109375
1.755126953125
1.47021484375
1.509765625
1.665283203125
1.561279296875
1.3330078125
1.671630859375
1.504638671875
1.60498046875
1.486083984375
1.374267578125
1.5732421875
1.3623046875
1.56298828125
1.51611328125
1.477294921875
1.2744140625
1.4609375
1.3544921875
1.546630859375
1.81494140625
1.663818359375
1.30810546875
1.73486328125
1.79541015625
1.362548828125
1.507568359375
1.667724609375
1.546630859375
1.361572265625
1.695068359375
1.45263671875
1.285888671875
1.370361328125
1.352294921875
1.80517578125
1.44189453125
1.2958984375
1.483642578125
1.617919921875
1.4921875
1.53369140625
1.47607421875
1.727294921875
1.402587890625
1.6357421875
1.476806640625
1.55322265625
1.490478515625
1.332763671875
1.433837890625
1.569091796875
1.531005859375
1.65283203125
1.678955078125
1.402099609375
1.63916015625
1.490234375
1.380615234375
1.53173828125
1.525146484375
1.59326171875
1.717041015625
1.6630859375
1.65869140625
1.462646484375
1.2578125
1.393310546875
1.680419921875
1.305419921875
1.4296875
1.371826171875
1.75048828125
1.46533203125
1.453125
1.595947265625
1.650390625
1.2705078125
1.521240234375
1.446044921875
1.543212890625
1.463134765625
1.679931640625
1.4267578125
1.50390625
1.843505859375
1.384033203125
1.571044921875
1.264404296875
1.80078125
1.491455078125
1.520751953125
1.437744140625
1.741455078125
1.4716796875
1.504638671875
1.53857421875
1.3994140625
1.807861328125
1.359619140625
1.562744140625
1.787109375
1.567138671875
1.819580078125
1.5244140625
1.793701171875
1.6982421875
1.81396484375
1.834228515625
1.558349609375
1.518310546875
1.483154296875
1.700439453125
1.296630859375
1.64404296875
1.2490234375
1.677734375
1.515869140625
1.824951171875
1.632568359375
1.649169921875
1.646728515625
1.39208984375
1.75732421875
1.269287109375
1.68115234375
1.595947265625
1.716064453125
1.46240234375
1.492431640625
1.5830078125
1.427978515625
1.42138671875
1.6025390625
1.43310546875
1.57373046875
1.726318359375
1.548583984375
1.322998046875
1.6953125
1.721923828125
1.52392578125
1.71533203125
1.770751953125
1.6015625
1.477783203125
1.733642578125
1.558349609375
1.4912109375
1.29931640625
1.36474609375
1.64892578125
1.671875
1.499267578125
1.693115234375
1.444091796875
1.448486328125
1.611572265625
1.6318359375
1.757080078125
1.99462890625
1.390625
1.470947265625
1.591796875
1.677978515625
1.681396484375
1.5078125
1.263427734375
1.406982421875
1.426513671875
1.96044921875
1.536865234375
1.593994140625
1.688232421875
1.57373046875
1.728271484375
1.663330078125
1.520263671875
1.498291015625
1.477294921875
1.7734375
1.622802734375
1.47314453125
1.727294921875
1.5185546875
1.500732421875
1.253173828125
1.61376953125
1.610595703125
1.584228515625
1.36767578125
1.685302734375
1.66650390625
2.056396484375
1.318359375
1.315673828125
1.6298828125
1.687744140625
1.44775390625
1.608154296875
1.52587890625
1.2197265625
1.40673828125
1.87841796875
1.64306640625
1.69580078125
1.63232421875
1.640625
1.7265625
1.6630859375
1.487548828125
1.25439453125
1.562744140625
1.601806640625
1.77392578125
1.49658203125
1.459716796875
1.302734375
1.62255859375
1.36474609375
1.58984375
1.728515625
1.7294921875
1.353759765625
1.504150390625
1.52978515625
1.34912109375
1.28759765625
1.489990234375
1.29931640625
1.64208984375
1.501220703125
1.533203125
1.579833984375
