1.251953125
1.251953125
1.40673828125
1.090087890625
0.9580078125
1.22216796875
1.354736328125
1.260498046875
1.3701171875
1.202880859375
1.294189453125
1.435791015625
1.376953125
1.265625
1.3017578125
1.3271484375
1.341796875
1.288818359375
1.121826171875
1.492431640625
1.311767578125
1.34765625
1.372802734375
0.95458984375
1.412841796875
1.390625
1.189697265625
1.26318359375
1.26123046875
1.394775390625
1.233642578125
1.306884765625
1.287841796875
1.368896484375
1.2998046875
1.447509765625
1.39501953125
1.313232421875
1.053466796875
1.11083984375
1.314697265625
1.07080078125
1.0703125
1.0634765625
1.23291015625
1.4306640625
0.993408203125
1.457275390625
1.21484375
1.215576171875
1.225341796875
1.5634765625
1.14013671875
1.02685546875
1.298583984375
1.321044921875
1.468505859375
1.1376953125
1.585693359375
0.884033203125
1.302978515625
1.369384765625
1.14794921875
1.072021484375
1.469482421875
1.51708984375
1.45556640625
1.110595703125
1.416015625
1.302978515625
0.994873046875
1.461181640625
1.591552734375
1.255615234375
1.318115234375
1.45068359375
1.15234375
1.6142578125
1.374755859375
1.31591796875
1.454345703125
1.61962890625
1.35595703125
1.00634765625
1.372802734375
1.306396484375
1.324462890625
1.017578125
1.317138671875
1.135009765625
1.408203125
1.133544921875
1.250244140625
1.17724609375
1.11962890625
1.250732421875
1.0390625
1.326171875
1.246337890625
1.023681640625
1.51416015625
1.3515625
0.951904296875
1.48681640625
1.10302734375
1.06982421875
1.229736328125
1.234375
1.363525390625
1.114013671875
1.370361328125
1.21484375
1.295654296875
1.236083984375
1.330322265625
1.201904296875
1.29150390625
0.944580078125
1.543212890625
1.353759765625
1.180419921875
1.34619140625
1.272216796875
1.361328125
1.35205078125
1.4716796875
1.288818359375
1.3310546875
1.054931640625
1.167724609375
1.77099609375
1.34521484375
1.50830078125
1.418701171875
1.378662109375
1.353515625
1.270751953125
1.106201171875
1.28369140625
1.14501953125
1.13232421875
0.97802734375
1.33837890625
1.203857421875
1.259765625
1.62060546875
1.482421875
1.330078125
1.256103515625
1.287109375
1.493408203125
1.278076171875
1.615966796875
1.269775390625
1.46044921875
1.393798828125
1.1806640625
1.28564453125
1.441650390625
1.106201171875
1.274658203125
0.89404296875
1.330322265625
1.1787109375
1.359130859375
1.10888671875
1.29931640625
1.13330078125
0.941162109375
1.073486328125
1.4599609375
1.3466796875
1.18603515625
1.203857421875
1.182373046875
1.41162109375
1.3955078125
1.39306640625
0.971435546875
1.1484375
1.370361328125
1.111083984375
1.160400390625
1.383544921875
1.191650390625
1.10888671875
1.391845703125
1.59375
1.358642578125
1.103759765625
1.19287109375
1.494384765625
1.49365234375
1.27294921875
1.068603515625
1.27294921875
1.5947265625
1.5048828125
1.48486328125
1.191162109375
1.44189453125
1.38330078125
1.271484375
1.033935546875
1.428955078125
1.2099609375
1.43359375
1.363037109375
0.984619140625
1.235595703125
1.19140625
1.453369140625
1.146240234375
1.153564453125
1.148681640625
1.19921875
1.33447265625
1.098876953125
1.191650390625
1.279052734375
1.350830078125
1.158447265625
1.678955078125
1.52685546875
1.470703125
1.392578125
1.340087890625
1.131103515625
1.260009765625
1.59130859375
1.440185546875
1.5302734375
1.39501953125
1.34912109375
1.128173828125
1.4658203125
1.048828125
1.068359375
1.19482421875
1.406005859375
1.10986328125
1.215087890625
1.318359375
1.543701171875
1.301025390625
1.28662109375
1.221923828125
1.2265625
1.501708984375
1.15625
1.352294921875
1.211669921875
1.2265625
1.268798828125
1.423828125
1.32763671875
1.19189453125
1.27294921875
1.278564453125
1.531982421875
1.33740234375
1.410400390625
1.2646484375
0.996826171875
1.473388671875
1.204833984375
1.19677734375
1.47998046875
1.166748046875
0.858642578125
1.123779296875
0.963623046875
1.041015625
1.214111328125
1.584716796875
1.398193359375
1.25048828125
1.18603515625
1.350830078125
1.148681640625
1.43310546875
1.3369140625
1.17529296875
1.25927734375
1.44970703125
1.267822265625
1.29296875
1.272705078125
1.065185546875
1.14501953125
1.42333984375
1.350830078125
1.240966796875
1.175537109375
1.1298828125
1.36572265625
1.43408203125
1.13232421875
1.559326171875
1.1796875
1.30078125
1.04150390625
1.12109375
1.250244140625
1.185546875
1.30322265625
0.908203125
1.349609375
1.353515625
1.122802734375
1.476806640625
1.265380859375
1.52734375
1.438232421875
1.47412109375
1.273193359375
1.364501953125
1.16552734375
1.158935546875
0.9296875
1.20556640625
1.2802734375
1.2841796875
1.3818359375
1.49658203125
1.375732421875
1.247314453125
1.49853515625
1.098876953125
1.064697265625
1.139892578125
1.327880859375
1.113525390625
1.35986328125
1.261962890625
1.23193359375
1.09375
1.42333984375
1.234619140625
1.357421875
1.417724609375
1.406982421875
1.120849609375
1.53515625
1.26611328125
1.28515625
1.5478515625
1.2822265625
1.194580078125
1.060546875
0.879150390625
1.212646484375
1.176025390625
1.344970703125
1.243408203125
1.669677734375
1.219482421875
1.4697265625
1.2607421875
1.38232421875
1.431884765625
1.577880859375
1.099609375
1.247802734375
1.13037109375
1.220703125
1.170166015625
1.409912109375
1.275634765625
1.274658203125
1.228759765625
1.367431640625
1.363525390625
1.2333984375
1.35791015625
1.47412109375
1.127197265625
1.37548828125
1.493408203125
1.0078125
1.19091796875
1.724609375
1.538818359375
1.3447265625
1.26318359375
1.4013671875
1.217529296875
1.28955078125
1.1875
1.498779296875
1.43798828125
1.319580078125
1.123779296875
1.23974609375
1.218017578125
1.397705078125
1.413818359375
1.552001953125
1.224853515625
1.2001953125
1.213134765625
1.24267578125
1.264892578125
1.34326171875
0.98046875
1.246826171875
1.2509765625
1.19677734375
1.166259765625
1.206787109375
1.217041015625
1.449462890625
1.45849609375
1.184326171875
0.89599609375
1.4697265625
1.146484375
1.3642578125
1.29248046875
1.1689453125
1.13232421875
1.435791015625
1.350341796875
1.400390625
1.2548828125
1.34619140625
1.37548828125
1.1044921875
1.3525390625
1.077880859375
1.209228515625
1.43115234375
1.34375
1.554931640625
1.3623046875
1.1796875
1.209228515625
1.093994140625
1.24560546875
1.108642578125
1.234375
1.4296875
1.107666015625
1.123291015625
1.24169921875
1.130615234375
1.319580078125
1.3642578125
1.22265625
1.2236328125
1.3349609375
1.67724609375
1.120361328125
1.49853515625
1.2490234375
1.26953125
1.259765625
1.47216796875
1.290283203125
1.535400390625
1.307861328125
1.26708984375
1.37939453125
1.464599609375
1.264892578125
1.234130859375
1.235595703125
1.56005859375
1.351318359375
1.55712890625
1.1201171875
1.149658203125
1.309326171875
1.403076171875
1.28515625
1.49609375
1.3310546875
1.23779296875
1.33642578125
1.2880859375
1.474609375
1.293701171875
1.07421875
1.142822265625
1.253662109375
1.42041015625
1.119873046875
1.212890625
1.2724609375
1.232177734375
1.1728515625
1.42578125
1.17236328125
1.072265625
1.232177734375
1.434814453125
1.515380859375
1.391357421875
1.528076171875
1.353271484375
1.203857421875
1.2666015625
1.0068359375
1.36474609375
1.1748046875
1.42138671875
1.310302734375
1.387451171875
1.39208984375
1.29638671875
1.28515625
1.35400390625
1.420654296875
1.294677734375
1.3974609375
1.243896484375
1.185791015625
1.218994140625
1.434326171875
1.665771484375
1.414794921875
1.357421875
1.32421875
1.3818359375
1.438720703125
1.241455078125
1.5419921875
0.935302734375
1.394775390625
1.114013671875
1.2265625
1.249755859375
1.37158203125
1.181884765625
1.341064453125
1.05029296875
1.513671875
1.26025390625
1.356689453125
1.142333984375
1.471435546875
1.17041015625
1.067626953125
1.462646484375
1.22607421875
1.345458984375
1.515869140625
1.312744140625
1.085205078125
1.36376953125
1.155029296875
1.360595703125
1.32861328125
1.119873046875
1.11279296875
1.037353515625
1.284423828125
1.401611328125
1.239501953125
1.148681640625
1.374755859375
1.2783203125
1.385009765625
1.4716796875
1.320556640625
1.344970703125
1.22509765625
1.534423828125
1.358154296875
1.112060546875
1.212890625
1.402587890625
1.2255859375
1.321533203125
1.4560546875
1.13134765625
1.345703125
1.19140625
1.1318359375
1.234619140625
1.388916015625
1.173583984375
1.30859375
1.382080078125
1.41015625
1.433349609375
1.26904296875
1.3095703125
1.29052734375
1.152587890625
1.17041015625
1.13720703125
1.130615234375
1.265869140625
1.091552734375
1.209716796875
1.333251953125
0.842529296875
1.32275390625
1.442626953125
1.08544921875
1.19140625
1.442138671875
1.326416015625
1.2138671875
1.29345703125
1.262939453125
1.077392578125
1.602294921875
1.593994140625
1.215576171875
1.481689453125
1.150390625
1.396484375
1.473388671875
1.389404296875
1.35400390625
1.1923828125
1.56005859375
1.351318359375
1.154052734375
1.232666015625
1.239501953125
1.357666015625
1.1728515625
1.483154296875
1.300048828125
1.23681640625
1.522216796875
1.051025390625
1.4873046875
1.25439453125
1.2685546875
1.2998046875
1.299560546875
1.27587890625
1.27978515625
1.33984375
1.453125
1.504150390625
1.27685546875
1.110107421875
1.387939453125
1.247802734375
1.5966796875
1.244140625
1.4013671875
1.074462890625
1.07177734375
1.12744140625
1.37841796875
1.209716796875
1.443115234375
0.99365234375
1.343994140625
0.923095703125
1.176025390625
1.223388671875
1.101318359375
1.20654296875
1.123046875
1.086181640625
1.11767578125
1.295654296875
1.3076171875
1.127685546875
0.947265625
1.32177734375
1.3603515625
1.38525390625
1.484619140625
0.884765625
1.34912109375
1.62646484375
1.27978515625
1.224853515625
1.03271484375
1.3818359375
1.012451171875
1.020751953125
1.329833984375
1.31591796875
1.56103515625
1.333251953125
1.42529296875
1.35595703125
1.282470703125
1.359375
1.369384765625
1.365478515625
1.1669921875
1.1279296875
1.3349609375
1.3525390625
1.458251953125
1.388916015625
1.40087890625
1.514892578125
0.99169921875
1.24853515625
1.45703125
1.6083984375
1.3310546875
1.398681640625
1.409423828125
1.32177734375
1.108154296875
1.368408203125
1.539794921875
1.21533203125
0.99169921875
1.207763671875
1.245361328125
1.225830078125
1.240234375
1.02978515625
1.1611328125
1.45703125
1.269287109375
1.365234375
1.48291015625
1.330078125
1.6669921875
1.31396484375
1.285888671875
1.422607421875
1.51123046875
1.322509765625
1.21142578125
1.166748046875
1.321533203125
1.221923828125
1.4306640625
1.25439453125
1.28369140625
1.058837890625
1.404296875
1.0908203125
1.363525390625
1.2626953125
1.34033203125
1.345947265625
1.336669921875
1.4580078125
1.252197265625
1.322509765625
1.23486328125
1.34765625
1.406494140625
1.555908203125
1.151123046875
1.23583984375
1.0791015625
1.308349609375
1.171630859375
1.4248046875
1.1982421875
1.0849609375
1.045166015625
1.177490234375
1.156494140625
1.1943359375
1.173828125
1.162109375
1.457763671875
1.50244140625
1.322509765625
1.326904296875
1.3701171875
1.511474609375
1.555908203125
1.229736328125
1.563720703125
1.28125
1.38427734375
1.550537109375
1.328857421875
1.15234375
1.232177734375
1.28173828125
1.13134765625
1.43505859375
1.068115234375
1.33203125
1.21435546875
1.21923828125
1.553955078125
1.32275390625
1.1640625
1.282958984375
1.332763671875
1.07568359375
1.2353515625
1.109375
1.646484375
1.22509765625
1.497314453125
1.469970703125
1.265869140625
1.3203125
1.292236328125
1.26806640625
1.13720703125
1.45458984375
1.1923828125
1.36328125
1.255615234375
1.254638671875
1.158447265625
