0.98095703125
0.98095703125
0.98095703125
0.98095703125
0.98095703125
0.98095703125
1.124755859375
1.1181640625
0.95849609375
0.89306640625
1.1318359375
0.78466796875
1.242431640625
0.90087890625
1.05712890625
0.9931640625
0.639404296875
1.081298828125
0.71337890625
1.077880859375
0.87060546875
1.375
0.901123046875
0.994873046875
0.993408203125
0.91162109375
0.828369140625
1.0888671875
0.832763671875
1.068603515625
1.31591796875
0.92431640625
1.0234375
0.84423828125
0.937255859375
0.891845703125
1.01708984375
1.146240234375
1.109130859375
1.072998046875
1.2548828125
1.095947265625
0.9013671875
0.9306640625
1.098388671875
1.035400390625
0.95166015625
1.1044921875
1.138671875
1.060546875
1.022705078125
0.935791015625
1.069091796875
1.141845703125
1.169677734375
0.933349609375
0.896240234375
1.19921875
0.85986328125
1.20703125
0.945068359375
0.953125
0.7294921875
0.73388671875
0.955322265625
0.861572265625
0.99609375
1.048828125
0.941162109375
1.0576171875
1.101806640625
0.735595703125
1.17333984375
0.79638671875
0.91748046875
0.994140625
0.810546875
0.93310546875
0.90087890625
0.79638671875
1.05859375
0.888671875
0.97021484375
0.90478515625
1.18115234375
1.208740234375
1.099365234375
0.790771484375
1.243896484375
0.887451171875
0.948486328125
1.207763671875
1.076416015625
1.16650390625
1.084716796875
1.017822265625
0.976318359375
0.940185546875
0.89794921875
1.00146484375
0.706298828125
0.87451171875
1.1650390625
1.103759765625
1.140380859375
1.173583984375
1.01025390625
0.984375
0.924560546875
1.10009765625
1.01318359375
0.96875
0.842041015625
0.9375
0.968505859375
1.193603515625
1.098876953125
1.0517578125
1.169677734375
0.80908203125
0.941162109375
0.929931640625
0.978759765625
1.0048828125
0.923828125
1.109375
0.942138671875
1.026611328125
1.122802734375
0.77783203125
0.84912109375
1.115966796875
0.895263671875
0.809814453125
1.020263671875
1.273681640625
0.863525390625
1.08935546875
1.090087890625
0.8916015625
0.875244140625
0.736328125
1.00048828125
0.83642578125
1.290771484375
0.950927734375
0.8515625
0.982421875
0.915283203125
1.078857421875
0.58251953125
0.918212890625
1.1044921875
1.06884765625
0.80810546875
0.904296875
0.81787109375
0.8515625
0.94189453125
0.93798828125
1.045166015625
1.0576171875
0.867919921875
1.4072265625
0.91650390625
0.775390625
0.901123046875
1.4111328125
1.00732421875
1.126708984375
0.915283203125
0.874755859375
1.061767578125
1.12060546875
1.037841796875
1.044677734375
0.89599609375
1.072509765625
0.96337890625
1.018310546875
1.05322265625
0.835205078125
1.164794921875
1.22412109375
0.678955078125
0.888427734375
0.8447265625
1.046630859375
1.08203125
1.2587890625
1.236328125
1.11669921875
0.985107421875
0.672119140625
0.875
0.984130859375
0.74560546875
1.18408203125
1.0478515625
0.909423828125
0.92431640625
0.92626953125
1.02783203125
1.178955078125
0.972900390625
1.100830078125
1.22998046875
0.617919921875
0.99267578125
1.027099609375
1.09716796875
0.932373046875
1.027099609375
0.9169921875
0.993896484375
1.157958984375
1.239501953125
1.040771484375
1.07080078125
0.77685546875
0.838623046875
0.877685546875
0.8515625
0.972412109375
1.0361328125
0.85205078125
1.22216796875
0.671875
1.20751953125
0.6904296875
1.051513671875
1.16259765625
0.76904296875
1.1474609375
1.04443359375
1.240478515625
1.0712890625
0.6591796875
1.298828125
0.92724609375
0.821533203125
0.75634765625
1.060302734375
0.94287109375
1.02099609375
1.327880859375
0.74951171875
0.873291015625
0.951904296875
0.927490234375
0.837158203125
0.93115234375
1.07470703125
1.0361328125
0.88330078125
1.086669921875
1.103515625
0.927001953125
1.0166015625
0.89697265625
1.062744140625
1.27587890625
1.07958984375
1.0478515625
0.85693359375
1.028564453125
0.751220703125
1.041015625
0.941650390625
0.977783203125
0.866943359375
1.26904296875
0.956787109375
0.908935546875
1.221435546875
0.91552734375
1.072509765625
1.253173828125
0.8447265625
1.191162109375
1.101806640625
0.985107421875
1.00634765625
1.031494140625
0.9296875
1.19287109375
1.12890625
0.71044921875
1.149169921875
0.849609375
1.142822265625
1.1357421875
1.1103515625
0.867919921875
0.9541015625
0.9375
0.948486328125
0.93505859375
1.040283203125
1.273193359375
0.9609375
1.144775390625
0.828857421875
1.281982421875
1.105712890625
1.03662109375
0.907958984375
0.92626953125
1.209716796875
1.018798828125
0.767333984375
1.178955078125
0.86083984375
1.132568359375
0.98291015625
1.03515625
1.08984375
0.977294921875
1.23095703125
1.062744140625
1.209716796875
1.357421875
1.020751953125
1.097900390625
1.229736328125
1.091796875
0.89599609375
0.853759765625
1.046142578125
0.97119140625
0.902587890625
0.95458984375
0.718505859375
0.962646484375
1.114990234375
0.97265625
1.252197265625
1.126220703125
0.9482421875
0.7333984375
1.047607421875
1.0546875
1.169189453125
1.13623046875
0.98388671875
1.09375
0.969482421875
0.9609375
0.889404296875
1.068115234375
1.21630859375
1.00048828125
0.865234375
1.299072265625
0.89453125
1.0625
1.294189453125
1.21337890625
1.0673828125
0.899169921875
1.02783203125
0.892333984375
1.028564453125
0.921875
0.943115234375
1.138916015625
0.98876953125
1.01171875
0.744140625
0.99853515625
0.92919921875
0.84912109375
0.8291015625
0.890625
1.252685546875
0.915771484375
0.98486328125
0.980224609375
0.904541015625
0.970703125
1.057373046875
1.301513671875
1.0224609375
1.065185546875
1.16650390625
1.02734375
1.015625
1.023193359375
1.078125
0.860107421875
1.435546875
1.19970703125
1.195068359375
1.057861328125
1.041259765625
0.790283203125
1.10107421875
0.897216796875
0.85546875
0.85009765625
1.123291015625
1.122802734375
1.021728515625
0.979248046875
1.033935546875
0.90234375
0.686767578125
0.819091796875
0.9404296875
0.965576171875
0.88671875
0.94287109375
1.07373046875
0.991943359375
0.9560546875
0.976318359375
0.974609375
0.9033203125
0.888671875
0.88623046875
0.669677734375
0.983154296875
0.872802734375
1.19775390625
0.953857421875
0.85791015625
1.098388671875
0.947998046875
0.878662109375
0.984130859375
0.985107421875
0.887451171875
1.146728515625
0.770751953125
1.1357421875
0.761474609375
0.95361328125
0.974853515625
1.080810546875
1.009765625
1.223388671875
1.113525390625
0.921142578125
1.121337890625
0.802978515625
0.806396484375
0.93701171875
1.071533203125
0.803466796875
0.678466796875
1.10009765625
0.98828125
0.9140625
1.195556640625
1.08642578125
1.0205078125
1.08935546875
0.850830078125
0.864501953125
1.083251953125
0.86083984375
0.77880859375
0.756591796875
0.860595703125
0.86083984375
0.927001953125
0.861328125
1.077392578125
0.884521484375
0.7802734375
1.165283203125
0.923828125
0.841064453125
0.9345703125
1.106689453125
0.98583984375
0.695068359375
0.7783203125
1.0087890625
0.970947265625
0.90966796875
0.97998046875
0.996826171875
0.928955078125
0.952880859375
0.85400390625
1.34814453125
0.890625
1.077392578125
1.039794921875
1.23291015625
1.1923828125
1.166748046875
1.007568359375
0.811279296875
0.98291015625
1.2158203125
0.782470703125
1.161376953125
0.779052734375
0.7138671875
0.964599609375
1.1015625
1.20947265625
1.16064453125
1.130126953125
0.892578125
0.9658203125
1.303466796875
1.109375
0.95947265625
0.805908203125
0.83935546875
1.052490234375
1.05078125
0.92822265625
1.23046875
0.99853515625
1.1865234375
1.1044921875
0.8564453125
1.185546875
0.977783203125
0.866455078125
1.072509765625
1.057373046875
1.06494140625
0.7421875
0.97509765625
1.20068359375
1.0869140625
0.951171875
0.772216796875
0.840576171875
0.91845703125
0.9521484375
1.185302734375
1.02294921875
1.027587890625
0.988525390625
1.326171875
1.091552734375
0.9697265625
1.2255859375
0.82275390625
0.83837890625
1.025390625
0.939697265625
1.037841796875
1.03173828125
1.037841796875
0.700439453125
1.033203125
1.056396484375
1.04150390625
1.012939453125
0.870849609375
1.1064453125
1.061767578125
1.30322265625
1.01513671875
0.9912109375
1.127197265625
1.136474609375
1.103759765625
0.84765625
1.026611328125
0.94775390625
0.787109375
0.950439453125
1.126708984375
1.112548828125
0.883056640625
0.991455078125
1.111083984375
0.989501953125
0.93798828125
1.08837890625
0.96435546875
0.891357421875
0.681396484375
1.253662109375
1.025634765625
1.100830078125
0.9033203125
0.980712890625
1.0009765625
1.02197265625
0.994384765625
0.91650390625
0.971923828125
0.962158203125
0.977294921875
0.850830078125
0.903076171875
0.697265625
0.9306640625
0.965087890625
0.954833984375
1.256591796875
1.163330078125
1.307373046875
0.984375
0.92724609375
1.252685546875
1.381591796875
0.814208984375
0.79150390625
1.24365234375
0.8671875
0.9501953125
0.97705078125
1.084716796875
1.184326171875
0.93212890625
1.17724609375
0.942626953125
0.97216796875
1.13525390625
0.81201171875
1.024169921875
0.935791015625
1.0771484375
0.930908203125
1.003662109375
1.056396484375
0.84619140625
0.969970703125
0.987060546875
0.899658203125
1.255615234375
1.02587890625
1.156005859375
1.127197265625
1.326171875
0.940185546875
1.14501953125
0.93701171875
0.98583984375
0.956787109375
0.984619140625
1.09521484375
1.017822265625
1.059326171875
0.946044921875
1.31201171875
1.057373046875
0.875
1.1826171875
0.708740234375
1.13623046875
0.7138671875
0.84228515625
1.150146484375
1.1328125
1.06591796875
0.90771484375
0.910888671875
0.810302734375
0.929443359375
0.871826171875
1.204345703125
1.186279296875
1.164794921875
1.011474609375
1.15380859375
0.794677734375
0.92724609375
1.12353515625
0.95361328125
1.0712890625
1.133056640625
0.954345703125
0.7822265625
1.021728515625
0.961669921875
0.996337890625
1.145263671875
0.915283203125
1.245849609375
0.77685546875
0.939697265625
0.8857421875
0.99462890625
0.856201171875
1.018310546875
0.79052734375
0.976318359375
1.146728515625
1.0849609375
0.677490234375
1.17626953125
1.103271484375
0.937744140625
1.102294921875
0.957275390625
0.89892578125
0.9287109375
1.04638671875
0.888427734375
0.8798828125
0.765869140625
1.014404296875
1.008056640625
1.093017578125
0.742919921875
0.715087890625
1.092529296875
1.085693359375
0.931884765625
0.98779296875
1.09423828125
0.898681640625
1.033447265625
1.089599609375
0.96923828125
1.10302734375
0.9111328125
0.886962890625
1.015625
1.004638671875
1.0908203125
1.003662109375
0.92724609375
1.1025390625
1.013671875
0.883544921875
1.0390625
0.869384765625
1.0712890625
1.287353515625
1.05322265625
1.01806640625
0.88916015625
0.84326171875
0.75927734375
1.01953125
0.719482421875
0.85400390625
0.904296875
1.07470703125
0.885009765625
0.969482421875
1.239990234375
1.1171875
0.768798828125
0.873291015625
0.95166015625
1.06689453125
0.966552734375
1.10888671875
0.9072265625
0.723876953125
1.08056640625
0.948486328125
0.928955078125
0.730224609375
1.1533203125
0.908203125
0.970703125
0.908447265625
1.14892578125
0.89013671875
0.95458984375
0.852294921875
0.838134765625
1.2705078125
0.720458984375
0.910888671875
1.250732421875
0.86669921875
1.185546875
1.104736328125
1.1123046875
1.140869140625
1.30419921875
1.269775390625
1.13623046875
0.865478515625
1.03076171875
1.038818359375
0.802490234375
1.040283203125
0.631103515625
1.091552734375
0.99267578125
1.140869140625
1.075927734375
1.10595703125
1.14794921875
0.896728515625
1.119873046875
0.792236328125
1.173828125
1.10302734375
1.210693359375
0.962890625
0.88818359375
1.09619140625
0.885498046875
0.921875
1.06884765625
0.91162109375
1.1162109375
1.19384765625
0.864013671875
0.681396484375
1.064453125
1.207763671875
1.02197265625
1.00634765625
1.18115234375
0.96728515625
1.00732421875
0.974365234375
1.18408203125
0.866455078125
0.77880859375
0.8310546875
1.07275390625
1.02392578125
1.173583984375
1.024658203125
1.09765625
0.958984375
0.95947265625
1.0927734375
1.2421875
1.26220703125
0.988525390625
0.941650390625
0.943603515625
1.03662109375
1.017822265625
1.10400390625
0.857666015625
0.697998046875
0.86572265625
1.372802734375
1.027099609375
1.05859375
1.152587890625
1.074951171875
1.16259765625
1.05029296875
0.948486328125
0.806396484375
0.980712890625
0.995849609375
1.076904296875
0.9873046875
0.979736328125
0.850830078125
1.033203125
0.797119140625
1.17724609375
1.1884765625
1.080810546875
0.751953125
1.0693359375
1.39208984375
1.390625
0.927978515625
0.7607421875
1.006103515625
0.94189453125
1.1044921875
1.08447265625
0.92333984375
0.745361328125
0.947265625
1.17431640625
0.907958984375
1.238525390625
1.081298828125
0.986572265625
0.884033203125
1.00048828125
1.096435546875
0.78857421875
1.07568359375
1.134765625
1.264404296875
0.83251953125
1.062744140625
0.9296875
1.17431640625
0.878173828125
0.97216796875
1.197509765625
1.240234375
0.881103515625
1.057861328125
0.959228515625
0.7431640625
0.611572265625
0.8994140625
0.73583984375
1.2734375
1.093505859375
0.886962890625
1.04345703125
