0.29541015625
0.29541015625
0.570068359375
0.47412109375
0.135009765625
0.416259765625
0.2578125
0.3681640625
0.36962890625
0.492431640625
0.310302734375
0.407470703125
0.372314453125
0.71337890625
0.396484375
0.2646484375
0.406494140625
0.313720703125
0.269287109375
0.309814453125
0.3017578125
0.30029296875
0.26171875
0.306640625
0.4140625
0.290771484375
0.4140625
0.3720703125
0.4033203125
0.315673828125
0.232421875
0.349609375
0.31005859375
0.3564453125
0.25439453125
0.616943359375
0.597900390625
0.484619140625
0.23046875
0.358154296875
0.30859375
0.40185546875
0.395751953125
0.270751953125
0.261474609375
0.365966796875
0.23583984375
0.40087890625
0.318359375
0.3720703125
0.322021484375
0.456787109375
0.420166015625
0.201904296875
0.259521484375
0.405517578125
0.464111328125
0.251708984375
0.3212890625
0.232666015625
0.26416015625
0.218017578125
0.48388671875
0.391845703125
0.43408203125
0.3017578125
0.379638671875
0.470458984375
0.283447265625
0.513671875
0.251953125
0.369140625
0.45263671875
0.396728515625
0.271728515625
0.396728515625
0.386962890625
0.40966796875
0.404052734375
0.42724609375
0.38037109375
0.333251953125
0.4677734375
0.1376953125
0.423095703125
0.3203125
0.34033203125
0.203125
0.380126953125
0.343994140625
0.233642578125
0.405517578125
0.438720703125
0.286865234375
0.33154296875
0.3642578125
0.28955078125
0.346923828125
0.311279296875
0.265869140625
0.50927734375
0.36669921875
0.238525390625
0.3603515625
0.240234375
0.174072265625
0.307373046875
0.37744140625
0.26318359375
0.260986328125
0.33544921875
0.28515625
0.34521484375
0.350830078125
0.406005859375
0.259033203125
0.268310546875
0.150634765625
0.327392578125
0.3857421875
0.441162109375
0.287353515625
0.35400390625
0.47216796875
0.4150390625
0.30078125
0.42578125
0.319091796875
0.56640625
0.23779296875
0.413818359375
0.34765625
0.39208984375
0.314208984375
0.37109375
0.33837890625
0.349609375
0.22265625
0.348876953125
0.241943359375
0.284912109375
0.39306640625
0.26513671875
0.23046875
0.375
0.341064453125
0.361572265625
0.42431640625
0.40966796875
0.47900390625
0.392578125
0.36572265625
0.442138671875
0.41259765625
0.35205078125
0.34326171875
0.4208984375
0.3271484375
0.33056640625
0.2021484375
0.302490234375
0.161376953125
0.214599609375
0.3154296875
0.3525390625
0.276123046875
0.3212890625
0.24951171875
0.209228515625
0.240234375
0.41162109375
0.368896484375
0.204345703125
0.346435546875
0.587646484375
0.58837890625
0.48828125
0.30126953125
0.1455078125
0.32275390625
0.42138671875
0.223388671875
0.35791015625
0.5810546875
0.397705078125
0.27197265625
0.34130859375
0.32666015625
0.559814453125
0.29736328125
0.609375
0.4697265625
0.370849609375
0.265625
0.173583984375
0.409423828125
0.624755859375
0.310302734375
0.3720703125
0.4091796875
0.23388671875
0.396728515625
0.39208984375
0.245849609375
0.2490234375
0.3193359375
0.3095703125
0.229248046875
0.2666015625
0.256103515625
0.40478515625
0.501708984375
0.2216796875
0.2783203125
0.400634765625
0.27783203125
0.4296875
0.2890625
0.25927734375
0.348388671875
0.34521484375
0.379638671875
0.337158203125
0.44287109375
0.29638671875
0.586181640625
0.275634765625
0.361328125
0.4208984375
0.32275390625
0.4912109375
0.415283203125
0.4580078125
0.302490234375
0.33349609375
0.330322265625
0.27685546875
0.29931640625
0.3681640625
0.38623046875
0.310302734375
0.347412109375
0.423583984375
0.31396484375
0.3662109375
0.335205078125
0.239990234375
0.42626953125
0.4345703125
0.22265625
0.4716796875
0.329833984375
0.33984375
0.39599609375
0.375244140625
0.36669921875
0.24951171875
0.2353515625
0.23193359375
0.311767578125
0.245849609375
0.40673828125
0.39111328125
0.253173828125
0.489990234375
0.237060546875
0.299072265625
0.409423828125
0.284912109375
0.207275390625
0.346435546875
0.17919921875
0.285888671875
0.27587890625
0.379638671875
0.477783203125
0.357666015625
0.3212890625
0.2119140625
0.295166015625
0.308837890625
0.312255859375
0.3056640625
0.300048828125
0.4736328125
0.498291015625
0.474365234375
0.35302734375
0.341796875
0.316650390625
0.367919921875
0.28955078125
0.71435546875
0.333984375
0.322509765625
0.31982421875
0.29541015625
0.27734375
0.376220703125
0.275390625
0.390869140625
0.3193359375
0.495361328125
0.341796875
0.3203125
0.49560546875
0.19580078125
0.56591796875
0.280029296875
0.27587890625
0.4287109375
0.44677734375
0.366943359375
0.30126953125
0.3056640625
0.3251953125
0.280517578125
0.2392578125
0.32373046875
0.151123046875
0.610107421875
0.384033203125
0.43701171875
0.473388671875
0.33935546875
0.467529296875
0.2666015625
0.443115234375
0.283447265625
0.159423828125
0.29345703125
0.38525390625
0.20361328125
0.31494140625
0.384521484375
0.411376953125
0.347900390625
0.447509765625
0.437255859375
0.349609375
0.279052734375
0.3515625
0.315673828125
0.344482421875
0.35205078125
0.42236328125
0.248046875
0.248779296875
0.32421875
0.34326171875
0.191162109375
0.31396484375
0.19580078125
0.373291015625
0.3798828125
0.32080078125
0.271484375
0.409423828125
0.2822265625
0.431396484375
0.3740234375
0.286865234375
0.271240234375
0.276611328125
0.3642578125
0.19677734375
0.187744140625
0.341796875
0.3466796875
0.343994140625
0.2080078125
0.280029296875
0.378173828125
0.393310546875
0.3046875
0.327392578125
0.31005859375
0.58984375
0.31298828125
0.2431640625
0.427734375
0.45654296875
0.408447265625
0.570556640625
0.510986328125
0.33349609375
0.24462890625
0.256103515625
0.206787109375
0.2578125
0.350830078125
0.266845703125
0.285888671875
0.27783203125
0.3837890625
0.31787109375
0.4072265625
0.32763671875
0.234375
0.41162109375
0.204345703125
0.4296875
0.357177734375
0.499267578125
0.417236328125
0.62060546875
0.24853515625
0.3828125
0.377197265625
0.33837890625
0.325439453125
0.45166015625
0.293701171875
0.252685546875
0.506591796875
0.292236328125
0.314453125
0.510498046875
0.281005859375
0.2431640625
0.295166015625
0.224853515625
0.414794921875
0.416015625
0.47216796875
0.2998046875
0.49267578125
0.338623046875
0.32275390625
0.2841796875
0.395751953125
0.370849609375
0.418212890625
0.36083984375
0.253173828125
0.345458984375
0.371337890625
0.31103515625
0.255615234375
0.288330078125
0.28076171875
0.28125
0.443603515625
0.319091796875
0.5185546875
0.3408203125
0.251953125
0.372802734375
0.41943359375
0.2744140625
0.376708984375
0.428466796875
0.388916015625
0.29296875
0.386962890625
0.244873046875
0.383056640625
0.2275390625
0.330322265625
0.324951171875
0.34619140625
0.444091796875
0.395751953125
0.480712890625
0.363037109375
0.29248046875
0.350830078125
0.35498046875
0.309814453125
0.515625
0.31396484375
0.24462890625
0.3125
0.349853515625
0.279296875
0.339599609375
0.263671875
0.309326171875
0.2900390625
0.387939453125
0.558349609375
0.2880859375
0.27099609375
0.355224609375
0.42138671875
0.474609375
0.287353515625
0.282470703125
0.31982421875
0.4453125
0.325439453125
0.2958984375
0.3125
0.2216796875
0.2421875
0.360595703125
0.296630859375
0.401123046875
0.408935546875
0.278564453125
0.29931640625
0.28515625
0.333984375
0.580078125
0.368408203125
0.3525390625
0.25830078125
0.370849609375
0.335693359375
0.350830078125
0.32861328125
0.430908203125
0.312744140625
0.31201171875
0.36669921875
0.273681640625
0.21826171875
0.23681640625
0.486328125
0.317138671875
0.47021484375
0.4091796875
0.364990234375
0.4462890625
0.5048828125
0.4599609375
0.62158203125
0.1435546875
0.43603515625
0.481201171875
0.574462890625
0.3173828125
0.32177734375
0.528076171875
0.269775390625
0.2236328125
0.364013671875
0.413818359375
0.28662109375
0.260009765625
0.301513671875
0.23193359375
0.44580078125
0.441650390625
0.451904296875
0.428955078125
0.366455078125
0.4384765625
0.279052734375
0.336181640625
0.480712890625
0.369140625
0.169677734375
0.3984375
0.266357421875
0.3349609375
0.48828125
0.29345703125
0.29345703125
0.2177734375
0.5517578125
0.350830078125
0.31787109375
0.458740234375
0.4990234375
0.410400390625
0.22509765625
0.298095703125
0.29296875
0.48486328125
0.241455078125
0.46337890625
0.37646484375
0.318115234375
0.332763671875
0.273681640625
0.450439453125
0.36279296875
0.460205078125
0.448486328125
0.33935546875
0.288818359375
0.321044921875
0.261474609375
0.3583984375
0.290283203125
0.348388671875
0.240966796875
0.30224609375
0.323486328125
0.302001953125
0.289306640625
0.32421875
0.4873046875
0.286376953125
0.241943359375
0.24853515625
0.126220703125
0.2626953125
0.581298828125
0.231689453125
0.246337890625
0.406494140625
0.43603515625
0.3291015625
0.55615234375
0.294921875
0.177490234375
0.40283203125
0.4189453125
0.419189453125
0.35693359375
0.236328125
0.37353515625
0.453125
0.236083984375
0.341552734375
0.266357421875
0.33984375
0.35009765625
0.319580078125
0.242431640625
0.25
0.408447265625
0.42822265625
0.362548828125
0.30712890625
0.2822265625
0.541015625
0.3798828125
0.438720703125
0.2470703125
0.49853515625
0.31591796875
0.597900390625
0.330810546875
0.28759765625
0.352294921875
0.421142578125
0.417724609375
0.478515625
0.5546875
0.37353515625
0.4599609375
0.34228515625
0.435791015625
0.477294921875
0.27734375
0.38671875
0.201416015625
0.254638671875
0.35595703125
0.5439453125
0.31884765625
0.37841796875
0.244384765625
0.279541015625
0.25732421875
0.171142578125
0.599853515625
0.32763671875
0.226318359375
0.343017578125
0.231201171875
0.294677734375
0.195556640625
0.271240234375
0.2861328125
0.40771484375
0.369384765625
0.435546875
0.118896484375
0.43212890625
0.404296875
0.21435546875
0.70947265625
0.457763671875
0.300537109375
0.17919921875
0.29638671875
0.309814453125
0.375
0.5048828125
0.4638671875
0.344482421875
0.29541015625
0.237060546875
0.404541015625
0.51708984375
0.42578125
0.20166015625
0.32861328125
0.454345703125
0.270751953125
0.37939453125
0.37060546875
0.45166015625
0.47314453125
0.376953125
0.324462890625
0.491455078125
0.302978515625
0.397216796875
0.4365234375
0.420654296875
0.355712890625
0.162841796875
0.478515625
0.459228515625
0.32177734375
0.304931640625
0.28955078125
0.333740234375
0.370361328125
0.295166015625
0.20947265625
0.324462890625
0.29931640625
0.305908203125
0.33056640625
0.5888671875
0.427490234375
0.42431640625
0.314453125
0.470703125
0.29638671875
0.5478515625
0.247314453125
0.38818359375
0.358642578125
0.2744140625
0.497314453125
0.283447265625
0.369140625
0.3759765625
0.197265625
0.226318359375
0.349365234375
0.431396484375
0.45751953125
0.497802734375
0.369873046875
0.282958984375
0.36328125
0.35693359375
0.26708984375
0.31640625
0.2431640625
0.36181640625
0.25634765625
0.414306640625
0.3349609375
0.32568359375
0.351806640625
0.31005859375
0.335693359375
0.5244140625
0.455810546875
0.22021484375
0.328857421875
0.348876953125
0.291748046875
0.2373046875
0.246826171875
0.39599609375
0.447021484375
0.434814453125
0.370849609375
0.378173828125
0.437744140625
0.455322265625
0.52978515625
0.3046875
0.287841796875
0.407958984375
0.458740234375
0.347900390625
0.42919921875
0.239501953125
0.400634765625
0.338134765625
0.323974609375
0.380126953125
0.51025390625
0.36572265625
0.23193359375
0.3251953125
0.314208984375
0.392578125
0.281005859375
0.31298828125
0.24365234375
0.5576171875
0.287841796875
0.40771484375
0.349853515625
0.46337890625
0.39990234375
0.225830078125
0.479248046875
0.2255859375
0.66064453125
0.305419921875
0.360595703125
0.383544921875
0.75927734375
0.505859375
0.282470703125
0.224609375
