1.3984375
1.19921875
1.32421875
1.42578125
1.234375
0.7734375
1.3671875
0.82421875
1.1171875
1.36328125
1.03515625
1.24609375
1.30859375
0.80078125
1.03125
0.9453125
0.69140625
1.19921875
0.9921875
1.1484375
1.6875
1.54296875
1.26953125
1.1953125
1.19140625
1.01171875
0.83984375
1.140625
1.33203125
1.125
1.27734375
1.10546875
0.921875
1.19921875
1.44921875
0.95703125
0.79296875
0.84375
0.92578125
0.56640625
1.4453125
1.21875
1.578125
1.125
1.34765625
1.1796875
0.90625
1.04296875
0.953125
1.14453125
1.07421875
1.13671875
0.9609375
1.49609375
0.9765625
1.33203125
1.07421875
1.12890625
1.1796875
1.109375
0.9140625
1.34765625
1.26953125
1.09375
0.60546875
0.703125
1.42578125
0.78515625
1.3125
1.29296875
1.40625
1.453125
1.1015625
1.13671875
1.3984375
0.9296875
1.40625
0.9453125
1.390625
1.2109375
1.140625
1.015625
1.08984375
1.37109375
1.359375
0.87890625
1.046875
0.8984375
1.3671875
0.93359375
1.109375
1.125
1.19921875
0.8046875
1.36328125
1.3203125
0.83203125
1.18359375
0.921875
0.703125
1.1171875
1.05859375
0.82421875
0.73828125
0.93359375
1.01171875
0.84765625
1.30078125
1.30078125
0.76171875
1.2109375
1.0625
1.0703125
1.125
1.12109375
1.203125
1.26953125
1.34375
1.15234375
1.046875
1.00390625
1.15234375
1.19921875
1.2265625
1.00390625
0.98046875
1.078125
1.1171875
1.21875
1.35546875
0.87890625
1.5078125
1.15625
0.95703125
1.21484375
1.21875
1.1953125
1.13671875
1.05859375
1.2265625
1.34765625
1.23046875
1.109375
1.14453125
1.51953125
1.30078125
1.12109375
1.01953125
1.49609375
0.81640625
1.1640625
1.5390625
1.58984375
1.39453125
1.26171875
0.9765625
1.25
1.265625
1.109375
1.375
1.0859375
0.9609375
0.94140625
1.16796875
1.09375
1.109375
0.89453125
1.25390625
1.109375
1.49609375
0.8359375
0.98828125
1.53515625
0.7578125
1.265625
0.72265625
1.2421875
1.28125
0.81640625
1.49609375
1.16796875
1.0390625
1.359375
1.40625
1.203125
1.69140625
1.16015625
0.953125
1.1328125
0.67578125
1.5078125
0.90234375
1.05078125
1.37890625
1.0390625
0.8515625
1.40234375
0.97265625
1.546875
1.0234375
1.3203125
1.36328125
0.90234375
1.02734375
1.26171875
1.21484375
0.98046875
1.046875
1.5703125
0.97265625
1.0703125
1.05859375
1.1640625
1.06640625
1.3828125
1.27734375
1.05859375
0.9921875
0.96875
0.9453125
0.6640625
1.32421875
1.15625
1.16796875
1.20703125
1.1953125
0.8359375
0.9375
1.33203125
1.5625
1.09375
0.87890625
1.41015625
1.46875
1.453125
1.36328125
1.3125
1.125
1.02734375
1.29296875
1.3203125
1.23828125
1.17578125
1.203125
1.16015625
0.91796875
1.18359375
1.453125
1.24609375
0.73828125
1.41015625
1.2578125
1.08984375
1.37890625
1.2265625
1.359375
1.09765625
0.6640625
1.0703125
1.203125
1.29296875
1.4296875
1.3828125
1.16796875
0.96484375
1.359375
1.08203125
1.296875
1.2734375
0.72265625
1.09375
1.0703125
0.8359375
1.31640625
1.42578125
1.21484375
1.09765625
0.6796875
0.921875
1.15234375
1.1015625
1.1328125
0.90625
0.89453125
1.33203125
1.15234375
0.82421875
1.4609375
1.28125
1.6171875
1.625
1.31640625
0.66015625
1.24609375
1.03515625
1.0703125
1.53515625
1.171875
1.30078125
1.4765625
1.0
1.1796875
0.66015625
1.015625
0.6484375
1.16796875
1.25390625
1.38671875
1.16796875
1.18359375
0.9140625
1.58203125
1.36328125
1.2421875
1.078125
0.875
1.25390625
0.87109375
1.046875
1.3671875
0.77734375
1.4765625
1.28125
0.69921875
0.7421875
1.3359375
0.54296875
1.01171875
1.19921875
0.84375
1.35546875
1.234375
0.68359375
1.01953125
1.203125
1.05859375
0.984375
1.296875
0.91015625
1.234375
1.0859375
0.78125
0.90625
1.0546875
1.23046875
1.0546875
0.95703125
1.125
1.0390625
0.9765625
1.17578125
1.171875
1.234375
1.00390625
1.515625
0.890625
1.19921875
1.17578125
1.2265625
0.98046875
1.3515625
1.31640625
1.1171875
1.046875
0.93359375
1.33203125
1.09765625
1.1328125
1.296875
1.07421875
0.99609375
1.26953125
1.16796875
1.6171875
1.09765625
0.8515625
0.9375
1.01953125
1.0859375
0.90234375
0.671875
1.1796875
1.36328125
0.9140625
1.43359375
0.80859375
0.70703125
1.51171875
1.4453125
1.015625
0.80859375
1.3984375
1.40234375
1.48046875
1.0234375
1.296875
0.96484375
1.24609375
1.24609375
1.26171875
1.37890625
1.39453125
1.17578125
1.01953125
1.1484375
1.27734375
1.31640625
0.8515625
1.171875
1.33984375
0.828125
1.1171875
1.33203125
1.4765625
1.0
1.09765625
1.328125
1.015625
1.2421875
1.08203125
0.98828125
1.31640625
1.00390625
1.5703125
1.421875
0.98828125
1.7109375
0.859375
1.34765625
0.97265625
0.828125
0.9921875
1.0859375
0.62890625
1.203125
1.28515625
1.10546875
0.859375
0.84765625
1.15625
1.11328125
0.95703125
1.2890625
1.19140625
0.765625
1.6484375
0.7421875
1.23046875
0.77734375
0.9140625
1.359375
1.01171875
1.23828125
1.1796875
1.16796875
1.1796875
1.1484375
1.31640625
0.984375
1.4609375
1.2890625
1.44140625
1.4375
1.40234375
1.21484375
0.77734375
1.35546875
1.2421875
1.51171875
1.4296875
1.41796875
1.3828125
1.234375
1.109375
1.28125
1.1328125
1.0859375
1.171875
1.265625
1.06640625
1.296875
0.9765625
1.5234375
1.16796875
1.05859375
0.85546875
0.953125
1.1875
1.0390625
0.80078125
1.2890625
0.98046875
1.125
1.38671875
0.87109375
0.6953125
0.5546875
0.74609375
1.08203125
1.37109375
1.05859375
0.8125
0.97265625
0.9921875
1.05859375
1.1875
0.80078125
0.8359375
1.2578125
1.015625
1.42578125
1.21484375
1.48828125
1.1171875
0.9765625
1.4296875
0.8125
0.8671875
0.953125
1.13671875
1.06640625
1.03125
1.66015625
1.171875
0.91015625
1.4921875
1.55078125
1.41015625
0.51171875
0.9765625
1.140625
1.15625
1.16015625
1.0
0.6484375
1.27734375
1.08984375
1.2890625
1.203125
1.06640625
1.1953125
1.3203125
1.37109375
1.35546875
1.53125
0.79296875
1.13671875
0.98828125
1.3828125
1.234375
1.203125
0.98046875
1.16015625
1.265625
1.5703125
1.29296875
0.91796875
0.6328125
1.01953125
0.98046875
0.8828125
1.16015625
1.0859375
1.17578125
0.890625
1.484375
1.39453125
1.09375
0.85546875
0.90625
1.125
0.890625
1.03125
1.0
0.96484375
0.80859375
1.0625
1.2734375
1.17578125
0.90625
0.83984375
1.10546875
1.0859375
1.1875
1.11328125
1.390625
1.27734375
1.03515625
0.8515625
0.8046875
1.09765625
1.66796875
1.22265625
1.2890625
1.2265625
1.00390625
1.27734375
1.140625
1.40234375
0.703125
1.25
1.03125
1.51953125
1.015625
0.97265625
1.11328125
1.67578125
0.91015625
1.35546875
1.1484375
1.35546875
0.95703125
0.92578125
1.2265625
1.62109375
0.78515625
1.14453125
1.28125
0.77734375
1.015625
0.61328125
0.9453125
1.33203125
1.12109375
1.484375
0.87109375
0.98828125
1.30859375
1.31640625
0.9921875
1.0
0.8125
0.765625
1.04296875
1.3203125
0.86328125
0.87109375
2.03515625
1.1875
1.26953125
1.34375
0.8203125
0.875
0.8671875
2.01171875
1.23828125
1.51953125
0.734375
1.33203125
1.0390625
1.05078125
1.1796875
0.625
1.37890625
1.2890625
1.015625
1.25390625
1.453125
1.4140625
1.3359375
1.34375
1.16796875
0.99609375
1.0859375
0.9453125
0.9375
0.95703125
1.23046875
1.14453125
1.34375
1.2265625
0.859375
0.75390625
0.93359375
1.0390625
1.625
1.37890625
1.5859375
1.12109375
0.98828125
1.5390625
0.625
1.04296875
1.17578125
0.60546875
1.109375
0.95703125
1.20703125
1.40234375
1.45703125
0.8984375
0.95703125
1.68359375
0.67578125
1.5
0.84375
0.9296875
1.1796875
1.01171875
0.91015625
0.921875
1.078125
1.54296875
1.49609375
0.484375
0.953125
1.0859375
1.3671875
1.0078125
0.8125
1.55859375
1.078125
1.41796875
1.7109375
0.953125
0.94140625
0.98046875
1.015625
1.68359375
1.34375
0.92578125
1.203125
0.75390625
1.46875
1.015625
1.1875
1.3515625
1.59375
1.23828125
1.1953125
1.1796875
1.234375
1.48046875
0.6171875
1.1015625
1.3046875
1.1796875
0.97265625
1.125
1.046875
1.25
1.26171875
1.078125
1.31640625
0.84375
1.6953125
1.11328125
1.59765625
0.84375
1.30078125
1.3203125
1.29296875
0.91796875
1.3515625
1.4453125
1.16015625
1.3125
0.79296875
0.99609375
1.11328125
1.08203125
1.328125
0.9921875
1.03515625
0.91015625
1.2421875
1.3671875
1.34375
1.51953125
0.9375
1.27734375
1.05078125
0.765625
1.21875
0.859375
1.01171875
1.328125
1.125
1.39453125
1.0625
1.28125
0.515625
1.16015625
0.84375
1.07421875
1.4296875
1.0078125
1.42578125
0.75
1.12890625
0.87109375
1.10546875
0.63671875
1.26171875
0.66015625
1.0234375
1.52734375
0.89453125
1.25390625
1.73046875
0.6328125
0.734375
1.109375
1.0546875
1.1015625
0.8515625
0.96875
1.33203125
1.50390625
1.4140625
1.07421875
0.80078125
1.46875
1.22265625
1.109375
0.80859375
0.80859375
1.05859375
1.3203125
0.78125
1.109375
0.91015625
1.1640625
0.7890625
0.84375
1.2265625
1.3828125
1.1953125
1.1328125
1.7265625
0.8125
0.85546875
0.9140625
1.23046875
0.99609375
1.5234375
0.96484375
