1.67578125
1.67578125
1.67578125
1.0859375
1.6015625
1.875
1.5625
1.640625
1.37890625
1.51171875
1.06640625
1.375
1.61328125
1.31640625
1.4609375
1.17578125
1.359375
1.44140625
1.28125
1.48046875
1.375
1.20703125
1.51953125
1.69140625
1.390625
1.453125
1.5390625
1.55859375
1.4375
1.7734375
1.58984375
1.296875
1.2578125
1.765625
1.05859375
1.22265625
1.36328125
1.33203125
1.28515625
1.21875
1.36328125
1.6328125
1.16015625
0.70703125
1.25390625
1.18359375
1.25
1.5234375
1.9140625
1.59375
1.37890625
1.09765625
1.36328125
1.4609375
1.53125
1.89453125
1.29296875
1.796875
1.21875
1.17578125
1.31640625
1.5078125
1.83984375
0.97265625
1.328125
1.06640625
1.56640625
1.453125
1.62109375
1.33203125
1.11328125
1.62109375
1.1484375
1.2578125
1.62109375
1.36328125
1.3984375
1.66796875
1.08984375
1.21484375
1.12109375
1.55859375
1.53515625
1.3984375
1.54296875
1.68359375
1.203125
1.02734375
1.6484375
1.421875
1.34765625
0.9921875
1.23046875
1.54296875
1.08203125
1.33203125
1.02734375
1.578125
1.47265625
1.375
1.0703125
1.46484375
0.95703125
1.6328125
1.55859375
1.48828125
1.43359375
1.5859375
1.53125
1.15234375
1.1953125
1.83203125
1.71484375
1.58203125
1.6484375
1.28125
1.51171875
1.5625
1.4609375
1.29296875
0.9921875
1.51171875
1.4140625
1.67578125
1.15234375
1.36328125
0.96875
0.85546875
1.8515625
1.421875
1.13671875
1.75
1.55078125
1.859375
1.14453125
1.25
1.4453125
1.453125
1.66015625
1.609375
1.6171875
1.609375
1.42578125
1.2265625
1.28125
1.55859375
1.50390625
1.50390625
1.28515625
1.30859375
1.37109375
1.0546875
1.56640625
0.9609375
1.9609375
1.53125
1.05859375
1.6484375
1.828125
1.69921875
1.09765625
1.63671875
1.5
1.25
1.30859375
1.9609375
1.5625
1.6640625
1.46484375
1.28125
1.265625
1.796875
1.94140625
1.1953125
1.43359375
1.71484375
1.2421875
0.9921875
1.765625
0.8984375
1.30078125
1.3125
2.00390625
1.2578125
1.53125
1.71484375
1.53125
1.44921875
1.55859375
1.26171875
1.390625
1.89453125
1.25390625
1.140625
0.9609375
1.47265625
1.3828125
1.5390625
1.2109375
1.5546875
1.70703125
0.80078125
0.90234375
1.03125
1.3203125
1.15234375
1.52734375
0.96484375
1.01953125
0.9140625
1.30859375
1.6328125
0.921875
1.3984375
1.41796875
1.51953125
1.32421875
0.74609375
1.34375
1.43359375
1.6875
1.44921875
1.7265625
1.6640625
1.69140625
1.2734375
1.3515625
1.0703125
1.1796875
1.51953125
1.68359375
1.78125
1.53125
1.08984375
1.46875
1.3203125
1.00390625
0.84765625
1.3203125
0.8828125
1.0078125
1.44921875
1.80078125
1.5234375
1.5546875
1.34765625
1.55859375
1.64453125
1.2578125
1.5625
1.296875
1.9453125
1.67578125
1.2578125
1.640625
1.76171875
1.64453125
1.08984375
1.32421875
1.45703125
1.65625
1.40234375
1.7109375
1.3359375
1.70703125
1.296875
1.5859375
1.703125
1.7734375
1.171875
1.39453125
0.81640625
1.375
1.2265625
1.56640625
1.2421875
1.390625
1.19140625
1.23828125
1.30859375
1.6484375
1.515625
1.71484375
1.265625
1.859375
1.52734375
1.3203125
0.74609375
1.296875
1.328125
1.03515625
1.26171875
1.28515625
1.37109375
1.5078125
0.9609375
0.6640625
1.2265625
1.62890625
1.625
1.5546875
1.33203125
1.18359375
1.296875
1.46484375
1.1875
1.23828125
1.42578125
1.4921875
1.7734375
1.76953125
1.390625
1.078125
1.48828125
0.94140625
1.3359375
1.3046875
1.44140625
1.33984375
1.0234375
1.40234375
1.1640625
0.96484375
1.62890625
1.16796875
1.22265625
1.28125
1.71875
1.421875
1.73046875
1.1875
0.93359375
1.09765625
1.65625
1.3125
1.83984375
1.61328125
1.66015625
1.578125
1.5859375
1.26953125
1.06640625
1.40234375
1.59765625
1.26953125
1.47265625
1.71484375
1.4375
1.2734375
1.09375
1.81640625
1.21484375
1.48046875
1.46484375
1.4296875
1.26953125
1.4609375
1.30078125
1.44921875
1.45703125
1.6953125
1.25390625
1.61328125
1.31640625
1.36328125
0.98046875
1.61328125
1.484375
1.875
1.015625
1.6875
1.76953125
1.16796875
1.44921875
1.0390625
1.25
0.82421875
1.30078125
1.1328125
0.84765625
1.796875
1.0
1.3046875
1.796875
0.91015625
1.515625
1.15625
1.640625
1.8046875
1.3515625
1.0390625
1.88671875
1.59375
1.3515625
1.1171875
1.64453125
1.37109375
1.19140625
1.09375
1.71484375
1.203125
1.82421875
1.40234375
2.00390625
1.59375
1.671875
0.96484375
2.05078125
1.578125
1.49609375
1.76171875
1.2890625
1.07421875
1.20703125
1.55078125
1.12109375
1.2109375
1.74609375
1.73828125
1.859375
0.88671875
1.4609375
1.7265625
1.6171875
1.49609375
1.20703125
1.51953125
1.37109375
1.60546875
1.41015625
1.31640625
1.3671875
1.43359375
1.41796875
1.44140625
1.1015625
1.6484375
1.359375
1.09375
0.90234375
1.2109375
1.32421875
1.3125
1.078125
1.20703125
1.52734375
1.59375
1.375
1.046875
1.5859375
1.67578125
0.9453125
1.05078125
1.18359375
1.375
1.390625
1.50390625
1.85546875
1.609375
0.90625
1.29296875
1.3984375
0.82421875
1.83203125
1.55078125
1.0859375
1.47265625
1.484375
1.49609375
1.2734375
1.29296875
1.6171875
1.24609375
1.1015625
1.5859375
1.10546875
1.3046875
1.3125
1.609375
1.171875
1.6640625
1.63671875
1.48828125
1.140625
1.51171875
1.390625
1.43359375
1.359375
1.5390625
1.109375
1.5390625
1.70703125
1.82421875
1.62890625
1.203125
1.55859375
1.4609375
1.41796875
1.31640625
1.87890625
1.125
0.90234375
1.5234375
1.4921875
2.1015625
0.984375
1.6484375
1.51953125
1.41796875
1.09375
1.37890625
1.3515625
1.37890625
1.3203125
1.44140625
1.74609375
1.4296875
1.44921875
1.57421875
1.23046875
1.7265625
0.9921875
1.546875
1.63671875
1.59375
1.0234375
1.265625
0.94921875
1.49609375
1.5
1.41796875
1.4296875
1.1640625
1.48046875
1.20703125
1.78125
0.80078125
1.859375
1.234375
0.80859375
1.328125
1.26171875
1.5390625
1.203125
1.19921875
1.32421875
1.453125
2.015625
1.33984375
1.1953125
1.50390625
1.62890625
1.54296875
1.26953125
1.15234375
0.6484375
1.04296875
1.62109375
1.5078125
1.6328125
1.2421875
1.26171875
1.46875
1.09375
1.28515625
0.953125
1.1484375
1.484375
1.53515625
1.18359375
1.7734375
1.41015625
1.8984375
1.390625
0.9375
1.24609375
1.5
1.56640625
1.80078125
1.85546875
1.296875
1.92578125
1.23828125
1.4765625
1.0234375
1.3046875
0.86328125
1.6171875
1.0859375
1.68359375
1.30078125
1.16796875
1.71484375
1.40234375
1.4375
1.5234375
1.60546875
1.015625
1.875
1.11328125
1.3671875
1.7421875
1.24609375
1.74609375
1.24609375
1.53125
1.26953125
1.390625
1.6953125
1.515625
0.84765625
1.39453125
2.1640625
1.2734375
1.19140625
1.01953125
1.54296875
1.7578125
1.35546875
1.765625
1.13671875
1.26953125
1.33203125
2.26171875
1.1796875
1.2109375
1.34375
1.09375
1.453125
1.7109375
1.23046875
1.50390625
1.46484375
1.16015625
1.28515625
1.62890625
1.54296875
1.48828125
1.4609375
1.38671875
1.609375
1.65234375
1.42578125
1.1015625
1.234375
1.3828125
1.69921875
1.97265625
1.55859375
1.61328125
1.984375
1.60546875
1.36328125
1.14453125
0.79296875
1.30078125
1.38671875
1.84375
1.125
1.5703125
1.28125
1.73046875
1.0234375
1.79296875
2.0546875
1.2734375
1.2890625
1.6796875
0.60546875
0.73046875
1.17578125
1.125
1.53515625
1.39453125
1.61328125
1.00390625
1.46875
1.33203125
1.328125
1.6171875
1.24609375
1.1015625
1.44921875
1.4921875
1.53125
1.5078125
1.1171875
1.18359375
1.5546875
1.140625
1.328125
1.76171875
1.66015625
0.98046875
0.95703125
1.2421875
1.2578125
1.3828125
1.6953125
1.984375
1.25
1.4140625
1.1953125
1.0546875
1.15234375
1.32421875
1.421875
1.59765625
0.93359375
1.72265625
1.7734375
1.47265625
1.125
1.52734375
1.01953125
1.2890625
1.140625
1.0078125
1.3828125
1.15625
1.3046875
1.08203125
0.625
1.10546875
1.10546875
1.6953125
1.67578125
1.5234375
1.19140625
1.046875
1.5
1.35546875
1.484375
1.2578125
1.21875
1.22265625
1.15625
1.54296875
1.1796875
1.43359375
1.1875
1.00390625
1.02734375
1.15625
1.390625
1.67578125
1.01953125
0.9375
1.67578125
1.4453125
1.7265625
1.36328125
1.48046875
1.26171875
1.7734375
1.3203125
1.671875
1.15625
1.19921875
1.64453125
1.21875
0.96484375
1.0234375
1.6015625
1.640625
1.5234375
1.0703125
1.94140625
1.8828125
1.109375
1.66015625
1.15234375
1.32421875
1.19921875
1.21875
1.6171875
1.2109375
1.734375
1.48046875
1.484375
1.94140625
1.28125
0.8046875
1.8125
0.85546875
1.16796875
1.1796875
1.44140625
1.234375
1.20703125
