2.2373046875
1.81475830078125
2.6054229736328125
1.9666290283203125
2.4597625732421875
2.0883026123046875
2.13885498046875
2.7832489013671875
2.3409271240234375
2.2010040283203125
2.3397064208984375
2.36151123046875
2.2956695556640625
2.3016815185546875
2.1810760498046875
1.99786376953125
2.307373046875
2.190887451171875
2.542938232421875
2.1685333251953125
2.5549774169921875
2.657958984375
2.6607818603515625
2.0823211669921875
2.592193603515625
2.0681304931640625
1.9132537841796875
2.447784423828125
2.913421630859375
2.4116058349609375
2.114776611328125
2.545196533203125
2.3968505859375
2.4417266845703125
2.326690673828125
2.9614715576171875
2.235626220703125
2.0127716064453125
2.27044677734375
2.3695220947265625
2.4576263427734375
1.728271484375
1.9810638427734375
2.6457061767578125
2.34906005859375
2.1130218505859375
1.83599853515625
2.309051513671875
2.186309814453125
2.6315155029296875
2.380401611328125
2.476226806640625
2.2179412841796875
2.6788177490234375
1.8906402587890625
2.3794097900390625
2.72137451171875
2.13275146484375
2.634033203125
2.26611328125
2.5081634521484375
1.8894195556640625
2.254974365234375
2.0667572021484375
2.24609375
2.7237091064453125
2.6267242431640625
1.9340057373046875
1.9759368896484375
2.6128997802734375
2.2556304931640625
2.388916015625
2.2568511962890625
2.117706298828125
2.0468902587890625
2.0260162353515625
2.4869384765625
1.9290008544921875
2.5494537353515625
2.471435546875
1.9106292724609375
2.5778656005859375
2.359161376953125
2.240631103515625
2.386932373046875
2.2660369873046875
2.3455963134765625
2.04132080078125
2.6561431884765625
1.9289093017578125
2.414398193359375
2.0776519775390625
2.1964111328125
1.7439422607421875
2.29046630859375
2.1913604736328125
2.6445159912109375
2.2403106689453125
2.1771240234375
1.906463623046875
2.131103515625
1.992401123046875
2.3914642333984375
1.9354248046875
2.41632080078125
2.3539886474609375
2.4354400634765625
2.235595703125
2.0059356689453125
2.52691650390625
2.0299224853515625
2.3390655517578125
2.2924652099609375
2.42340087890625
1.952789306640625
2.4790802001953125
2.048065185546875
2.7452239990234375
2.2592010498046875
2.6726226806640625
2.297698974609375
2.4003753662109375
2.305755615234375
2.2796630859375
2.21063232421875
1.9616851806640625
2.388702392578125
1.8133697509765625
1.803253173828125
2.2118377685546875
2.0216522216796875
2.2007293701171875
2.65228271484375
2.0128631591796875
2.1291961669921875
2.34844970703125
2.4585418701171875
2.183441162109375
2.487274169921875
2.0767364501953125
2.223297119140625
2.33648681640625
2.9586944580078125
2.292327880859375
2.525238037109375
2.3637237548828125
2.2687530517578125
2.032440185546875
2.5177459716796875
2.732940673828125
1.87188720703125
2.172760009765625
2.2061004638671875
2.454681396484375
2.6190185546875
2.39361572265625
2.1055908203125
2.333831787109375
1.8934326171875
2.129608154296875
2.393035888671875
2.3821563720703125
2.2445068359375
2.6109161376953125
2.10626220703125
2.0244903564453125
1.724090576171875
2.0679168701171875
2.6898956298828125
2.1253814697265625
2.125579833984375
2.3126220703125
2.42218017578125
2.204833984375
2.240142822265625
2.338623046875
2.183135986328125
2.5485992431640625
2.2256011962890625
2.1595611572265625
2.19390869140625
2.4127349853515625
2.443328857421875
2.5220489501953125
2.3181915283203125
2.3227691650390625
2.175750732421875
2.3111419677734375
2.4938812255859375
2.2174530029296875
1.7828216552734375
2.7870025634765625
2.8149871826171875
2.1459808349609375
2.3538665771484375
2.64190673828125
2.6014251708984375
2.4875030517578125
2.4555206298828125
2.0236663818359375
1.943115234375
2.3453521728515625
2.32659912109375
2.3889923095703125
2.214447021484375
2.15362548828125
2.1634521484375
2.07666015625
2.3511962890625
2.3730010986328125
1.9675750732421875
2.284942626953125
2.1830596923828125
2.09954833984375
1.86676025390625
2.139556884765625
2.5379638671875
2.3372039794921875
2.1103668212890625
2.015289306640625
2.303985595703125
2.357696533203125
2.4894256591796875
1.9239654541015625
2.118896484375
2.415374755859375
2.7259368896484375
2.1436614990234375
2.42303466796875
2.0961456298828125
2.25482177734375
1.944580078125
2.1795501708984375
2.4771728515625
1.826416015625
1.97662353515625
1.9723052978515625
2.21380615234375
2.4044342041015625
2.07281494140625
2.3641510009765625
2.3524169921875
2.3994293212890625
2.6585235595703125
2.291168212890625
1.9113616943359375
2.13714599609375
2.2319793701171875
2.0408172607421875
1.78546142578125
2.2988128662109375
1.9364166259765625
2.3178863525390625
2.2064666748046875
2.5744476318359375
2.983123779296875
2.6868743896484375
2.479522705078125
2.3238677978515625
2.1912689208984375
2.131134033203125
2.6338043212890625
2.1535491943359375
2.9613189697265625
2.650634765625
2.4860687255859375
2.3656463623046875
2.5655670166015625
1.8117218017578125
2.1843414306640625
2.078887939453125
2.0379180908203125
2.596099853515625
2.6747589111328125
2.288787841796875
2.014801025390625
2.0693817138671875
2.4578094482421875
2.24896240234375
2.5247344970703125
2.226287841796875
2.11358642578125
2.645904541015625
2.3867950439453125
2.1768798828125
2.0582275390625
2.1302642822265625
2.1636199951171875
2.1003265380859375
2.546356201171875
2.4451751708984375
2.3633270263671875
2.4610595703125
1.8816986083984375
2.230072021484375
2.0456695556640625
2.1945343017578125
2.404815673828125
2.2462310791015625
2.8013153076171875
2.6554412841796875
2.2456817626953125
2.1082916259765625
2.5059051513671875
2.2730865478515625
2.350128173828125
2.601531982421875
2.2427215576171875
2.224090576171875
2.487884521484375
2.4766387939453125
2.60491943359375
1.8346710205078125
2.24853515625
2.173126220703125
1.96539306640625
2.3495941162109375
2.0956573486328125
2.231231689453125
2.5687103271484375
2.22393798828125
2.6513824462890625
2.185272216796875
2.177581787109375
2.1091461181640625
2.1490020751953125
1.976409912109375
2.1810455322265625
2.0692901611328125
2.310882568359375
2.1418304443359375
2.3684539794921875
2.0102691650390625
2.37078857421875
2.3667755126953125
2.24517822265625
2.008636474609375
2.42041015625
1.9281463623046875
2.281646728515625
2.428375244140625
2.4739837646484375
2.823944091796875
2.395263671875
2.02789306640625
1.99591064453125
2.0628814697265625
2.0254364013671875
2.9420928955078125
2.545867919921875
2.3148651123046875
2.3265838623046875
1.898406982421875
2.515594482421875
2.532318115234375
2.0258026123046875
2.3782958984375
2.1528167724609375
2.26568603515625
1.947479248046875
1.9245758056640625
2.4967803955078125
2.152740478515625
2.1304473876953125
2.0753021240234375
2.6343994140625
2.330108642578125
2.3936767578125
2.1456451416015625
2.7680511474609375
2.09820556640625
2.0280609130859375
2.7268829345703125
2.32427978515625
1.8943939208984375
2.6158905029296875
2.9111175537109375
1.9665985107421875
2.4376068115234375
2.0576629638671875
3.064178466796875
2.2921142578125
2.590576171875
2.2396240234375
2.239288330078125
1.916473388671875
2.6435394287109375
1.9988250732421875
2.5951995849609375
2.4351806640625
2.37615966796875
2.363555908203125
2.869598388671875
2.062591552734375
2.5692138671875
1.8497161865234375
2.404876708984375
1.830810546875
2.0331573486328125
2.4350433349609375
1.95025634765625
2.1153564453125
2.60345458984375
2.099365234375
2.4089202880859375
2.2550201416015625
2.43243408203125
2.04461669921875
2.20697021484375
2.449371337890625
2.525146484375
1.87261962890625
2.164459228515625
2.249542236328125
2.22412109375
2.3512420654296875
2.285491943359375
2.603424072265625
2.5891265869140625
2.2761688232421875
2.0680084228515625
2.084197998046875
2.165008544921875
2.1463775634765625
1.9654998779296875
2.424835205078125
1.95928955078125
2.0117034912109375
2.1845855712890625
2.61041259765625
2.6408538818359375
2.5933837890625
2.3542633056640625
2.1758575439453125
2.13092041015625
2.2481536865234375
2.17144775390625
2.1674957275390625
2.13037109375
2.3362884521484375
2.4934234619140625
2.2156219482421875
2.45538330078125
1.8824310302734375
2.490753173828125
2.5567626953125
2.6244049072265625
2.0565032958984375
2.545623779296875
1.9901123046875
2.1920013427734375
2.1760406494140625
2.0307464599609375
2.4868621826171875
1.991851806640625
2.1572265625
2.0134735107421875
2.2628326416015625
2.1928558349609375
2.18707275390625
2.2560272216796875
2.4663543701171875
2.469940185546875
2.4711456298828125
2.474395751953125
2.162200927734375
2.4202423095703125
2.189849853515625
2.0937652587890625
2.360015869140625
2.7279052734375
2.7771453857421875
2.3635711669921875
2.532470703125
2.741607666015625
2.0265655517578125
1.914154052734375
2.1317901611328125
2.074432373046875
2.0288543701171875
1.9206085205078125
2.2586212158203125
2.3511962890625
2.23291015625
1.8793792724609375
2.1488189697265625
2.7860870361328125
2.4705963134765625
2.13787841796875
2.0677490234375
2.2391204833984375
2.1152496337890625
2.696044921875
2.5301513671875
2.268798828125
2.3188018798828125
2.31414794921875
2.17156982421875
2.530181884765625
2.44671630859375
