3.03265380859375
3.42694091796875
3.5152435302734375
3.2552337646484375
3.3762969970703125
3.4541168212890625
3.613037109375
3.8917083740234375
3.591888427734375
3.577484130859375
3.463958740234375
3.121185302734375
3.521392822265625
3.2943267822265625
3.18646240234375
3.35479736328125
2.9589385986328125
3.5234222412109375
3.7373046875
3.3989410400390625
3.56121826171875
3.798431396484375
3.52337646484375
3.296112060546875
3.058807373046875
3.5037994384765625
3.460174560546875
3.6865081787109375
3.6268310546875
3.4097747802734375
3.5756378173828125
3.309722900390625
3.387603759765625
3.61529541015625
3.1280670166015625
3.291595458984375
3.6320648193359375
3.2591400146484375
3.3494110107421875
3.26611328125
3.6550445556640625
3.3036041259765625
3.3275299072265625
3.7001495361328125
2.80120849609375
3.1707916259765625
3.360809326171875
3.524505615234375
3.40472412109375
3.800537109375
3.2371063232421875
3.4569091796875
3.478179931640625
3.6949920654296875
3.6318817138671875
3.4503021240234375
3.1545257568359375
3.1854248046875
3.7018890380859375
3.07196044921875
3.79815673828125
3.5864410400390625
3.1894073486328125
3.5551605224609375
3.531829833984375
3.3170013427734375
3.2818450927734375
3.661773681640625
3.36138916015625
3.532745361328125
3.611480712890625
3.933380126953125
3.5774078369140625
3.5668182373046875
3.2594146728515625
3.4605560302734375
3.624664306640625
3.47454833984375
3.8316192626953125
3.1960296630859375
3.402496337890625
3.3740234375
3.2603912353515625
3.5153656005859375
3.2749786376953125
3.6187744140625
3.46533203125
3.237396240234375
3.6406402587890625
3.9206390380859375
3.753753662109375
3.3010711669921875
3.687652587890625
4.057830810546875
3.5429840087890625
3.356964111328125
2.9817047119140625
3.78857421875
3.6612548828125
3.4546356201171875
2.893890380859375
3.58416748046875
3.5210418701171875
3.2714996337890625
3.8134002685546875
3.137664794921875
3.902313232421875
3.2577972412109375
3.438507080078125
3.8848114013671875
3.515228271484375
3.739959716796875
3.5892486572265625
3.4455413818359375
3.1515045166015625
3.5128326416015625
2.937530517578125
3.9453582763671875
3.2390289306640625
3.52001953125
3.7101898193359375
3.558349609375
3.3777313232421875
3.7849273681640625
3.2430877685546875
3.525543212890625
4.0500640869140625
3.3079376220703125
3.6564788818359375
3.61761474609375
3.842315673828125
3.4157257080078125
3.82501220703125
3.166351318359375
3.55596923828125
3.2694549560546875
3.067047119140625
3.5009613037109375
3.3805084228515625
3.2772216796875
3.303924560546875
3.1277313232421875
3.186309814453125
3.4476470947265625
3.360107421875
3.6188201904296875
4.253631591796875
3.4344940185546875
3.936676025390625
3.3406829833984375
2.9673004150390625
3.0363006591796875
3.5272064208984375
3.3375091552734375
3.492919921875
3.527587890625
3.4511566162109375
3.3896636962890625
3.840545654296875
3.5963592529296875
3.5821075439453125
3.1623687744140625
3.5858154296875
3.6180572509765625
3.6690826416015625
2.8861083984375
3.343963623046875
3.387481689453125
3.488037109375
3.4026031494140625
3.464691162109375
3.52545166015625
3.42181396484375
3.31390380859375
3.6090240478515625
3.387603759765625
3.0372772216796875
4.000457763671875
3.79229736328125
3.454833984375
3.4919281005859375
3.077850341796875
3.228668212890625
3.4369354248046875
2.69561767578125
3.7111358642578125
3.0284576416015625
3.455078125
3.4462890625
3.2520294189453125
3.2231903076171875
3.3528900146484375
3.978240966796875
3.293609619140625
3.4646453857421875
3.5021514892578125
3.102813720703125
3.18426513671875
3.8427581787109375
3.4468536376953125
3.6790008544921875
3.717864990234375
3.1008758544921875
3.72308349609375
3.2907257080078125
3.94879150390625
3.73162841796875
3.0435943603515625
3.629913330078125
3.3233795166015625
3.2796173095703125
3.1361846923828125
3.8180999755859375
3.5392608642578125
3.5736846923828125
3.6945037841796875
3.5897216796875
3.4884185791015625
3.1515350341796875
2.8596954345703125
3.3227996826171875
3.2712554931640625
3.519989013671875
3.248291015625
3.4768829345703125
3.3984222412109375
3.0699310302734375
3.208038330078125
3.30096435546875
3.9209136962890625
3.1722869873046875
3.4145050048828125
3.506134033203125
3.308441162109375
3.78472900390625
3.2646026611328125
3.6263885498046875
3.3438262939453125
3.4644012451171875
3.2899932861328125
3.437286376953125
3.3598480224609375
3.364898681640625
3.310150146484375
3.3404388427734375
3.343902587890625
3.39593505859375
3.1077880859375
3.6749267578125
3.414581298828125
3.7237091064453125
3.4196624755859375
3.063201904296875
3.317352294921875
3.181427001953125
3.3990478515625
3.4521484375
3.7288665771484375
3.5146942138671875
3.7737274169921875
3.2376556396484375
2.8733367919921875
3.752685546875
3.41558837890625
3.4760589599609375
3.1410980224609375
3.464080810546875
3.4356231689453125
3.3674163818359375
3.5234222412109375
3.77288818359375
3.6421356201171875
3.5389556884765625
3.613433837890625
3.6348876953125
3.471038818359375
3.7656097412109375
3.6168060302734375
3.335601806640625
2.9096832275390625
4.041168212890625
3.5896148681640625
3.3583831787109375
3.3381805419921875
3.6055755615234375
3.2597503662109375
3.5710601806640625
3.385650634765625
3.5785675048828125
3.42724609375
3.7546539306640625
2.966583251953125
3.5092620849609375
3.4905853271484375
3.4653778076171875
3.25384521484375
3.4947509765625
3.5784149169921875
3.721160888671875
3.1570587158203125
3.64080810546875
3.1749725341796875
4.02288818359375
3.39678955078125
3.280487060546875
3.72991943359375
3.296844482421875
3.688201904296875
3.3341064453125
3.2063446044921875
3.45123291015625
3.6453399658203125
3.7601776123046875
3.53564453125
3.285064697265625
3.326080322265625
3.5026092529296875
2.98504638671875
2.9677734375
3.3994293212890625
3.275421142578125
3.666839599609375
3.6218109130859375
2.873992919921875
3.60247802734375
4.044281005859375
3.4445953369140625
3.921051025390625
3.2256622314453125
3.6016845703125
3.30889892578125
3.1338043212890625
3.259307861328125
2.9946441650390625
3.0130462646484375
3.5900115966796875
3.9500274658203125
3.548675537109375
3.0328521728515625
3.2135009765625
3.8719329833984375
3.4011688232421875
3.6510009765625
3.5972900390625
4.073577880859375
3.49896240234375
3.6280059814453125
3.6584014892578125
3.1504669189453125
3.0775909423828125
3.44659423828125
3.1139068603515625
3.1319122314453125
3.236602783203125
3.1181640625
3.31341552734375
3.7711334228515625
3.243072509765625
3.4196624755859375
3.7627105712890625
2.8971099853515625
3.33782958984375
3.2178802490234375
4.5140838623046875
3.8826904296875
3.1827239990234375
3.5600128173828125
3.4328765869140625
3.087493896484375
3.307525634765625
3.9314727783203125
3.2192230224609375
3.5980072021484375
3.4661865234375
3.7169952392578125
3.4671783447265625
3.317047119140625
3.368896484375
3.255859375
3.3180999755859375
3.4216766357421875
3.7014007568359375
3.0436248779296875
3.2073211669921875
3.2892303466796875
3.6136932373046875
3.214385986328125
3.306488037109375
3.64056396484375
3.1495513916015625
3.312469482421875
3.5888519287109375
3.3936767578125
3.7684783935546875
3.526763916015625
3.6255340576171875
3.1370391845703125
3.532440185546875
3.30181884765625
3.7975311279296875
3.275665283203125
3.8543701171875
3.403472900390625
3.65972900390625
2.94482421875
3.383819580078125
3.520355224609375
3.5081329345703125
3.4411468505859375
3.139678955078125
3.483734130859375
2.9183502197265625
3.04266357421875
3.681671142578125
3.7475433349609375
3.8813323974609375
3.2892913818359375
3.7269134521484375
3.3209991455078125
3.607635498046875
3.535980224609375
2.7492828369140625
2.8350067138671875
3.40032958984375
3.38421630859375
3.0653076171875
3.497161865234375
3.4181060791015625
3.6504974365234375
3.057952880859375
3.4417724609375
3.681976318359375
3.5056915283203125
3.283599853515625
3.720245361328125
3.57183837890625
3.8557586669921875
3.1930389404296875
3.0590667724609375
3.5093994140625
3.858917236328125
3.36199951171875
3.275543212890625
3.2139892578125
3.415252685546875
3.7293243408203125
3.045440673828125
3.7003631591796875
2.9864654541015625
4.0284576416015625
3.2719573974609375
3.45721435546875
3.57073974609375
3.667388916015625
3.2279205322265625
3.4748382568359375
3.26898193359375
3.7304840087890625
3.7200927734375
3.0221710205078125
3.3979034423828125
3.429534912109375
3.7759246826171875
3.778289794921875
3.33526611328125
3.1376495361328125
3.4000244140625
3.2897491455078125
3.2825469970703125
3.478179931640625
4.25213623046875
3.8980712890625
3.2336883544921875
3.187896728515625
3.677398681640625
3.5098876953125
3.8998565673828125
3.68157958984375
3.5353851318359375
3.26080322265625
3.0308837890625
3.472259521484375
3.2535858154296875
3.5616607666015625
3.501434326171875
3.617156982421875
3.243011474609375
3.31256103515625
3.4710235595703125
3.4781646728515625
3.17486572265625
3.8676605224609375
3.4133758544921875
3.6567840576171875
3.3581695556640625
3.33245849609375
3.441070556640625
3.9453125
3.2052154541015625
3.04864501953125
