2.4069061279296875
2.3400115966796875
2.4388885498046875
2.1128997802734375
2.2059478759765625
2.389373779296875
2.1923675537109375
2.247955322265625
2.4043731689453125
2.40435791015625
2.4170989990234375
2.0338287353515625
2.5511474609375
2.670562744140625
2.2235107421875
1.95269775390625
2.5206298828125
2.25775146484375
2.1210479736328125
2.4732513427734375
2.3232421875
2.7183990478515625
1.8956451416015625
2.535186767578125
2.32427978515625
2.234344482421875
1.9782562255859375
2.497772216796875
1.8211517333984375
2.7131805419921875
1.9759368896484375
2.4166107177734375
1.8701324462890625
2.14605712890625
2.2288970947265625
2.117218017578125
2.0703125
2.3661651611328125
2.031646728515625
2.425018310546875
2.010986328125
2.0313262939453125
2.3218536376953125
1.9442596435546875
2.576629638671875
2.3809356689453125
1.93328857421875
2.419036865234375
2.5540771484375
2.56182861328125
2.53839111328125
2.115692138671875
2.4835205078125
2.06658935546875
1.6853790283203125
2.519012451171875
2.559783935546875
2.6676177978515625
2.6419830322265625
2.199432373046875
2.594512939453125
2.137847900390625
2.238189697265625
1.9879913330078125
2.4930267333984375
2.387420654296875
2.521881103515625
2.366119384765625
2.7467498779296875
2.373931884765625
2.252288818359375
2.3074951171875
2.330413818359375
2.2226409912109375
1.8719329833984375
2.0802154541015625
2.794525146484375
2.770904541015625
2.1338653564453125
1.911224365234375
1.7530975341796875
2.330718994140625
1.989227294921875
2.034271240234375
2.3311920166015625
2.4751434326171875
2.118438720703125
2.1469268798828125
2.358489990234375
2.06707763671875
2.60150146484375
2.249786376953125
1.675323486328125
2.3585052490234375
2.525970458984375
2.216156005859375
2.519378662109375
2.1740570068359375
2.377410888671875
2.0385284423828125
1.92816162109375
2.45025634765625
2.2587432861328125
1.9852142333984375
2.2066192626953125
2.3057098388671875
2.0025634765625
2.3006439208984375
1.932464599609375
2.1152191162109375
2.2548675537109375
2.5564727783203125
2.2762298583984375
2.046783447265625
2.589141845703125
2.3051910400390625
2.6822967529296875
1.6983642578125
2.282745361328125
1.8220977783203125
2.087188720703125
2.01495361328125
2.04718017578125
2.2520599365234375
2.204833984375
2.634063720703125
2.34991455078125
2.45672607421875
3.07452392578125
2.1275177001953125
2.2220458984375
2.3321075439453125
1.9850006103515625
2.3919830322265625
2.38751220703125
2.5783843994140625
2.373016357421875
1.75775146484375
2.2181549072265625
2.0384521484375
2.07293701171875
2.10400390625
1.937713623046875
2.237030029296875
2.146697998046875
2.7301177978515625
2.7096405029296875
2.0993499755859375
2.513397216796875
2.274658203125
2.1839447021484375
2.84765625
1.8734588623046875
2.2241363525390625
2.294891357421875
1.9760589599609375
2.3166961669921875
2.1179656982421875
2.22589111328125
2.1220245361328125
2.704925537109375
1.9941558837890625
2.2723388671875
2.2043304443359375
2.5383758544921875
2.279754638671875
2.2491912841796875
2.1256866455078125
1.82763671875
2.22613525390625
2.464874267578125
2.398468017578125
2.2601470947265625
2.0616302490234375
2.1664276123046875
2.7451019287109375
2.2742156982421875
1.8751678466796875
2.7626495361328125
2.301513671875
2.2735137939453125
2.1187896728515625
2.041259765625
2.1900634765625
2.015869140625
2.1685791015625
2.8383026123046875
1.9934539794921875
2.549957275390625
2.2308349609375
2.776153564453125
2.323974609375
1.710479736328125
1.74969482421875
2.2881622314453125
2.549102783203125
2.443115234375
2.2735137939453125
2.23291015625
1.974578857421875
2.3376312255859375
2.5624847412109375
2.06854248046875
2.0459442138671875
2.3963775634765625
2.4385223388671875
2.6889801025390625
2.3170623779296875
2.2883758544921875
2.2828521728515625
2.206939697265625
1.927093505859375
2.09259033203125
1.860504150390625
1.8570709228515625
2.439788818359375
2.3065948486328125
2.5699310302734375
2.25738525390625
2.0578765869140625
2.1542205810546875
2.2113800048828125
1.845611572265625
2.034698486328125
1.9452056884765625
2.1517333984375
2.34808349609375
2.3025665283203125
2.2106475830078125
2.166534423828125
2.894195556640625
2.1029205322265625
2.3622589111328125
1.936981201171875
2.1511688232421875
2.5009613037109375
2.320037841796875
2.4519195556640625
2.1260833740234375
2.0822601318359375
2.07965087890625
2.458282470703125
2.3779449462890625
2.23309326171875
2.352203369140625
2.303253173828125
1.9788360595703125
2.402313232421875
2.6565704345703125
2.31378173828125
2.8415374755859375
2.4857177734375
2.0550689697265625
2.0293426513671875
2.091064453125
2.314727783203125
2.3958740234375
2.2184906005859375
2.3960723876953125
2.5736541748046875
2.481475830078125
2.1332244873046875
2.5467987060546875
2.3236236572265625
2.4940643310546875
1.9166717529296875
2.6990966796875
2.141082763671875
2.255401611328125
2.4019012451171875
2.572998046875
2.1517181396484375
2.0712127685546875
1.9892578125
2.63153076171875
1.987457275390625
2.467742919921875
2.1438140869140625
2.369537353515625
2.1490325927734375
2.3958282470703125
1.9601898193359375
2.26025390625
2.4156494140625
1.907867431640625
2.3031005859375
2.6634979248046875
2.4221649169921875
2.25994873046875
2.1676025390625
2.911712646484375
2.5001068115234375
2.5687408447265625
2.2217864990234375
2.1955108642578125
1.900421142578125
2.8471832275390625
2.2891845703125
2.0072021484375
2.4721221923828125
2.2475433349609375
1.9920806884765625
2.214691162109375
2.1915740966796875
2.5151519775390625
2.0585174560546875
1.955780029296875
2.01263427734375
1.8767242431640625
2.55059814453125
2.18218994140625
2.2037200927734375
2.4151611328125
2.1915435791015625
2.0305633544921875
2.3477325439453125
2.812225341796875
2.37445068359375
2.2639312744140625
2.480377197265625
1.77947998046875
2.1823577880859375
2.2881927490234375
2.691802978515625
2.463226318359375
2.5917816162109375
2.9524383544921875
2.479949951171875
1.950531005859375
1.9690093994140625
2.317413330078125
2.321746826171875
2.550567626953125
2.1939239501953125
2.0975341796875
2.624603271484375
1.9246826171875
2.3970947265625
2.0752716064453125
2.2006683349609375
2.57940673828125
2.534637451171875
1.8651885986328125
2.251129150390625
2.9168853759765625
2.412109375
2.41180419921875
2.19903564453125
2.3730316162109375
2.327545166015625
2.534393310546875
2.2033233642578125
2.1704864501953125
3.0159912109375
2.400604248046875
2.5210723876953125
2.478546142578125
1.91796875
2.6406097412109375
2.3220977783203125
2.3992919921875
2.69342041015625
2.4583282470703125
2.08367919921875
2.3279876708984375
2.9151153564453125
2.7467803955078125
2.4683990478515625
2.2705230712890625
2.2706756591796875
2.7548828125
2.31182861328125
2.3082427978515625
2.250213623046875
1.9609375
2.1348724365234375
2.410247802734375
2.028594970703125
1.7184600830078125
2.3281097412109375
2.2705230712890625
2.0056915283203125
2.1885223388671875
2.0738372802734375
2.2110748291015625
2.3923187255859375
2.427520751953125
2.6296539306640625
2.1636810302734375
2.412841796875
1.9958343505859375
2.101531982421875
2.647064208984375
2.150360107421875
2.01849365234375
2.0758209228515625
2.3063812255859375
2.50482177734375
2.5215301513671875
2.3306427001953125
2.65869140625
2.14202880859375
2.39569091796875
2.534423828125
2.45306396484375
2.248992919921875
2.473052978515625
2.616546630859375
2.6746368408203125
2.1516876220703125
2.4064483642578125
2.1593017578125
2.54266357421875
2.2526092529296875
2.4965972900390625
2.0778961181640625
2.2375946044921875
2.456268310546875
2.7001800537109375
2.80523681640625
2.4280242919921875
2.323150634765625
2.34881591796875
2.4625244140625
2.40850830078125
1.941864013671875
2.2603607177734375
2.075592041015625
2.3856658935546875
1.8028411865234375
2.3705596923828125
2.2602081298828125
1.7297210693359375
2.4222869873046875
2.279296875
2.617767333984375
1.8844146728515625
2.670501708984375
2.6730804443359375
2.2557220458984375
2.2015228271484375
2.066802978515625
2.506378173828125
2.5039520263671875
2.1358795166015625
2.1078033447265625
2.6221466064453125
2.12774658203125
2.41839599609375
2.72100830078125
2.1046600341796875
2.1621856689453125
2.354095458984375
2.1627960205078125
1.9697418212890625
2.123687744140625
1.9857635498046875
2.7782440185546875
2.128631591796875
2.03857421875
2.373260498046875
2.2442474365234375
2.637054443359375
2.521759033203125
2.036041259765625
2.3861541748046875
2.76422119140625
2.0108184814453125
2.0986785888671875
2.16986083984375
1.7832489013671875
2.514739990234375
2.001434326171875
2.3597259521484375
2.3746490478515625
2.149261474609375
2.3088226318359375
2.3460845947265625
2.4708251953125
2.46551513671875
2.3680267333984375
2.23040771484375
2.2529449462890625
2.047119140625
2.23870849609375
2.95501708984375
2.430877685546875
2.3038787841796875
1.8437957763671875
2.5598602294921875
1.6792449951171875
2.16619873046875
2.17840576171875
2.2518157958984375
1.8602294921875
2.458038330078125
2.14569091796875
1.9640045166015625
2.1129608154296875
2.1780548095703125
