3.0115509033203125
2.7870635986328125
3.0645751953125
3.011962890625
2.5532684326171875
2.7306060791015625
2.7973175048828125
2.5807037353515625
2.732666015625
2.78094482421875
3.3394775390625
2.641326904296875
2.673431396484375
2.192535400390625
2.7051849365234375
2.98944091796875
2.9780731201171875
2.350677490234375
2.654876708984375
2.6787109375
3.0520172119140625
2.487701416015625
2.849884033203125
2.4643096923828125
2.6890411376953125
3.0198822021484375
2.85064697265625
2.9386749267578125
3.0654296875
2.3674468994140625
2.6048431396484375
2.5244140625
2.0473480224609375
2.4908294677734375
2.830352783203125
2.7022857666015625
3.1545257568359375
2.578857421875
2.628021240234375
2.3524322509765625
2.891448974609375
2.861480712890625
2.48321533203125
3.0528564453125
3.20135498046875
2.5843658447265625
3.1432342529296875
2.8487701416015625
2.6436004638671875
2.17413330078125
2.769622802734375
2.72027587890625
2.6094512939453125
2.9107208251953125
2.88006591796875
2.9252777099609375
2.90460205078125
3.077728271484375
3.114410400390625
2.6315460205078125
2.7188262939453125
2.65606689453125
2.9523162841796875
2.7452850341796875
2.3427581787109375
2.707855224609375
2.1629486083984375
2.9429473876953125
2.6946868896484375
2.51153564453125
2.6428985595703125
2.8923797607421875
3.0131988525390625
2.38092041015625
2.334716796875
2.2445068359375
2.60601806640625
2.7725372314453125
2.504730224609375
2.7215118408203125
2.59716796875
2.96783447265625
3.109161376953125
2.737884521484375
2.79852294921875
2.949371337890625
3.0097808837890625
2.8218841552734375
2.7182769775390625
2.382476806640625
2.345855712890625
3.085479736328125
2.752166748046875
2.46649169921875
2.6428985595703125
2.7975311279296875
2.7382659912109375
3.0268402099609375
2.7765655517578125
2.4295501708984375
2.7566680908203125
2.7894134521484375
2.7515106201171875
2.9867401123046875
2.7115020751953125
2.313934326171875
2.7549896240234375
2.625579833984375
3.271453857421875
2.76226806640625
2.6155548095703125
2.97698974609375
2.5311737060546875
2.4121551513671875
2.6037750244140625
2.725799560546875
2.475830078125
3.1030426025390625
3.0315399169921875
2.48101806640625
2.54931640625
2.724151611328125
2.524658203125
2.6862640380859375
2.44476318359375
2.637237548828125
2.6080474853515625
2.5384674072265625
2.2247772216796875
2.3609771728515625
2.629119873046875
2.54571533203125
2.6073150634765625
2.7164459228515625
2.5089874267578125
3.245452880859375
2.2990570068359375
3.046600341796875
2.6136016845703125
3.1175994873046875
2.8794097900390625
2.2792510986328125
2.5103607177734375
3.1185150146484375
2.6776275634765625
2.3931121826171875
3.150115966796875
2.886199951171875
2.9109954833984375
2.658477783203125
2.7452392578125
2.4079742431640625
2.978668212890625
2.3725128173828125
2.791412353515625
2.403106689453125
2.6726531982421875
2.7725677490234375
2.8120574951171875
3.011138916015625
2.404541015625
2.6908111572265625
2.5402069091796875
2.863861083984375
2.4116668701171875
2.423980712890625
2.636077880859375
3.0488739013671875
3.405181884765625
2.9751129150390625
2.5756378173828125
3.288482666015625
2.59442138671875
2.904937744140625
2.2149810791015625
2.4639129638671875
2.700714111328125
2.3823394775390625
2.8323516845703125
2.441650390625
2.7529296875
2.443115234375
2.5909881591796875
2.8717498779296875
2.573211669921875
2.7602691650390625
2.243438720703125
3.3508453369140625
2.3454742431640625
2.9293670654296875
2.88555908203125
3.0034027099609375
2.4627685546875
2.45794677734375
2.73028564453125
2.80859375
2.68267822265625
2.6806182861328125
2.3923492431640625
2.633087158203125
2.76287841796875
2.4983367919921875
2.9589385986328125
2.5543212890625
2.589935302734375
2.8172607421875
3.2855682373046875
2.943572998046875
2.372314453125
2.65460205078125
2.8260650634765625
2.945068359375
2.8624114990234375
3.0002899169921875
2.3398284912109375
2.9224853515625
2.464996337890625
2.8955535888671875
3.5605010986328125
3.067230224609375
3.0917816162109375
2.7404022216796875
2.4453582763671875
2.5336151123046875
2.663055419921875
2.7262115478515625
2.933197021484375
2.9628753662109375
2.494781494140625
2.7396240234375
3.038360595703125
2.4426422119140625
2.6192626953125
2.5205230712890625
2.7210845947265625
2.585113525390625
2.9021759033203125
2.918609619140625
2.7724609375
2.855377197265625
2.5478515625
2.3470611572265625
2.5842742919921875
2.8315582275390625
2.6898651123046875
2.36895751953125
2.789886474609375
2.551666259765625
2.8892669677734375
2.845916748046875
2.798828125
2.6718292236328125
2.85198974609375
2.4043731689453125
2.9310760498046875
2.587188720703125
2.287506103515625
2.861785888671875
2.9618988037109375
2.4831695556640625
2.454742431640625
2.877105712890625
2.664398193359375
2.5970001220703125
2.73846435546875
3.0452117919921875
2.9374847412109375
3.2261962890625
2.726593017578125
2.537384033203125
2.4401702880859375
2.3527069091796875
2.6529693603515625
2.8383026123046875
2.7057342529296875
3.3162078857421875
2.5550537109375
2.624481201171875
2.2541961669921875
2.72998046875
2.63116455078125
2.3176727294921875
2.86767578125
2.4732666015625
2.70379638671875
3.5146331787109375
2.541839599609375
2.3701629638671875
2.4632568359375
3.053863525390625
3.125640869140625
2.6993255615234375
2.7288665771484375
2.991058349609375
2.6419830322265625
2.7803497314453125
2.654815673828125
2.5811767578125
2.9376983642578125
2.814605712890625
2.75390625
2.653076171875
2.62420654296875
2.8919830322265625
2.624176025390625
2.8629608154296875
2.3225860595703125
3.0382537841796875
2.74383544921875
2.553924560546875
2.6626129150390625
2.9082489013671875
2.474151611328125
2.7288055419921875
3.0894927978515625
2.881378173828125
2.4710540771484375
2.843170166015625
2.6958770751953125
3.2672576904296875
2.84466552734375
2.6331329345703125
3.2115020751953125
2.6779327392578125
2.875579833984375
3.3874053955078125
2.496673583984375
2.755584716796875
2.92181396484375
2.884796142578125
3.050445556640625
2.599395751953125
2.7112274169921875
2.6107940673828125
2.9151458740234375
2.8231353759765625
2.7561187744140625
2.902496337890625
2.2499847412109375
3.1193389892578125
2.896240234375
2.9645233154296875
2.7923126220703125
2.9052581787109375
2.22186279296875
3.0138092041015625
3.2271270751953125
2.45074462890625
3.0317840576171875
2.5131683349609375
2.81536865234375
3.0263824462890625
2.5923614501953125
2.795074462890625
2.4044036865234375
2.6434478759765625
2.5328826904296875
2.8804168701171875
2.2561187744140625
2.9713897705078125
2.801055908203125
2.600860595703125
2.5197296142578125
2.899749755859375
2.4757232666015625
2.4050445556640625
2.6392059326171875
2.484649658203125
2.323089599609375
2.560455322265625
2.6324462890625
2.8736114501953125
2.0849609375
2.7122802734375
2.947540283203125
3.251678466796875
2.880126953125
2.65673828125
3.101806640625
2.77923583984375
2.7774200439453125
2.4271392822265625
2.4631805419921875
3.1027679443359375
2.897918701171875
2.7518768310546875
3.3355560302734375
2.7309112548828125
2.332611083984375
2.5565032958984375
2.351806640625
2.590240478515625
2.456268310546875
3.18841552734375
2.2711181640625
2.5906829833984375
2.88470458984375
2.5304107666015625
3.088592529296875
2.9169921875
3.1355438232421875
2.81390380859375
3.072601318359375
2.9216766357421875
2.6912689208984375
2.711151123046875
2.9386444091796875
2.7336578369140625
2.6888427734375
2.218505859375
2.5398712158203125
2.5227203369140625
2.5859527587890625
2.7483673095703125
2.71478271484375
2.63421630859375
2.80780029296875
3.052825927734375
2.7093353271484375
2.3273162841796875
2.4858245849609375
2.8972625732421875
2.4844207763671875
2.3453826904296875
2.6647796630859375
2.5576019287109375
2.8106842041015625
2.7344818115234375
2.46929931640625
3.0993194580078125
2.74371337890625
2.62127685546875
2.7017669677734375
2.9022064208984375
3.22039794921875
3.316619873046875
3.263702392578125
2.5645599365234375
2.92071533203125
2.6725616455078125
2.3247528076171875
2.6536102294921875
2.9651336669921875
2.757293701171875
2.83514404296875
2.6864471435546875
2.4413604736328125
2.121185302734375
3.00634765625
2.3255462646484375
2.6857452392578125
2.338958740234375
3.0543060302734375
2.6958465576171875
2.480804443359375
3.020751953125
2.631622314453125
2.8873748779296875
2.6507110595703125
2.7445831298828125
2.6777191162109375
3.037353515625
2.73785400390625
2.9717559814453125
2.711761474609375
3.11376953125
2.9003448486328125
2.659393310546875
2.707366943359375
2.8438262939453125
2.3964691162109375
2.3546142578125
3.2458648681640625
2.49224853515625
2.563873291015625
2.6118927001953125
2.361968994140625
2.800628662109375
3.09423828125
2.8658599853515625
2.7530059814453125
2.9383697509765625
2.669708251953125
2.9520263671875
3.2735595703125
3.297027587890625
2.348602294921875
2.2347564697265625
3.464935302734375
2.48553466796875
2.754486083984375
2.3721466064453125
2.60418701171875
2.2905426025390625
2.7264404296875
2.680389404296875
2.8090972900390625
2.8509674072265625
3.0334014892578125
2.784637451171875
