0.305328369140625
0.3756103515625
0.1861724853515625
0.19293212890625
0.218292236328125
0.404205322265625
0.2901611328125
0.2369537353515625
0.4494171142578125
0.376495361328125
0.21136474609375
0.3560638427734375
0.140411376953125
0.3699951171875
0.232818603515625
0.3332061767578125
0.311431884765625
0.4904632568359375
0.1883544921875
0.192138671875
0.239654541015625
0.5244293212890625
0.245697021484375
0.23358154296875
0.2373809814453125
0.24835205078125
0.2961883544921875
0.2738494873046875
0.2045440673828125
0.220367431640625
0.2436981201171875
0.4626617431640625
0.2320709228515625
0.2056884765625
0.2662506103515625
0.2317047119140625
0.3169403076171875
0.1689453125
0.3178863525390625
0.6382598876953125
0.1844329833984375
0.2849273681640625
0.3309173583984375
0.3338470458984375
0.223297119140625
0.458709716796875
0.28912353515625
0.291717529296875
0.33502197265625
0.2504425048828125
0.208282470703125
0.3460845947265625
0.289886474609375
0.2160491943359375
0.2336883544921875
0.221710205078125
0.455169677734375
0.2275848388671875
0.2723236083984375
0.19097900390625
0.3189849853515625
0.2606048583984375
0.2503814697265625
0.2698516845703125
0.194793701171875
0.481170654296875
0.393829345703125
0.2148284912109375
0.175506591796875
0.3253936767578125
0.194793701171875
0.156463623046875
0.5251617431640625
0.220672607421875
0.419830322265625
0.2001495361328125
0.2999420166015625
0.154388427734375
0.25933837890625
0.2076568603515625
0.2039947509765625
0.2373504638671875
0.2189788818359375
0.2674407958984375
0.1591796875
0.272491455078125
0.2110443115234375
0.158355712890625
0.22772216796875
0.323394775390625
0.16656494140625
0.379119873046875
0.2353668212890625
0.271759033203125
0.312744140625
0.24981689453125
0.241729736328125
0.173797607421875
0.190216064453125
0.3520050048828125
0.2141265869140625
0.2340087890625
0.146881103515625
0.5853271484375
0.281646728515625
0.2518463134765625
0.1816253662109375
0.295654296875
0.2912445068359375
0.254486083984375
0.1400604248046875
0.3482666015625
0.22930908203125
0.3607635498046875
0.30938720703125
0.303497314453125
0.201995849609375
0.3160247802734375
0.250701904296875
0.204315185546875
0.3876190185546875
0.27642822265625
0.22332763671875
0.3890533447265625
0.147857666015625
0.40655517578125
0.2542572021484375
0.166717529296875
0.25689697265625
0.1405029296875
0.219635009765625
0.203826904296875
0.335662841796875
0.1981658935546875
0.3675384521484375
0.2540435791015625
0.3642578125
0.2688751220703125
0.3907470703125
0.2564239501953125
0.181365966796875
0.2599639892578125
0.4045867919921875
0.1671295166015625
0.2930145263671875
0.141815185546875
0.5284881591796875
0.3302001953125
0.3074188232421875
0.1668853759765625
0.208740234375
0.28582763671875
0.366607666015625
0.421142578125
0.246490478515625
0.2211456298828125
0.2888641357421875
0.1548614501953125
0.255706787109375
0.3222808837890625
0.2923126220703125
0.187347412109375
0.188690185546875
0.4681243896484375
0.2541351318359375
0.228729248046875
0.266021728515625
0.1841888427734375
0.2234344482421875
0.5030364990234375
0.266326904296875
0.234161376953125
0.2831573486328125
0.2870941162109375
0.2488861083984375
0.201568603515625
0.224334716796875
0.2560882568359375
0.19073486328125
0.42431640625
0.383331298828125
0.24365234375
0.204986572265625
0.156219482421875
0.4589385986328125
0.240142822265625
0.460662841796875
0.19866943359375
0.1399993896484375
0.2350616455078125
0.302032470703125
0.2955169677734375
0.191009521484375
0.217254638671875
0.470001220703125
0.1486358642578125
0.22137451171875
0.6297760009765625
0.2066802978515625
0.3742828369140625
0.2235260009765625
0.2918243408203125
0.1476593017578125
0.2575225830078125
0.3997650146484375
0.183746337890625
0.2248382568359375
0.429229736328125
0.3059539794921875
0.1823272705078125
0.15765380859375
0.2284393310546875
0.161590576171875
0.1266326904296875
0.2508392333984375
0.32171630859375
0.2494659423828125
0.517303466796875
0.21759033203125
0.3904266357421875
0.1797943115234375
0.2641448974609375
0.1486663818359375
0.2235870361328125
0.4505462646484375
0.310028076171875
0.190460205078125
0.249053955078125
0.234283447265625
0.2513885498046875
0.282501220703125
0.1489715576171875
0.4430694580078125
0.329254150390625
0.2104034423828125
0.25323486328125
0.3193511962890625
0.2828826904296875
0.450531005859375
0.396820068359375
0.2490234375
0.15704345703125
0.2774658203125
0.5947418212890625
0.2827606201171875
0.41156005859375
0.2078704833984375
0.290191650390625
0.2442626953125
0.15966796875
0.2365875244140625
0.1692352294921875
0.217132568359375
0.2825164794921875
0.152099609375
0.2575836181640625
0.27655029296875
0.172149658203125
0.3012847900390625
0.135498046875
0.293792724609375
0.232666015625
0.177032470703125
0.265716552734375
0.4838714599609375
0.30950927734375
0.248016357421875
0.2410125732421875
0.2877349853515625
0.330047607421875
0.1956787109375
0.278594970703125
0.2894439697265625
0.2066650390625
0.2446746826171875
0.4048614501953125
0.233856201171875
0.2799835205078125
0.437774658203125
0.3675994873046875
0.2888641357421875
0.18145751953125
0.2900848388671875
0.2012939453125
0.47259521484375
0.4418182373046875
0.439300537109375
0.4117279052734375
0.218231201171875
0.294647216796875
0.2026824951171875
0.2807159423828125
0.21539306640625
0.3066253662109375
0.405517578125
0.2814178466796875
0.1904296875
0.1790008544921875
0.3907928466796875
0.2400665283203125
0.17010498046875
0.2897796630859375
0.390533447265625
0.22900390625
0.5449066162109375
0.1686859130859375
0.1633758544921875
0.297698974609375
0.4180450439453125
0.272430419921875
0.24462890625
0.2615203857421875
0.17083740234375
0.2216796875
0.2054443359375
0.2624969482421875
0.2731170654296875
0.2826385498046875
0.281524658203125
0.1632080078125
0.4607696533203125
0.2663726806640625
0.160491943359375
0.333587646484375
0.1778411865234375
0.2616119384765625
0.3130340576171875
0.243438720703125
0.1897430419921875
0.341949462890625
0.21185302734375
0.33392333984375
0.2387847900390625
0.17132568359375
0.144134521484375
0.234466552734375
0.253448486328125
0.378875732421875
0.2203369140625
0.2125701904296875
0.2731475830078125
0.285919189453125
0.2105712890625
0.15582275390625
0.3803863525390625
0.3435516357421875
0.1887664794921875
0.318695068359375
0.2229766845703125
0.3221893310546875
0.260223388671875
0.240325927734375
0.6752777099609375
0.225799560546875
0.179840087890625
0.1606903076171875
0.2403717041015625
0.1525115966796875
0.265167236328125
0.309539794921875
0.2088470458984375
0.2279815673828125
0.3048248291015625
0.2602386474609375
0.1781463623046875
0.18121337890625
0.1800384521484375
0.4352264404296875
0.2368316650390625
0.2989349365234375
0.3425445556640625
0.162017822265625
0.244659423828125
0.169464111328125
0.1861114501953125
0.2878265380859375
0.2025604248046875
0.2193756103515625
0.1388702392578125
0.14923095703125
0.2888031005859375
0.4085845947265625
0.212493896484375
0.3403167724609375
0.20635986328125
0.2018890380859375
0.2494659423828125
0.2947540283203125
0.1837158203125
0.21405029296875
0.236358642578125
0.2100372314453125
0.2230224609375
0.429412841796875
0.3726959228515625
0.2671966552734375
0.2150726318359375
0.340545654296875
0.1612396240234375
0.264984130859375
0.61566162109375
0.323638916015625
0.3205413818359375
0.2997283935546875
0.262725830078125
0.1962738037109375
0.447662353515625
0.3096923828125
0.1715545654296875
0.1671600341796875
0.3714599609375
0.256378173828125
0.2131500244140625
0.14080810546875
0.4339141845703125
0.289520263671875
0.21240234375
0.24566650390625
0.258087158203125
0.1722259521484375
0.2720947265625
0.2337188720703125
0.2552337646484375
0.3106536865234375
0.516021728515625
0.260986328125
0.3348846435546875
0.3238372802734375
0.404388427734375
0.2750091552734375
0.23602294921875
0.19622802734375
0.2352752685546875
0.293182373046875
0.2687530517578125
0.5631561279296875
0.2317657470703125
0.1732177734375
0.316650390625
0.2669830322265625
0.253082275390625
0.3348846435546875
0.3263092041015625
0.314422607421875
0.364227294921875
0.3919677734375
0.22210693359375
0.62750244140625
0.38958740234375
0.2466888427734375
0.305633544921875
0.2613983154296875
0.198486328125
0.2313079833984375
0.293975830078125
0.1937255859375
0.2553558349609375
0.3645782470703125
0.3971099853515625
0.267120361328125
0.327423095703125
0.1472320556640625
0.112762451171875
0.5377349853515625
0.302398681640625
0.2702789306640625
0.2121429443359375
0.173553466796875
0.1941986083984375
0.227783203125
0.2701873779296875
0.1375274658203125
0.6104278564453125
0.23858642578125
0.3593902587890625
0.46063232421875
0.2127685546875
0.275543212890625
0.3400726318359375
0.4423980712890625
0.2370147705078125
0.3341064453125
0.2834014892578125
0.2263641357421875
0.3533935546875
0.48236083984375
0.190399169921875
0.189666748046875
0.299835205078125
0.2955322265625
0.2959747314453125
0.3136749267578125
0.3789520263671875
0.287139892578125
0.191131591796875
0.3174285888671875
0.388336181640625
0.28863525390625
0.2208251953125
0.217193603515625
