3.20452880859375
2.8289337158203125
3.5785675048828125
3.0447845458984375
3.515228271484375
3.0837554931640625
3.1985931396484375
3.642730712890625
3.2423248291015625
3.1895599365234375
3.3124847412109375
3.32061767578125
3.3868408203125
3.52978515625
3.1415557861328125
3.0816192626953125
3.395477294921875
3.2698211669921875
3.5688018798828125
3.0648040771484375
3.7119140625
3.7261199951171875
3.6255950927734375
3.2405548095703125
3.4412078857421875
3.1024017333984375
2.9480743408203125
3.513092041015625
3.7827606201171875
3.533203125
3.0762939453125
3.63848876953125
3.4555816650390625
3.346282958984375
3.2995452880859375
4.081329345703125
3.335205078125
2.945465087890625
3.387969970703125
3.3940887451171875
3.368072509765625
2.7450714111328125
3.0921783447265625
3.50042724609375
3.2189788818359375
3.1057891845703125
2.8004302978515625
3.2758331298828125
3.1819915771484375
3.4837493896484375
3.3119659423828125
3.6663818359375
3.3991851806640625
3.650054931640625
2.84161376953125
3.3516693115234375
3.826019287109375
3.124786376953125
3.4467010498046875
3.3957366943359375
3.582427978515625
2.8462982177734375
3.29412841796875
3.0146331787109375
3.3291015625
3.6637725830078125
3.7084503173828125
2.983001708984375
2.893951416015625
3.6877288818359375
3.340423583984375
3.3306884765625
3.269744873046875
3.087066650390625
3.093017578125
2.978973388671875
3.6024169921875
2.9620361328125
3.745391845703125
3.60101318359375
2.8968048095703125
3.5579376220703125
3.503509521484375
3.385772705078125
3.4604949951171875
3.1810455322265625
3.3345794677734375
3.018768310546875
3.6589508056640625
2.8960723876953125
3.34649658203125
3.025299072265625
3.06793212890625
2.8496856689453125
3.3701171875
3.23919677734375
3.7056732177734375
3.29046630859375
3.2323455810546875
2.9895172119140625
3.2235107421875
2.8056793212890625
3.4159088134765625
2.975982666015625
3.477874755859375
3.470550537109375
3.36309814453125
3.0010528564453125
3.0661163330078125
3.386199951171875
3.0524444580078125
3.3521575927734375
3.291412353515625
3.3611297607421875
3.0054473876953125
3.5451507568359375
3.173980712890625
3.738372802734375
3.2374267578125
3.83233642578125
3.3153228759765625
3.3858795166015625
3.196624755859375
3.4362945556640625
3.1815338134765625
3.1246185302734375
3.529022216796875
2.854644775390625
2.753326416015625
3.2031097412109375
3.1352081298828125
3.2118988037109375
3.698333740234375
3.1002197265625
3.12591552734375
3.4823760986328125
3.4959869384765625
3.4529266357421875
3.4990997314453125
3.1839752197265625
3.043548583984375
3.2972259521484375
3.9775238037109375
3.362396240234375
3.645904541015625
3.36767578125
3.4728851318359375
2.9301300048828125
3.65875244140625
3.6866455078125
2.743560791015625
3.0194091796875
3.207672119140625
3.3599090576171875
3.54754638671875
3.45098876953125
3.161224365234375
3.4982147216796875
2.91448974609375
3.0523834228515625
3.506561279296875
3.3780975341796875
3.2648773193359375
3.5729522705078125
3.0711669921875
3.1814727783203125
2.7518157958984375
3.02880859375
3.6210174560546875
3.0989837646484375
3.0908966064453125
3.411865234375
3.6474609375
3.192535400390625
3.2333831787109375
3.4919891357421875
3.373565673828125
3.6835479736328125
3.23052978515625
3.128936767578125
3.2216644287109375
3.4855194091796875
3.6000823974609375
3.5785675048828125
3.0223388671875
3.4189453125
3.22802734375
3.353912353515625
3.619476318359375
3.240081787109375
2.8194732666015625
3.6867828369140625
3.8966827392578125
3.0602264404296875
3.3157806396484375
3.5582733154296875
3.4557647705078125
3.4101104736328125
3.502593994140625
2.9349212646484375
2.7903594970703125
3.4449920654296875
3.3873748779296875
3.3873138427734375
3.2218475341796875
3.2567138671875
3.1201019287109375
2.95819091796875
3.329437255859375
3.2935028076171875
2.881134033203125
3.1772918701171875
3.3397674560546875
3.096099853515625
2.9808197021484375
3.304931640625
3.6025390625
3.3248748779296875
3.1704559326171875
3.122894287109375
3.2782440185546875
3.5447540283203125
3.618804931640625
3.0034332275390625
3.152069091796875
3.4980926513671875
3.854522705078125
3.27593994140625
3.418670654296875
2.940399169921875
3.3174896240234375
2.9332122802734375
3.2034149169921875
3.5930328369140625
2.7235870361328125
3.060760498046875
2.889495849609375
3.2133026123046875
3.4148712158203125
3.0319061279296875
3.3281097412109375
3.3917999267578125
3.253082275390625
3.671417236328125
3.437408447265625
2.968902587890625
3.2112274169921875
3.0300750732421875
3.039337158203125
2.8013763427734375
3.3241119384765625
2.77728271484375
3.428375244140625
3.1922760009765625
3.4998016357421875
4.0558013916015625
3.563934326171875
3.57232666015625
3.242950439453125
3.27606201171875
3.1886138916015625
3.69781494140625
3.10302734375
3.846221923828125
3.7390594482421875
3.610687255859375
3.4569854736328125
3.58453369140625
2.7217254638671875
3.0895538330078125
2.9825592041015625
3.0788116455078125
3.6761016845703125
3.68341064453125
3.284423828125
3.0909881591796875
3.0902099609375
3.5284423828125
3.4368896484375
3.4930419921875
3.15875244140625
3.220550537109375
3.5609588623046875
3.4232635498046875
3.1578216552734375
3.1328125
3.2254486083984375
3.0914764404296875
3.18408203125
3.4784698486328125
3.5372161865234375
3.460723876953125
3.582611083984375
3.0458526611328125
3.262115478515625
2.9163818359375
3.100616455078125
3.3636322021484375
3.1891937255859375
3.990570068359375
3.7134246826171875
3.3050384521484375
3.014068603515625
3.423004150390625
3.354400634765625
3.4109649658203125
3.576202392578125
3.206634521484375
3.3169708251953125
3.3614654541015625
3.4583282470703125
3.583038330078125
2.817169189453125
3.38592529296875
3.1573028564453125
3.0978546142578125
3.344146728515625
3.015045166015625
3.3077850341796875
3.59295654296875
3.225799560546875
3.779510498046875
3.4294281005859375
3.1651763916015625
3.07440185546875
3.1457366943359375
2.9976043701171875
3.0903472900390625
2.9479217529296875
3.4293365478515625
3.2433319091796875
3.319976806640625
3.116851806640625
3.398681640625
3.3719329833984375
3.254791259765625
3.0892486572265625
3.2814483642578125
2.8791961669921875
3.20257568359375
3.420440673828125
3.361053466796875
3.9466094970703125
3.58892822265625
2.9632568359375
3.013336181640625
3.0548248291015625
3.081573486328125
3.935028076171875
3.6573028564453125
3.33270263671875
3.1809539794921875
2.770477294921875
3.477294921875
3.671112060546875
3.1375732421875
3.2734527587890625
3.1878509521484375
3.38812255859375
3.0331573486328125
2.989471435546875
3.4005126953125
3.1800384521484375
3.1949462890625
3.067474365234375
3.5455474853515625
3.456298828125
3.4078216552734375
3.2553863525390625
3.73663330078125
3.1050262451171875
2.86822509765625
3.746246337890625
3.348876953125
2.8925323486328125
3.631591796875
3.752899169921875
2.9072113037109375
3.607513427734375
2.9097747802734375
4.0300140380859375
3.399017333984375
3.88543701171875
3.2729339599609375
3.3709259033203125
2.7794952392578125
3.64288330078125
2.7760772705078125
3.617919921875
3.35650634765625
3.1062469482421875
3.2729339599609375
3.84735107421875
2.903289794921875
3.6852264404296875
2.8633575439453125
3.4348602294921875
2.8336944580078125
3.1985626220703125
3.5070037841796875
2.9658966064453125
2.9800567626953125
3.534759521484375
3.1492919921875
3.5395660400390625
3.36468505859375
3.2546844482421875
3.0612030029296875
3.0442352294921875
3.3776702880859375
3.4602203369140625
3.070465087890625
3.2005462646484375
3.2838897705078125
3.1403350830078125
3.2863922119140625
3.319183349609375
3.6212615966796875
3.516357421875
3.2660675048828125
2.9844970703125
3.0933380126953125
3.064300537109375
3.1252593994140625
3.07952880859375
3.59002685546875
2.9541778564453125
3.0952301025390625
3.023590087890625
3.5812835693359375
3.5260467529296875
3.67767333984375
3.287567138671875
3.3082733154296875
3.258636474609375
3.355621337890625
3.3166656494140625
3.372344970703125
3.2008056640625
3.5991363525390625
3.502227783203125
3.2325897216796875
3.5113677978515625
2.8961029052734375
3.5150604248046875
3.4193115234375
3.5828704833984375
3.1003875732421875
3.572479248046875
2.9639892578125
3.0958099365234375
3.02764892578125
3.020416259765625
3.774017333984375
3.0597076416015625
3.075408935546875
3.101531982421875
3.293212890625
3.256561279296875
3.186920166015625
3.233673095703125
3.336700439453125
3.609771728515625
3.458160400390625
3.6387939453125
3.2766571044921875
3.437042236328125
3.198486328125
2.9929046630859375
3.448577880859375
3.6398162841796875
3.7416229248046875
3.291534423828125
3.514739990234375
3.7811279296875
3.0127410888671875
3.03118896484375
3.1747283935546875
3.1801605224609375
3.2115020751953125
3.099609375
3.2423248291015625
3.2834014892578125
3.340576171875
2.9487762451171875
3.0500640869140625
3.8620452880859375
3.4267730712890625
3.13519287109375
3.1383209228515625
3.2212066650390625
3.130279541015625
3.754852294921875
3.4855194091796875
3.43194580078125
3.350677490234375
3.271392822265625
3.2968292236328125
3.5421295166015625
3.6404571533203125
