2.4916229248046875
2.0824737548828125
2.149261474609375
2.427978515625
2.45166015625
2.3596954345703125
2.1668853759765625
1.8816375732421875
2.752716064453125
2.5072479248046875
2.6630859375
2.3441009521484375
2.5495147705078125
2.277252197265625
2.2498626708984375
2.4012908935546875
2.6133880615234375
2.472808837890625
2.6723175048828125
2.158447265625
2.01312255859375
2.214111328125
2.27691650390625
2.1652374267578125
2.1198577880859375
2.361053466796875
1.9722442626953125
2.3521270751953125
2.2675628662109375
2.010772705078125
2.932861328125
2.5230560302734375
2.486541748046875
2.1488189697265625
2.3330230712890625
2.416107177734375
2.43524169921875
1.965911865234375
2.44757080078125
1.96514892578125
1.9283905029296875
2.13360595703125
2.156890869140625
2.151580810546875
2.560760498046875
2.0606536865234375
2.1554412841796875
2.202239990234375
2.1727752685546875
1.8269195556640625
1.9855499267578125
2.03228759765625
1.8889923095703125
2.0070037841796875
2.3771514892578125
2.0316314697265625
2.228424072265625
2.3914031982421875
1.91552734375
1.928070068359375
1.9117279052734375
2.3059234619140625
2.161590576171875
2.2085723876953125
2.4167938232421875
2.0046234130859375
2.47369384765625
2.299285888671875
1.9282989501953125
1.6509552001953125
2.5054779052734375
2.22332763671875
2.73272705078125
2.9210662841796875
2.1488800048828125
2.2634124755859375
2.5047149658203125
2.4030303955078125
2.29718017578125
2.621551513671875
2.5973663330078125
2.3162841796875
2.30792236328125
2.3267974853515625
2.41656494140625
2.2143402099609375
2.336395263671875
2.2750396728515625
2.39300537109375
2.4781494140625
1.7458038330078125
2.504486083984375
2.4248504638671875
2.34661865234375
2.4048614501953125
1.8893280029296875
2.515899658203125
2.3910675048828125
1.9716339111328125
2.322296142578125
2.4729766845703125
2.76361083984375
2.154754638671875
1.8967742919921875
1.757171630859375
2.40997314453125
2.242095947265625
2.047637939453125
2.3005218505859375
1.962646484375
2.36395263671875
1.8739776611328125
2.577423095703125
2.160980224609375
2.6070556640625
1.89117431640625
2.377777099609375
2.4891357421875
1.8370819091796875
2.755096435546875
2.1138458251953125
2.1798095703125
2.899169921875
2.55584716796875
2.1759490966796875
2.1739959716796875
2.52386474609375
2.0541839599609375
2.0581207275390625
2.2995452880859375
2.2580108642578125
2.0188751220703125
2.10235595703125
1.868621826171875
2.2091217041015625
2.3846282958984375
2.1862640380859375
2.6676177978515625
2.171173095703125
2.317718505859375
2.3726654052734375
2.45928955078125
2.4692840576171875
2.4254913330078125
2.2740478515625
1.867828369140625
2.064056396484375
2.5003662109375
2.4963531494140625
2.452972412109375
2.5695953369140625
2.7743072509765625
2.4080810546875
2.2067108154296875
2.3205108642578125
2.4429473876953125
2.165863037109375
2.497833251953125
2.0643463134765625
2.159210205078125
2.7393646240234375
2.027740478515625
2.491241455078125
2.2069854736328125
2.00775146484375
1.77447509765625
2.06317138671875
2.2158355712890625
2.1514739990234375
2.2858734130859375
2.158050537109375
2.40460205078125
2.2459564208984375
2.4053802490234375
2.3273468017578125
2.6053466796875
2.29974365234375
2.4949798583984375
1.953826904296875
2.2637176513671875
2.1563262939453125
2.258697509765625
2.32513427734375
2.1182708740234375
2.4957275390625
2.436859130859375
2.0216827392578125
2.571441650390625
2.2340850830078125
2.432586669921875
2.2685546875
2.27520751953125
1.867431640625
2.211456298828125
2.512969970703125
2.1834564208984375
2.286285400390625
2.389678955078125
2.424102783203125
1.857574462890625
1.8226776123046875
2.5084991455078125
2.3007354736328125
2.5906982421875
2.226715087890625
2.67608642578125
2.3472442626953125
2.2965087890625
1.6449432373046875
2.089141845703125
2.143768310546875
2.168792724609375
2.526519775390625
3.157623291015625
2.884857177734375
2.5802001953125
2.3654937744140625
2.3495330810546875
2.577545166015625
2.1462554931640625
1.8872833251953125
2.3465118408203125
2.1876983642578125
2.00909423828125
1.8271026611328125
2.2115020751953125
2.1286163330078125
2.415252685546875
2.02728271484375
2.3974151611328125
2.6447601318359375
2.2364654541015625
2.271240234375
2.5389404296875
2.1875457763671875
2.4487762451171875
2.25323486328125
2.1876373291015625
2.002288818359375
2.119049072265625
2.2869110107421875
2.4376068115234375
2.102447509765625
2.18450927734375
2.2745361328125
2.7818756103515625
2.2937469482421875
2.336761474609375
2.034912109375
2.5313262939453125
1.8125152587890625
2.2672271728515625
2.2515716552734375
2.2781524658203125
2.2067718505859375
2.597747802734375
2.675048828125
1.9669036865234375
2.346527099609375
2.1699066162109375
2.0376739501953125
1.911529541015625
2.180023193359375
2.1302337646484375
1.9649810791015625
2.4578857421875
2.380615234375
2.68377685546875
2.262725830078125
1.9476318359375
2.3582763671875
2.34637451171875
1.73052978515625
2.2988739013671875
2.0647430419921875
2.30828857421875
2.423187255859375
2.1232452392578125
2.335296630859375
2.6693115234375
2.29541015625
2.9504547119140625
2.214324951171875
2.3014373779296875
2.5350494384765625
2.0256195068359375
2.126190185546875
2.1302642822265625
2.2385711669921875
2.4021148681640625
2.620147705078125
2.376800537109375
2.1440887451171875
2.535064697265625
1.9590606689453125
2.0094757080078125
2.3676910400390625
2.6642913818359375
1.9181671142578125
2.2792510986328125
1.7346954345703125
2.3917083740234375
2.1410980224609375
2.0285797119140625
2.176116943359375
2.0579833984375
2.2643890380859375
1.796051025390625
1.810455322265625
1.8708343505859375
2.07818603515625
1.874847412109375
2.34149169921875
2.3395233154296875
2.51763916015625
1.911590576171875
2.7420501708984375
1.9313812255859375
2.1213226318359375
1.907958984375
2.1343231201171875
2.0453948974609375
2.1943359375
2.4561309814453125
2.128753662109375
2.7744293212890625
2.3351898193359375
2.0232696533203125
2.699676513671875
2.01031494140625
2.1361083984375
1.9731597900390625
2.3277435302734375
2.5098114013671875
2.2078399658203125
2.5249481201171875
2.5361175537109375
2.16717529296875
2.41033935546875
1.946044921875
2.752685546875
2.264892578125
1.870635986328125
2.3460693359375
2.01641845703125
1.614227294921875
2.659637451171875
2.4826202392578125
2.012359619140625
2.0680694580078125
2.1180572509765625
2.3289794921875
2.2122802734375
2.46453857421875
2.2230682373046875
2.444244384765625
2.4768218994140625
2.0654144287109375
2.255218505859375
2.208099365234375
2.36431884765625
1.9871368408203125
2.327911376953125
2.2411956787109375
1.7669677734375
2.9517974853515625
2.3380279541015625
2.1803436279296875
2.0575714111328125
2.7147064208984375
1.811859130859375
2.1882171630859375
2.091949462890625
2.2114105224609375
2.4552764892578125
2.2257080078125
2.15484619140625
1.829376220703125
2.0551605224609375
1.70196533203125
2.3057098388671875
2.5460052490234375
1.8022308349609375
2.2483367919921875
2.77484130859375
2.5882568359375
2.353271484375
2.0880279541015625
2.4060211181640625
2.2386627197265625
2.44879150390625
2.4730224609375
2.9271087646484375
2.56134033203125
2.8177642822265625
2.141082763671875
2.5674896240234375
2.8322906494140625
2.5870513916015625
2.56402587890625
2.1798553466796875
1.95941162109375
2.515869140625
2.0792694091796875
2.5662994384765625
2.16619873046875
2.54766845703125
2.3329315185546875
2.37640380859375
1.9718017578125
2.0419158935546875
2.134765625
2.289794921875
1.7460479736328125
2.0164031982421875
2.3027191162109375
2.0496368408203125
2.2204132080078125
1.876953125
2.2256011962890625
2.1492462158203125
2.40069580078125
2.2290496826171875
2.2752227783203125
2.037445068359375
2.3712921142578125
2.2772216796875
2.5674285888671875
2.00244140625
2.5085601806640625
2.4464874267578125
2.3987274169921875
2.0399627685546875
2.2634124755859375
2.054229736328125
2.06829833984375
1.885467529296875
2.2167510986328125
2.1378936767578125
2.2669830322265625
2.35784912109375
2.1820526123046875
2.670074462890625
2.3990325927734375
2.134490966796875
1.9802093505859375
2.108306884765625
2.3884429931640625
2.386444091796875
1.7672271728515625
2.523040771484375
2.333587646484375
2.189453125
2.49578857421875
2.529815673828125
2.5785980224609375
2.58428955078125
2.036376953125
2.031097412109375
2.430328369140625
1.752532958984375
2.4379425048828125
2.5945892333984375
2.060394287109375
2.430450439453125
2.2055511474609375
2.27496337890625
2.11285400390625
1.7703094482421875
2.0555267333984375
2.1540374755859375
2.54034423828125
2.0624542236328125
2.2643890380859375
2.105316162109375
2.5154266357421875
1.9434967041015625
2.2022247314453125
2.070465087890625
2.5857086181640625
2.3383636474609375
2.0501251220703125
2.1620941162109375
2.512298583984375
1.8647613525390625
2.409332275390625
1.9793548583984375
2.104705810546875
2.5723114013671875
2.5843658447265625
2.3232879638671875
2.70672607421875
2.6741180419921875
1.8202056884765625
2.4878082275390625
2.5137939453125
2.3659820556640625
2.1204681396484375
2.2922210693359375
1.9643096923828125
