2.482147216796875
2.072357177734375
2.8589019775390625
2.212158203125
2.71893310546875
2.3101959228515625
2.399688720703125
3.0002288818359375
2.556304931640625
2.4342193603515625
2.566375732421875
2.59625244140625
2.570281982421875
2.5681610107421875
2.3943023681640625
2.2606201171875
2.5626373291015625
2.44561767578125
2.7959442138671875
2.3809814453125
2.8556365966796875
2.9107666015625
2.867828369140625
2.3543853759765625
2.75946044921875
2.304901123046875
2.144256591796875
2.6953887939453125
3.1216583251953125
2.662506103515625
2.3458709716796875
2.7991943359375
2.646697998046875
2.669403076171875
2.580108642578125
3.239013671875
2.4744720458984375
2.2259674072265625
2.538421630859375
2.6154022216796875
2.6983184814453125
1.98944091796875
2.232391357421875
2.8489227294921875
2.5753021240234375
2.37603759765625
2.05126953125
2.567657470703125
2.43707275390625
2.8244476318359375
2.6034088134765625
2.718780517578125
2.5060882568359375
2.8986663818359375
2.095306396484375
2.5966339111328125
2.9809417724609375
2.3349761962890625
2.7852630615234375
2.52410888671875
2.7468109130859375
2.1013336181640625
2.4953765869140625
2.3025665283203125
2.5162353515625
2.9474945068359375
2.8956298828125
2.1857452392578125
2.2272186279296875
2.8744659423828125
2.5086822509765625
2.6387939453125
2.4848175048828125
2.343048095703125
2.29559326171875
2.240570068359375
2.7566070556640625
2.149169921875
2.864288330078125
2.7406768798828125
2.13702392578125
2.8073272705078125
2.6202850341796875
2.508575439453125
2.6595458984375
2.4540863037109375
2.5703887939453125
2.2845001220703125
2.9154205322265625
2.157958984375
2.63348388671875
2.2969818115234375
2.394500732421875
1.98028564453125
2.5348663330078125
2.4389495849609375
2.8984527587890625
2.4900054931640625
2.4020843505859375
2.1885223388671875
2.390594482421875
2.1954193115234375
2.6531219482421875
2.1738128662109375
2.6830596923828125
2.61590576171875
2.6623687744140625
2.3959197998046875
2.2548980712890625
2.7244873046875
2.274749755859375
2.579254150390625
2.526611328125
2.650787353515625
2.1881561279296875
2.705352783203125
2.3009490966796875
2.9573516845703125
2.4757232666015625
2.9875030517578125
2.5375518798828125
2.6026611328125
2.505950927734375
2.5577239990234375
2.4279022216796875
2.218292236328125
2.662322998046875
2.03985595703125
2.0164642333984375
2.4781341552734375
2.2891387939453125
2.459686279296875
2.9036712646484375
2.2715301513671875
2.3791046142578125
2.6176910400390625
2.698211669921875
2.4691619873046875
2.7489471435546875
2.3533935546875
2.42120361328125
2.5441436767578125
3.2034759521484375
2.5572967529296875
2.7888946533203125
2.6406097412109375
2.57916259765625
2.25634765625
2.787322998046875
2.937347412109375
2.04302978515625
2.37432861328125
2.460052490234375
2.6817779541015625
2.8350372314453125
2.671051025390625
2.3349456787109375
2.5980682373046875
2.130035400390625
2.35546875
2.673126220703125
2.604736328125
2.478179931640625
2.8462982177734375
2.3204498291015625
2.2993621826171875
1.9363250732421875
2.3075714111328125
2.913909912109375
2.352386474609375
2.353912353515625
2.579742431640625
2.7232208251953125
2.4250335693359375
2.4831695556640625
2.621368408203125
2.458221435546875
2.8283233642578125
2.4741668701171875
2.3971099853515625
2.4330291748046875
2.6671905517578125
2.715362548828125
2.7566680908203125
2.5037384033203125
2.5723876953125
2.4244842529296875
2.54144287109375
2.7665863037109375
2.4606781005859375
2.0260162353515625
3.0409393310546875
3.0498809814453125
2.3740081787109375
2.581817626953125
2.861297607421875
2.78857421875
2.706451416015625
2.6904754638671875
2.267333984375
2.1514739990234375
2.5774078369140625
2.564544677734375
2.6145477294921875
2.458984375
2.420074462890625
2.370361328125
2.2813873291015625
2.589996337890625
2.6077423095703125
2.17596435546875
2.4992828369140625
2.44317626953125
2.317413330078125
2.1067047119140625
2.4128875732421875
2.7905426025390625
2.5756988525390625
2.3536834716796875
2.259033203125
2.5344390869140625
2.6524200439453125
2.746612548828125
2.1675262451171875
2.383331298828125
2.6526336669921875
2.9896392822265625
2.4154815673828125
2.67254638671875
2.291748046875
2.5307769775390625
2.170745849609375
2.3955535888671875
2.7390899658203125
2.0469818115234375
2.2440338134765625
2.1910858154296875
2.4776611328125
2.6449432373046875
2.30694580078125
2.5740966796875
2.653594970703125
2.598358154296875
2.8832550048828125
2.586578369140625
2.139739990234375
2.3907470703125
2.4119415283203125
2.2679595947265625
2.0089111328125
2.5309906005859375
2.14892578125
2.582183837890625
2.4378204345703125
2.775390625
3.248748779296875
2.9165496826171875
2.7416839599609375
2.5832366943359375
2.4261322021484375
2.368804931640625
2.862762451171875
2.3777923583984375
3.1653594970703125
2.91558837890625
2.722991943359375
2.6344451904296875
2.8053131103515625
2.003387451171875
2.3982086181640625
2.2874755859375
2.2899017333984375
2.841766357421875
2.9293975830078125
2.507232666015625
2.2798309326171875
2.3195953369140625
2.7495269775390625
2.5221405029296875
2.783477783203125
2.4431915283203125
2.380218505859375
2.8505859375
2.6362152099609375
2.4082794189453125
2.32598876953125
2.3996734619140625
2.3669281005859375
2.3406982421875
2.762847900390625
2.7128448486328125
2.620269775390625
2.70263671875
2.1444549560546875
2.4792633056640625
2.2779083251953125
2.406036376953125
2.6194000244140625
2.479644775390625
3.108795166015625
2.9387969970703125
2.491668701171875
2.3104248046875
2.7454833984375
2.53814697265625
2.604766845703125
2.8361663818359375
2.4874420166015625
2.4856719970703125
2.7123260498046875
2.7216033935546875
2.8144073486328125
2.06732177734375
2.5228729248046875
2.3968353271484375
2.2464752197265625
2.5792999267578125
2.29571533203125
2.487945556640625
2.8136138916015625
2.437591552734375
2.9517974853515625
2.492218017578125
2.43170166015625
2.318328857421875
2.40771484375
2.2275238037109375
2.381927490234375
2.2848358154296875
2.573883056640625
2.41162109375
2.578277587890625
2.2968902587890625
2.5998382568359375
2.6142120361328125
2.49462890625
2.2622528076171875
2.605560302734375
2.1484375
2.5151214599609375
2.6861114501953125
2.69512939453125
3.0917510986328125
2.6998443603515625
2.22857666015625
2.22784423828125
2.296234130859375
2.262786865234375
3.1988983154296875
2.8379058837890625
2.5560760498046875
2.546783447265625
2.07818603515625
2.75897216796875
2.827972412109375
2.2766571044921875
2.6017608642578125
2.4007568359375
2.5151519775390625
2.1688690185546875
2.15576171875
2.69805908203125
2.3577423095703125
2.3889312744140625
2.284912109375
2.8412017822265625
2.595916748046875
2.633880615234375
2.40411376953125
3.006439208984375
2.3426361083984375
2.259857177734375
2.9736328125
2.561798095703125
2.110565185546875
2.8771820068359375
3.1232452392578125
2.19677734375
2.726654052734375
2.264312744140625
3.3098907470703125
2.549774169921875
2.9020538330078125
2.5008697509765625
2.484100341796875
2.1195526123046875
2.9047088623046875
2.1600341796875
2.8451690673828125
2.6661224365234375
2.531158447265625
2.5768585205078125
3.113311767578125
2.2686614990234375
2.8514251708984375
2.064727783203125
2.6587371826171875
2.0713043212890625
2.2699432373046875
2.6915283203125
2.14990234375
2.3208465576171875
2.8589935302734375
2.350372314453125
2.681365966796875
2.5249481201171875
2.628875732421875
2.2998504638671875
2.3667144775390625
2.67694091796875
2.7517852783203125
2.1662445068359375
2.4264984130859375
2.49786376953125
2.4205780029296875
2.591705322265625
2.5352325439453125
2.8832855224609375
2.784149169921875
2.48907470703125
2.2802581787109375
2.35174560546875
2.3985595703125
2.373504638671875
2.22735595703125
2.6801300048828125
2.1949310302734375
2.26727294921875
2.4206390380859375
2.86456298828125
2.9087982177734375
2.8647003173828125
2.5815582275390625
2.4743804931640625
2.4049835205078125
2.544342041015625
2.414581298828125
2.4532928466796875
2.36773681640625
2.6154937744140625
2.7244415283203125
2.4483184814453125
2.72674560546875
2.1270904541015625
2.7539520263671875
2.782501220703125
2.8477020263671875
2.3056640625
2.7928924560546875
2.2164154052734375
2.392974853515625
2.376678466796875
2.2724761962890625
2.7964324951171875
2.24871826171875
2.3603057861328125
2.26690673828125
2.5022735595703125
2.4263458251953125
2.40655517578125
2.5010223388671875
2.680084228515625
2.7327880859375
2.7071990966796875
2.751861572265625
2.42303466796875
2.636199951171875
2.443023681640625
2.3137359619140625
2.6425628662109375
2.94378662109375
3.0010528564453125
2.55029296875
2.777069091796875
3.0058135986328125
2.23828125
2.162109375
2.3866119384765625
2.3136138916015625
2.31646728515625
2.1954498291015625
2.482635498046875
2.583648681640625
2.4866485595703125
2.1089019775390625
2.3367767333984375
3.0700836181640625
2.700927734375
2.37237548828125
2.3352813720703125
2.4792633056640625
2.36529541015625
2.9329833984375
2.7699127197265625
2.53497314453125
2.5870361328125
2.5616912841796875
2.44915771484375
2.7818145751953125
2.7364654541015625
