3.3537139892578125
2.9879608154296875
3.7333221435546875
3.2263946533203125
3.668060302734375
3.2504730224609375
3.349884033203125
3.7689971923828125
3.396392822265625
3.3455352783203125
3.4599761962890625
3.4757843017578125
3.5458984375
3.733673095703125
3.2943878173828125
3.2565155029296875
3.5533447265625
3.426300048828125
3.7217254638671875
3.1973724365234375
3.9069671630859375
3.8972930908203125
3.7702178955078125
3.417572021484375
3.58306884765625
3.271026611328125
3.111541748046875
3.6572418212890625
3.9047088623046875
3.694549560546875
3.2332305908203125
3.805633544921875
3.6109466552734375
3.5000457763671875
3.4529876708984375
4.239532470703125
3.5048065185546875
3.111419677734375
3.56884765625
3.569305419921875
3.47216796875
2.9169158935546875
3.2729034423828125
3.6417083740234375
3.3668365478515625
3.2540130615234375
2.9500274658203125
3.4235382080078125
3.3279876708984375
3.6226348876953125
3.456634521484375
3.832366943359375
3.57269287109375
3.80419921875
3.0090789794921875
3.516998291015625
4.0074920654296875
3.30218505859375
3.59027099609375
3.5609893798828125
3.74127197265625
2.9968109130859375
3.45904541015625
3.1804046630859375
3.4968109130859375
3.8027801513671875
3.871826171875
3.1230926513671875
3.0326690673828125
3.84912109375
3.5167999267578125
3.470306396484375
3.42950439453125
3.242431640625
3.24017333984375
3.1491546630859375
3.779693603515625
3.1324920654296875
3.9050140380859375
3.7727203369140625
3.06402587890625
3.6898345947265625
3.6529541015625
3.567474365234375
3.62286376953125
3.342010498046875
3.496337890625
3.1758880615234375
3.8193359375
3.0415191650390625
3.48956298828125
3.19195556640625
3.2269744873046875
3.0294647216796875
3.5225982666015625
3.4054107666015625
3.869873046875
3.449737548828125
3.394195556640625
3.1395721435546875
3.383056640625
2.9424591064453125
3.5509033203125
3.1583709716796875
3.644439697265625
3.6237335205078125
3.5110626220703125
3.1203765869140625
3.249664306640625
3.5131378173828125
3.1910400390625
3.5032806396484375
3.4465484619140625
3.514007568359375
3.176300048828125
3.718719482421875
3.3633575439453125
3.9011383056640625
3.3779449462890625
3.9748077392578125
3.4730682373046875
3.55279541015625
3.3497467041015625
3.6221160888671875
3.3450927734375
3.305389404296875
3.6957244873046875
3.0236663818359375
2.9011383056640625
3.327056884765625
3.3069000244140625
3.3564300537109375
3.876739501953125
3.2744293212890625
3.281768798828125
3.6415863037109375
3.65863037109375
3.640045166015625
3.662139892578125
3.3492584228515625
3.176849365234375
3.4425201416015625
4.1257476806640625
3.5041351318359375
3.809234619140625
3.51416015625
3.64501953125
3.0894927978515625
3.8362274169921875
3.8504486083984375
2.89727783203125
3.1425323486328125
3.364501953125
3.480133056640625
3.6950531005859375
3.592010498046875
3.33892822265625
3.6815185546875
3.0799560546875
3.1976776123046875
3.6680755615234375
3.541229248046875
3.42486572265625
3.7314605712890625
3.2149200439453125
3.333465576171875
2.9425201416015625
3.172271728515625
3.7803192138671875
3.2653961181640625
3.23944091796875
3.5550384521484375
3.836944580078125
3.3525238037109375
3.3797760009765625
3.6448211669921875
3.5379486083984375
3.86505126953125
3.408050537109375
3.273895263671875
3.39349365234375
3.6434478759765625
3.7691802978515625
3.744873046875
3.127777099609375
3.57012939453125
3.39422607421875
3.512420654296875
3.788970947265625
3.40863037109375
2.983184814453125
3.8238067626953125
4.0817718505859375
3.1977386474609375
3.47576904296875
3.71673583984375
3.5930938720703125
3.562408447265625
3.668609619140625
3.0784454345703125
2.9225311279296875
3.61309814453125
3.531646728515625
3.5466766357421875
3.355377197265625
3.425506591796875
3.26904296875
3.1226806640625
3.4755096435546875
3.4170074462890625
3.0404205322265625
3.3071441650390625
3.502166748046875
3.25006103515625
3.1549224853515625
3.4617919921875
3.7572021484375
3.4632415771484375
3.337493896484375
3.3021087646484375
3.45574951171875
3.730712890625
3.791015625
3.1585693359375
3.3144683837890625
3.66717529296875
4.021514892578125
3.4336700439453125
3.58123779296875
3.0692901611328125
3.47509765625
3.07867431640625
3.37725830078125
3.7669525146484375
2.8755950927734375
3.21563720703125
3.0382080078125
3.3532562255859375
3.565155029296875
3.19183349609375
3.4805755615234375
3.5281219482421875
3.406280517578125
3.8100128173828125
3.5993804931640625
3.15362548828125
3.377471923828125
3.1613311767578125
3.1925201416015625
2.9520416259765625
3.5076446533203125
2.90985107421875
3.5883941650390625
3.3388824462890625
3.6544952392578125
4.19580078125
3.6985931396484375
3.74139404296875
3.373199462890625
3.4553985595703125
3.350830078125
3.86834716796875
3.2540740966796875
3.9793701171875
3.892364501953125
3.77838134765625
3.62493896484375
3.751617431640625
2.88726806640625
3.233306884765625
3.13421630859375
3.2185821533203125
3.8479766845703125
3.813812255859375
3.4615020751953125
3.2562103271484375
3.2590789794921875
3.6785430908203125
3.6136322021484375
3.621673583984375
3.30682373046875
3.3865966796875
3.7238006591796875
3.5604705810546875
3.30389404296875
3.287384033203125
3.3697967529296875
3.2634429931640625
3.345916748046875
3.6258544921875
3.6957244873046875
3.636383056640625
3.759246826171875
3.2166748046875
3.4408416748046875
3.0507965087890625
3.2537384033203125
3.5105743408203125
3.350067138671875
4.150177001953125
3.8792877197265625
3.4633026123046875
3.1632232666015625
3.55029296875
3.523712158203125
3.574462890625
3.727874755859375
3.3508148193359375
3.4906158447265625
3.4882659912109375
3.59429931640625
3.734375
2.9756317138671875
3.5616302490234375
3.3058319091796875
3.2898712158203125
3.5232391357421875
3.16900634765625
3.483123779296875
3.765594482421875
3.3785247802734375
3.9349822998046875
3.612274169921875
3.313934326171875
3.2318572998046875
3.296478271484375
3.145233154296875
3.25213623046875
3.10101318359375
3.6015472412109375
3.4034881591796875
3.4631195068359375
3.288055419921875
3.5704803466796875
3.496795654296875
3.405853271484375
3.2511749267578125
3.434478759765625
3.017578125
3.3548583984375
3.582977294921875
3.50640869140625
4.130035400390625
3.77484130859375
3.123931884765625
3.1703643798828125
3.21295166015625
3.2476654052734375
4.074951171875
3.8061065673828125
3.4989166259765625
3.31475830078125
2.9312744140625
3.6272430419921875
3.8236083984375
3.322052001953125
3.4014434814453125
3.3538055419921875
3.582061767578125
3.20611572265625
3.1601104736328125
3.5447845458984375
3.368408203125
3.355621337890625
3.2487640380859375
3.6848297119140625
3.618927001953125
3.5583038330078125
3.40911865234375
3.8896331787109375
3.2672576904296875
3.0076904296875
3.887664794921875
3.524200439453125
3.0665283203125
3.7610321044921875
3.8730926513671875
3.052490234375
3.7733917236328125
3.0397491455078125
4.1479339599609375
3.57440185546875
4.092864990234375
3.4309539794921875
3.5324859619140625
2.9191436767578125
3.7831573486328125
2.9311370849609375
3.7718505859375
3.486480712890625
3.2376556396484375
3.410888671875
3.9790191650390625
3.050628662109375
3.8289947509765625
3.03662109375
3.577545166015625
2.98040771484375
3.38177490234375
3.672515869140625
3.1304779052734375
3.12249755859375
3.675018310546875
3.308990478515625
3.7138519287109375
3.5332183837890625
3.3984222412109375
3.2131805419921875
3.201995849609375
3.5253143310546875
3.6109771728515625
3.257659912109375
3.3388824462890625
3.450836181640625
3.3021392822265625
3.4252166748046875
3.4765167236328125
3.7815704345703125
3.6806793212890625
3.42901611328125
3.1313018798828125
3.2612762451171875
3.215301513671875
3.29791259765625
3.2288970947265625
3.7740020751953125
3.11285400390625
3.265411376953125
3.1605682373046875
3.729583740234375
3.6441802978515625
3.84307861328125
3.4426116943359375
3.4574432373046875
3.421234130859375
3.4985809326171875
3.504669189453125
3.5465087890625
3.388641357421875
3.78302001953125
3.6610870361328125
3.397857666015625
3.677642822265625
3.0576019287109375
3.674102783203125
3.5542755126953125
3.737945556640625
3.270416259765625
3.7454681396484375
3.100799560546875
3.2622222900390625
3.1580352783203125
3.1796875
3.943389892578125
3.22967529296875
3.226531982421875
3.2739410400390625
3.453887939453125
3.4272003173828125
3.3619384765625
3.3915557861328125
3.476104736328125
3.763946533203125
3.6200103759765625
3.8095703125
3.443572998046875
3.5990142822265625
3.36370849609375
3.150634765625
3.605377197265625
3.78363037109375
3.9051055908203125
3.46429443359375
3.671112060546875
3.9367523193359375
3.1852569580078125
3.2021636962890625
3.3344268798828125
3.3690338134765625
3.385406494140625
3.2629852294921875
3.4141693115234375
3.444976806640625
3.5047149658203125
3.1417236328125
3.1833038330078125
4.024932861328125
3.5827484130859375
3.2918548583984375
3.2779541015625
3.3797760009765625
3.280975341796875
3.9352874755859375
3.620635986328125
3.6116485595703125
3.5182037353515625
3.411346435546875
3.46319580078125
3.7054290771484375
3.8152923583984375
