2.475341796875
1.9857177734375
1.93798828125
1.66302490234375
1.884796142578125
1.728973388671875
2.06439208984375
2.1155853271484375
1.6533050537109375
2.9567108154296875
1.9029388427734375
2.0010528564453125
2.290618896484375
2.2217254638671875
2.186187744140625
2.5206146240234375
2.12457275390625
1.9327545166015625
2.1415252685546875
1.8822174072265625
1.987640380859375
1.92523193359375
1.8027801513671875
2.086090087890625
2.1837005615234375
1.9288482666015625
2.0908355712890625
1.932281494140625
1.817901611328125
1.929931640625
2.5398712158203125
1.9688720703125
2.2621612548828125
2.054931640625
1.9662628173828125
2.3361053466796875
1.89794921875
1.8592529296875
1.5929107666015625
1.8416748046875
2.32513427734375
2.0365447998046875
2.4728851318359375
1.6571502685546875
2.0041046142578125
2.1490936279296875
1.9448089599609375
1.8358917236328125
2.2286376953125
1.894287109375
1.9300384521484375
2.5573883056640625
2.0290985107421875
2.0574188232421875
2.2292633056640625
2.3299560546875
1.9430084228515625
1.838104248046875
2.0601348876953125
1.8896484375
1.9407958984375
1.92333984375
2.2410888671875
2.0588226318359375
1.8940277099609375
2.0524444580078125
2.151397705078125
1.5974884033203125
1.9925537109375
1.8948516845703125
2.2459869384765625
2.4701385498046875
2.031524658203125
1.995361328125
1.656005859375
2.2252960205078125
2.3365936279296875
2.0721282958984375
1.769805908203125
2.1106414794921875
1.8342132568359375
2.19775390625
2.2105712890625
2.0362548828125
1.8485107421875
2.4094085693359375
1.6230010986328125
1.891204833984375
1.90838623046875
1.7601318359375
1.8896942138671875
1.844879150390625
1.8744354248046875
1.8453369140625
1.937408447265625
2.455657958984375
2.16253662109375
2.3836517333984375
2.171966552734375
2.4749908447265625
1.7123260498046875
1.9798431396484375
2.3940887451171875
1.9053802490234375
2.0621795654296875
2.084869384765625
2.0697174072265625
2.311279296875
1.849884033203125
1.9262237548828125
1.8170166015625
2.040191650390625
2.10888671875
1.8809661865234375
1.5105743408203125
1.6233367919921875
1.861328125
1.662384033203125
1.8719482421875
2.524200439453125
2.211669921875
1.807861328125
2.098663330078125
1.8227386474609375
2.00811767578125
1.748291015625
1.931304931640625
1.9868011474609375
2.2006378173828125
2.3518524169921875
2.0779571533203125
2.00262451171875
2.5463409423828125
1.8680877685546875
2.1024932861328125
2.0246124267578125
1.704620361328125
2.2111663818359375
1.8131103515625
1.9052886962890625
2.27557373046875
1.66802978515625
2.0099334716796875
1.8004913330078125
2.06591796875
1.801116943359375
2.14849853515625
2.37408447265625
1.6781768798828125
1.7989044189453125
2.464752197265625
2.132568359375
1.81011962890625
2.1018524169921875
1.6957550048828125
2.108795166015625
1.687774658203125
1.9685516357421875
2.430267333984375
1.73504638671875
1.69769287109375
2.1643218994140625
1.832672119140625
1.7515716552734375
2.3834991455078125
1.6733856201171875
1.6974334716796875
1.9546966552734375
1.52203369140625
1.890106201171875
2.1917572021484375
2.111541748046875
1.48919677734375
1.7188568115234375
2.3461151123046875
2.2545318603515625
2.157318115234375
2.2935028076171875
2.269439697265625
2.14300537109375
1.5079345703125
2.1237335205078125
1.61102294921875
1.7222900390625
1.7857666015625
1.9433135986328125
1.970184326171875
2.1580352783203125
1.906646728515625
2.1605987548828125
1.7374725341796875
1.98382568359375
2.0381011962890625
1.869842529296875
1.955810546875
2.2835693359375
1.765350341796875
1.662933349609375
2.119842529296875
2.12286376953125
1.541534423828125
2.141326904296875
1.9609527587890625
1.9730682373046875
1.6695556640625
2.2853851318359375
2.033843994140625
2.23699951171875
2.369232177734375
1.8136444091796875
1.7400665283203125
2.081085205078125
2.253326416015625
2.3441619873046875
2.123046875
1.7972259521484375
2.0311279296875
1.679107666015625
1.9880523681640625
1.8607025146484375
1.607818603515625
2.27606201171875
2.01654052734375
2.3983001708984375
2.1655120849609375
1.728363037109375
2.2353668212890625
2.4008331298828125
1.700714111328125
1.728302001953125
1.7367706298828125
1.9689178466796875
2.1205596923828125
2.3947601318359375
1.690887451171875
2.3006439208984375
2.0243988037109375
1.734283447265625
1.9893035888671875
1.566070556640625
2.0230560302734375
1.817962646484375
1.9987030029296875
1.9698028564453125
2.2271270751953125
2.148040771484375
2.3850860595703125
1.9517364501953125
1.7453460693359375
1.7906646728515625
2.150482177734375
2.1173248291015625
1.7859039306640625
2.354522705078125
2.2357940673828125
1.4121551513671875
1.9352569580078125
2.3663482666015625
1.7344207763671875
2.1617279052734375
1.8777618408203125
2.274505615234375
1.777862548828125
2.352264404296875
2.5983734130859375
2.004974365234375
2.112091064453125
1.8312530517578125
1.3516693115234375
1.816497802734375
1.892547607421875
2.407440185546875
1.6429595947265625
1.8858795166015625
2.0917510986328125
1.629547119140625
1.8479766845703125
2.8786773681640625
1.9957122802734375
1.71173095703125
2.3146514892578125
1.690185546875
1.91192626953125
1.846710205078125
2.0125579833984375
1.8225555419921875
2.0223236083984375
1.742156982421875
1.9665985107421875
2.07708740234375
1.690826416015625
1.9860076904296875
2.054840087890625
1.76483154296875
2.4835968017578125
2.28887939453125
1.9369964599609375
2.016998291015625
2.3059234619140625
1.653778076171875
1.794342041015625
1.79583740234375
2.20843505859375
2.4043731689453125
2.1893768310546875
2.1981353759765625
1.86590576171875
1.6864166259765625
2.1737823486328125
2.571258544921875
2.0802764892578125
2.3524932861328125
1.8236846923828125
2.217742919921875
2.1722412109375
2.1334228515625
2.2617034912109375
2.460418701171875
1.8494720458984375
2.2796478271484375
2.775482177734375
1.9658050537109375
1.8499908447265625
2.4302978515625
2.091522216796875
2.0496978759765625
1.755889892578125
2.3057708740234375
2.000640869140625
2.1114501953125
1.839202880859375
1.924835205078125
1.647979736328125
1.647308349609375
2.03363037109375
1.8647918701171875
2.6110382080078125
2.0557403564453125
2.388824462890625
2.078582763671875
1.9129180908203125
1.7882843017578125
2.0836944580078125
2.0615386962890625
1.72723388671875
2.50042724609375
1.6614532470703125
1.5420074462890625
1.832916259765625
2.194610595703125
2.3412933349609375
2.035980224609375
1.77947998046875
2.051025390625
2.1306304931640625
1.5335845947265625
2.3389129638671875
2.066497802734375
1.7545013427734375
2.5510406494140625
2.5037841796875
1.7945709228515625
1.8959503173828125
2.1063232421875
1.955535888671875
1.8928375244140625
1.673095703125
2.085845947265625
2.3752593994140625
2.397705078125
2.23486328125
2.0220184326171875
2.3246307373046875
1.9902801513671875
2.0394287109375
1.94415283203125
2.03338623046875
1.986572265625
1.9673004150390625
2.319671630859375
2.326019287109375
1.2070770263671875
1.8343353271484375
2.101348876953125
1.860137939453125
1.745880126953125
2.0596466064453125
2.0805511474609375
2.4352569580078125
2.303955078125
1.9870452880859375
1.8767547607421875
2.23699951171875
2.3618011474609375
2.00860595703125
1.9864044189453125
2.2236480712890625
1.8119049072265625
1.816802978515625
1.84869384765625
2.4764404296875
2.679046630859375
1.8885955810546875
2.0193328857421875
2.0048065185546875
2.5313720703125
2.5310516357421875
2.473052978515625
1.702911376953125
1.774261474609375
1.558197021484375
2.2708282470703125
1.6118621826171875
1.939849853515625
1.9469146728515625
2.08502197265625
1.8435516357421875
1.6906890869140625
1.4138336181640625
1.7937469482421875
2.33001708984375
1.9425048828125
2.464569091796875
2.2315521240234375
2.2967529296875
1.89044189453125
1.9475555419921875
1.6822509765625
1.8995513916015625
2.2953948974609375
1.599884033203125
1.8137969970703125
1.7630157470703125
1.8067779541015625
2.3305511474609375
1.9946136474609375
1.75445556640625
2.37322998046875
2.0230560302734375
1.8202056884765625
2.1639404296875
1.754486083984375
1.9190673828125
2.091644287109375
1.7997283935546875
2.0321044921875
2.0096893310546875
2.2813873291015625
1.7003021240234375
1.8350830078125
1.758880615234375
1.9175872802734375
2.1632537841796875
1.6700439453125
2.3297271728515625
2.3097076416015625
1.6771392822265625
1.7592620849609375
1.8601531982421875
1.8673553466796875
1.993927001953125
2.0922088623046875
1.9448089599609375
1.8342437744140625
1.7065277099609375
1.564208984375
2.0123748779296875
1.66705322265625
2.2157440185546875
2.1076812744140625
1.981597900390625
2.2889251708984375
2.311004638671875
1.8481903076171875
1.96209716796875
2.18414306640625
1.74090576171875
2.0896148681640625
2.1423492431640625
2.32855224609375
2.2648773193359375
1.7719268798828125
1.8323516845703125
2.8741455078125
2.1862640380859375
1.9936370849609375
2.385711669921875
2.7257843017578125
2.121124267578125
1.903961181640625
2.0855865478515625
2.07000732421875
1.812408447265625
2.038482666015625
1.676666259765625
1.7624359130859375
2.439605712890625
1.9101409912109375
1.800628662109375
2.1145477294921875
