0.8524932861328125
0.7094268798828125
1.1297607421875
0.73553466796875
0.9981842041015625
0.825775146484375
0.8130340576171875
1.348358154296875
1.061981201171875
0.8487548828125
1.0420989990234375
1.088775634765625
0.8743133544921875
0.9298248291015625
0.920013427734375
0.712005615234375
1.01654052734375
0.8047332763671875
0.9565582275390625
0.969696044921875
1.1233673095703125
1.2368011474609375
1.265167236328125
0.8317718505859375
1.4734954833984375
0.7939910888671875
0.820465087890625
0.9509735107421875
1.4249420166015625
1.1814117431640625
0.852508544921875
1.1465911865234375
1.147216796875
1.3583526611328125
0.95880126953125
1.4534759521484375
1.15570068359375
0.7672882080078125
0.9468231201171875
1.0702972412109375
0.9348602294921875
0.5812530517578125
0.7368011474609375
1.1473388671875
1.0180511474609375
0.88385009765625
0.65252685546875
0.923919677734375
0.7960968017578125
1.1973419189453125
1.152557373046875
1.3272857666015625
0.87261962890625
1.550506591796875
0.7451019287109375
1.0974578857421875
1.2613677978515625
0.8290863037109375
1.776031494140625
0.9418487548828125
1.197357177734375
0.790618896484375
0.9450531005859375
0.9310150146484375
0.90191650390625
1.27008056640625
1.05340576171875
0.7563934326171875
0.771148681640625
1.2500457763671875
1.0817108154296875
1.1357879638671875
0.94219970703125
0.8175506591796875
0.8964385986328125
0.8664703369140625
1.1383209228515625
0.7187957763671875
1.009307861328125
1.2257843017578125
0.7723388671875
1.2607879638671875
0.8826904296875
0.8202362060546875
0.9956512451171875
1.0522308349609375
1.0052337646484375
0.7190399169921875
1.1792755126953125
0.81207275390625
1.1591339111328125
0.859375
0.944091796875
0.6823272705078125
1.1165924072265625
0.920074462890625
1.184234619140625
0.9789276123046875
0.856903076171875
0.698760986328125
0.8301849365234375
0.870849609375
0.859222412109375
0.895477294921875
1.044036865234375
1.0841827392578125
1.1331329345703125
1.146575927734375
0.783172607421875
1.2349853515625
0.7390899658203125
0.9749298095703125
1.0659637451171875
1.1393280029296875
0.827484130859375
1.202392578125
0.817779541015625
1.5467987060546875
0.9458160400390625
1.0949859619140625
1.087310791015625
1.101837158203125
1.000701904296875
0.7928466796875
1.0508880615234375
0.6547393798828125
1.0687713623046875
0.7933807373046875
0.6674652099609375
0.819000244140625
0.786163330078125
0.8659820556640625
1.397613525390625
0.7637939453125
0.9058837890625
0.9643707275390625
0.9594573974609375
0.9458770751953125
1.259246826171875
0.6998291015625
1.0076141357421875
1.1708526611328125
1.5995635986328125
0.879119873046875
1.1178741455078125
0.878997802734375
0.8214874267578125
0.918548583984375
1.180145263671875
1.45965576171875
0.75299072265625
0.939910888671875
0.862091064453125
1.0623779296875
1.3008880615234375
1.058380126953125
0.9368743896484375
0.9361114501953125
0.7188873291015625
0.9027099609375
0.804351806640625
1.1010894775390625
1.049102783203125
1.423583984375
1.094940185546875
0.6772918701171875
0.7120361328125
0.9104461669921875
1.3131256103515625
0.8234100341796875
0.7606964111328125
0.958953857421875
0.8769073486328125
0.939605712890625
1.000274658203125
1.07598876953125
0.9014892578125
1.1292877197265625
1.11810302734375
0.9686737060546875
0.9337310791015625
1.0298309326171875
1.1607208251953125
1.003326416015625
1.184844970703125
1.0876007080078125
0.9136962890625
0.8226776123046875
1.0483551025390625
0.9623260498046875
0.5823822021484375
1.1912841796875
1.4054107666015625
0.937652587890625
0.8997955322265625
1.0607452392578125
1.2376861572265625
1.3263702392578125
0.98663330078125
0.713134765625
0.87921142578125
1.0501861572265625
1.1959228515625
1.064178466796875
0.9458160400390625
0.9178924560546875
0.8198394775390625
1.054779052734375
1.0389556884765625
1.0466461181640625
0.8225250244140625
1.0703582763671875
0.9082489013671875
0.909515380859375
0.6392669677734375
0.86102294921875
1.3058929443359375
1.1024322509765625
0.9189910888671875
0.7419586181640625
0.9270172119140625
1.050079345703125
0.994384765625
0.8155059814453125
0.8192901611328125
1.2204437255859375
1.3151397705078125
0.81719970703125
1.1811981201171875
1.02215576171875
0.940155029296875
0.7054290771484375
1.0077972412109375
1.241546630859375
0.7381591796875
0.8107757568359375
0.9757232666015625
0.956298828125
0.9238433837890625
0.8697509765625
1.02301025390625
1.0215606689453125
1.1180572509765625
1.285369873046875
1.0438690185546875
0.67242431640625
0.815277099609375
1.238861083984375
0.7395172119140625
0.60125732421875
1.0585174560546875
0.7812042236328125
0.98614501953125
0.859344482421875
1.2366943359375
1.42974853515625
1.1553497314453125
1.07440185546875
1.1063690185546875
0.913116455078125
0.813629150390625
1.145721435546875
0.9951171875
1.6034698486328125
1.0695343017578125
1.3778839111328125
0.8867034912109375
1.0702667236328125
0.80841064453125
1.1043548583984375
0.88177490234375
0.8228759765625
1.0899505615234375
1.390625
1.04150390625
0.6742706298828125
0.9047698974609375
0.987518310546875
0.901947021484375
0.9556884765625
1.01556396484375
0.8279571533203125
1.380340576171875
1.061065673828125
0.955078125
0.759246826171875
0.84613037109375
1.1150360107421875
1.0379180908203125
1.2763214111328125
1.0847015380859375
1.015228271484375
1.0931854248046875
0.6941375732421875
0.8701324462890625
0.77020263671875
0.8912811279296875
0.975616455078125
0.868743896484375
1.339111328125
1.1836395263671875
0.9946136474609375
1.009521484375
1.2359466552734375
0.765533447265625
0.92864990234375
1.146148681640625
0.8894500732421875
0.9110565185546875
1.0802154541015625
1.2599029541015625
1.4287261962890625
0.7037200927734375
0.9581298828125
0.9141693115234375
0.71734619140625
0.8999176025390625
0.915771484375
1.0284271240234375
1.1066741943359375
0.901702880859375
1.0800323486328125
0.7653350830078125
0.9280548095703125
0.96575927734375
0.8204345703125
0.6795196533203125
0.993194580078125
0.951263427734375
0.9534912109375
0.8378448486328125
1.1832275390625
0.8073272705078125
1.235870361328125
0.999176025390625
1.2000274658203125
0.7669677734375
1.254150390625
0.8453369140625
1.1098480224609375
0.9869384765625
1.22418212890625
1.1862335205078125
0.9974212646484375
0.7785491943359375
0.95770263671875
0.9294891357421875
0.772674560546875
1.609344482421875
1.271728515625
0.980377197265625
0.8826751708984375
0.9243621826171875
1.090362548828125
1.1632232666015625
0.8477783203125
1.1859588623046875
0.8728179931640625
1.055877685546875
0.7462310791015625
0.646148681640625
0.9682769775390625
0.873046875
0.7864227294921875
0.9098358154296875
1.3427886962890625
1.013671875
1.0293731689453125
0.8385009765625
1.2371673583984375
0.8464813232421875
0.7241668701171875
1.18548583984375
0.9998626708984375
0.690765380859375
1.281219482421875
1.6166229248046875
0.818695068359375
1.055419921875
0.93017578125
1.35577392578125
0.9429473876953125
1.0350799560546875
0.9887237548828125
1.0584869384765625
0.8208465576171875
1.2007904052734375
1.06298828125
1.546295166015625
1.188079833984375
1.0483551025390625
1.0794830322265625
1.508270263671875
0.8494720458984375
1.26483154296875
0.7483978271484375
1.042236328125
0.7808990478515625
0.7710723876953125
1.023681640625
0.739013671875
0.97576904296875
1.215850830078125
0.9246368408203125
1.0123443603515625
1.048065185546875
1.1823883056640625
0.88372802734375
1.0940399169921875
1.2949676513671875
1.204010009765625
0.6184844970703125
0.7888031005859375
0.8751373291015625
0.9978485107421875
0.8534393310546875
0.8983001708984375
1.1661224365234375
1.4198760986328125
1.2268218994140625
0.8162078857421875
0.7690582275390625
0.9469146728515625
1.0427398681640625
0.665252685546875
1.0052490234375
0.8698577880859375
0.7727203369140625
0.9000091552734375
1.249298095703125
1.0591583251953125
1.0273895263671875
1.167694091796875
0.886810302734375
0.774139404296875
0.8979644775390625
0.9118194580078125
0.864715576171875
1.0758209228515625
0.99365234375
1.1674652099609375
1.012237548828125
0.9971160888671875
0.681427001953125
1.00390625
1.042633056640625
1.3277435302734375
0.74371337890625
1.0240020751953125
0.85498046875
1.044647216796875
1.138092041015625
0.7596282958984375
1.1492767333984375
0.6849517822265625
1.207489013671875
0.6666717529296875
0.904998779296875
0.8870086669921875
0.917572021484375
1.057220458984375
1.176727294921875
1.286651611328125
1.0761566162109375
1.0735321044921875
0.8583984375
1.243133544921875
0.840728759765625
0.8460235595703125
1.1201019287109375
1.2180328369140625
1.1623687744140625
1.121856689453125
1.1563720703125
1.2237548828125
0.96588134765625
0.6578216552734375
0.9358978271484375
0.8728485107421875
0.75592041015625
0.672515869140625
0.9131317138671875
1.0399322509765625
0.9056854248046875
0.851470947265625
0.8988189697265625
1.232666015625
1.341766357421875
0.876739501953125
0.828125
0.94970703125
0.873779296875
1.3114471435546875
1.18133544921875
0.95196533203125
0.8249664306640625
0.967742919921875
1.0076904296875
1.2960968017578125
1.00128173828125
