4.8667144775390625
4.3372039794921875
4.5845794677734375
4.7907562255859375
4.7987213134765625
4.84588623046875
4.546783447265625
4.4253387451171875
5.0580596923828125
4.7479248046875
5.385894775390625
5.004638671875
5.0935516357421875
4.9709320068359375
4.6580352783203125
4.9179229736328125
4.7495574951171875
4.729705810546875
4.8188018798828125
4.5604095458984375
4.52581787109375
4.505157470703125
4.7096099853515625
4.6417694091796875
4.7194061279296875
4.6146697998046875
4.698486328125
4.4923858642578125
4.789215087890625
4.18670654296875
5.430145263671875
4.9602508544921875
4.747528076171875
4.630828857421875
4.6102752685546875
4.695587158203125
4.5664215087890625
4.56536865234375
4.87017822265625
4.55023193359375
4.4897613525390625
4.8748626708984375
4.6961669921875
4.459197998046875
4.92083740234375
4.3537750244140625
4.6782684326171875
4.6549835205078125
4.6138153076171875
4.3837432861328125
4.5165252685546875
4.551025390625
4.342559814453125
4.3795318603515625
4.8522186279296875
4.6885986328125
4.7112579345703125
4.6857452392578125
4.5617828369140625
4.272979736328125
4.2069854736328125
4.7904815673828125
4.582244873046875
4.6279296875
4.5062408447265625
4.4601898193359375
4.7901611328125
4.8823089599609375
4.3701171875
4.0282440185546875
4.705169677734375
4.5557708740234375
5.0832061767578125
5.4161224365234375
4.6389007568359375
4.6773223876953125
4.8249053955078125
4.94921875
4.6131591796875
5.275787353515625
5.1752166748046875
4.8556976318359375
4.7230072021484375
4.3785400390625
4.6412811279296875
4.6550750732421875
4.720733642578125
4.830596923828125
4.9251861572265625
4.9311370849609375
4.33953857421875
4.8315277099609375
4.5699310302734375
4.5988311767578125
5.0041351318359375
4.137176513671875
5.051666259765625
4.7097930908203125
4.3157501220703125
4.9910736083984375
4.98309326171875
5.295745849609375
4.863433837890625
4.6590118408203125
4.3740234375
4.8993377685546875
4.5377349853515625
4.4768218994140625
4.7779998779296875
4.518524169921875
4.626312255859375
4.611846923828125
4.9032440185546875
4.5836029052734375
5.0926666259765625
4.3589935302734375
4.7403564453125
5.0015869140625
4.4391632080078125
5.195526123046875
4.8597259521484375
4.8162994384765625
5.4304656982421875
4.995697021484375
4.4984893798828125
4.5833282470703125
4.819183349609375
4.4650115966796875
4.6185150146484375
4.6243743896484375
4.618865966796875
4.3811187744140625
4.4217529296875
4.5053558349609375
4.6713409423828125
4.572540283203125
4.5135345458984375
4.955810546875
4.7284698486328125
4.898773193359375
4.800323486328125
5.04547119140625
4.654815673828125
4.9167022705078125
4.6003570556640625
4.719451904296875
4.663299560546875
5.198028564453125
4.9852752685546875
5.045074462890625
4.9617767333984375
5.046844482421875
4.9620819091796875
4.7676239013671875
4.79180908203125
4.6677703857421875
4.78106689453125
4.755950927734375
4.6473236083984375
4.46978759765625
4.95233154296875
4.4315643310546875
4.8902740478515625
4.486480712890625
4.6502532958984375
4.304107666015625
4.7974853515625
4.7972259521484375
4.613983154296875
4.6825714111328125
4.776641845703125
4.87738037109375
4.7498626708984375
4.636962890625
4.845703125
5.1017303466796875
4.7403106689453125
4.4891357421875
4.62701416015625
4.4951629638671875
4.396728515625
4.7429656982421875
4.6884613037109375
4.6003265380859375
5.0792236328125
4.80523681640625
4.56317138671875
4.935302734375
4.536865234375
5.096771240234375
4.5816802978515625
4.6332550048828125
4.4439239501953125
4.528076171875
4.8419342041015625
4.3646392822265625
4.4947357177734375
4.9263458251953125
4.54693603515625
4.3861846923828125
4.2420806884765625
4.931610107421875
4.642791748046875
5.035552978515625
4.5732269287109375
5.2690582275390625
4.7312774658203125
4.645751953125
4.10870361328125
4.3634033203125
4.768524169921875
4.6150054931640625
5.205322265625
5.34466552734375
5.2389373779296875
4.6887054443359375
4.959869384765625
5.0550994873046875
5.1662139892578125
4.760284423828125
4.3577117919921875
4.7878875732421875
4.5872955322265625
4.3426513671875
4.421295166015625
4.6293487548828125
4.5559844970703125
4.7919158935546875
4.4586944580078125
4.6710357666015625
5.0003509521484375
4.8544464111328125
5.2353057861328125
4.7454986572265625
4.913360595703125
4.4153900146484375
4.8206329345703125
4.733551025390625
4.66534423828125
4.680908203125
4.7244720458984375
4.8693389892578125
4.4291229248046875
4.63720703125
4.828033447265625
4.717041015625
4.81817626953125
5.05841064453125
4.33367919921875
5.141082763671875
4.148834228515625
4.5643310546875
4.655548095703125
4.563934326171875
4.61285400390625
4.8371429443359375
4.730224609375
4.6083984375
4.90106201171875
4.7735748291015625
4.80157470703125
4.4725341796875
4.524322509765625
4.5273895263671875
4.4686279296875
4.8594207763671875
4.651336669921875
5.0254669189453125
4.5426025390625
4.1937255859375
4.780242919921875
4.8526611328125
4.4913330078125
4.81085205078125
4.643341064453125
4.7345733642578125
4.6868133544921875
4.4694976806640625
4.7387237548828125
5.419830322265625
4.605499267578125
5.2101593017578125
4.7883148193359375
4.748077392578125
4.9895477294921875
4.408050537109375
4.6995086669921875
4.758636474609375
4.8632965087890625
4.769317626953125
4.972381591796875
4.623443603515625
4.56646728515625
4.910858154296875
4.494903564453125
4.462158203125
4.7071380615234375
5.091461181640625
4.6830596923828125
4.9297637939453125
4.291839599609375
4.795989990234375
4.8745269775390625
4.428375244140625
4.592987060546875
4.4323272705078125
4.6128692626953125
4.348175048828125
4.4702606201171875
4.370086669921875
4.4005889892578125
4.1851654052734375
4.8301239013671875
4.565338134765625
5.0846099853515625
4.57147216796875
5.1727142333984375
4.3622894287109375
4.5242767333984375
4.3583526611328125
4.46112060546875
4.605712890625
4.8824615478515625
4.885986328125
4.4444122314453125
5.1384124755859375
4.8910064697265625
4.4097900390625
5.2008056640625
4.56103515625
4.626495361328125
4.4346160888671875
4.91619873046875
4.766693115234375
4.583984375
4.9829254150390625
5.0417022705078125
4.6967010498046875
4.69598388671875
4.737335205078125
5.0377197265625
4.7065277099609375
4.594268798828125
4.7542572021484375
4.5235748291015625
4.0963592529296875
5.0999755859375
4.8001861572265625
4.2401885986328125
4.296173095703125
4.4081573486328125
4.517822265625
4.878265380859375
4.8313140869140625
4.765045166015625
4.9911956787109375
4.642578125
4.482696533203125
4.5680084228515625
4.8980255126953125
4.78863525390625
4.318359375
4.5241241455078125
4.5860595703125
4.460540771484375
5.330718994140625
4.5193939208984375
4.6535797119140625
4.46612548828125
4.938140869140625
4.6799163818359375
4.7711334228515625
4.75714111328125
4.615875244140625
4.76568603515625
4.340911865234375
4.735198974609375
4.3651123046875
4.5493621826171875
4.357635498046875
4.7589263916015625
4.991241455078125
4.216217041015625
4.64849853515625
5.25177001953125
4.9156951904296875
4.848236083984375
4.398956298828125
4.942626953125
4.719696044921875
4.817657470703125
4.78338623046875
5.045867919921875
4.989471435546875
5.3936920166015625
4.724822998046875
4.9498138427734375
5.3419647216796875
5.036834716796875
4.7236175537109375
4.837127685546875
4.7001495361328125
4.9140167236328125
4.355499267578125
5.0072174072265625
4.868865966796875
4.888824462890625
4.7431182861328125
4.849884033203125
4.7679290771484375
4.7136993408203125
4.764678955078125
4.604705810546875
4.4909820556640625
4.581878662109375
4.7896881103515625
4.682830810546875
4.6573028564453125
4.41937255859375
4.875457763671875
4.78314208984375
4.7738189697265625
4.71929931640625
4.6394195556640625
4.465087890625
4.597198486328125
4.7933197021484375
4.674957275390625
4.520782470703125
4.8800048828125
4.69940185546875
4.8564605712890625
4.4652862548828125
4.6582183837890625
4.7873077392578125
4.8215789794921875
4.481201171875
4.70947265625
4.9355926513671875
4.83319091796875
5.1119232177734375
4.504425048828125
5.086090087890625
4.71148681640625
4.5254058837890625
4.5108184814453125
4.3353729248046875
4.8715972900390625
4.9735107421875
4.3122100830078125
5.0905914306640625
4.7052459716796875
4.63934326171875
5.0928192138671875
4.91387939453125
4.9698486328125
4.761505126953125
4.235443115234375
4.5805206298828125
5.0304718017578125
4.049713134765625
5.115936279296875
4.7816619873046875
4.4988555908203125
4.89727783203125
4.49188232421875
4.8138885498046875
4.3743896484375
4.1635589599609375
4.5792236328125
4.5709228515625
4.9693145751953125
4.28997802734375
4.7122802734375
4.3947906494140625
4.854705810546875
4.488555908203125
4.8846588134765625
4.3143157958984375
5.03167724609375
4.818328857421875
4.785430908203125
4.6530914306640625
4.8895111083984375
4.2307281494140625
4.707366943359375
4.450958251953125
4.34991455078125
5.04168701171875
4.9080963134765625
4.7018280029296875
5.1602325439453125
4.92462158203125
4.1876983642578125
4.7065887451171875
4.8820648193359375
4.97283935546875
4.787628173828125
4.819854736328125
4.4466094970703125
