3.415863037109375
3.3516082763671875
2.95709228515625
3.1338958740234375
3.579071044921875
3.5073699951171875
3.1936798095703125
3.0543060302734375
3.5852203369140625
3.1114349365234375
2.878387451171875
3.2088470458984375
2.6782379150390625
3.1730804443359375
3.40960693359375
3.151214599609375
3.237548828125
3.6727142333984375
3.0821380615234375
3.0948486328125
3.2547760009765625
3.323699951171875
3.202362060546875
3.221832275390625
3.21710205078125
3.22674560546875
3.4148712158203125
3.211090087890625
3.268310546875
3.078460693359375
2.9210205078125
3.4869537353515625
3.287811279296875
2.7064056396484375
3.104339599609375
3.0562591552734375
3.2529296875
2.999420166015625
2.959869384765625
3.231170654296875
2.9865875244140625
3.239715576171875
3.2530670166015625
3.0579681396484375
2.8606719970703125
3.3459930419921875
3.2037506103515625
2.9363861083984375
2.91839599609375
3.1146392822265625
3.251739501953125
3.2322998046875
3.17767333984375
3.1333465576171875
3.053253173828125
3.2631072998046875
3.1582183837890625
2.8837127685546875
2.9946136474609375
2.831634521484375
2.9763641357421875
3.095947265625
3.08660888671875
3.26275634765625
2.9836273193359375
3.4311981201171875
3.73675537109375
2.955535888671875
2.979461669921875
3.0119476318359375
2.9343109130859375
2.7147674560546875
3.0919647216796875
3.046295166015625
3.259521484375
2.90423583984375
3.2129669189453125
2.8962554931640625
2.9594879150390625
3.263214111328125
2.9550018310546875
2.94439697265625
3.070343017578125
3.0150146484375
2.821563720703125
2.92828369140625
3.4303131103515625
2.74554443359375
2.8003082275390625
2.967926025390625
2.87646484375
3.419342041015625
2.9611663818359375
3.307159423828125
2.98779296875
2.7715911865234375
3.008758544921875
2.86773681640625
3.1229400634765625
3.2202606201171875
2.9815673828125
3.2328643798828125
2.933074951171875
3.4433441162109375
2.933746337890625
2.8560943603515625
2.8724822998046875
3.09442138671875
2.9590606689453125
3.135009765625
2.84698486328125
2.8932342529296875
3.16241455078125
3.1959686279296875
3.295684814453125
3.0732269287109375
2.9889373779296875
3.00250244140625
2.749481201171875
2.5809783935546875
3.3398590087890625
3.3004150390625
2.568145751953125
3.377655029296875
2.717193603515625
3.2677764892578125
3.0738372802734375
2.5547943115234375
3.232147216796875
2.5734100341796875
3.102569580078125
3.1367950439453125
3.2665252685546875
2.829193115234375
2.783538818359375
3.1681365966796875
3.412200927734375
3.29742431640625
3.013397216796875
3.1576690673828125
2.8957061767578125
3.5178375244140625
3.556854248046875
3.04412841796875
3.1325531005859375
2.62884521484375
3.550048828125
3.1772918701171875
3.5753936767578125
2.61981201171875
2.7497100830078125
2.9965972900390625
3.2406463623046875
3.5987548828125
3.1449737548828125
3.2115020751953125
3.0434112548828125
2.779937744140625
3.3215789794921875
3.276092529296875
3.1243133544921875
2.985504150390625
3.14984130859375
3.24639892578125
3.0742950439453125
3.1168060302734375
2.923187255859375
2.94378662109375
2.7191162109375
3.3596954345703125
3.134368896484375
3.2250823974609375
3.3928985595703125
3.1814727783203125
3.1756744384765625
3.468475341796875
3.2947845458984375
2.944488525390625
3.11846923828125
3.32025146484375
3.177978515625
3.220062255859375
2.8502349853515625
2.863372802734375
3.7078399658203125
3.0276336669921875
3.513824462890625
2.9435882568359375
2.7693939208984375
3.220306396484375
3.142120361328125
3.329132080078125
3.1498565673828125
2.98260498046875
3.3001251220703125
2.8416595458984375
3.08477783203125
3.5440673828125
2.818115234375
3.1824493408203125
3.2455596923828125
3.3713226318359375
2.912353515625
2.9893951416015625
3.7516021728515625
2.83184814453125
2.875335693359375
3.3975067138671875
3.0371856689453125
2.7873382568359375
2.7158660888671875
2.9967803955078125
2.69244384765625
2.56597900390625
3.1667633056640625
3.2917022705078125
2.879425048828125
3.628570556640625
3.1364593505859375
3.2659912109375
3.152587890625
2.8519134521484375
2.4970855712890625
3.015350341796875
3.501312255859375
3.049957275390625
2.9798736572265625
3.331787109375
2.897613525390625
3.032440185546875
3.4619140625
2.8096466064453125
3.6236114501953125
3.242431640625
2.8497161865234375
3.1873321533203125
2.9373626708984375
3.197174072265625
3.475555419921875
3.591522216796875
3.1822967529296875
2.599884033203125
3.0960845947265625
3.581695556640625
3.0777130126953125
2.7667083740234375
2.7360076904296875
3.221160888671875
3.1688079833984375
2.7079925537109375
2.89068603515625
3.1187286376953125
2.982086181640625
3.1821136474609375
2.9062042236328125
2.9080657958984375
3.2246551513671875
2.8961334228515625
3.34698486328125
2.5780181884765625
2.938751220703125
3.1935272216796875
2.7858428955078125
3.110931396484375
3.62847900390625
3.18853759765625
3.035186767578125
2.906524658203125
3.1960906982421875
3.2042388916015625
2.959228515625
2.8185577392578125
3.3652191162109375
3.1875762939453125
3.2281036376953125
3.4589691162109375
2.7569580078125
2.9924774169921875
3.1454315185546875
2.8883819580078125
3.1510772705078125
2.7884368896484375
3.292572021484375
2.9443359375
3.2975006103515625
3.1746978759765625
3.1573638916015625
3.03173828125
3.1510162353515625
3.2547454833984375
2.63092041015625
3.321990966796875
2.81390380859375
3.511077880859375
3.4302978515625
2.7464447021484375
2.977569580078125
2.9782867431640625
3.1400909423828125
3.24139404296875
2.7812652587890625
3.4303131103515625
3.2045135498046875
3.0302886962890625
3.7238006591796875
3.1542510986328125
2.865936279296875
3.5885162353515625
3.3487091064453125
3.58026123046875
3.0748138427734375
3.0327301025390625
2.9958343505859375
3.196624755859375
2.8365325927734375
2.8829193115234375
3.37664794921875
3.4116058349609375
2.9766998291015625
2.7347564697265625
3.535919189453125
2.849853515625
2.9378662109375
3.3707733154296875
2.8470001220703125
3.2704620361328125
3.290679931640625
3.1890869140625
3.16131591796875
3.120208740234375
2.89019775390625
3.24444580078125
3.2266998291015625
3.1022186279296875
2.653778076171875
3.3621673583984375
3.161651611328125
3.3939056396484375
3.3508148193359375
3.4023895263671875
3.2951507568359375
3.0207366943359375
2.5871734619140625
2.6074066162109375
3.380889892578125
3.649261474609375
2.9185638427734375
3.0896148681640625
3.2613983154296875
3.1522979736328125
2.8614959716796875
3.083526611328125
3.8159332275390625
3.3360443115234375
3.173095703125
2.9446563720703125
2.7002410888671875
2.7803802490234375
2.9131622314453125
3.1269989013671875
2.9134979248046875
3.2608489990234375
3.23101806640625
3.0704193115234375
2.954986572265625
2.966064453125
2.926116943359375
3.54644775390625
2.8579864501953125
3.8343048095703125
2.9571075439453125
2.8457183837890625
3.3725128173828125
2.910888671875
3.091278076171875
3.398040771484375
3.160400390625
3.22467041015625
2.7171478271484375
2.7415924072265625
3.04400634765625
3.5046234130859375
3.109344482421875
3.527191162109375
2.7623748779296875
2.915069580078125
3.3194122314453125
3.2707366943359375
2.915771484375
3.055694580078125
3.1659393310546875
3.234100341796875
3.075836181640625
3.388763427734375
3.1128082275390625
3.3751068115234375
3.1071624755859375
2.8786468505859375
2.8010101318359375
3.185791015625
3.369476318359375
3.0759735107421875
3.6839752197265625
3.155914306640625
3.2611541748046875
2.9675445556640625
3.424285888671875
3.644989013671875
2.7631072998046875
2.9433746337890625
3.6233673095703125
2.9319915771484375
2.94000244140625
2.75946044921875
3.6717376708984375
3.1153411865234375
2.769500732421875
3.072784423828125
3.00079345703125
3.0074920654296875
3.2379608154296875
3.310089111328125
2.9553680419921875
2.9085845947265625
3.4215087890625
3.202178955078125
3.291015625
3.418304443359375
3.3419189453125
3.5245208740234375
3.2763671875
2.9840850830078125
2.923553466796875
3.0777740478515625
3.238311767578125
3.155242919921875
3.2781219482421875
2.74493408203125
3.1996307373046875
3.122589111328125
2.877349853515625
3.1959686279296875
3.380340576171875
3.2579345703125
2.977630615234375
3.26727294921875
3.0574493408203125
3.7548065185546875
3.211181640625
3.3978118896484375
3.1386871337890625
3.0153045654296875
3.282379150390625
3.20050048828125
3.1428985595703125
3.0221099853515625
3.231048583984375
2.981597900390625
3.694122314453125
3.4373321533203125
3.166229248046875
3.1070556640625
2.5025634765625
3.2563018798828125
3.5228729248046875
3.3942108154296875
3.2656402587890625
2.6720428466796875
3.151123046875
2.956939697265625
2.985626220703125
2.6411590576171875
4.0813751220703125
3.10406494140625
3.4581756591796875
3.202362060546875
3.1881866455078125
3.1021881103515625
3.309478759765625
3.1815338134765625
2.7653045654296875
3.470306396484375
2.8905487060546875
3.3594207763671875
3.209136962890625
3.624298095703125
3.042816162109375
2.7601165771484375
3.774810791015625
3.3104248046875
3.2664794921875
3.39599609375
3.3464813232421875
3.003387451171875
3.11199951171875
3.2205352783203125
3.0273590087890625
3.5702362060546875
3.1517333984375
2.9677276611328125
