4.1376495361328125
4.0458831787109375
3.6815948486328125
3.9109649658203125
4.339874267578125
4.3072357177734375
3.873046875
3.8120269775390625
4.2346649169921875
3.871185302734375
3.654754638671875
3.8997650146484375
3.4802093505859375
3.854766845703125
4.169158935546875
3.8727264404296875
3.99163818359375
4.4272003173828125
3.8587799072265625
3.747772216796875
3.9743804931640625
4.0067596435546875
3.89227294921875
3.9693145751953125
3.990478515625
4.0039825439453125
4.1642303466796875
4.00823974609375
4.0323944091796875
3.8354339599609375
3.7570953369140625
4.3462371826171875
4.1338043212890625
3.486297607421875
3.7993011474609375
3.7653045654296875
3.9890594482421875
3.8062744140625
3.642242431640625
3.96771240234375
3.6622467041015625
4.03466796875
3.9765472412109375
3.886810302734375
3.5075225830078125
4.072845458984375
3.89794921875
3.6763153076171875
3.5390472412109375
3.858428955078125
3.9369354248046875
3.956024169921875
3.9381256103515625
3.890960693359375
3.74365234375
4.04266357421875
3.9287261962890625
3.7137451171875
3.750396728515625
3.58465576171875
3.6324005126953125
3.814605712890625
3.8236083984375
3.9966888427734375
3.729705810546875
4.1115570068359375
4.46160888671875
3.7231292724609375
3.7166748046875
3.6951751708984375
3.638336181640625
3.4593048095703125
3.8531341552734375
3.70318603515625
4.0646820068359375
3.6612396240234375
3.9062957763671875
3.689178466796875
3.6574859619140625
4.119720458984375
3.67376708984375
3.664764404296875
3.8980865478515625
3.8372039794921875
3.5785064697265625
3.6208343505859375
4.0969390869140625
3.5556182861328125
3.529510498046875
3.6506805419921875
3.629608154296875
4.1539306640625
3.5778045654296875
4.094482421875
3.726165771484375
3.560546875
3.8327789306640625
3.58062744140625
3.7422332763671875
3.9070587158203125
3.678863525390625
4.051971435546875
3.68218994140625
4.2045745849609375
3.6495208740234375
3.6836700439453125
3.50537109375
3.8044586181640625
3.620819091796875
3.7831573486328125
3.5893707275390625
3.6119232177734375
4.0080108642578125
3.8123626708984375
4.1417694091796875
3.84747314453125
3.699981689453125
3.756988525390625
3.53955078125
3.25384521484375
4.056640625
3.99334716796875
3.3257904052734375
4.0723419189453125
3.597625732421875
3.9508056640625
3.82391357421875
3.2657928466796875
3.9462127685546875
3.3825531005859375
3.879241943359375
3.8810272216796875
4.0102081298828125
3.51446533203125
3.511932373046875
3.908050537109375
4.1245269775390625
4.0306243896484375
3.6432647705078125
3.8488006591796875
3.6816253662109375
4.226715087890625
4.321563720703125
3.8759002685546875
3.7689056396484375
3.4788665771484375
4.2022705078125
3.865142822265625
4.2029571533203125
3.4305572509765625
3.4952239990234375
3.84686279296875
4.0496063232421875
4.289093017578125
3.7778778076171875
3.9826507568359375
3.7948150634765625
3.5886993408203125
4.0243072509765625
3.99285888671875
3.7788238525390625
3.718963623046875
4.0000457763671875
3.8934326171875
3.789825439453125
3.881103515625
3.6821136474609375
3.621826171875
3.5013427734375
4.1401214599609375
3.9226837158203125
3.9396514892578125
4.1252593994140625
3.9666595458984375
4.0284881591796875
4.3516845703125
4.030609130859375
3.6782379150390625
3.7155303955078125
3.91973876953125
3.912078857421875
3.936798095703125
3.538116455078125
3.6753997802734375
4.34112548828125
3.7292938232421875
4.2485504150390625
3.6549530029296875
3.5238037109375
3.93695068359375
3.81072998046875
3.9759368896484375
3.8572998046875
3.6937103271484375
4.058197021484375
3.57183837890625
3.7027587890625
4.2397613525390625
3.6634674072265625
4.049530029296875
4.0124359130859375
4.0884246826171875
3.5584564208984375
3.7863311767578125
4.4147491455078125
3.52490234375
3.5214691162109375
3.9212646484375
3.683258056640625
3.5329437255859375
3.535552978515625
3.68365478515625
3.509063720703125
3.2958221435546875
4.0142822265625
4.014495849609375
3.6259002685546875
4.3327484130859375
3.7986297607421875
4.0475006103515625
4.093597412109375
3.557159423828125
3.295013427734375
3.8663330078125
4.135345458984375
3.873016357421875
3.6974945068359375
4.0758056640625
3.579833984375
3.7446746826171875
4.2768402099609375
3.5962066650390625
4.330108642578125
4.0938720703125
3.668060302734375
3.9930572509765625
3.59716796875
4.016082763671875
4.188323974609375
4.2910308837890625
3.955841064453125
3.4062957763671875
3.8697967529296875
4.2953033447265625
3.778411865234375
3.4464263916015625
3.50115966796875
3.9665679931640625
3.9451904296875
3.38433837890625
3.5615386962890625
3.9351348876953125
3.746673583984375
3.9675750732421875
3.7527313232421875
3.7072906494140625
4.0236053466796875
3.61322021484375
4.11297607421875
3.3433074951171875
3.7389068603515625
3.9972381591796875
3.5886383056640625
3.8941497802734375
4.3846893310546875
3.8764495849609375
3.69342041015625
3.632598876953125
3.9571990966796875
3.921661376953125
3.7341461181640625
3.5373687744140625
4.0925140380859375
3.95416259765625
3.9234771728515625
4.219146728515625
3.569793701171875
3.7330474853515625
3.914306640625
3.6101837158203125
3.965972900390625
3.598175048828125
4.10845947265625
3.625
4.022430419921875
3.8585205078125
3.7725982666015625
3.7025604248046875
3.8800201416015625
3.8624267578125
3.43536376953125
4.0419158935546875
3.575958251953125
4.2233123779296875
4.169708251953125
3.4428253173828125
3.8059539794921875
3.765716552734375
3.927459716796875
3.94775390625
3.4908905029296875
4.2015380859375
3.9698028564453125
3.803314208984375
4.29913330078125
3.9619903564453125
3.594329833984375
4.27972412109375
4.047698974609375
4.3943328857421875
3.7322998046875
3.709716796875
3.77667236328125
3.867095947265625
3.598846435546875
3.5988922119140625
4.13043212890625
4.183135986328125
3.8393096923828125
3.4993896484375
4.1876678466796875
3.6828460693359375
3.6262969970703125
4.0496368408203125
3.5881195068359375
4.0122528076171875
4.031982421875
3.9069061279296875
3.9444580078125
3.7738494873046875
3.5910186767578125
3.9661407470703125
3.9248046875
3.781768798828125
3.445770263671875
4.1982421875
3.8885498046875
4.1545867919921875
4.1311492919921875
4.2225494384765625
4.0112152099609375
3.6231689453125
3.3067779541015625
3.3973236083984375
4.12689208984375
4.2393951416015625
3.7263031005859375
3.83160400390625
4.079620361328125
3.9190216064453125
3.626220703125
3.81805419921875
4.4241790771484375
3.9074249267578125
3.9795989990234375
3.7678680419921875
3.3915252685546875
3.602752685546875
3.5680694580078125
3.92333984375
3.5661468505859375
4.0395050048828125
4.0462493896484375
3.7697601318359375
3.6373138427734375
3.7667236328125
3.7679595947265625
4.1695709228515625
3.5608367919921875
4.4238128662109375
3.6109161376953125
3.7095794677734375
4.0481719970703125
3.693878173828125
3.9274444580078125
4.0382232666015625
3.80621337890625
4.0422210693359375
3.44244384765625
3.43829345703125
3.765625
4.2472686767578125
3.7588043212890625
4.292083740234375
3.585357666015625
3.6815338134765625
4.0615234375
4.0007476806640625
3.6723785400390625
3.861419677734375
3.969573974609375
3.9326629638671875
3.77398681640625
4.0999755859375
3.778289794921875
4.085540771484375
3.9017181396484375
3.6443634033203125
3.6549224853515625
3.90509033203125
4.0870208740234375
3.798065185546875
4.43170166015625
3.852020263671875
4.0102691650390625
3.6597137451171875
4.092498779296875
4.3175201416015625
3.5629119873046875
3.784027099609375
4.2127685546875
3.63763427734375
3.6848297119140625
3.5051727294921875
4.439422607421875
3.85418701171875
3.6122894287109375
3.8090667724609375
3.8177490234375
3.8351287841796875
4.03033447265625
4.003448486328125
3.7199249267578125
3.6449432373046875
4.1462554931640625
3.834808349609375
4.0340576171875
4.171600341796875
3.9810791015625
4.23065185546875
4.0634765625
3.7891845703125
3.713623046875
3.7848968505859375
4.031036376953125
3.811187744140625
3.8740997314453125
3.5296478271484375
3.94140625
3.8604583740234375
3.6594390869140625
3.83209228515625
4.142181396484375
4.0009307861328125
3.7332916259765625
3.8900146484375
3.7872314453125
4.423980712890625
3.95068359375
4.2050018310546875
3.8876800537109375
3.85888671875
4.0862274169921875
4.0828399658203125
3.849578857421875
3.66815185546875
3.9927520751953125
3.77569580078125
4.442840576171875
4.2606201171875
3.9460296630859375
3.920928955078125
3.2825164794921875
3.9557037353515625
4.2490081787109375
4.1349334716796875
4.08941650390625
3.4999847412109375
3.9276580810546875
3.6818389892578125
3.7144012451171875
3.447052001953125
4.7436981201171875
3.788543701171875
4.0628204345703125
3.839599609375
3.9627685546875
3.7459564208984375
4.0885162353515625
3.9922027587890625
3.51544189453125
4.0235443115234375
3.664154052734375
4.1281585693359375
4.1221923828125
4.3514404296875
3.7975311279296875
3.47308349609375
4.45819091796875
4.0528564453125
4.0093536376953125
3.9957122802734375
3.9986114501953125
3.7436065673828125
3.7489471435546875
4.0183563232421875
3.7314453125
4.2570953369140625
3.9225006103515625
3.6407318115234375
