4.137481689453125
3.7878570556640625
4.456817626953125
4.032318115234375
4.4039764404296875
4.067901611328125
4.0882415771484375
4.40625
4.1297760009765625
4.1291046142578125
4.21221923828125
4.189056396484375
4.324462890625
4.6012725830078125
3.9703369140625
4.040008544921875
4.2973175048828125
4.1624908447265625
4.45654296875
3.8718109130859375
4.782257080078125
4.6027679443359375
4.503814697265625
4.2584686279296875
4.30657958984375
4.08148193359375
3.8431396484375
4.3255767822265625
4.5284271240234375
4.532867431640625
4.0260467529296875
4.5617523193359375
4.282196044921875
4.2653961181640625
4.211578369140625
5.02099609375
4.3284912109375
3.960601806640625
4.4172515869140625
4.365081787109375
4.100433349609375
3.7456512451171875
4.0940399169921875
4.2877960205078125
4.13702392578125
3.9830322265625
3.67529296875
4.1488800048828125
3.9837493896484375
4.2448577880859375
4.120208740234375
4.5955657958984375
4.327606201171875
4.5062255859375
3.8551483154296875
4.2644805908203125
4.684906005859375
4.149444580078125
4.290313720703125
4.3408203125
4.5062408447265625
3.808685302734375
4.2545928955078125
3.9605560302734375
4.2954254150390625
4.4658203125
4.6214141845703125
3.8976287841796875
3.7226409912109375
4.5406951904296875
4.2707672119140625
4.13525390625
4.2039642333984375
4.0248870849609375
4.0073394775390625
4.0210113525390625
4.4953765869140625
3.964202880859375
4.6324462890625
4.5697021484375
3.8562164306640625
4.3771209716796875
4.3890380859375
4.42510986328125
4.3586273193359375
4.0882720947265625
4.263153076171875
3.96923828125
4.4547576904296875
3.7600555419921875
4.197052001953125
4.00933837890625
3.97998046875
3.8768768310546875
4.1821746826171875
4.20367431640625
4.6960906982421875
4.2619781494140625
4.1760406494140625
3.8439178466796875
4.2180328369140625
3.65313720703125
4.258819580078125
4.01629638671875
4.3624267578125
4.3647918701171875
4.2701568603515625
3.7867889404296875
4.1107635498046875
4.1240081787109375
3.9307708740234375
4.2877197265625
4.2026824951171875
4.262847900390625
3.995880126953125
4.4535980224609375
4.1782073974609375
4.6909332275390625
4.13104248046875
4.5341339111328125
4.2833709716796875
4.300506591796875
4.075225830078125
4.3738555908203125
4.1211395263671875
4.148590087890625
4.4903411865234375
3.7893218994140625
3.6192169189453125
3.9786224365234375
4.1513671875
4.0723114013671875
4.67999267578125
4.1163177490234375
4.0911712646484375
4.334136962890625
4.37408447265625
4.431243896484375
4.46759033203125
4.042449951171875
3.917999267578125
4.150146484375
4.7998504638671875
4.195953369140625
4.5226287841796875
4.2290496826171875
4.4823150634765625
3.9402618408203125
4.672943115234375
4.6635894775390625
3.7220611572265625
3.8832244873046875
4.197509765625
4.1511383056640625
4.3837738037109375
4.3455352783203125
4.16070556640625
4.5395660400390625
3.7867279052734375
3.8452911376953125
4.4574737548828125
4.24798583984375
4.2293243408203125
4.4836883544921875
3.923492431640625
4.0879669189453125
3.8946990966796875
3.8978424072265625
4.5652008056640625
4.056396484375
3.9589691162109375
4.2986907958984375
4.6461029052734375
4.1549072265625
4.123809814453125
4.4081878662109375
4.287261962890625
4.6515350341796875
4.17791748046875
4.0348358154296875
4.144683837890625
4.3752899169921875
4.5084228515625
4.5746612548828125
3.7087860107421875
4.2890472412109375
4.212249755859375
4.3187713623046875
4.464752197265625
4.205078125
3.704833984375
4.528076171875
4.8836212158203125
3.9089202880859375
4.2441253662109375
4.4118804931640625
4.2680816650390625
4.363006591796875
4.382598876953125
3.8589935302734375
3.62353515625
4.3607177734375
4.1820068359375
4.3064422607421875
4.0576629638671875
4.2178497314453125
3.9293212890625
3.93719482421875
4.1740875244140625
4.0915374755859375
3.7433013916015625
3.9857635498046875
4.19952392578125
4.05816650390625
3.9492645263671875
4.20074462890625
4.473114013671875
4.121246337890625
4.082855224609375
4.1136016845703125
4.314361572265625
4.52239990234375
4.587677001953125
3.95635986328125
4.091033935546875
4.4472198486328125
4.7471466064453125
4.2159271240234375
4.3281707763671875
3.8220672607421875
4.270843505859375
3.7631072998046875
4.174652099609375
4.5261993408203125
3.7621002197265625
3.9383392333984375
3.808441162109375
4.0693206787109375
4.2982940673828125
3.950469970703125
4.3009796142578125
4.200531005859375
4.1571197509765625
4.4721221923828125
4.2897796630859375
4.053955078125
4.1394805908203125
3.893951416015625
3.90155029296875
3.6395263671875
4.4200439453125
3.577545166015625
4.31622314453125
4.083099365234375
4.384979248046875
4.9244384765625
4.4002838134765625
4.5949554443359375
3.937408447265625
4.276580810546875
4.0621795654296875
4.6312408447265625
4.0064849853515625
4.606658935546875
4.6839447021484375
4.5459442138671875
4.452911376953125
4.5399017333984375
3.711090087890625
4.0550994873046875
3.944976806640625
3.8845672607421875
4.6061859130859375
4.4673004150390625
4.3127593994140625
3.9992218017578125
4.096710205078125
4.47857666015625
4.43603515625
4.369537353515625
4.07977294921875
4.2445220947265625
4.548492431640625
4.28887939453125
4.0488128662109375
4.0837249755859375
4.089935302734375
4.0914764404296875
4.138153076171875
4.3033294677734375
4.3889617919921875
4.361114501953125
4.489166259765625
4.0205841064453125
4.2374267578125
3.7167205810546875
4.0506134033203125
4.2086334228515625
4.184234619140625
4.861175537109375
4.6439666748046875
4.254730224609375
3.8605194091796875
4.1522979736328125
4.3288421630859375
4.276702880859375
4.4117584228515625
4.085784912109375
4.3808746337890625
4.1714324951171875
4.277496337890625
4.388336181640625
3.7043914794921875
4.3275909423828125
4.0286712646484375
4.1041412353515625
4.3484649658203125
3.9112701416015625
4.3367767333984375
4.560150146484375
4.0247344970703125
4.7214508056640625
4.3328704833984375
4.024505615234375
4.04217529296875
4.0643310546875
3.89324951171875
4.079498291015625
3.83575439453125
4.4470367431640625
4.0906524658203125
4.1936798095703125
4.065155029296875
4.3223876953125
4.1285552978515625
4.1713714599609375
4.0392913818359375
4.2093048095703125
3.717803955078125
4.1087188720703125
4.317291259765625
4.1553802490234375
4.9651947021484375
4.5951995849609375
3.8589324951171875
3.889678955078125
4.0507354736328125
4.0408782958984375
4.6693115234375
4.564208984375
4.240081787109375
4.0907440185546875
3.721038818359375
4.395538330078125
4.56292724609375
4.240203857421875
4.1266021728515625
4.14837646484375
4.4245147705078125
4.062896728515625
3.9542694091796875
4.2949676513671875
4.1488800048828125
4.08526611328125
4.065185546875
4.38848876953125
4.3074951171875
4.252105712890625
4.166259765625
4.62945556640625
4.103424072265625
3.7725830078125
4.54681396484375
4.3445281982421875
3.863128662109375
4.4134521484375
4.4572601318359375
3.8070068359375
4.4854736328125
3.7301025390625
4.6386566162109375
4.38818359375
4.9041595458984375
4.1479034423828125
4.3208160400390625
3.638214111328125
4.4823760986328125
3.7271270751953125
4.596588134765625
4.2582244873046875
3.9454803466796875
4.083892822265625
4.66314697265625
3.84259033203125
4.5981903076171875
3.821075439453125
4.259857177734375
3.7715911865234375
4.1915435791015625
4.363006591796875
3.913848876953125
3.8021392822265625
4.38092041015625
4.12762451171875
4.471405029296875
4.3678741455078125
4.1194000244140625
4.00848388671875
3.9631195068359375
4.266387939453125
4.3412017822265625
4.1057891845703125
3.9614715576171875
4.2374725341796875
4.0771942138671875
4.1808319091796875
4.26043701171875
4.5086822509765625
4.3889312744140625
4.227813720703125
3.842376708984375
4.0210418701171875
3.9559783935546875
4.1161346435546875
3.914764404296875
4.5404815673828125
3.8671112060546875
4.0613250732421875
3.88818359375
4.4811859130859375
4.300323486328125
4.5418243408203125
4.149383544921875
4.1598663330078125
4.1835174560546875
4.210601806640625
4.3287506103515625
4.3632049560546875
4.2775421142578125
4.570404052734375
4.415008544921875
4.151336669921875
4.5182647705078125
3.7908172607421875
4.4810791015625
4.272003173828125
4.3955078125
4.104644775390625
4.5770721435546875
3.8028564453125
4.00396728515625
3.872100830078125
3.97271728515625
4.6970062255859375
4.0531005859375
3.91790771484375
4.058319091796875
4.1998138427734375
4.205963134765625
4.1590576171875
4.175445556640625
4.1627960205078125
4.53485107421875
4.4111480712890625
4.5749053955078125
4.2191314697265625
4.2916412353515625
4.1475830078125
3.9229888916015625
4.3737030029296875
4.441497802734375
4.6682281494140625
4.235992431640625
4.3865966796875
4.662353515625
4.045379638671875
4.0619049072265625
4.098480224609375
4.2827301025390625
4.1368865966796875
4.00274658203125
4.14111328125
4.201080322265625
4.2595367431640625
4.0362701416015625
3.9156494140625
4.74658203125
4.3704376220703125
4.0486602783203125
3.9869842529296875
4.1353759765625
4.0582122802734375
4.7340087890625
4.2731475830078125
4.405792236328125
4.260101318359375
4.123748779296875
4.1944580078125
4.481903076171875
4.6426239013671875
