4.406890869140625
4.082061767578125
4.735626220703125
4.3309783935546875
4.6714324951171875
4.3931427001953125
4.389617919921875
4.679473876953125
4.4343414306640625
4.4081878662109375
4.4936676025390625
4.454254150390625
4.6406402587890625
4.9072418212890625
4.234771728515625
4.33245849609375
4.5667877197265625
4.49530029296875
4.72613525390625
4.1600799560546875
5.104400634765625
4.870269775390625
4.7714080810546875
4.5961761474609375
4.6147918701171875
4.389801025390625
4.1185760498046875
4.6040496826171875
4.773712158203125
4.8587188720703125
4.32061767578125
4.8520965576171875
4.5498809814453125
4.591064453125
4.5059356689453125
5.2605133056640625
4.6696929931640625
4.2447357177734375
4.7259674072265625
4.67071533203125
4.375732421875
4.0642547607421875
4.377044677734375
4.5372161865234375
4.44244384765625
4.296844482421875
3.9864959716796875
4.4397735595703125
4.2227630615234375
4.493499755859375
4.3825836181640625
4.8524322509765625
4.6103057861328125
4.759674072265625
4.17010498046875
4.534393310546875
4.9289703369140625
4.4480438232421875
4.60009765625
4.6242828369140625
4.7981109619140625
4.0923309326171875
4.578338623046875
4.2473297119140625
4.579254150390625
4.6993408203125
4.9055023193359375
4.237548828125
4.0230560302734375
4.8116302490234375
4.559722900390625
4.4031524658203125
4.52197265625
4.334136962890625
4.3044891357421875
4.3394775390625
4.729095458984375
4.298095703125
4.8886260986328125
4.8713531494140625
4.151611328125
4.6703643798828125
4.7147064208984375
4.698333740234375
4.675445556640625
4.408660888671875
4.570556640625
4.280609130859375
4.695770263671875
4.0489044189453125
4.486480712890625
4.3030242919921875
4.233856201171875
4.1908111572265625
4.445037841796875
4.49462890625
4.9655609130859375
4.55712890625
4.4412841796875
4.09686279296875
4.542724609375
3.913848876953125
4.543212890625
4.3446502685546875
4.5892486572265625
4.6532745361328125
4.5109100341796875
4.078765869140625
4.4309234619140625
4.368255615234375
4.229156494140625
4.6154937744140625
4.47906494140625
4.5595703125
4.30517578125
4.7220611572265625
4.4794769287109375
4.96966552734375
4.4239349365234375
4.724639892578125
4.55194091796875
4.554168701171875
4.3769989013671875
4.6616668701171875
4.4087982177734375
4.4130096435546875
4.7774810791015625
4.081451416015625
3.9067535400390625
4.2577056884765625
4.4866790771484375
4.3413238525390625
4.9644927978515625
4.4389801025390625
4.3648834228515625
4.598480224609375
4.6013336181640625
4.7015533447265625
4.72784423828125
4.322296142578125
4.212066650390625
4.410797119140625
5.073760986328125
4.4881134033203125
4.75384521484375
4.480438232421875
4.7888946533203125
4.261077880859375
4.971954345703125
4.97637939453125
4.00299072265625
4.2082366943359375
4.549835205078125
4.452301025390625
4.655181884765625
4.6341400146484375
4.460357666015625
4.842010498046875
4.0580291748046875
4.1005706787109375
4.728485107421875
4.5516815185546875
4.529449462890625
4.7569122314453125
4.2010498046875
4.3663177490234375
4.2769622802734375
4.173004150390625
4.8602447509765625
4.36810302734375
4.2497100830078125
4.607391357421875
4.9319915771484375
4.48065185546875
4.4252166748046875
4.70819091796875
4.595916748046875
4.944671630859375
4.4541473388671875
4.312652587890625
4.4239044189453125
4.609588623046875
4.7815399169921875
4.883392333984375
3.9762725830078125
4.5607452392578125
4.5514678955078125
4.62567138671875
4.7177886962890625
4.48876953125
3.9834747314453125
4.8125152587890625
5.1898345947265625
4.195098876953125
4.5339202880859375
4.670867919921875
4.5220947265625
4.680419921875
4.6683349609375
4.1494598388671875
3.9130401611328125
4.645904541015625
4.4316864013671875
4.6246337890625
4.328857421875
4.4953155517578125
4.1734771728515625
4.2452392578125
4.418243408203125
4.3947601318359375
4.00360107421875
4.2791290283203125
4.4783935546875
4.370849609375
4.2435302734375
4.498046875
4.7442169189453125
4.39935302734375
4.353302001953125
4.4446868896484375
4.6297760009765625
4.7976531982421875
4.821319580078125
4.2707366943359375
4.3896942138671875
4.7578887939453125
5.0348358154296875
4.48529052734375
4.6132354736328125
4.12359619140625
4.57025146484375
4.025665283203125
4.4862213134765625
4.7948150634765625
4.089111328125
4.2363739013671875
4.09814453125
4.348114013671875
4.56298828125
4.2191619873046875
4.5993499755859375
4.4473419189453125
4.4620819091796875
4.690643310546875
4.54510498046875
4.3625946044921875
4.4286346435546875
4.1918487548828125
4.181121826171875
3.9183502197265625
4.755584716796875
3.8284149169921875
4.5865936279296875
4.3746490478515625
4.6564788818359375
5.172943115234375
4.70904541015625
4.913818359375
4.169464111328125
4.603759765625
4.3288421630859375
4.8956756591796875
4.27972412109375
4.8656463623046875
4.9544830322265625
4.82574462890625
4.754730224609375
4.8517913818359375
4.014739990234375
4.381103515625
4.246826171875
4.1189422607421875
4.891357421875
4.7524566650390625
4.6227264404296875
4.2915496826171875
4.3979034423828125
4.789825439453125
4.75518798828125
4.672698974609375
4.370574951171875
4.564239501953125
4.8311614990234375
4.6048431396484375
4.371917724609375
4.3584747314453125
4.36871337890625
4.3974456787109375
4.412200927734375
4.5828857421875
4.6540985107421875
4.640167236328125
4.74591064453125
4.3208160400390625
4.51806640625
4.006805419921875
4.3721771240234375
4.4798126220703125
4.4967498779296875
5.131866455078125
4.974884033203125
4.5535736083984375
4.157440185546875
4.4076690673828125
4.6169281005859375
4.577728271484375
4.67431640625
4.376007080078125
4.72930908203125
4.4451904296875
4.549407958984375
4.6404571533203125
3.9753265380859375
4.5929718017578125
4.3306121826171875
4.4061737060546875
4.634552001953125
4.209564208984375
4.648529052734375
4.8768463134765625
4.2698516845703125
5.0176849365234375
4.5957183837890625
4.31756591796875
4.3358154296875
4.369354248046875
4.1764068603515625
4.4206695556640625
4.1191558837890625
4.75933837890625
4.3326873779296875
4.456268310546875
4.3665924072265625
4.5810394287109375
4.3938140869140625
4.4546356201171875
4.3546295166015625
4.543365478515625
3.972900390625
4.39959716796875
4.60198974609375
4.4208526611328125
5.2592926025390625
4.8752899169921875
4.110321044921875
4.151702880859375
4.3608551025390625
4.3166351318359375
4.887115478515625
4.883331298828125
4.5322113037109375
4.399261474609375
4.05120849609375
4.7268218994140625
4.8443145751953125
4.565155029296875
4.446502685546875
4.4448394775390625
4.719482421875
4.35369873046875
4.2794189453125
4.6159515380859375
4.43157958984375
4.3768157958984375
4.3322296142578125
4.679229736328125
4.5531158447265625
4.52862548828125
4.4129638671875
4.9051513671875
4.4517822265625
4.0852203369140625
4.7995758056640625
4.6377410888671875
4.1611480712890625
4.692718505859375
4.699493408203125
4.0839080810546875
4.7266998291015625
4.03082275390625
4.842529296875
4.71051025390625
5.14398193359375
4.4091339111328125
4.6387176513671875
3.95245361328125
4.75250244140625
4.0508270263671875
4.9016876220703125
4.5905914306640625
4.239105224609375
4.3628387451171875
4.92657470703125
4.1447601318359375
4.8892669677734375
4.11480712890625
4.5050048828125
4.090728759765625
4.512908935546875
4.622955322265625
4.23809814453125
4.066558837890625
4.656646728515625
4.4310150146484375
4.7183380126953125
4.683502197265625
4.4075927734375
4.3297882080078125
4.2969207763671875
4.5601959228515625
4.607666015625
4.4024658203125
4.209503173828125
4.5730438232421875
4.3615570068359375
4.485992431640625
4.5844268798828125
4.8287353515625
4.664642333984375
4.4922637939453125
4.14031982421875
4.299468994140625
4.234466552734375
4.4116668701171875
4.17108154296875
4.814361572265625
4.1506500244140625
4.379150390625
4.1655120849609375
4.7559051513671875
4.58013916015625
4.81939697265625
4.4392547607421875
4.43743896484375
4.4590606689453125
4.506744384765625
4.6392669677734375
4.6969757080078125
4.5864715576171875
4.8803253173828125
4.706695556640625
4.4556732177734375
4.848236083984375
4.0756072998046875
4.780303955078125
4.5418701171875
4.6245574951171875
4.422088623046875
4.850738525390625
4.1075897216796875
4.2715911865234375
4.13848876953125
4.2480621337890625
4.9825592041015625
4.3708648681640625
4.1945648193359375
4.3218536376953125
4.4849395751953125
4.4881439208984375
4.480072021484375
4.4842529296875
4.4712982177734375
4.862335205078125
4.6951446533203125
4.85125732421875
4.5327301025390625
4.5876617431640625
4.458892822265625
4.21630859375
4.6695709228515625
4.6963043212890625
4.9396209716796875
4.540283203125
4.6561279296875
4.895355224609375
4.35198974609375
4.367095947265625
4.37701416015625
4.6210784912109375
4.399444580078125
4.2779693603515625
4.39215087890625
4.4929351806640625
4.553924560546875
4.35540771484375
4.1916961669921875
5.0095977783203125
4.6456451416015625
4.3381195068359375
4.2738800048828125
4.41693115234375
4.3612213134765625
5.0321502685546875
4.507049560546875
4.7061767578125
4.5488739013671875
4.392425537109375
4.457977294921875
4.7821807861328125
4.886810302734375
