1.8684234619140625
2.054595947265625
1.6300506591796875
1.6377716064453125
1.9114990234375
1.9338226318359375
1.705078125
1.672882080078125
2.323974609375
1.6126708984375
1.3786468505859375
1.983062744140625
1.3086700439453125
1.76849365234375
1.841522216796875
1.8855743408203125
1.83941650390625
2.3035430908203125
1.6743927001953125
1.69122314453125
1.8550567626953125
2.031646728515625
1.846435546875
1.6395721435546875
1.732666015625
1.67901611328125
2.0284881591796875
1.6596221923828125
1.7298126220703125
1.5687103271484375
1.5075836181640625
1.8583984375
1.739593505859375
1.31842041015625
1.6438446044921875
1.6010589599609375
1.934417724609375
1.52239990234375
1.709991455078125
1.81488037109375
1.6405792236328125
1.6109466552734375
1.890167236328125
1.6321258544921875
1.43560791015625
2.0263824462890625
1.8181610107421875
1.6267547607421875
1.7695159912109375
1.855255126953125
1.72021484375
1.7990264892578125
1.65887451171875
1.756103515625
1.6230926513671875
1.700042724609375
1.7479705810546875
1.5867156982421875
1.6073760986328125
1.5200347900390625
1.663116455078125
1.6308135986328125
1.7188720703125
1.7822265625
1.603668212890625
2.1878204345703125
2.24627685546875
1.5113525390625
1.59521484375
1.7347412109375
1.4897308349609375
1.408966064453125
1.9284210205078125
1.67083740234375
1.9112701416015625
1.57525634765625
1.77520751953125
1.4589385986328125
1.6048583984375
1.727508544921875
1.6280670166015625
1.5695343017578125
1.595855712890625
1.622772216796875
1.36578369140625
1.788726806640625
1.7835845947265625
1.311126708984375
1.5513763427734375
1.71356201171875
1.4315948486328125
2.0072021484375
1.5990447998046875
1.72845458984375
1.6872406005859375
1.33282470703125
1.5181884765625
1.480438232421875
1.786346435546875
2.0335235595703125
1.5838623046875
1.7449951171875
1.4247894287109375
1.9899139404296875
1.5758514404296875
1.462890625
1.5059967041015625
1.734832763671875
1.6243743896484375
1.9037933349609375
1.3182830810546875
1.628265380859375
1.725982666015625
1.8447265625
1.7006072998046875
1.6347808837890625
1.58636474609375
1.6641998291015625
1.4700775146484375
1.480865478515625
1.9210968017578125
1.83795166015625
1.407073974609375
2.0728912353515625
1.2645111083984375
1.9140777587890625
1.685211181640625
1.3137969970703125
1.984375
1.202880859375
1.6808013916015625
1.621002197265625
1.832427978515625
1.3385772705078125
1.640899658203125
1.7917327880859375
1.94110107421875
1.972412109375
1.79180908203125
1.80426025390625
1.5229339599609375
1.929779052734375
2.1114501953125
1.44482421875
1.660369873046875
1.3130950927734375
2.11962890625
1.8505096435546875
2.093170166015625
1.285614013671875
1.3773956298828125
1.52020263671875
1.8501739501953125
2.201416015625
1.7453155517578125
1.724884033203125
1.62152099609375
1.25927734375
1.7716217041015625
1.7756195068359375
1.852783203125
1.49383544921875
1.553314208984375
1.972991943359375
1.6513824462890625
1.5868072509765625
1.5380401611328125
1.615081787109375
1.432159423828125
1.997161865234375
1.7199859619140625
1.727294921875
1.88812255859375
1.82269287109375
1.70758056640625
1.754364013671875
1.8850250244140625
1.4229583740234375
1.6444854736328125
2.1185150146484375
1.8914337158203125
1.7891693115234375
1.522857666015625
1.3847198486328125
2.3379058837890625
1.72723388671875
1.973968505859375
1.6058197021484375
1.301727294921875
1.6810150146484375
1.881256103515625
1.977386474609375
1.6225128173828125
1.586029052734375
1.867218017578125
1.38262939453125
1.72979736328125
2.2299957275390625
1.523651123046875
1.6237945556640625
1.6306915283203125
1.8341217041015625
1.39801025390625
1.512786865234375
2.1695556640625
1.518890380859375
1.6424102783203125
2.089111328125
1.647186279296875
1.4927978515625
1.3190765380859375
1.706085205078125
1.248779296875
1.19378662109375
1.6456298828125
1.937957763671875
1.4304656982421875
2.380828857421875
1.750213623046875
1.84381103515625
1.514984130859375
1.6990509033203125
1.2840423583984375
1.5325469970703125
2.2187957763671875
1.6526641845703125
1.479644775390625
1.749420166015625
1.6230926513671875
1.74609375
1.804534912109375
1.240966796875
2.2858123779296875
1.94415283203125
1.502166748046875
1.631072998046875
1.72998046875
1.812652587890625
2.1019134521484375
2.162994384765625
1.66400146484375
1.284820556640625
1.6313629150390625
2.2513427734375
1.77099609375
1.68109130859375
1.455780029296875
1.7671661376953125
1.62115478515625
1.3928375244140625
1.50341796875
1.4789581298828125
1.546112060546875
1.710845947265625
1.4202117919921875
1.545379638671875
1.7601470947265625
1.4703369140625
1.806182861328125
1.156219482421875
1.525482177734375
1.6763763427734375
1.3284454345703125
1.6396636962890625
1.984954833984375
1.8014373779296875
1.615142822265625
1.481353759765625
1.8329925537109375
1.7183837890625
1.62774658203125
1.604827880859375
1.8345184326171875
1.6598663330078125
1.7902984619140625
1.8900299072265625
1.3904266357421875
1.6562652587890625
1.7611846923828125
1.687103271484375
1.75628662109375
1.3828277587890625
1.7637786865234375
1.6105804443359375
2.03192138671875
1.8844146728515625
1.7820281982421875
1.878173828125
1.7526092529296875
1.8041839599609375
1.34954833984375
1.791900634765625
1.4588623046875
1.9916839599609375
2.0249786376953125
1.4249725341796875
1.5597686767578125
1.4468536376953125
1.9014892578125
1.7953033447265625
1.4424896240234375
1.8510589599609375
1.845245361328125
1.5931243896484375
2.467193603515625
1.5330352783203125
1.5043182373046875
2.0642547607421875
2.021087646484375
1.9996337890625
1.642059326171875
1.6843719482421875
1.532928466796875
1.7615509033203125
1.486541748046875
1.7451019287109375
1.857025146484375
1.8222503662109375
1.520355224609375
1.4105987548828125
2.1876983642578125
1.501312255859375
1.436492919921875
1.973663330078125
1.4394989013671875
1.7033538818359375
1.7750396728515625
1.7630462646484375
1.6336822509765625
1.7303466796875
1.6063690185546875
1.8564605712890625
1.77960205078125
1.61328125
1.2546234130859375
1.848968505859375
1.7630767822265625
1.866485595703125
1.90093994140625
1.893798828125
2.03778076171875
1.7303924560546875
1.41802978515625
1.317352294921875
2.123626708984375
2.1466827392578125
1.46575927734375
1.904876708984375
1.725128173828125
1.54937744140625
1.5814056396484375
1.756561279296875
2.5303192138671875
1.848663330078125
1.585235595703125
1.397674560546875
1.505584716796875
1.3587799072265625
1.6349029541015625
1.6955413818359375
1.514434814453125
1.749725341796875
1.6988677978515625
1.62786865234375
1.5772705078125
1.5438232421875
1.4948577880859375
2.3383026123046875
1.556427001953125
2.3421478271484375
1.841949462890625
1.3939361572265625
1.866729736328125
1.446533203125
1.6132659912109375
1.9219970703125
1.6180267333984375
1.696197509765625
1.31854248046875
1.361083984375
1.8063507080078125
2.0797271728515625
1.573699951171875
1.8949737548828125
1.4546356201171875
1.5692138671875
1.8115386962890625
1.7551727294921875
1.570831298828125
1.606719970703125
1.78045654296875
1.702239990234375
1.76910400390625
2.069427490234375
1.6469268798828125
1.882049560546875
1.815277099609375
1.6613311767578125
1.33685302734375
1.69287109375
2.1284637451171875
1.66107177734375
1.993255615234375
1.7691192626953125
1.818878173828125
1.570892333984375
2.0417633056640625
2.051177978515625
1.3619537353515625
1.44921875
2.24658203125
1.5299530029296875
1.4962005615234375
1.3383941650390625
2.11956787109375
1.85491943359375
1.453216552734375
1.6355743408203125
1.5596160888671875
1.5339202880859375
1.878326416015625
1.7696075439453125
1.648529052734375
1.6310577392578125
2.04669189453125
1.8719482421875
1.825164794921875
2.0825042724609375
1.99786376953125
2.0009002685546875
1.6909332275390625
1.5307464599609375
1.5807037353515625
1.8761138916015625
1.807952880859375
1.9031829833984375
1.8316650390625
1.401092529296875
1.7783966064453125
1.810333251953125
1.445404052734375
1.9374847412109375
1.759490966796875
1.92376708984375
1.6885528564453125
2.0750579833984375
1.5819549560546875
2.404144287109375
1.806396484375
1.9819183349609375
1.6593475341796875
1.552978515625
1.756134033203125
1.771270751953125
1.7795867919921875
1.5611724853515625
1.813720703125
1.7131805419921875
2.22918701171875
1.98944091796875
1.7459869384765625
1.413787841796875
1.098876953125
2.0429229736328125
2.0337371826171875
1.945343017578125
1.6850128173828125
1.3508453369140625
1.59954833984375
1.745391845703125
1.5410919189453125
1.329803466796875
2.7437591552734375
1.8023529052734375
2.1547088623046875
2.040435791015625
1.6822967529296875
1.739593505859375
2.01812744140625
1.7878875732421875
1.5409088134765625
2.0189361572265625
1.470550537109375
1.8477630615234375
1.5760345458984375
2.2666168212890625
1.5822296142578125
1.5434722900390625
2.1413116455078125
1.8245697021484375
1.8636627197265625
2.169403076171875
1.908294677734375
1.5955047607421875
1.63238525390625
1.6864013671875
1.733856201171875
2.01043701171875
1.6095428466796875
1.657318115234375
