3.47833251953125
3.0613861083984375
3.1865997314453125
3.4593353271484375
3.3485260009765625
3.3917083740234375
3.1438751220703125
2.9299774169921875
3.7972259521484375
3.44305419921875
3.8225555419921875
3.5692596435546875
3.626922607421875
3.46893310546875
3.268707275390625
3.497161865234375
3.5004425048828125
3.4810791015625
3.497955322265625
3.1846771240234375
3.047454833984375
3.1410980224609375
3.230621337890625
3.167510986328125
3.23321533203125
3.4043426513671875
3.1343536376953125
3.2477874755859375
3.3081817626953125
2.933868408203125
3.9532318115234375
3.591400146484375
3.3847808837890625
3.166351318359375
3.2451019287109375
3.366973876953125
3.27685546875
2.9977264404296875
3.4208221435546875
3.0523681640625
2.9818267822265625
3.3562774658203125
3.19573974609375
3.096038818359375
3.508819580078125
3.0316162109375
3.1365966796875
3.1279754638671875
3.155364990234375
2.8787841796875
3.0140380859375
3.0100250244140625
2.8117218017578125
2.996826171875
3.3971099853515625
3.100860595703125
3.233428955078125
3.345306396484375
2.9924468994140625
2.844635009765625
2.78741455078125
3.323974609375
3.18511962890625
3.197906494140625
3.2884368896484375
2.938812255859375
3.501678466796875
3.41766357421875
2.8255462646484375
2.5720367431640625
3.538787841796875
3.188507080078125
3.623992919921875
3.9779205322265625
3.11322021484375
3.28131103515625
3.3686676025390625
3.4564361572265625
3.201385498046875
3.8087158203125
3.6920318603515625
3.3864593505859375
3.3174591064453125
3.1849822998046875
3.3196868896484375
3.1702880859375
3.324462890625
3.3549652099609375
3.4308929443359375
3.5214080810546875
2.676361083984375
3.53271484375
3.26373291015625
3.2170562744140625
3.5538787841796875
2.73016357421875
3.5764923095703125
3.359619140625
2.8425140380859375
3.4354248046875
3.736907958984375
3.8593292236328125
3.245880126953125
3.0897369384765625
2.7209930419921875
3.46051025390625
3.1770782470703125
3.0381622314453125
3.280029296875
3.0442352294921875
3.29718017578125
2.9755401611328125
3.4909820556640625
3.116455078125
3.733642578125
2.931854248046875
3.290771484375
3.541351318359375
2.887969970703125
3.7605133056640625
3.229278564453125
3.2983551025390625
3.9058990478515625
3.6509857177734375
3.0498504638671875
3.1116943359375
3.53936767578125
3.0123291015625
3.0889739990234375
3.2205810546875
3.2690277099609375
2.9580535888671875
3.1383056640625
2.890533447265625
3.240447998046875
3.34503173828125
3.2066650390625
3.5466461181640625
3.2830963134765625
3.3612823486328125
3.3133392333984375
3.5625457763671875
3.41876220703125
3.5087432861328125
3.2447967529296875
2.9760284423828125
3.1095428466796875
3.6537628173828125
3.5655975341796875
3.5018463134765625
3.5257568359375
3.81109619140625
3.5402069091796875
3.2701416015625
3.3342437744140625
3.3952178955078125
3.2708282470703125
3.4919586181640625
3.1070556640625
3.17822265625
3.700286865234375
3.0388336181640625
3.5621795654296875
3.1625213623046875
3.136566162109375
2.7636871337890625
3.170623779296875
3.3088226318359375
3.130950927734375
3.26971435546875
3.2381744384765625
3.4910736083984375
3.2639312744140625
3.304290771484375
3.318695068359375
3.58636474609375
3.2914276123046875
3.4099273681640625
3.007965087890625
3.2305145263671875
3.0409698486328125
3.1354522705078125
3.2902679443359375
3.0870361328125
3.5709075927734375
3.34808349609375
3.1050567626953125
3.5025482177734375
3.2425994873046875
3.57330322265625
3.2055511474609375
3.2275543212890625
2.968505859375
3.169097900390625
3.5586090087890625
3.067901611328125
3.206512451171875
3.4398651123046875
3.2344512939453125
2.8947296142578125
2.84808349609375
3.4720611572265625
3.247222900390625
3.5110626220703125
3.2630462646484375
3.7079315185546875
3.2744598388671875
3.2219696044921875
2.6494903564453125
3.0018463134765625
3.2292022705078125
3.1735382080078125
3.665618896484375
4.0501251220703125
3.8468780517578125
3.4438934326171875
3.410400390625
3.5115814208984375
3.7141876220703125
3.135162353515625
2.9039459228515625
3.5308990478515625
3.2320709228515625
2.9589691162109375
2.8173065185546875
3.2068023681640625
2.9809722900390625
3.3927764892578125
3.1377716064453125
3.2033843994140625
3.6205291748046875
3.3259429931640625
3.4700469970703125
3.425750732421875
3.4215240478515625
3.2800445556640625
3.2981719970703125
3.2745208740234375
3.1201934814453125
3.171661376953125
3.4397735595703125
3.5203704833984375
3.0704193115234375
3.234100341796875
3.3536224365234375
3.565185546875
3.303070068359375
3.5182952880859375
2.95458984375
3.62640380859375
2.7958526611328125
3.2696990966796875
3.1588287353515625
3.187835693359375
3.2497100830078125
3.5486297607421875
3.5716705322265625
3.0355072021484375
3.44830322265625
3.2062225341796875
3.1515960693359375
2.980010986328125
3.097991943359375
3.0842437744140625
3.0680694580078125
3.536834716796875
3.2942962646484375
3.5746307373046875
3.1240081787109375
2.8441314697265625
3.4940338134765625
3.3580780029296875
2.7990875244140625
3.3782196044921875
3.0789642333984375
3.4104766845703125
3.2922821044921875
3.03021240234375
3.4700775146484375
3.802337646484375
3.3040618896484375
3.8368377685546875
3.25689697265625
3.2264251708984375
3.572296142578125
2.897796630859375
3.2415771484375
3.142486572265625
3.2561492919921875
3.3529205322265625
3.5874786376953125
3.2142486572265625
3.1861724853515625
3.448760986328125
2.9471893310546875
2.97698974609375
3.2995758056640625
3.6417999267578125
3.1171417236328125
3.3658447265625
2.7437591552734375
3.5228118896484375
3.1958465576171875
3.0111846923828125
3.190673828125
3.03253173828125
3.248199462890625
2.91033935546875
2.85064697265625
2.7697906494140625
3.03790283203125
2.855255126953125
3.351470947265625
3.1571807861328125
3.6348724365234375
2.956298828125
3.79302978515625
2.929779052734375
3.0647430419921875
2.8729248046875
3.063873291015625
3.1511993408203125
3.2495574951171875
3.4317474365234375
3.0566864013671875
3.7565155029296875
3.4459075927734375
2.95428466796875
3.740081787109375
3.0398712158203125
3.151458740234375
2.9204559326171875
3.3853607177734375
3.50714111328125
3.2380828857421875
3.59375
3.5879058837890625
3.2747650146484375
3.2687835693359375
2.9892425537109375
3.68316650390625
3.3210906982421875
2.9685821533203125
3.37396240234375
3.1182708740234375
2.5798492431640625
3.6623687744140625
3.4340057373046875
2.9353790283203125
2.9150390625
3.072723388671875
3.24237060546875
3.35955810546875
3.3668365478515625
3.236083984375
3.48223876953125
3.344635009765625
3.0315093994140625
3.251068115234375
3.3783721923828125
3.394287109375
2.945404052734375
3.2828521728515625
3.1759796142578125
2.8659820556640625
4.0040740966796875
3.3317413330078125
3.115692138671875
3.10296630859375
3.5778045654296875
2.86944580078125
3.300537109375
3.1165771484375
3.318115234375
3.3449554443359375
3.117950439453125
3.28717041015625
2.87628173828125
3.013763427734375
2.775482177734375
3.3946685791015625
3.56317138671875
2.74151611328125
3.265838623046875
3.82135009765625
3.611297607421875
3.3721923828125
2.999481201171875
3.5413970947265625
3.2158660888671875
3.38885498046875
3.30426025390625
3.948944091796875
3.6231536865234375
3.934844970703125
3.2277374267578125
3.5567474365234375
3.976593017578125
3.6641693115234375
3.510223388671875
3.295562744140625
3.11761474609375
3.507537841796875
3.0041656494140625
3.489776611328125
3.2740478515625
3.58099365234375
3.4448089599609375
3.3410491943359375
3.185272216796875
3.1876678466796875
3.24755859375
3.1851806640625
2.876861572265625
3.0350799560546875
3.3493194580078125
3.1681060791015625
3.2403411865234375
2.8710174560546875
3.2593841552734375
3.209808349609375
3.41229248046875
3.35736083984375
3.3084564208984375
3.008087158203125
3.3106231689453125
3.3684539794921875
3.503509521484375
2.98785400390625
3.43109130859375
3.443084716796875
3.33453369140625
2.9633026123046875
3.30780029296875
3.1094207763671875
3.2530670166015625
2.957122802734375
3.1941986083984375
3.2414093017578125
3.3997802734375
3.3791656494140625
3.129669189453125
3.8011016845703125
3.377532958984375
3.0634613037109375
2.9590301513671875
3.0168609619140625
3.44268798828125
3.5098724365234375
2.83563232421875
3.5586395263671875
3.249755859375
3.3154754638671875
3.5218353271484375
3.523712158203125
3.5296173095703125
3.4521942138671875
2.88201904296875
3.09552001953125
3.5062255859375
2.667816162109375
3.437255859375
3.6017608642578125
3.1072845458984375
3.4357757568359375
3.1551666259765625
3.1830291748046875
3.04534912109375
2.7099761962890625
3.1684722900390625
3.1039276123046875
3.522216796875
2.9117584228515625
3.247772216796875
3.0258636474609375
3.53106689453125
2.99127197265625
3.3632049560546875
2.9779205322265625
3.5636138916015625
3.3247833251953125
3.239776611328125
3.2201385498046875
3.586212158203125
2.834320068359375
3.409332275390625
3.0327301025390625
2.95172119140625
3.5893707275390625
3.5421295166015625
3.3559722900390625
3.788848876953125
3.488311767578125
2.67523193359375
3.3209228515625
3.520172119140625
3.466033935546875
3.2382049560546875
3.4023284912109375
2.9138946533203125
