2.09661865234375
2.8138427734375
2.514892578125
2.82720947265625
2.44378662109375
2.94439697265625
2.93701171875
2.5513916015625
2.618896484375
2.64178466796875
2.5111083984375
2.38348388671875
2.56488037109375
2.397216796875
2.182373046875
2.45513916015625
2.5345458984375
2.81304931640625
2.9595947265625
2.73382568359375
2.61395263671875
2.81097412109375
2.630615234375
2.43603515625
3.15643310546875
2.88067626953125
2.77947998046875
2.770263671875
2.6834716796875
2.34442138671875
3.09588623046875
2.85540771484375
2.681884765625
2.80023193359375
2.848876953125
2.85833740234375
2.86749267578125
2.49346923828125
2.7335205078125
2.85528564453125
2.49945068359375
2.61279296875
2.77203369140625
2.714599609375
2.74188232421875
2.52178955078125
3.19818115234375
2.547607421875
2.24383544921875
2.72021484375
2.50885009765625
2.88922119140625
3.11187744140625
2.74481201171875
2.65234375
2.65472412109375
2.48443603515625
2.64453125
2.282958984375
2.71771240234375
2.82568359375
2.71923828125
2.31048583984375
2.19970703125
2.52349853515625
2.59234619140625
2.65234375
3.04986572265625
2.52947998046875
2.8997802734375
2.5521240234375
2.83404541015625
2.61651611328125
2.88641357421875
2.55474853515625
2.69659423828125
2.6923828125
3.27874755859375
2.44677734375
3.1986083984375
2.72833251953125
2.30810546875
2.36175537109375
2.5308837890625
2.844482421875
2.57342529296875
2.5980224609375
2.61663818359375
2.8516845703125
2.339599609375
2.61029052734375
2.5789794921875
2.70538330078125
2.778564453125
2.70574951171875
2.5565185546875
2.50347900390625
2.70233154296875
2.438720703125
2.93658447265625
2.6812744140625
2.73583984375
2.4063720703125
2.5751953125
2.73138427734375
2.35784912109375
2.711669921875
3.100830078125
2.28436279296875
2.38433837890625
2.7060546875
2.89361572265625
2.28985595703125
2.682373046875
2.81451416015625
2.7274169921875
2.566162109375
2.56524658203125
2.63165283203125
2.84649658203125
2.13262939453125
2.47625732421875
2.73779296875
2.53961181640625
2.44281005859375
2.69189453125
2.96710205078125
2.79425048828125
2.8541259765625
2.7470703125
2.7215576171875
2.7052001953125
2.43621826171875
2.75634765625
2.7904052734375
2.353271484375
2.1295166015625
2.92449951171875
3.14556884765625
2.964599609375
2.89398193359375
2.44207763671875
2.90924072265625
2.7587890625
2.8563232421875
2.1650390625
2.7772216796875
2.64068603515625
2.6800537109375
2.61346435546875
3.069091796875
2.44970703125
2.5206298828125
2.44769287109375
3.03350830078125
2.9771728515625
2.89208984375
2.84588623046875
2.74005126953125
2.62664794921875
2.20989990234375
2.78106689453125
2.8424072265625
2.45635986328125
2.65814208984375
2.5213623046875
2.38671875
2.33770751953125
2.67999267578125
2.62847900390625
2.8721923828125
2.53411865234375
2.5023193359375
2.48223876953125
2.5146484375
2.4002685546875
2.77520751953125
2.40948486328125
2.3841552734375
2.47393798828125
2.8311767578125
2.2772216796875
2.93707275390625
2.70709228515625
2.724609375
2.4208984375
2.810546875
2.50604248046875
2.59649658203125
2.591064453125
2.34796142578125
2.73187255859375
2.7720947265625
2.3748779296875
2.4869384765625
2.70245361328125
2.9764404296875
3.03155517578125
2.52398681640625
2.6043701171875
2.52593994140625
2.85662841796875
2.6474609375
2.94415283203125
2.68353271484375
2.91351318359375
2.0760498046875
3.25164794921875
2.60980224609375
2.432861328125
2.48968505859375
2.3948974609375
2.700439453125
2.62255859375
2.64483642578125
2.755859375
2.426025390625
2.73358154296875
3.193603515625
2.89971923828125
3.05499267578125
2.4896240234375
2.89813232421875
2.6082763671875
2.3800048828125
2.5657958984375
2.32598876953125
2.62408447265625
2.72344970703125
2.38409423828125
2.53228759765625
2.69500732421875
2.87786865234375
2.13140869140625
2.92724609375
2.69171142578125
2.64007568359375
2.75067138671875
2.7137451171875
2.71929931640625
2.4232177734375
3.01416015625
2.5213623046875
2.35986328125
3.03314208984375
2.87957763671875
3.26153564453125
2.7908935546875
2.345947265625
2.57232666015625
2.57000732421875
2.445068359375
2.69189453125
2.834716796875
2.63995361328125
2.3857421875
3.20098876953125
2.87884521484375
2.4525146484375
2.52850341796875
2.69091796875
2.67413330078125
2.2344970703125
2.72088623046875
2.59814453125
2.54327392578125
2.68914794921875
2.70867919921875
2.80694580078125
2.466796875
2.97943115234375
2.2940673828125
3.42486572265625
2.621826171875
2.171142578125
3.10504150390625
2.61895751953125
2.505126953125
2.7843017578125
2.68792724609375
2.1922607421875
2.64453125
2.42803955078125
2.33990478515625
2.8397216796875
2.423095703125
2.89532470703125
2.47906494140625
2.8148193359375
2.9097900390625
2.5145263671875
2.68035888671875
2.70721435546875
3.00030517578125
2.50384521484375
3.02313232421875
2.956787109375
2.84283447265625
2.81805419921875
2.4561767578125
2.99530029296875
2.630615234375
2.81036376953125
3.02716064453125
2.2454833984375
2.64715576171875
2.3050537109375
3.14190673828125
2.79925537109375
2.63714599609375
2.31219482421875
2.41961669921875
2.57794189453125
2.85516357421875
2.4613037109375
2.89239501953125
2.842529296875
2.28564453125
2.9940185546875
2.53277587890625
2.5142822265625
2.74774169921875
2.65863037109375
2.98193359375
2.382568359375
2.72967529296875
2.90216064453125
2.5804443359375
2.95623779296875
2.634033203125
3.0679931640625
2.90997314453125
2.5439453125
2.859619140625
2.491943359375
2.772705078125
2.5389404296875
2.771484375
2.56365966796875
2.9608154296875
2.618896484375
2.401611328125
2.57000732421875
2.3656005859375
2.70556640625
3.00433349609375
2.6539306640625
2.4986572265625
2.37811279296875
2.74560546875
2.4825439453125
2.60198974609375
2.6436767578125
2.439697265625
3.0301513671875
2.85699462890625
2.88018798828125
2.490966796875
3.15252685546875
2.642578125
2.5814208984375
2.8160400390625
2.34906005859375
2.76202392578125
2.6033935546875
2.41455078125
2.4537353515625
2.91387939453125
2.71563720703125
2.95489501953125
2.85894775390625
2.64056396484375
2.845458984375
2.61334228515625
2.9168701171875
2.2071533203125
2.4847412109375
2.43658447265625
2.83270263671875
2.6468505859375
2.76092529296875
3.0093994140625
2.56829833984375
2.12103271484375
3.3193359375
3.3958740234375
2.94085693359375
2.85986328125
2.56207275390625
2.6488037109375
2.9671630859375
2.25946044921875
2.66455078125
2.80712890625
2.76214599609375
2.33734130859375
2.596435546875
2.42034912109375
2.5755615234375
2.76348876953125
2.4417724609375
2.78271484375
2.78277587890625
2.7685546875
2.91064453125
2.268798828125
2.2449951171875
3.1397705078125
2.5189208984375
2.73345947265625
2.75982666015625
2.7596435546875
2.644775390625
2.49224853515625
2.88824462890625
3.076904296875
2.392578125
2.693115234375
2.3218994140625
2.3682861328125
2.577880859375
3.1727294921875
2.42681884765625
2.38311767578125
2.29888916015625
2.8287353515625
2.369873046875
2.69482421875
2.8856201171875
2.7152099609375
2.58575439453125
3.21527099609375
2.724365234375
2.6959228515625
3.04962158203125
2.37005615234375
2.83221435546875
2.59515380859375
2.74212646484375
1.8931884765625
2.400146484375
2.54254150390625
2.9261474609375
2.762451171875
2.66217041015625
2.87432861328125
3.02630615234375
2.9447021484375
2.66412353515625
2.9898681640625
2.44122314453125
2.5531005859375
2.6961669921875
2.9537353515625
2.84356689453125
2.91546630859375
3.04736328125
3.06793212890625
2.4649658203125
2.58782958984375
2.86614990234375
2.52923583984375
2.775146484375
2.66998291015625
2.4298095703125
2.7021484375
2.790771484375
2.979736328125
2.50067138671875
2.7095947265625
2.6904296875
2.97955322265625
2.64166259765625
2.67596435546875
3.0870361328125
2.771484375
2.447998046875
2.606201171875
2.694580078125
2.69195556640625
2.5621337890625
3.25860595703125
2.40777587890625
2.83978271484375
3.10430908203125
2.7918701171875
2.470947265625
2.88006591796875
2.769775390625
2.45501708984375
2.73883056640625
2.533447265625
2.6822509765625
2.51123046875
2.88018798828125
2.97149658203125
2.37310791015625
2.6241455078125
2.411865234375
2.84893798828125
