2.87762451171875
2.9190673828125
2.63397216796875
2.53466796875
2.71978759765625
3.11846923828125
2.61712646484375
2.708251953125
2.53839111328125
3.0322265625
3.21038818359375
2.6243896484375
2.7847900390625
2.541748046875
2.95513916015625
2.3402099609375
2.439208984375
2.358154296875
2.4407958984375
2.3377685546875
2.54107666015625
2.46209716796875
2.64727783203125
2.61181640625
2.71405029296875
2.64306640625
2.90972900390625
2.32464599609375
2.649658203125
2.59796142578125
2.54962158203125
2.4293212890625
2.77728271484375
2.39898681640625
2.5966796875
2.92144775390625
2.7657470703125
2.51531982421875
2.82391357421875
2.846923828125
2.72882080078125
2.5797119140625
2.5560302734375
2.369384765625
2.57781982421875
2.4713134765625
2.57928466796875
3.0570068359375
2.77154541015625
3.186279296875
2.65899658203125
2.70574951171875
2.63775634765625
2.89349365234375
2.3944091796875
2.46240234375
2.250732421875
2.80987548828125
2.69085693359375
2.8121337890625
2.38739013671875
2.462890625
2.8363037109375
2.67840576171875
2.3790283203125
2.4453125
2.965087890625
2.6102294921875
2.857177734375
2.63568115234375
2.75921630859375
2.4266357421875
2.306884765625
2.970947265625
2.6494140625
2.612548828125
2.57952880859375
2.72802734375
2.81170654296875
2.34271240234375
2.4027099609375
2.71514892578125
2.642333984375
2.6668701171875
2.726806640625
2.79473876953125
2.50897216796875
2.75579833984375
2.37237548828125
2.68768310546875
2.69293212890625
2.6051025390625
2.31793212890625
3.03741455078125
2.79791259765625
2.48785400390625
2.34857177734375
2.576171875
2.66845703125
3.044677734375
2.70062255859375
2.63031005859375
2.79925537109375
2.27783203125
2.47607421875
2.4010009765625
2.8936767578125
2.9267578125
2.50897216796875
3.03631591796875
2.87933349609375
2.6707763671875
2.8040771484375
2.4239501953125
2.72479248046875
2.4266357421875
2.80987548828125
2.66259765625
2.8270263671875
2.34686279296875
2.709716796875
2.90386962890625
2.53265380859375
2.724609375
3.09674072265625
2.62213134765625
2.6357421875
2.5435791015625
2.5269775390625
3.0731201171875
2.555419921875
2.5650634765625
2.710205078125
2.7972412109375
2.77105712890625
2.54510498046875
2.611572265625
2.73468017578125
2.66302490234375
2.7021484375
3.18927001953125
2.5115966796875
2.513671875
2.7044677734375
2.57769775390625
3.30731201171875
2.74517822265625
2.33856201171875
2.82672119140625
2.918212890625
3.17138671875
2.42120361328125
2.8355712890625
2.8494873046875
3.09844970703125
2.52587890625
2.55462646484375
2.27069091796875
2.5645751953125
2.324462890625
2.580322265625
2.73724365234375
2.91998291015625
2.75616455078125
2.834228515625
2.48553466796875
2.9112548828125
2.39398193359375
2.093505859375
2.35015869140625
3.20001220703125
2.53564453125
2.8233642578125
2.3177490234375
2.4700927734375
2.61724853515625
2.70703125
2.457763671875
3.0059814453125
2.75018310546875
2.60772705078125
2.66925048828125
2.95037841796875
2.1695556640625
2.68572998046875
2.82220458984375
2.75152587890625
2.6143798828125
2.74365234375
2.50909423828125
2.751220703125
2.557861328125
2.81451416015625
2.50201416015625
2.55120849609375
2.8433837890625
2.7884521484375
2.43695068359375
2.66021728515625
3.01092529296875
2.3585205078125
2.2724609375
2.5411376953125
2.9068603515625
2.37921142578125
3.02899169921875
2.513427734375
2.46484375
2.01849365234375
2.9288330078125
2.9476318359375
2.73797607421875
2.6475830078125
2.7520751953125
2.72802734375
2.65570068359375
2.3792724609375
2.81634521484375
2.799560546875
2.7799072265625
2.7249755859375
2.76947021484375
2.38470458984375
3.03338623046875
2.720458984375
3.3326416015625
2.68359375
2.79571533203125
2.93603515625
2.7037353515625
3.09765625
2.6177978515625
2.7322998046875
3.13616943359375
2.5408935546875
2.83941650390625
2.70428466796875
2.57171630859375
2.8802490234375
2.88232421875
2.67559814453125
2.4808349609375
2.74407958984375
3.01031494140625
2.37646484375
2.489990234375
2.63226318359375
2.49005126953125
2.63232421875
3.0474853515625
2.8621826171875
2.53424072265625
2.66748046875
2.9000244140625
2.50030517578125
2.4676513671875
2.689208984375
2.33782958984375
2.92718505859375
2.95733642578125
2.96551513671875
2.92706298828125
2.68585205078125
3.0103759765625
3.0838623046875
2.4755859375
2.68316650390625
3.02880859375
2.6202392578125
3.13140869140625
2.76385498046875
2.5738525390625
2.724853515625
2.56219482421875
2.2073974609375
2.395263671875
2.61126708984375
2.4119873046875
2.68927001953125
2.864990234375
2.74798583984375
2.826416015625
2.79937744140625
2.77880859375
2.7762451171875
2.58135986328125
2.5853271484375
2.3233642578125
2.69744873046875
2.25335693359375
2.25482177734375
2.76123046875
3.0135498046875
3.36407470703125
2.46893310546875
2.69097900390625
2.39697265625
2.682373046875
2.7188720703125
2.85980224609375
2.79931640625
2.6793212890625
2.6771240234375
3.0394287109375
2.6043701171875
2.5125732421875
2.67510986328125
2.84869384765625
2.43414306640625
2.4053955078125
2.372314453125
2.4119873046875
2.45947265625
2.55157470703125
3.09881591796875
2.86175537109375
2.74273681640625
2.670166015625
2.98248291015625
2.92266845703125
2.70062255859375
2.38531494140625
2.318359375
2.366455078125
2.63848876953125
2.78369140625
2.75677490234375
2.44622802734375
2.46441650390625
2.92669677734375
2.46221923828125
2.524658203125
3.29534912109375
2.637451171875
2.7755126953125
2.837646484375
2.62579345703125
2.71533203125
2.2255859375
2.5238037109375
2.51177978515625
2.26806640625
2.6156005859375
2.93878173828125
2.47576904296875
2.4088134765625
3.17010498046875
2.80615234375
2.61505126953125
2.80133056640625
2.93499755859375
2.33184814453125
2.59271240234375
2.0546875
2.85076904296875
3.17218017578125
2.4759521484375
2.96319580078125
2.87213134765625
2.68914794921875
2.91094970703125
2.4539794921875
2.833740234375
2.562744140625
2.41546630859375
2.40460205078125
2.87823486328125
2.89495849609375
2.68609619140625
2.5067138671875
2.78021240234375
2.535888671875
2.79180908203125
2.77532958984375
3.04241943359375
2.82965087890625
2.64453125
3.0458984375
2.5350341796875
2.57568359375
2.60052490234375
2.5540771484375
2.55010986328125
2.53436279296875
2.68585205078125
2.433837890625
2.390625
2.56658935546875
2.88165283203125
2.3814697265625
2.283935546875
2.813232421875
2.539306640625
3.03057861328125
2.97418212890625
2.39434814453125
2.59295654296875
2.2208251953125
2.77099609375
2.5428466796875
2.52264404296875
2.76910400390625
3.06060791015625
2.51702880859375
2.884033203125
2.3115234375
2.86810302734375
2.88671875
2.69305419921875
2.419189453125
2.35198974609375
2.79522705078125
2.49041748046875
2.81048583984375
2.73968505859375
2.32476806640625
2.63140869140625
2.557373046875
2.370361328125
2.5726318359375
2.607177734375
2.4005126953125
2.7252197265625
2.93975830078125
2.5738525390625
3.302978515625
2.68280029296875
2.8553466796875
2.862060546875
2.67926025390625
3.16351318359375
2.37445068359375
2.497802734375
2.71038818359375
2.384521484375
2.84259033203125
2.5068359375
2.5284423828125
2.9237060546875
3.32568359375
2.329833984375
2.65838623046875
2.423583984375
2.84075927734375
2.84375
2.905029296875
2.3687744140625
2.82647705078125
2.67071533203125
2.90313720703125
2.68194580078125
2.46331787109375
2.60552978515625
2.84619140625
2.1590576171875
2.92388916015625
2.5906982421875
2.6656494140625
3.0240478515625
2.35528564453125
2.75836181640625
2.409423828125
2.7470703125
2.7161865234375
2.544921875
2.6192626953125
2.4285888671875
2.55322265625
3.19537353515625
3.01116943359375
2.32879638671875
2.52423095703125
2.7337646484375
2.247314453125
2.75567626953125
2.48712158203125
2.76348876953125
3.175048828125
2.64520263671875
3.3690185546875
2.52734375
2.930419921875
2.766357421875
2.5313720703125
2.4642333984375
2.57562255859375
2.5848388671875
2.578369140625
2.4739990234375
2.70147705078125
2.66534423828125
2.19415283203125
2.73876953125
2.68829345703125
2.6153564453125
2.48046875
2.5447998046875
2.31732177734375
2.54388427734375
2.4078369140625
