2.360107421875
2.99346923828125
2.702392578125
3.0816650390625
2.6558837890625
3.14093017578125
3.17144775390625
2.76312255859375
2.81915283203125
2.93084716796875
2.77764892578125
2.5872802734375
2.7899169921875
2.5672607421875
2.38580322265625
2.70660400390625
2.781005859375
2.99053955078125
3.13818359375
2.947021484375
2.81414794921875
3.05621337890625
2.802001953125
2.680419921875
3.33441162109375
3.02911376953125
2.9844970703125
2.95062255859375
2.8978271484375
2.53533935546875
3.26593017578125
3.096923828125
2.86181640625
3.06976318359375
3.108642578125
3.05401611328125
3.09649658203125
2.7142333984375
2.9715576171875
3.09075927734375
2.77728271484375
2.87322998046875
2.98199462890625
2.9501953125
2.97625732421875
2.75634765625
3.4056396484375
2.7708740234375
2.48663330078125
2.9427490234375
2.7315673828125
3.09429931640625
3.31842041015625
2.9376220703125
2.85699462890625
2.84979248046875
2.72198486328125
2.806884765625
2.53497314453125
2.9208984375
3.03131103515625
2.926025390625
2.59661865234375
2.43359375
2.77978515625
2.830810546875
2.8455810546875
3.23846435546875
2.78936767578125
3.14642333984375
2.7191162109375
3.0791015625
2.86029052734375
3.07867431640625
2.82940673828125
2.91510009765625
2.91473388671875
3.43536376953125
2.63665771484375
3.36297607421875
2.95977783203125
2.52923583984375
2.5804443359375
2.787353515625
3.03106689453125
2.78009033203125
2.80230712890625
2.8033447265625
3.03704833984375
2.61431884765625
2.8809814453125
2.7972412109375
2.885986328125
3.01416015625
2.92205810546875
2.8310546875
2.78082275390625
2.891845703125
2.7083740234375
3.0902099609375
2.8631591796875
2.90380859375
2.63543701171875
2.8056640625
2.9427490234375
2.5802001953125
2.98907470703125
3.30712890625
2.52520751953125
2.60491943359375
2.957275390625
3.1383056640625
2.5252685546875
2.930419921875
3.03521728515625
2.9580078125
2.822021484375
2.80999755859375
2.8419189453125
3.06829833984375
2.3626708984375
2.71539306640625
2.89251708984375
2.79705810546875
2.69232177734375
2.93359375
3.1573486328125
3.033447265625
3.09423828125
2.982421875
2.955810546875
2.91168212890625
2.68450927734375
2.91351318359375
3.04437255859375
2.59222412109375
2.3648681640625
3.13861083984375
3.370361328125
3.1356201171875
3.06585693359375
2.6591796875
3.13787841796875
2.9453125
3.09344482421875
2.489501953125
3.02587890625
2.89825439453125
2.87139892578125
2.86566162109375
3.25994873046875
2.6319580078125
2.73760986328125
2.63739013671875
3.274169921875
3.1849365234375
3.1085205078125
3.0406494140625
2.9410400390625
2.82330322265625
2.4803466796875
2.970947265625
3.07843017578125
2.6676025390625
2.91717529296875
2.7335205078125
2.58563232421875
2.57989501953125
2.86358642578125
2.8690185546875
3.094482421875
2.79193115234375
2.75457763671875
2.7550048828125
2.75579833984375
2.6156005859375
2.99676513671875
2.6397705078125
2.5849609375
2.70745849609375
3.02520751953125
2.4735107421875
3.129150390625
2.9840087890625
2.938720703125
2.62457275390625
3.00604248046875
2.75164794921875
2.79864501953125
2.81744384765625
2.57464599609375
2.9429931640625
3.05633544921875
2.5936279296875
2.71429443359375
2.92779541015625
3.2747802734375
3.18499755859375
2.67352294921875
2.814697265625
2.72747802734375
3.02947998046875
2.897705078125
3.14630126953125
2.8924560546875
3.1214599609375
2.3077392578125
3.34051513671875
2.90289306640625
2.72515869140625
2.7109375
2.62408447265625
2.88031005859375
2.7666015625
2.83795166015625
2.9525146484375
2.70220947265625
2.9339599609375
3.380859375
3.14056396484375
3.18310546875
2.72869873046875
3.151611328125
2.86029052734375
2.6214599609375
2.78369140625
2.55157470703125
2.83001708984375
2.8935546875
2.684814453125
2.77850341796875
2.88140869140625
3.0447998046875
2.38397216796875
3.05950927734375
2.898681640625
2.8118896484375
2.96337890625
2.99981689453125
2.96502685546875
2.59344482421875
3.15673828125
2.76416015625
2.5933837890625
3.30267333984375
3.07904052734375
3.46337890625
3.0062255859375
2.56884765625
2.75653076171875
2.8218994140625
2.63824462890625
2.9161376953125
3.10906982421875
2.83734130859375
2.632080078125
3.4041748046875
3.03631591796875
2.71490478515625
2.75360107421875
2.8846435546875
2.783447265625
2.43426513671875
2.93328857421875
2.80255126953125
2.740478515625
2.89794921875
2.92535400390625
3.062744140625
2.6815185546875
3.158203125
2.5406494140625
3.62445068359375
2.84991455078125
2.3848876953125
3.28863525390625
2.80145263671875
2.72491455078125
2.9490966796875
2.96893310546875
2.37091064453125
2.92169189453125
2.63885498046875
2.53326416015625
3.0260009765625
2.620361328125
3.10675048828125
2.743896484375
3.01177978515625
3.14300537109375
2.78363037109375
2.968994140625
2.9075927734375
3.2275390625
2.7427978515625
3.24664306640625
3.20416259765625
3.0799560546875
3.0567626953125
2.73052978515625
3.18255615234375
2.89849853515625
3.064453125
3.22528076171875
2.48736572265625
2.82781982421875
2.53271484375
3.21923828125
3.0103759765625
2.87139892578125
2.5908203125
2.67083740234375
2.82965087890625
3.00323486328125
2.69207763671875
3.127197265625
3.00299072265625
2.48834228515625
3.22772216796875
2.74798583984375
2.77008056640625
2.94384765625
2.9027099609375
3.17431640625
2.60223388671875
3.00714111328125
3.1109619140625
2.8699951171875
3.149169921875
2.85223388671875
3.324951171875
3.13067626953125
2.74346923828125
3.0526123046875
2.73712158203125
2.95147705078125
2.78326416015625
2.9747314453125
2.7691650390625
3.16552734375
2.81219482421875
2.6842041015625
2.815185546875
2.60565185546875
2.93096923828125
3.17596435546875
2.8662109375
2.7064208984375
2.64044189453125
2.8974609375
2.775390625
2.7823486328125
2.87139892578125
2.66748046875
3.2545166015625
3.07464599609375
3.05596923828125
2.73052978515625
3.34326171875
2.93328857421875
2.85748291015625
2.98065185546875
2.61993408203125
2.9619140625
2.8353271484375
2.75128173828125
2.6527099609375
3.19830322265625
2.90765380859375
3.1387939453125
3.05841064453125
2.8021240234375
3.0943603515625
2.78118896484375
3.14495849609375
2.43524169921875
2.678955078125
2.6173095703125
3.05963134765625
2.80902099609375
2.97711181640625
3.16583251953125
2.785888671875
2.34033203125
3.5191650390625
3.5302734375
3.18853759765625
3.05889892578125
2.772216796875
2.87200927734375
3.08331298828125
2.47576904296875
2.8626708984375
3.0096435546875
2.964111328125
2.5389404296875
2.82501220703125
2.63970947265625
2.79400634765625
2.95751953125
2.6683349609375
3.00079345703125
3.03399658203125
2.99920654296875
3.130859375
2.47113037109375
2.4683837890625
3.3695068359375
2.74365234375
2.9493408203125
2.94482421875
2.906494140625
2.88427734375
2.6956787109375
3.0614013671875
3.289306640625
2.66278076171875
2.90679931640625
2.60235595703125
2.58148193359375
2.7796630859375
3.3768310546875
2.74725341796875
2.5859375
2.48846435546875
2.99554443359375
2.60198974609375
2.87335205078125
3.1038818359375
2.9241943359375
2.8375244140625
3.47882080078125
2.9404296875
2.90478515625
3.1983642578125
2.555419921875
2.97613525390625
2.8082275390625
2.90863037109375
2.071533203125
2.63427734375
2.69866943359375
3.1612548828125
2.970458984375
2.8746337890625
3.10260009765625
3.24908447265625
3.18365478515625
2.82135009765625
3.1591796875
2.6387939453125
2.73785400390625
2.89141845703125
3.230712890625
3.0150146484375
3.11114501953125
3.27374267578125
3.281982421875
2.6927490234375
2.83477783203125
3.103271484375
2.7294921875
3.03656005859375
2.89990234375
2.68707275390625
2.97332763671875
3.00469970703125
3.17803955078125
2.69354248046875
2.9920654296875
2.903076171875
3.14227294921875
2.87554931640625
2.91998291015625
3.2913818359375
3.01690673828125
2.69647216796875
2.8284912109375
2.9688720703125
2.89898681640625
2.793701171875
3.47711181640625
2.6253662109375
3.01141357421875
3.30047607421875
2.925537109375
2.68597412109375
3.1368408203125
2.96466064453125
2.70574951171875
2.9508056640625
2.67340087890625
2.98089599609375
2.74493408203125
3.05133056640625
3.18280029296875
2.6279296875
2.85638427734375
2.62652587890625
3.0302734375
