1.5318603515625
1.63970947265625
1.3787841796875
1.747802734375
1.843017578125
1.69134521484375
1.5213623046875
1.70269775390625
1.60321044921875
1.64093017578125
1.69842529296875
2.2266845703125
1.93939208984375
1.60888671875
1.41204833984375
1.4862060546875
1.37548828125
2.1220703125
1.46539306640625
1.71136474609375
2.02166748046875
1.87652587890625
2.0147705078125
1.760498046875
1.35321044921875
1.78131103515625
1.715576171875
1.5736083984375
1.68017578125
1.622802734375
1.77337646484375
1.2117919921875
2.20867919921875
1.46484375
1.64373779296875
1.74835205078125
2.1800537109375
1.912353515625
1.521240234375
1.5301513671875
1.5030517578125
1.77728271484375
1.6728515625
1.52142333984375
1.90582275390625
1.6710205078125
1.9222412109375
1.16278076171875
1.70037841796875
1.531982421875
1.3114013671875
1.7977294921875
1.9136962890625
1.4920654296875
1.6043701171875
1.5953369140625
1.3389892578125
1.7857666015625
1.63079833984375
1.51409912109375
1.60693359375
1.76568603515625
1.4737548828125
1.19830322265625
2.1484375
2.1605224609375
2.02001953125
1.64892578125
2.2437744140625
1.94580078125
1.65777587890625
2.1009521484375
1.7071533203125
2.07012939453125
1.64031982421875
1.54949951171875
1.46221923828125
2.0166015625
1.43914794921875
1.7847900390625
1.87652587890625
1.8955078125
1.427001953125
1.686279296875
1.8533935546875
1.1429443359375
1.4599609375
1.72967529296875
1.51556396484375
1.58551025390625
1.92535400390625
1.55535888671875
1.942626953125
1.61279296875
1.551025390625
2.01812744140625
1.5634765625
1.70806884765625
1.56378173828125
1.74810791015625
1.35101318359375
1.6552734375
1.7562255859375
2.03765869140625
1.39813232421875
1.253173828125
1.378173828125
1.98956298828125
1.59222412109375
1.8524169921875
1.65679931640625
2.03564453125
1.4012451171875
1.9339599609375
2.04132080078125
1.4971923828125
1.455078125
2.0367431640625
1.53564453125
1.56756591796875
1.33172607421875
1.41754150390625
1.7275390625
1.53692626953125
1.5869140625
1.72381591796875
2.06024169921875
1.80914306640625
1.46270751953125
1.42498779296875
1.764892578125
2.08221435546875
1.85113525390625
1.77484130859375
1.978515625
1.5281982421875
1.360107421875
2.06341552734375
1.75457763671875
1.7889404296875
1.96649169921875
1.54461669921875
2.38287353515625
2.004638671875
1.77362060546875
1.57550048828125
1.50909423828125
1.38018798828125
1.85723876953125
1.5216064453125
1.7152099609375
1.71844482421875
1.85223388671875
1.66766357421875
1.52996826171875
1.9906005859375
1.7823486328125
1.3101806640625
1.4075927734375
1.8087158203125
1.59393310546875
1.40350341796875
1.76446533203125
1.5350341796875
1.36846923828125
1.91680908203125
1.483154296875
1.832763671875
1.33892822265625
1.3768310546875
1.63079833984375
1.34820556640625
1.25103759765625
1.65191650390625
1.95068359375
1.78997802734375
1.5853271484375
1.6629638671875
1.8944091796875
1.793212890625
1.7880859375
1.39642333984375
1.91131591796875
1.7349853515625
1.4453125
1.89984130859375
2.0733642578125
1.62127685546875
1.926025390625
1.890625
1.599609375
1.75750732421875
1.23297119140625
1.8221435546875
1.6385498046875
1.6685791015625
1.860595703125
1.8350830078125
1.53448486328125
1.450927734375
1.51519775390625
1.6683349609375
1.58953857421875
2.44647216796875
1.6778564453125
2.12957763671875
1.40814208984375
1.688720703125
1.399658203125
1.46746826171875
1.56439208984375
1.4595947265625
1.423095703125
1.7012939453125
1.2958984375
1.84503173828125
1.37109375
1.537841796875
1.53277587890625
1.76995849609375
1.58465576171875
1.99029541015625
1.326416015625
1.96319580078125
1.85321044921875
1.79351806640625
1.64886474609375
1.91265869140625
1.53070068359375
1.89599609375
1.48199462890625
1.68341064453125
1.5609130859375
1.78045654296875
1.47528076171875
1.8380126953125
1.35736083984375
1.61456298828125
1.72064208984375
1.15948486328125
1.6351318359375
1.651611328125
1.651611328125
1.96649169921875
1.6429443359375
1.73309326171875
1.33746337890625
1.68218994140625
1.66851806640625
1.560791015625
1.53265380859375
1.7786865234375
1.743408203125
1.93212890625
1.737060546875
1.168701171875
1.51239013671875
1.36541748046875
1.8812255859375
1.99359130859375
1.770263671875
1.41754150390625
1.547119140625
1.4891357421875
1.66998291015625
1.32855224609375
1.52264404296875
1.5809326171875
2.0
1.6014404296875
1.5550537109375
1.53619384765625
1.325439453125
2.0302734375
1.36553955078125
2.5511474609375
1.71160888671875
2.0819091796875
1.28521728515625
1.6458740234375
1.754150390625
1.58087158203125
1.6802978515625
1.65948486328125
1.75506591796875
1.871337890625
1.70068359375
1.7236328125
1.75054931640625
1.27484130859375
1.6485595703125
1.78704833984375
1.08087158203125
2.123046875
1.4273681640625
2.0325927734375
1.54351806640625
1.9058837890625
1.796875
1.45025634765625
1.590576171875
1.49310302734375
1.5565185546875
1.74652099609375
1.73321533203125
1.305908203125
1.97125244140625
1.40167236328125
1.563232421875
1.62115478515625
1.37249755859375
1.7171630859375
1.37225341796875
1.82318115234375
1.63958740234375
1.7086181640625
1.74737548828125
1.87255859375
1.1776123046875
1.98260498046875
1.63616943359375
1.9013671875
1.504638671875
1.68560791015625
1.82159423828125
1.66546630859375
1.50543212890625
1.75506591796875
1.8690185546875
1.623779296875
1.2894287109375
1.7191162109375
1.6448974609375
2.11346435546875
1.96551513671875
1.56427001953125
1.541015625
1.83966064453125
1.94598388671875
1.33233642578125
1.66448974609375
1.6898193359375
1.9117431640625
1.6641845703125
1.665283203125
1.87939453125
1.58612060546875
1.6041259765625
1.66754150390625
2.0211181640625
1.64068603515625
1.659423828125
1.59228515625
1.66827392578125
1.33831787109375
1.17645263671875
1.7578125
2.2615966796875
1.54193115234375
1.45904541015625
1.5528564453125
2.08770751953125
1.98687744140625
1.2291259765625
1.9300537109375
2.05426025390625
1.62408447265625
1.57293701171875
1.2503662109375
2.11199951171875
1.31494140625
1.34393310546875
1.69207763671875
1.58367919921875
1.614990234375
1.6470947265625
1.784912109375
1.672607421875
1.91741943359375
1.33636474609375
1.747314453125
1.55889892578125
1.2728271484375
1.80035400390625
1.7413330078125
1.71356201171875
1.20159912109375
1.511962890625
1.41778564453125
1.4185791015625
1.6710205078125
1.4228515625
2.2490234375
1.38873291015625
1.22412109375
1.586669921875
1.48675537109375
1.76025390625
1.47515869140625
1.217041015625
1.51953125
1.72650146484375
1.71258544921875
1.8011474609375
1.225830078125
1.41461181640625
1.61328125
2.1451416015625
1.34912109375
1.603515625
2.01934814453125
1.7491455078125
1.73980712890625
1.64776611328125
1.35076904296875
1.59423828125
1.32794189453125
1.6138916015625
2.04608154296875
1.4998779296875
1.3736572265625
1.38665771484375
1.50286865234375
1.96160888671875
1.97509765625
1.944580078125
1.399169921875
1.2882080078125
1.63330078125
1.66876220703125
1.355224609375
1.5084228515625
1.75537109375
1.30279541015625
1.67291259765625
1.68353271484375
1.72882080078125
1.86651611328125
1.86273193359375
1.88702392578125
1.9417724609375
1.1680908203125
1.6016845703125
1.32757568359375
1.99664306640625
1.47125244140625
1.70166015625
1.704833984375
1.7738037109375
1.74407958984375
1.3470458984375
1.52459716796875
1.84161376953125
1.6339111328125
1.46142578125
1.71624755859375
1.5438232421875
1.5628662109375
1.5660400390625
1.5318603515625
1.3563232421875
1.4622802734375
1.7220458984375
1.13702392578125
1.55352783203125
2.072998046875
1.61224365234375
1.68743896484375
1.67498779296875
1.8719482421875
1.5760498046875
1.55859375
1.570068359375
2.01580810546875
1.67364501953125
1.65753173828125
1.591064453125
1.47418212890625
1.60906982421875
1.28192138671875
1.5389404296875
1.7401123046875
2.00445556640625
1.5897216796875
1.86370849609375
1.40484619140625
1.4866943359375
1.9527587890625
1.21734619140625
1.3934326171875
1.61663818359375
1.8076171875
1.70770263671875
1.67266845703125
1.58087158203125
1.24407958984375
1.32696533203125
1.96282958984375
1.8433837890625
1.8966064453125
