1.5435791015625
1.724853515625
1.600830078125
2.19036865234375
1.50244140625
1.70703125
2.02972412109375
1.5439453125
1.59161376953125
1.758056640625
1.773681640625
2.18682861328125
1.66619873046875
1.81097412109375
1.71783447265625
1.7515869140625
1.43353271484375
1.47052001953125
1.82293701171875
1.6090087890625
1.875244140625
1.6026611328125
1.88043212890625
1.95147705078125
1.9503173828125
1.7308349609375
1.70098876953125
2.15020751953125
1.6949462890625
1.5474853515625
1.6759033203125
1.69854736328125
1.67071533203125
1.50006103515625
2.32568359375
1.82281494140625
1.96942138671875
1.8912353515625
1.8524169921875
2.043212890625
1.8349609375
2.04888916015625
1.77825927734375
1.68768310546875
1.70843505859375
2.16302490234375
2.074462890625
1.529541015625
1.851806640625
1.86529541015625
1.733642578125
1.7431640625
1.84967041015625
2.2315673828125
2.119873046875
1.447998046875
2.30609130859375
1.720703125
1.95025634765625
1.725830078125
2.10498046875
1.533447265625
1.783935546875
2.2628173828125
1.83251953125
1.67266845703125
1.92535400390625
2.22735595703125
1.98638916015625
1.496826171875
1.88958740234375
1.54156494140625
2.04205322265625
1.80865478515625
1.5806884765625
1.687744140625
1.78399658203125
1.73291015625
1.85516357421875
1.86175537109375
1.8343505859375
2.09893798828125
2.111572265625
2.05084228515625
1.70074462890625
1.64312744140625
1.5089111328125
2.03277587890625
1.70135498046875
1.83544921875
1.99560546875
1.7298583984375
2.39715576171875
2.0555419921875
1.84197998046875
1.76458740234375
2.01519775390625
1.70477294921875
1.9134521484375
1.967041015625
2.27703857421875
2.1387939453125
2.00628662109375
1.86590576171875
2.1900634765625
2.2154541015625
2.03179931640625
1.87701416015625
1.73345947265625
1.87945556640625
2.0062255859375
2.013427734375
1.57391357421875
1.40606689453125
1.67974853515625
1.89080810546875
1.6112060546875
1.8538818359375
1.72967529296875
1.58538818359375
1.69317626953125
1.83734130859375
1.5404052734375
1.95068359375
1.7869873046875
1.96343994140625
1.65179443359375
1.4959716796875
1.7882080078125
2.53363037109375
1.86956787109375
1.4171142578125
1.81201171875
1.84539794921875
1.62689208984375
1.861572265625
1.59429931640625
2.2711181640625
1.5465087890625
2.2548828125
2.049560546875
1.52935791015625
1.94677734375
1.3291015625
1.6173095703125
1.60614013671875
1.63671875
1.40948486328125
1.81451416015625
1.857177734375
2.0704345703125
1.71484375
2.02923583984375
1.58148193359375
2.257080078125
1.9029541015625
1.78863525390625
1.91253662109375
1.8505859375
1.99072265625
1.802734375
2.0819091796875
1.72113037109375
2.2664794921875
1.6519775390625
1.82501220703125
1.70654296875
1.337890625
1.53741455078125
2.0308837890625
1.43853759765625
2.3375244140625
1.89776611328125
2.14532470703125
1.92364501953125
1.9161376953125
1.4993896484375
1.95452880859375
1.6107177734375
2.09814453125
1.802978515625
2.08612060546875
2.2574462890625
1.35919189453125
1.73248291015625
1.95709228515625
1.530029296875
1.79022216796875
1.346923828125
1.658203125
1.72869873046875
1.8658447265625
2.081787109375
2.2247314453125
1.75994873046875
1.6658935546875
1.8551025390625
1.89715576171875
2.0048828125
1.9124755859375
1.96307373046875
1.756591796875
1.5052490234375
1.60687255859375
1.87603759765625
1.817626953125
2.074462890625
2.28558349609375
2.4068603515625
1.591796875
1.63616943359375
1.80126953125
1.96240234375
1.270751953125
1.818359375
2.0712890625
1.56402587890625
1.87799072265625
1.6236572265625
1.5911865234375
2.41143798828125
2.11474609375
1.68914794921875
1.39935302734375
1.68310546875
1.68231201171875
1.859130859375
1.43389892578125
1.75250244140625
1.4849853515625
1.8516845703125
2.0048828125
1.8780517578125
1.68212890625
1.85430908203125
1.9307861328125
1.8778076171875
1.4713134765625
1.9364013671875
2.2392578125
1.734130859375
1.8043212890625
1.66943359375
1.772216796875
1.6580810546875
1.4656982421875
1.6690673828125
1.87384033203125
1.47412109375
1.9339599609375
1.58831787109375
1.4097900390625
1.23358154296875
1.81317138671875
1.60675048828125
1.70709228515625
1.4041748046875
1.9488525390625
1.40533447265625
1.96600341796875
1.77777099609375
1.59796142578125
1.934326171875
1.5164794921875
2.0999755859375
2.0447998046875
1.981689453125
1.53765869140625
2.156494140625
1.591796875
2.19219970703125
1.5732421875
1.64697265625
1.43359375
2.2183837890625
2.04705810546875
1.84490966796875
1.9677734375
1.6109619140625
1.6572265625
1.63031005859375
1.89373779296875
1.90948486328125
2.13214111328125
2.26605224609375
1.96832275390625
1.908447265625
2.0252685546875
1.88238525390625
1.87957763671875
1.6890869140625
2.1339111328125
1.45068359375
1.89239501953125
1.95782470703125
1.40838623046875
2.38519287109375
2.26824951171875
1.472412109375
1.99163818359375
1.43255615234375
1.84979248046875
2.0333251953125
1.49737548828125
1.7879638671875
1.81060791015625
2.156982421875
2.16436767578125
1.725341796875
1.601806640625
1.74261474609375
1.61907958984375
1.7642822265625
2.302001953125
1.9638671875
1.65252685546875
1.76776123046875
1.5699462890625
1.573486328125
2.13214111328125
1.352783203125
2.0074462890625
1.8558349609375
2.1776123046875
2.02490234375
1.73028564453125
1.93829345703125
1.6712646484375
1.7281494140625
1.81707763671875
2.16668701171875
2.06329345703125
1.5465087890625
1.89404296875
2.01300048828125
2.0029296875
2.28753662109375
2.03521728515625
1.87353515625
2.40447998046875
2.04345703125
1.955810546875
1.7935791015625
1.743408203125
1.558837890625
1.7259521484375
1.8211669921875
1.70458984375
1.71240234375
2.835205078125
1.8895263671875
1.5838623046875
1.8963623046875
2.00225830078125
1.579345703125
1.86517333984375
1.85211181640625
1.35430908203125
1.47625732421875
1.860595703125
2.35882568359375
1.7230224609375
1.5599365234375
1.8592529296875
1.55426025390625
1.6500244140625
2.00927734375
1.28790283203125
1.7349853515625
1.44549560546875
1.99957275390625
2.1162109375
2.12078857421875
1.82989501953125
1.8336181640625
1.314208984375
1.474609375
1.66827392578125
1.5750732421875
1.83026123046875
1.81365966796875
1.71234130859375
1.6373291015625
1.66064453125
1.95745849609375
1.79644775390625
1.93902587890625
1.54058837890625
1.48883056640625
1.489990234375
1.50714111328125
1.42742919921875
1.89044189453125
1.88751220703125
1.93731689453125
1.91217041015625
1.1785888671875
1.98541259765625
1.55291748046875
1.779052734375
2.11798095703125
2.013671875
1.80645751953125
1.8553466796875
2.279296875
1.36126708984375
1.57281494140625
1.79254150390625
1.459228515625
1.6484375
1.7135009765625
1.54840087890625
1.94683837890625
1.99346923828125
1.66278076171875
1.63214111328125
1.8568115234375
1.55401611328125
1.35186767578125
2.0133056640625
1.658203125
1.69989013671875
1.7247314453125
1.9542236328125
1.615966796875
1.47100830078125
2.29339599609375
1.56036376953125
1.714111328125
1.77520751953125
1.45013427734375
1.48779296875
1.94879150390625
1.69842529296875
2.24810791015625
1.53955078125
2.10797119140625
1.68133544921875
2.17333984375
2.3245849609375
1.8896484375
2.17462158203125
1.65087890625
1.9576416015625
1.72564697265625
1.85498046875
1.85064697265625
1.81915283203125
2.3148193359375
1.66143798828125
1.8818359375
1.78790283203125
1.919189453125
1.64166259765625
2.00762939453125
1.61480712890625
1.91094970703125
1.63653564453125
1.623046875
2.05999755859375
2.2994384765625
1.90960693359375
1.9599609375
1.7901611328125
1.33233642578125
1.85260009765625
2.53076171875
1.58306884765625
1.8477783203125
1.6875
1.36187744140625
1.7818603515625
2.2813720703125
1.68927001953125
2.00091552734375
2.3427734375
1.8887939453125
1.66168212890625
1.735107421875
2.2039794921875
2.08709716796875
1.8980712890625
1.74261474609375
1.47900390625
2.4666748046875
1.55828857421875
1.6783447265625
1.91326904296875
1.69586181640625
1.800537109375
2.0435791015625
1.9884033203125
2.00726318359375
1.98919677734375
1.61590576171875
2.26287841796875
1.475830078125
1.52203369140625
2.39617919921875
1.618896484375
