2.45867919921875
2.27752685546875
2.233154296875
1.9205322265625
2.92022705078125
2.26617431640625
2.23150634765625
2.3179931640625
1.84942626953125
2.0560302734375
2.12982177734375
2.429931640625
2.0460205078125
2.463134765625
2.7161865234375
2.3726806640625
2.58355712890625
2.11236572265625
2.07763671875
2.90570068359375
2.30126953125
1.91241455078125
2.393798828125
2.2301025390625
2.06744384765625
2.46490478515625
2.1893310546875
2.1009521484375
2.49029541015625
2.64434814453125
2.3553466796875
2.2208251953125
2.4195556640625
2.53228759765625
2.07611083984375
2.278564453125
2.156982421875
2.3216552734375
2.508544921875
2.6270751953125
2.0179443359375
2.0018310546875
2.50128173828125
2.51416015625
2.48443603515625
2.144775390625
2.26287841796875
2.10125732421875
2.28021240234375
2.175048828125
2.149658203125
2.17974853515625
2.17486572265625
2.37408447265625
2.54437255859375
2.07940673828125
2.692138671875
2.16888427734375
2.0977783203125
2.79522705078125
1.9639892578125
2.076904296875
2.54840087890625
2.027099609375
1.8870849609375
2.34588623046875
2.65673828125
2.5489501953125
2.39947509765625
2.1572265625
2.10552978515625
2.04010009765625
2.04345703125
2.26385498046875
2.28863525390625
1.87335205078125
2.056884765625
2.302490234375
2.2679443359375
2.46173095703125
2.37646484375
2.359375
2.5184326171875
1.8507080078125
2.7393798828125
2.27276611328125
2.25555419921875
2.3128662109375
2.11724853515625
1.99359130859375
2.50244140625
2.35052490234375
2.21612548828125
2.25848388671875
2.389404296875
2.5185546875
2.28668212890625
2.4664306640625
2.35321044921875
2.04052734375
2.597412109375
2.11383056640625
2.6839599609375
2.31451416015625
2.1612548828125
2.06292724609375
2.28759765625
2.508544921875
2.13616943359375
2.230224609375
2.99554443359375
2.11181640625
2.5657958984375
2.3634033203125
2.53631591796875
2.06658935546875
2.2760009765625
2.58489990234375
2.03289794921875
2.040771484375
2.45159912109375
2.32269287109375
2.09063720703125
2.49188232421875
2.226806640625
2.71533203125
2.27301025390625
2.49749755859375
2.2557373046875
2.27703857421875
2.314697265625
2.056640625
2.176025390625
2.28277587890625
2.10565185546875
2.037353515625
2.3729248046875
2.31390380859375
2.5482177734375
2.5667724609375
2.62139892578125
2.52447509765625
2.25311279296875
1.83404541015625
2.3944091796875
2.1546630859375
2.10693359375
2.28631591796875
2.22662353515625
2.49334716796875
2.30584716796875
2.331298828125
2.50909423828125
2.2449951171875
2.47137451171875
1.93963623046875
2.28826904296875
2.1072998046875
2.53021240234375
2.0335693359375
2.22222900390625
2.31036376953125
1.81298828125
2.3707275390625
3.0255126953125
1.8394775390625
2.69427490234375
2.10357666015625
2.0731201171875
1.81201171875
2.13250732421875
2.27764892578125
2.55242919921875
2.557373046875
2.48419189453125
2.373046875
2.2081298828125
2.3472900390625
2.6317138671875
2.8111572265625
2.4134521484375
2.23626708984375
2.2744140625
2.452880859375
2.0594482421875
2.43365478515625
2.3438720703125
2.02923583984375
2.2899169921875
2.33001708984375
2.27105712890625
2.5589599609375
2.147216796875
2.2423095703125
2.16015625
2.138671875
2.3404541015625
2.1837158203125
2.3980712890625
2.6009521484375
2.22589111328125
2.53192138671875
2.27410888671875
2.81207275390625
1.995361328125
2.11981201171875
2.26373291015625
2.1705322265625
2.730712890625
2.18646240234375
2.70074462890625
2.09698486328125
2.0657958984375
2.16314697265625
2.13525390625
2.413330078125
2.48284912109375
2.3770751953125
2.63653564453125
2.646240234375
2.36492919921875
1.95941162109375
2.13970947265625
2.37213134765625
2.654052734375
2.9324951171875
2.45196533203125
2.27105712890625
2.7044677734375
2.271240234375
2.100830078125
2.25067138671875
2.2366943359375
2.82257080078125
2.669921875
2.65325927734375
2.61993408203125
2.67401123046875
2.86981201171875
2.00543212890625
2.29620361328125
2.40283203125
2.31256103515625
2.68841552734375
2.2735595703125
2.45684814453125
2.0263671875
2.28472900390625
2.21246337890625
1.99896240234375
2.05218505859375
2.3917236328125
2.4207763671875
2.64569091796875
2.0517578125
2.3553466796875
2.47125244140625
2.35540771484375
2.651611328125
2.13677978515625
2.6761474609375
2.54132080078125
2.51568603515625
2.2852783203125
2.2569580078125
2.25823974609375
2.66729736328125
2.1119384765625
2.419921875
2.1385498046875
2.09686279296875
2.2515869140625
2.0821533203125
2.22283935546875
2.207763671875
2.4290771484375
2.15716552734375
2.0338134765625
2.75
2.4146728515625
2.3326416015625
2.560791015625
2.8233642578125
2.2275390625
2.220947265625
2.44915771484375
2.3804931640625
2.38885498046875
2.44073486328125
2.153076171875
2.16107177734375
2.181640625
1.94525146484375
2.83172607421875
2.3660888671875
1.94903564453125
2.25299072265625
2.2135009765625
2.64288330078125
2.151611328125
2.22479248046875
2.239501953125
2.0177001953125
2.22711181640625
2.42230224609375
2.138671875
2.34326171875
2.42633056640625
2.37921142578125
2.509521484375
2.52484130859375
2.66180419921875
2.361572265625
2.21502685546875
2.30694580078125
2.58563232421875
2.9781494140625
2.20843505859375
2.81195068359375
2.54443359375
2.0670166015625
2.34698486328125
2.30523681640625
2.58489990234375
2.43902587890625
2.501953125
2.4755859375
2.17596435546875
2.53594970703125
2.84576416015625
1.98846435546875
1.9730224609375
1.8853759765625
2.278564453125
2.47357177734375
2.75531005859375
2.69525146484375
2.3502197265625
2.0975341796875
2.55224609375
2.0023193359375
2.51593017578125
2.609375
2.37640380859375
2.6256103515625
1.98614501953125
2.33642578125
2.1322021484375
2.34954833984375
1.90118408203125
2.249755859375
2.272705078125
2.73541259765625
2.51519775390625
2.1265869140625
2.5592041015625
2.542236328125
1.6959228515625
2.09014892578125
2.3843994140625
2.6097412109375
2.45391845703125
2.7005615234375
2.48468017578125
2.5672607421875
1.73809814453125
2.18853759765625
2.3370361328125
2.20306396484375
2.080322265625
2.71038818359375
2.45465087890625
2.7501220703125
2.210693359375
2.02569580078125
2.62298583984375
2.5128173828125
2.2431640625
2.49871826171875
2.4140625
2.100341796875
2.009033203125
2.20111083984375
2.33575439453125
2.134765625
2.19647216796875
2.37994384765625
2.336669921875
2.13818359375
1.89190673828125
2.267333984375
2.03497314453125
2.73101806640625
2.18853759765625
2.41839599609375
2.27996826171875
2.32745361328125
2.33282470703125
2.48046875
2.3955078125
2.36627197265625
2.2080078125
2.21868896484375
2.40118408203125
2.11553955078125
2.50732421875
2.48028564453125
2.03594970703125
2.20623779296875
2.20745849609375
2.1573486328125
2.3822021484375
2.1937255859375
2.16656494140625
2.52923583984375
2.073974609375
2.5738525390625
2.24017333984375
2.24554443359375
2.35498046875
2.37017822265625
2.641357421875
2.54827880859375
2.5509033203125
2.56805419921875
2.00689697265625
2.18902587890625
2.31158447265625
2.4647216796875
2.2200927734375
2.3311767578125
2.3294677734375
2.27154541015625
2.4141845703125
2.36016845703125
2.108642578125
2.068359375
2.13690185546875
2.2623291015625
2.57489013671875
2.19085693359375
1.9876708984375
2.2957763671875
2.10430908203125
2.388671875
2.35223388671875
2.08209228515625
1.9881591796875
2.58319091796875
2.44573974609375
2.55035400390625
2.3367919921875
2.4630126953125
2.38214111328125
2.15216064453125
2.15716552734375
1.9930419921875
2.32586669921875
2.4273681640625
2.20465087890625
2.49755859375
2.1151123046875
2.45501708984375
2.101318359375
2.028076171875
2.2314453125
2.20330810546875
2.46044921875
2.77288818359375
2.56195068359375
2.45599365234375
2.15228271484375
2.495849609375
2.43475341796875
2.237060546875
2.0518798828125
2.31683349609375
2.4925537109375
2.11224365234375
2.309814453125
2.02276611328125
2.01788330078125
2.3092041015625
2.3743896484375
2.54473876953125
2.6805419921875
2.2889404296875
2.07159423828125
2.26959228515625
2.23675537109375
2.30718994140625
2.54388427734375
2.50604248046875
2.372314453125
2.09637451171875
2.33026123046875
2.15728759765625
2.33599853515625
1.798583984375
2.3447265625
