2.49859619140625
2.83905029296875
2.35711669921875
3.12646484375
2.7861328125
2.28411865234375
3.047607421875
2.45819091796875
2.6007080078125
2.66796875
2.20111083984375
2.85699462890625
2.63836669921875
2.32275390625
2.5811767578125
2.33367919921875
2.76568603515625
2.59503173828125
2.36944580078125
2.44232177734375
2.90252685546875
2.611083984375
1.9779052734375
2.9793701171875
2.91741943359375
2.482177734375
2.6077880859375
2.45184326171875
2.32855224609375
2.47509765625
2.50994873046875
2.566650390625
2.79425048828125
2.67877197265625
2.82305908203125
2.489501953125
2.16424560546875
2.8082275390625
2.3199462890625
1.97918701171875
2.42901611328125
2.70977783203125
2.6053466796875
2.66619873046875
2.82574462890625
2.337158203125
2.45379638671875
2.44415283203125
2.2935791015625
2.42156982421875
2.2884521484375
3.02008056640625
2.5931396484375
2.84588623046875
2.4124755859375
2.63775634765625
2.42803955078125
2.8563232421875
2.4473876953125
2.22235107421875
2.49359130859375
2.73486328125
2.67291259765625
2.13623046875
2.3734130859375
2.43804931640625
2.29071044921875
2.55035400390625
2.2552490234375
2.79193115234375
2.564453125
2.40509033203125
2.32073974609375
2.45989990234375
2.4986572265625
2.31500244140625
2.58551025390625
2.5185546875
2.3868408203125
2.79412841796875
2.416015625
2.50054931640625
2.6845703125
2.5447998046875
2.83062744140625
2.47735595703125
2.462890625
2.77294921875
2.572509765625
2.20989990234375
2.42047119140625
2.55804443359375
1.99981689453125
2.36553955078125
3.1163330078125
2.6058349609375
2.77740478515625
2.63482666015625
2.3106689453125
2.905029296875
2.4190673828125
2.57965087890625
2.7470703125
2.6571044921875
2.9052734375
2.69012451171875
3.45654296875
2.6180419921875
2.62103271484375
2.59185791015625
2.5860595703125
2.412353515625
2.48699951171875
2.83062744140625
2.274658203125
2.4156494140625
2.505859375
2.9620361328125
2.064208984375
2.86029052734375
2.14093017578125
3.14459228515625
2.55963134765625
2.5985107421875
2.7310791015625
2.3399658203125
2.8997802734375
2.7188720703125
2.73272705078125
2.41961669921875
2.489501953125
3.2542724609375
2.84063720703125
2.57373046875
2.93603515625
2.37158203125
3.0965576171875
2.61895751953125
2.2645263671875
2.45001220703125
2.08349609375
2.47265625
2.49493408203125
2.20391845703125
2.27252197265625
2.69354248046875
2.532470703125
2.74102783203125
2.2764892578125
2.25177001953125
2.347412109375
2.22039794921875
2.37353515625
2.384765625
2.53564453125
2.46307373046875
2.6273193359375
2.277099609375
2.31158447265625
2.6007080078125
2.6065673828125
2.2005615234375
2.502197265625
2.30120849609375
2.71038818359375
2.37554931640625
2.75738525390625
2.2188720703125
2.5162353515625
2.18109130859375
2.64593505859375
2.549560546875
2.22991943359375
2.508544921875
2.58538818359375
2.91497802734375
2.59906005859375
2.67138671875
2.5904541015625
2.535400390625
2.727783203125
2.00946044921875
2.75927734375
2.620849609375
2.34564208984375
2.88323974609375
2.3251953125
2.81256103515625
2.57733154296875
2.511474609375
2.1575927734375
2.82965087890625
2.51702880859375
2.169189453125
2.59967041015625
2.5806884765625
2.47314453125
2.356689453125
2.5594482421875
2.671875
2.28082275390625
2.73046875
2.4935302734375
2.4324951171875
2.5966796875
2.5107421875
3.2215576171875
2.46270751953125
2.6612548828125
2.7022705078125
2.35589599609375
2.24951171875
2.62054443359375
2.8729248046875
2.189453125
2.7283935546875
2.68218994140625
2.6268310546875
2.7568359375
2.2772216796875
2.24041748046875
2.37066650390625
2.5299072265625
2.2938232421875
2.55902099609375
2.8443603515625
2.78875732421875
2.47161865234375
2.185302734375
2.23663330078125
2.55828857421875
2.295654296875
2.32757568359375
2.427490234375
2.55169677734375
2.35931396484375
2.446044921875
2.79901123046875
3.03607177734375
2.580078125
2.73089599609375
2.456787109375
2.2862548828125
2.4111328125
2.4766845703125
2.39959716796875
2.02178955078125
2.4622802734375
2.63494873046875
2.3226318359375
2.880615234375
2.0606689453125
2.5303955078125
2.54754638671875
2.514404296875
2.43304443359375
2.69720458984375
2.610107421875
2.535400390625
1.96966552734375
2.7037353515625
3.32489013671875
2.9576416015625
2.44476318359375
2.54376220703125
2.91705322265625
2.77825927734375
2.5443115234375
2.58905029296875
2.3741455078125
2.25592041015625
2.322265625
2.5802001953125
2.57275390625
3.14410400390625
2.444091796875
2.72686767578125
2.624267578125
2.669921875
2.5439453125
2.85223388671875
2.490966796875
2.10137939453125
2.64703369140625
2.77593994140625
2.4991455078125
2.53369140625
2.40325927734375
2.70025634765625
2.276123046875
2.579833984375
2.79656982421875
2.54541015625
2.296142578125
2.6676025390625
2.56353759765625
2.6064453125
2.08062744140625
2.37384033203125
2.64306640625
2.44189453125
2.5323486328125
2.6502685546875
2.58404541015625
2.47894287109375
2.15460205078125
2.22113037109375
2.34967041015625
2.05902099609375
2.68658447265625
2.4649658203125
1.77008056640625
2.15362548828125
2.28741455078125
2.2489013671875
2.45428466796875
2.3994140625
2.98101806640625
2.966796875
2.51116943359375
2.1666259765625
2.97265625
2.61181640625
2.89691162109375
2.421142578125
1.94268798828125
2.68267822265625
2.39373779296875
2.79779052734375
2.15240478515625
2.39752197265625
2.66571044921875
2.5933837890625
2.42645263671875
2.35357666015625
2.67852783203125
2.29364013671875
2.28875732421875
2.689453125
2.5858154296875
2.3345947265625
2.56500244140625
2.71295166015625
2.37701416015625
2.574951171875
2.3077392578125
2.39593505859375
2.47137451171875
2.0848388671875
2.264892578125
2.56036376953125
2.71673583984375
1.99322509765625
2.625732421875
2.742919921875
2.7913818359375
2.20050048828125
2.462646484375
2.44146728515625
2.14141845703125
2.69775390625
2.7222900390625
2.6494140625
2.36956787109375
2.59979248046875
2.483154296875
2.5029296875
2.78131103515625
2.74725341796875
2.77783203125
2.50628662109375
2.77655029296875
2.36578369140625
2.4788818359375
2.8792724609375
2.49383544921875
2.6805419921875
2.29034423828125
2.52044677734375
2.2943115234375
2.9412841796875
2.41375732421875
2.01654052734375
2.36663818359375
2.57684326171875
2.90283203125
1.894775390625
2.65277099609375
2.80133056640625
2.53643798828125
2.66400146484375
2.78045654296875
2.5684814453125
2.57562255859375
2.7489013671875
2.7672119140625
2.35137939453125
2.19439697265625
2.41827392578125
2.58489990234375
2.4761962890625
2.71197509765625
2.9786376953125
3.12738037109375
2.49774169921875
2.66705322265625
2.57830810546875
2.85968017578125
2.30780029296875
2.58477783203125
2.2547607421875
2.25384521484375
2.0880126953125
2.666259765625
3.04095458984375
2.0819091796875
2.7357177734375
2.8023681640625
2.4244384765625
2.69232177734375
3.07440185546875
2.444580078125
2.51123046875
2.14105224609375
2.15826416015625
2.6170654296875
3.1363525390625
2.42169189453125
2.2945556640625
2.86627197265625
2.36614990234375
2.250244140625
2.2559814453125
2.38348388671875
2.24896240234375
2.7564697265625
3.05755615234375
2.673583984375
2.50927734375
2.2686767578125
2.78143310546875
2.39239501953125
2.4176025390625
2.50921630859375
2.501953125
2.50482177734375
2.48968505859375
2.2640380859375
2.80645751953125
2.2998046875
2.780517578125
2.7738037109375
2.87750244140625
2.40167236328125
2.623291015625
2.8253173828125
2.30059814453125
2.60943603515625
2.66937255859375
2.35333251953125
2.68115234375
2.8980712890625
2.038330078125
2.79852294921875
2.7520751953125
2.4989013671875
2.4793701171875
2.63427734375
2.21124267578125
2.2650146484375
2.2255859375
2.4522705078125
2.55926513671875
2.3992919921875
2.93133544921875
2.3623046875
2.65936279296875
2.5045166015625
2.598388671875
2.88446044921875
2.48162841796875
2.8831787109375
2.366943359375
2.86822509765625
2.7203369140625
2.98468017578125
2.17877197265625
2.47552490234375
2.869873046875
1.92041015625
2.76739501953125
2.3258056640625
2.67816162109375
2.76507568359375
2.64947509765625
2.35235595703125
1.947998046875
2.78936767578125
2.8363037109375
2.52783203125
