2.95941162109375
2.9276123046875
2.7796630859375
2.45831298828125
3.34063720703125
2.87005615234375
2.619140625
2.82379150390625
2.27215576171875
2.491943359375
2.5819091796875
2.74298095703125
2.51580810546875
2.88287353515625
3.173583984375
2.74273681640625
2.9879150390625
2.6705322265625
2.68048095703125
3.25726318359375
2.7359619140625
2.45135498046875
2.99652099609375
2.68994140625
2.562255859375
3.0361328125
2.61785888671875
2.708740234375
2.99212646484375
3.07757568359375
2.8797607421875
2.67095947265625
2.89801025390625
3.0654296875
2.82232666015625
2.710205078125
2.627685546875
2.797119140625
3.051025390625
2.99871826171875
2.47833251953125
2.46856689453125
3.03338623046875
3.0234375
2.9676513671875
2.75390625
2.72320556640625
2.48858642578125
2.75274658203125
2.55340576171875
2.65234375
2.7135009765625
2.768310546875
2.88006591796875
3.04644775390625
2.70220947265625
3.12066650390625
2.693359375
2.67388916015625
3.28106689453125
2.4248046875
2.656494140625
3.11859130859375
2.60260009765625
2.38372802734375
2.744873046875
3.17095947265625
2.9981689453125
2.75823974609375
2.6396484375
2.736083984375
2.634033203125
2.65264892578125
2.69390869140625
2.78717041015625
2.39593505859375
2.58062744140625
2.873046875
2.76373291015625
2.88287353515625
2.7122802734375
2.945068359375
2.922119140625
2.35003662109375
3.1519775390625
2.61187744140625
2.77691650390625
2.73736572265625
2.6146240234375
2.5382080078125
2.975341796875
2.82293701171875
2.7000732421875
2.69927978515625
3.00341796875
3.05535888671875
2.832275390625
2.9534912109375
2.84466552734375
2.52032470703125
3.09954833984375
2.5467529296875
3.115478515625
2.85418701171875
2.80841064453125
2.580810546875
2.7593994140625
2.93414306640625
2.70892333984375
2.65911865234375
3.42413330078125
2.48724365234375
3.0299072265625
2.8204345703125
3.05755615234375
2.601318359375
2.75054931640625
2.9678955078125
2.63177490234375
2.611328125
2.94189453125
2.87799072265625
2.52197265625
2.90240478515625
2.77703857421875
3.1318359375
2.78857421875
2.922607421875
2.87188720703125
2.6612548828125
2.7554931640625
2.458984375
2.6578369140625
2.9652099609375
2.61004638671875
2.522216796875
2.88909912109375
2.73162841796875
2.9686279296875
2.967529296875
2.94879150390625
2.94024658203125
2.64300537109375
2.4476318359375
2.7894287109375
2.66851806640625
2.54559326171875
2.834228515625
2.77301025390625
3.10418701171875
2.858154296875
2.81365966796875
2.93853759765625
2.69366455078125
2.9976806640625
2.44970703125
2.87738037109375
2.6829833984375
2.924072265625
2.52154541015625
2.75811767578125
2.788330078125
2.32745361328125
2.926513671875
3.46881103515625
2.4598388671875
3.089111328125
2.6724853515625
2.47601318359375
2.3328857421875
2.69873046875
2.77740478515625
3.0380859375
3.04559326171875
2.98406982421875
2.884521484375
2.68841552734375
2.9295654296875
3.0491943359375
3.34844970703125
2.781005859375
2.75115966796875
2.76934814453125
2.95330810546875
2.5479736328125
2.99200439453125
2.73956298828125
2.52447509765625
2.6666259765625
2.873779296875
2.771728515625
3.048095703125
2.52569580078125
2.74359130859375
2.7398681640625
2.58612060546875
2.72454833984375
2.6453857421875
2.8555908203125
3.0303955078125
2.69281005859375
2.926025390625
2.85540771484375
3.33184814453125
2.579833984375
2.55633544921875
2.77789306640625
2.675537109375
3.1639404296875
2.776123046875
3.12896728515625
2.6126708984375
2.57415771484375
2.66424560546875
2.6038818359375
2.9437255859375
2.9947509765625
2.81109619140625
3.1309814453125
3.09942626953125
2.837890625
2.51373291015625
2.646240234375
2.84942626953125
3.37933349609375
3.29949951171875
2.9517822265625
2.8291015625
3.22332763671875
2.80621337890625
2.5693359375
2.65643310546875
2.80706787109375
3.27899169921875
3.1019287109375
3.038818359375
3.0045166015625
3.0732421875
3.40594482421875
2.40679931640625
2.81396484375
2.7369384765625
2.70635986328125
3.05413818359375
2.74365234375
2.74908447265625
2.4476318359375
2.82293701171875
2.68798828125
2.461181640625
2.5115966796875
2.878173828125
2.85150146484375
3.11334228515625
2.67767333984375
2.77313232421875
3.0205078125
2.80584716796875
3.04534912109375
2.68231201171875
3.081787109375
2.941162109375
3.0975341796875
2.74359130859375
2.80902099609375
2.7762451171875
3.04559326171875
2.567138671875
2.77728271484375
2.71807861328125
2.56658935546875
2.5972900390625
2.578125
2.5477294921875
2.6192626953125
2.998291015625
2.62713623046875
2.56256103515625
3.14202880859375
2.86065673828125
2.7991943359375
3.0819091796875
3.17327880859375
2.633056640625
2.79150390625
2.8397216796875
2.9063720703125
2.8756103515625
2.93060302734375
2.67266845703125
2.69805908203125
2.73162841796875
2.51312255859375
3.2657470703125
2.89337158203125
2.57843017578125
2.72308349609375
2.61822509765625
3.14208984375
2.6217041015625
2.867431640625
2.64300537109375
2.509033203125
2.69427490234375
2.88629150390625
2.7332763671875
2.8447265625
2.91241455078125
2.8123779296875
3.12457275390625
3.01129150390625
3.1810302734375
2.87994384765625
2.76763916015625
2.67950439453125
2.92645263671875
3.23358154296875
2.72332763671875
3.32843017578125
3.01861572265625
2.48944091796875
2.9039306640625
2.7496337890625
3.13751220703125
2.916259765625
2.9444580078125
2.991455078125
2.73663330078125
2.96649169921875
3.27276611328125
2.47589111328125
2.44805908203125
2.44476318359375
2.74713134765625
2.88037109375
3.2156982421875
3.139404296875
2.9332275390625
2.61907958984375
3.12451171875
2.521728515625
2.9051513671875
3.00946044921875
2.81573486328125
3.0478515625
2.4583740234375
2.7943115234375
2.64508056640625
2.65106201171875
2.366943359375
2.8026123046875
2.794921875
3.1959228515625
3.07623291015625
2.65972900390625
3.07666015625
3.04827880859375
2.32257080078125
2.47021484375
2.90972900390625
3.17291259765625
2.8035888671875
3.17584228515625
3.0633544921875
3.14447021484375
2.25750732421875
2.80694580078125
2.79144287109375
2.7098388671875
2.569091796875
3.16558837890625
3.00103759765625
3.2200927734375
2.640380859375
2.5111083984375
3.01873779296875
3.09893798828125
2.806396484375
2.8787841796875
2.896484375
2.6087646484375
2.4718017578125
2.652099609375
2.69683837890625
2.6070556640625
2.69683837890625
2.88287353515625
2.79339599609375
2.54388427734375
2.5133056640625
2.70806884765625
2.503173828125
3.3179931640625
2.71844482421875
2.905029296875
2.70379638671875
2.79241943359375
2.80224609375
2.93603515625
2.875732421875
2.8763427734375
2.7034912109375
2.80828857421875
2.73529052734375
2.552490234375
2.9805908203125
2.99005126953125
2.5731201171875
2.671630859375
2.79498291015625
2.67437744140625
2.94354248046875
2.7294921875
2.6771240234375
2.954345703125
2.55926513671875
2.980224609375
2.67572021484375
2.634765625
2.86505126953125
2.82159423828125
3.16424560546875
2.9180908203125
2.9642333984375
2.938720703125
2.471435546875
2.647216796875
2.84149169921875
2.87713623046875
2.7218017578125
2.79229736328125
2.8114013671875
2.7073974609375
2.9119873046875
2.8203125
2.61383056640625
2.4600830078125
2.59857177734375
2.76983642578125
3.13427734375
2.6990966796875
2.449951171875
2.74176025390625
2.6600341796875
2.962890625
2.94293212890625
2.56573486328125
2.52105712890625
3.03509521484375
2.892578125
3.0302734375
2.8746337890625
3.15496826171875
2.89202880859375
2.5767822265625
2.5814208984375
2.57489013671875
2.72601318359375
2.97589111328125
2.65771484375
2.93988037109375
2.609130859375
2.91851806640625
2.51300048828125
2.58978271484375
2.8482666015625
2.78363037109375
2.87127685546875
3.2213134765625
3.0279541015625
2.88519287109375
2.641357421875
3.15234375
2.9365234375
2.87091064453125
2.529296875
2.6636962890625
2.970703125
2.51409912109375
2.7078857421875
2.56317138671875
2.5889892578125
2.8480224609375
2.8939208984375
2.9827880859375
3.24041748046875
2.8272705078125
2.57427978515625
2.73577880859375
2.71954345703125
2.80841064453125
3.06121826171875
2.9373779296875
2.92230224609375
2.67767333984375
2.86859130859375
2.6580810546875
2.79425048828125
2.39422607421875
2.8070068359375
