2.05511474609375
2.200927734375
2.11968994140625
2.6781005859375
1.9688720703125
2.18450927734375
2.644287109375
1.99664306640625
2.08099365234375
2.248046875
2.2884521484375
2.68011474609375
2.25750732421875
2.35467529296875
2.22784423828125
2.205322265625
2.0123291015625
1.930908203125
2.36199951171875
2.158203125
2.440185546875
2.07159423828125
2.4884033203125
2.456787109375
2.44610595703125
2.2718505859375
2.1820068359375
2.62420654296875
2.10919189453125
1.97845458984375
2.24609375
2.25616455078125
2.1947021484375
2.0606689453125
2.76824951171875
2.4822998046875
2.54351806640625
2.4591064453125
2.4864501953125
2.61212158203125
2.3367919921875
2.5628662109375
2.27880859375
2.123291015625
2.23223876953125
2.73284912109375
2.50628662109375
2.07635498046875
2.37860107421875
2.38623046875
2.1064453125
2.33001708984375
2.3404541015625
2.674072265625
2.595458984375
2.03485107421875
2.7008056640625
2.26531982421875
2.48541259765625
2.24713134765625
2.55120849609375
2.12982177734375
2.24945068359375
2.855224609375
2.26727294921875
2.19287109375
2.4937744140625
2.74151611328125
2.5714111328125
2.021484375
2.33740234375
2.10455322265625
2.5322265625
2.2991943359375
2.05560302734375
2.15399169921875
2.294921875
2.32830810546875
2.39337158203125
2.26800537109375
2.3070068359375
2.5670166015625
2.60675048828125
2.6607666015625
2.2030029296875
2.227294921875
1.90802001953125
2.531494140625
2.3443603515625
2.49407958984375
2.5245361328125
2.17462158203125
3.01214599609375
2.3634033203125
2.4613037109375
2.302490234375
2.45562744140625
2.26629638671875
2.406982421875
2.4512939453125
2.7723388671875
2.6395263671875
2.4488525390625
2.4552001953125
2.71270751953125
2.63104248046875
2.575927734375
2.3060302734375
2.20477294921875
2.39520263671875
2.52032470703125
2.45806884765625
2.068603515625
1.88873291015625
2.10455322265625
2.43585205078125
2.16107177734375
2.40655517578125
2.26495361328125
2.12103271484375
2.15875244140625
2.36566162109375
2.03759765625
2.39910888671875
2.19232177734375
2.57611083984375
2.213623046875
2.058837890625
2.41064453125
2.91180419921875
2.4095458984375
1.96966552734375
2.324462890625
2.33966064453125
2.04296875
2.421142578125
2.07427978515625
2.7196044921875
2.05487060546875
2.82763671875
2.616943359375
1.88836669921875
2.612060546875
1.90008544921875
2.17901611328125
2.1763916015625
2.165283203125
1.95709228515625
2.24444580078125
2.30682373046875
2.62713623046875
2.2384033203125
2.56549072265625
2.03778076171875
2.78338623046875
2.2962646484375
2.36712646484375
2.3851318359375
2.313720703125
2.43780517578125
2.4056396484375
2.63336181640625
2.11553955078125
2.8555908203125
2.2244873046875
2.36578369140625
2.192626953125
1.81817626953125
2.1363525390625
2.54852294921875
1.88140869140625
2.87176513671875
2.46173095703125
2.67059326171875
2.54193115234375
2.45068359375
2.1439208984375
2.52166748046875
2.13323974609375
2.54962158203125
2.1474609375
2.54412841796875
2.67767333984375
1.756103515625
2.35211181640625
2.37261962890625
1.9947509765625
2.2198486328125
2.02276611328125
2.26971435546875
2.22052001953125
2.29296875
2.63885498046875
2.68902587890625
2.23284912109375
2.18560791015625
2.2933349609375
2.531494140625
2.3988037109375
2.33746337890625
2.5606689453125
2.21112060546875
2.02838134765625
2.21966552734375
2.3519287109375
2.32928466796875
2.64703369140625
2.8966064453125
2.85552978515625
2.0672607421875
2.14013671875
2.37310791015625
2.4156494140625
1.925537109375
2.24102783203125
2.5843505859375
2.1510009765625
2.3240966796875
2.15338134765625
2.107177734375
2.86553955078125
2.52642822265625
2.25140380859375
1.9241943359375
2.09637451171875
2.22210693359375
2.5609130859375
1.93658447265625
2.29986572265625
1.97265625
2.39892578125
2.63555908203125
2.1767578125
2.18292236328125
2.49029541015625
2.46099853515625
2.48175048828125
2.0146484375
2.5029296875
2.64215087890625
2.31756591796875
2.43890380859375
2.31097412109375
2.3369140625
2.2659912109375
1.9967041015625
2.17236328125
2.25653076171875
2.034423828125
2.3837890625
2.23016357421875
1.94378662109375
1.8663330078125
2.33917236328125
2.076171875
2.264404296875
2.0687255859375
2.5439453125
1.8699951171875
2.3614501953125
2.27801513671875
2.13299560546875
2.32611083984375
1.9615478515625
2.4638671875
2.49285888671875
2.566650390625
2.043212890625
2.76312255859375
2.0333251953125
2.75091552734375
2.06890869140625
2.18707275390625
1.97412109375
2.6448974609375
2.50433349609375
2.406494140625
2.46246337890625
2.1201171875
2.19927978515625
2.1458740234375
2.49920654296875
2.5419921875
2.61749267578125
2.78497314453125
2.527099609375
2.4041748046875
2.51763916015625
2.4097900390625
2.28802490234375
2.3992919921875
2.71826171875
1.950439453125
2.41094970703125
2.39776611328125
1.9373779296875
2.72796630859375
2.69122314453125
2.034423828125
2.4246826171875
1.9573974609375
2.3043212890625
2.65740966796875
2.08837890625
2.18389892578125
2.4561767578125
2.60821533203125
2.62286376953125
2.394287109375
2.18182373046875
2.3011474609375
2.1304931640625
2.20440673828125
2.97357177734375
2.5113525390625
2.18212890625
2.27886962890625
2.0963134765625
2.15399169921875
2.56109619140625
1.89605712890625
2.45745849609375
2.3182373046875
2.6019287109375
2.5201416015625
2.1689453125
2.40606689453125
2.281005859375
2.33154296875
2.62774658203125
2.5223388671875
2.6317138671875
2.129638671875
2.3831787109375
2.541015625
2.75225830078125
2.90338134765625
2.43511962890625
2.36279296875
2.82421875
2.587158203125
2.332275390625
2.34869384765625
2.16302490234375
2.08062744140625
2.27947998046875
2.363525390625
2.2310791015625
2.2615966796875
3.31689453125
2.4796142578125
2.010986328125
2.49078369140625
2.43878173828125
2.20849609375
2.44158935546875
2.33087158203125
1.91644287109375
1.95989990234375
2.3341064453125
2.8018798828125
2.189697265625
2.12384033203125
2.34686279296875
2.06329345703125
2.31201171875
2.43524169921875
1.7481689453125
2.23876953125
2.03973388671875
2.58148193359375
2.65576171875
2.6572265625
2.3221435546875
2.37652587890625
1.8028564453125
2.05889892578125
2.19561767578125
2.11639404296875
2.29742431640625
2.40045166015625
2.2088623046875
2.09552001953125
2.2032470703125
2.45343017578125
2.18194580078125
2.48095703125
2.12176513671875
2.11212158203125
2.00994873046875
1.92877197265625
1.8927001953125
2.3819580078125
2.294921875
2.5390625
2.40283203125
1.742431640625
2.52685546875
2.13568115234375
2.3050537109375
2.6461181640625
2.49041748046875
2.3123779296875
2.3045654296875
2.90777587890625
1.89984130859375
2.11517333984375
2.3812255859375
2.0560302734375
2.19854736328125
2.14276123046875
2.07940673828125
2.4124755859375
2.45068359375
2.27996826171875
2.2239990234375
2.2896728515625
2.0516357421875
1.85479736328125
2.5340576171875
2.25946044921875
2.31658935546875
2.15087890625
2.60888671875
2.2896728515625
2.066162109375
2.76123046875
2.15032958984375
2.177490234375
2.38604736328125
1.94744873046875
1.94854736328125
2.49896240234375
2.22186279296875
2.7701416015625
2.01141357421875
2.5673828125
2.1595458984375
2.5660400390625
2.86688232421875
2.31658935546875
2.71832275390625
2.24029541015625
2.3721923828125
2.2742919921875
2.32781982421875
2.4010009765625
2.3726806640625
2.7056884765625
2.24200439453125
2.40338134765625
2.17193603515625
2.50537109375
2.237060546875
2.6656494140625
2.17889404296875
2.32763671875
2.1756591796875
2.17205810546875
2.50079345703125
2.7974853515625
2.48077392578125
2.46868896484375
2.2989501953125
1.7825927734375
2.4200439453125
2.93878173828125
2.19085693359375
2.18310546875
2.3355712890625
1.8121337890625
2.3314208984375
2.6649169921875
2.20538330078125
2.49102783203125
2.901611328125
2.3765869140625
2.224609375
2.27301025390625
2.768310546875
2.38861083984375
2.4139404296875
2.16015625
1.99810791015625
2.89556884765625
2.09661865234375
2.27764892578125
2.31842041015625
2.08843994140625
2.2847900390625
2.552490234375
2.6064453125
2.613037109375
2.5093994140625
2.16131591796875
2.69696044921875
2.133056640625
1.9891357421875
2.8067626953125
2.1513671875
