0.18170166015625
0.13787841796875
0.198974609375
0.10650634765625
0.33868408203125
0.1427001953125
0.176025390625
0.20953369140625
0.18994140625
0.14892578125
0.12054443359375
0.1954345703125
0.25494384765625
0.309326171875
0.376708984375
0.14306640625
0.25469970703125
0.46820068359375
0.17010498046875
0.4283447265625
0.12750244140625
0.196044921875
0.2481689453125
0.20452880859375
0.11273193359375
0.13018798828125
0.18121337890625
0.09332275390625
0.21295166015625
0.3211669921875
0.1954345703125
0.14727783203125
0.1304931640625
0.23956298828125
0.13446044921875
0.32965087890625
0.1591796875
0.3450927734375
0.14642333984375
0.54315185546875
0.27850341796875
0.1116943359375
0.19305419921875
0.21588134765625
0.204833984375
0.18377685546875
0.1414794921875
0.13037109375
0.2388916015625
0.17608642578125
0.304931640625
0.12408447265625
0.11798095703125
0.21392822265625
0.317626953125
0.22100830078125
0.228515625
0.17803955078125
0.1639404296875
0.62335205078125
0.1295166015625
0.14080810546875
0.2137451171875
0.1365966796875
0.11651611328125
0.1846923828125
0.13128662109375
0.34356689453125
0.18853759765625
0.14453125
0.1611328125
0.2921142578125
0.1065673828125
0.2115478515625
0.15252685546875
0.1317138671875
0.12408447265625
0.1959228515625
0.1302490234375
0.21942138671875
0.34478759765625
0.19366455078125
0.13525390625
0.1597900390625
0.210205078125
0.14215087890625
0.185791015625
0.15277099609375
0.19970703125
0.08428955078125
0.29095458984375
0.2476806640625
0.15509033203125
0.29315185546875
0.17706298828125
0.17010498046875
0.177978515625
0.10833740234375
0.22576904296875
0.13348388671875
0.30279541015625
0.1461181640625
0.2685546875
0.26361083984375
0.1104736328125
0.12353515625
0.1219482421875
0.25494384765625
0.2821044921875
0.22637939453125
0.3341064453125
0.1795654296875
0.25457763671875
0.2763671875
0.3642578125
0.31536865234375
0.25341796875
0.20111083984375
0.22320556640625
0.125244140625
0.21307373046875
0.1917724609375
0.122802734375
0.51788330078125
0.2391357421875
0.289794921875
0.15814208984375
0.27227783203125
0.2584228515625
0.2596435546875
0.194091796875
0.136474609375
0.1739501953125
0.1279296875
0.27447509765625
0.14251708984375
0.20135498046875
0.20947265625
0.13824462890625
0.6551513671875
0.34918212890625
0.28717041015625
0.1712646484375
0.11236572265625
0.2098388671875
0.27532958984375
0.13775634765625
0.137451171875
0.16473388671875
0.26214599609375
0.26239013671875
0.2298583984375
0.2406005859375
0.2276611328125
0.40142822265625
0.12896728515625
0.3330078125
0.15618896484375
0.28582763671875
0.21356201171875
0.17364501953125
0.15521240234375
0.149169921875
0.31158447265625
0.27423095703125
0.1541748046875
0.2303466796875
0.077880859375
0.22528076171875
0.09393310546875
0.1822509765625
0.19110107421875
0.36737060546875
0.1412353515625
0.23834228515625
0.17657470703125
0.11968994140625
0.209228515625
0.16253662109375
0.20068359375
0.18145751953125
0.1815185546875
0.28582763671875
0.136962890625
0.11273193359375
0.22509765625
0.17193603515625
0.31005859375
0.2696533203125
0.1527099609375
0.1505126953125
0.36846923828125
0.285888671875
0.10906982421875
0.19146728515625
0.187255859375
0.330078125
0.1134033203125
0.255126953125
0.19366455078125
0.20391845703125
0.33551025390625
0.131591796875
0.52618408203125
0.169677734375
0.17742919921875
0.23016357421875
0.12396240234375
0.3603515625
0.1826171875
0.438720703125
0.21380615234375
0.121337890625
0.294921875
0.15631103515625
0.42108154296875
0.2650146484375
0.28668212890625
0.44720458984375
0.30206298828125
0.27154541015625
0.1026611328125
0.16156005859375
0.13909912109375
0.14154052734375
0.356689453125
0.48712158203125
0.23516845703125
0.38787841796875
0.2196044921875
0.185302734375
0.2374267578125
0.14752197265625
0.37640380859375
0.3753662109375
0.25592041015625
0.16729736328125
0.4781494140625
0.2427978515625
0.094970703125
0.19183349609375
0.24786376953125
0.2020263671875
0.2120361328125
0.14691162109375
0.44781494140625
0.095458984375
0.22869873046875
0.15618896484375
0.3458251953125
0.14349365234375
0.19488525390625
0.2142333984375
0.30340576171875
0.1226806640625
0.367431640625
0.18695068359375
0.3990478515625
0.2437744140625
0.1796875
0.2547607421875
0.3260498046875
0.2354736328125
0.12811279296875
0.18780517578125
0.3243408203125
0.19744873046875
0.15423583984375
0.46173095703125
0.23828125
0.14935302734375
0.24102783203125
0.12152099609375
0.14849853515625
0.33642578125
0.1893310546875
0.1427001953125
0.185546875
0.436279296875
0.22137451171875
0.17486572265625
0.2373046875
0.26519775390625
0.25274658203125
0.22149658203125
0.1605224609375
0.26177978515625
0.25762939453125
0.21929931640625
0.2171630859375
0.08856201171875
0.13623046875
0.09283447265625
0.53594970703125
0.124267578125
0.11248779296875
0.1607666015625
0.231201171875
0.37469482421875
0.17626953125
0.18328857421875
0.1162109375
0.1265869140625
0.1824951171875
0.29290771484375
0.16583251953125
0.2236328125
0.17852783203125
0.31085205078125
0.21002197265625
0.2137451171875
0.1732177734375
0.198486328125
0.12762451171875
0.14617919921875
0.25396728515625
0.51849365234375
0.2274169921875
0.24639892578125
0.204833984375
0.15087890625
0.14208984375
0.1602783203125
0.1895751953125
0.14373779296875
0.20159912109375
0.16790771484375
0.17022705078125
0.28094482421875
0.44049072265625
0.20233154296875
0.15557861328125
0.11962890625
0.30328369140625
0.301513671875
0.34033203125
0.1961669921875
0.17449951171875
0.26116943359375
0.2279052734375
0.30743408203125
0.3814697265625
0.334716796875
0.1453857421875
0.1756591796875
0.26397705078125
0.21807861328125
0.10052490234375
0.22723388671875
0.1094970703125
0.13592529296875
0.28759765625
0.2130126953125
0.255859375
0.197021484375
0.22186279296875
0.25146484375
0.0750732421875
0.21966552734375
0.2896728515625
0.21728515625
0.337890625
0.30621337890625
0.26434326171875
0.20367431640625
0.11199951171875
0.1873779296875
0.2537841796875
0.19140625
0.278564453125
0.3057861328125
0.1671142578125
0.23687744140625
0.2193603515625
0.1173095703125
0.19354248046875
0.19488525390625
0.2744140625
0.17181396484375
0.410400390625
0.242431640625
0.09619140625
0.22747802734375
0.15191650390625
0.16595458984375
0.2005615234375
0.4931640625
0.38128662109375
0.16424560546875
0.12493896484375
0.191650390625
0.23785400390625
0.330322265625
0.2791748046875
0.4669189453125
0.3006591796875
0.194580078125
0.193359375
0.19549560546875
0.25372314453125
0.41058349609375
0.18853759765625
0.1383056640625
0.25335693359375
0.1195068359375
0.2586669921875
0.3048095703125
0.16680908203125
0.12957763671875
0.1502685546875
0.22967529296875
0.1826171875
0.11907958984375
0.14404296875
0.23944091796875
0.2066650390625
0.2242431640625
0.1475830078125
0.1424560546875
0.2354736328125
0.23785400390625
0.23797607421875
0.24700927734375
0.46673583984375
0.1513671875
0.1890869140625
0.12274169921875
0.32037353515625
0.54071044921875
0.26220703125
0.4747314453125
0.18115234375
0.27294921875
0.24322509765625
0.26885986328125
0.1572265625
0.15869140625
0.1514892578125
0.13250732421875
0.13641357421875
0.16461181640625
0.1456298828125
0.29693603515625
0.1279296875
0.18267822265625
0.15460205078125
0.16351318359375
0.11920166015625
0.34930419921875
0.23052978515625
0.284912109375
0.20391845703125
0.245849609375
0.27490234375
0.2921142578125
0.1732177734375
0.09466552734375
0.1575927734375
0.36627197265625
0.14434814453125
0.23297119140625
0.11724853515625
0.1864013671875
0.2415771484375
0.21356201171875
0.14398193359375
0.16162109375
0.2122802734375
0.369384765625
0.28546142578125
0.29827880859375
0.22674560546875
0.2152099609375
0.23333740234375
0.10601806640625
0.12060546875
0.15252685546875
0.18621826171875
0.1844482421875
0.1976318359375
0.1158447265625
0.1279296875
0.13275146484375
0.18389892578125
0.2457275390625
0.16802978515625
0.21441650390625
0.099365234375
0.16278076171875
0.24346923828125
0.1302490234375
0.1873779296875
0.1488037109375
0.22509765625
0.12689208984375
0.26239013671875
0.20703125
0.16632080078125
0.1524658203125
0.25860595703125
