2.9046630859375
2.9451904296875
2.438232421875
2.7352294921875
2.5211181640625
2.81317138671875
2.5289306640625
2.78289794921875
2.62646484375
2.75762939453125
2.9241943359375
3.1519775390625
2.7415771484375
2.75537109375
2.6904296875
2.43365478515625
2.893798828125
2.9906005859375
2.8792724609375
3.12060546875
3.003173828125
2.84686279296875
2.92510986328125
2.50799560546875
2.91436767578125
2.6070556640625
2.81500244140625
2.501953125
2.83251953125
2.906494140625
2.7021484375
2.85675048828125
2.86798095703125
3.0372314453125
2.5904541015625
3.115478515625
2.68292236328125
2.9144287109375
2.56695556640625
2.91888427734375
2.74151611328125
2.87646484375
2.79681396484375
3.1116943359375
2.92620849609375
2.82049560546875
2.56207275390625
3.00762939453125
2.80352783203125
2.48895263671875
3.091064453125
3.041748046875
2.93994140625
2.85150146484375
2.87164306640625
2.66278076171875
2.576416015625
2.87652587890625
2.813720703125
3.06671142578125
2.8734130859375
2.86724853515625
2.92254638671875
2.85205078125
2.7001953125
2.89520263671875
2.78106689453125
2.71484375
2.3978271484375
2.72955322265625
2.63421630859375
2.573974609375
3.173828125
2.8104248046875
2.835205078125
3.3079833984375
3.21368408203125
2.88092041015625
2.78436279296875
2.84442138671875
3.259033203125
2.8868408203125
3.186279296875
2.6458740234375
3.22967529296875
2.59075927734375
2.39910888671875
2.95184326171875
2.8140869140625
3.0006103515625
2.4398193359375
2.87554931640625
2.81640625
2.71575927734375
2.230712890625
3.10308837890625
2.86248779296875
2.59454345703125
3.06658935546875
3.235107421875
2.87744140625
2.77105712890625
2.96142578125
2.5462646484375
2.9149169921875
3.19744873046875
3.216552734375
2.70672607421875
2.99505615234375
2.46826171875
2.68096923828125
2.8319091796875
3.03497314453125
3.2451171875
2.77008056640625
2.7532958984375
2.9404296875
2.8603515625
2.8328857421875
3.029541015625
2.60394287109375
2.759033203125
2.58953857421875
3.1043701171875
2.99822998046875
2.95843505859375
3.25421142578125
2.6912841796875
3.14227294921875
2.16925048828125
2.79351806640625
2.89764404296875
3.11419677734375
2.801513671875
2.863525390625
2.72833251953125
3.11083984375
3.0067138671875
2.640625
2.94384765625
2.50286865234375
2.7901611328125
3.19293212890625
3.16107177734375
2.7938232421875
3.31219482421875
2.47509765625
2.73492431640625
2.2823486328125
2.76031494140625
2.989501953125
3.258056640625
2.770263671875
3.02227783203125
2.71929931640625
3.2510986328125
2.76751708984375
2.79644775390625
2.9034423828125
2.7379150390625
2.9954833984375
2.915283203125
2.8592529296875
2.961669921875
3.0465087890625
2.70501708984375
2.49261474609375
2.78662109375
2.65484619140625
2.488525390625
2.56634521484375
3.2269287109375
2.548828125
2.89697265625
2.53326416015625
2.9713134765625
2.7513427734375
2.91510009765625
3.01361083984375
3.26507568359375
2.6580810546875
2.52685546875
2.16729736328125
2.7596435546875
2.76580810546875
2.97564697265625
2.8919677734375
2.94866943359375
2.8365478515625
2.474365234375
2.28851318359375
2.93658447265625
3.08563232421875
2.89837646484375
2.602783203125
2.95196533203125
3.010986328125
3.16168212890625
2.494384765625
2.9620361328125
2.6844482421875
2.6005859375
3.10693359375
2.85345458984375
2.83990478515625
2.72967529296875
2.83050537109375
2.91766357421875
2.642822265625
2.62548828125
2.99969482421875
3.13031005859375
2.57318115234375
2.3985595703125
2.7437744140625
2.58856201171875
2.82501220703125
3.10723876953125
2.90972900390625
3.20916748046875
2.65496826171875
3.2364501953125
2.54107666015625
3.3621826171875
2.73834228515625
3.13323974609375
2.89984130859375
2.91094970703125
3.04510498046875
2.3660888671875
2.62091064453125
2.84619140625
2.61138916015625
2.73406982421875
2.668701171875
2.82763671875
2.92938232421875
2.99884033203125
2.443115234375
2.6534423828125
2.58056640625
2.82073974609375
2.52142333984375
2.9403076171875
2.7496337890625
3.05218505859375
2.55853271484375
2.650390625
2.77239990234375
2.634521484375
2.8336181640625
3.06341552734375
2.9298095703125
3.08709716796875
2.930419921875
2.5028076171875
2.72607421875
2.80694580078125
2.9307861328125
2.69610595703125
2.90350341796875
2.85711669921875
2.98382568359375
2.79400634765625
2.66448974609375
2.52972412109375
2.8228759765625
2.9423828125
2.54766845703125
2.78656005859375
2.6815185546875
3.343505859375
2.75384521484375
2.63568115234375
2.85382080078125
2.8382568359375
2.45465087890625
2.96099853515625
3.20819091796875
3.02508544921875
2.9378662109375
2.76849365234375
2.69781494140625
2.8455810546875
2.80169677734375
3.1109619140625
2.93951416015625
3.07977294921875
2.8531494140625
2.949462890625
2.84564208984375
2.7657470703125
2.69873046875
2.68743896484375
2.955810546875
2.73974609375
2.808349609375
2.97308349609375
2.59600830078125
2.832275390625
2.9268798828125
2.9788818359375
2.30291748046875
2.5269775390625
2.81427001953125
2.7557373046875
2.7200927734375
2.50201416015625
3.19384765625
2.77667236328125
2.72607421875
2.35992431640625
2.8348388671875
2.50286865234375
2.86090087890625
2.77093505859375
2.64886474609375
2.51385498046875
2.7958984375
2.59295654296875
3.13446044921875
3.12042236328125
2.61370849609375
2.6903076171875
2.9041748046875
3.24652099609375
2.71856689453125
2.5928955078125
2.92462158203125
2.869873046875
2.8131103515625
2.9293212890625
2.97015380859375
3.20098876953125
2.83477783203125
2.8480224609375
2.7972412109375
2.8038330078125
2.89630126953125
2.5311279296875
2.99810791015625
2.69775390625
2.52685546875
2.897216796875
2.654541015625
2.6988525390625
2.61859130859375
2.75262451171875
2.73297119140625
2.82757568359375
2.54998779296875
2.6275634765625
2.34197998046875
2.95672607421875
3.093505859375
2.60223388671875
2.69940185546875
2.97479248046875
2.9671630859375
2.80133056640625
2.61077880859375
2.4052734375
2.78204345703125
2.80078125
2.903076171875
2.96197509765625
3.0850830078125
2.69537353515625
2.9283447265625
3.07965087890625
2.599853515625
2.79815673828125
3.04461669921875
2.767578125
2.762451171875
2.93218994140625
3.09991455078125
2.94927978515625
2.869140625
2.48980712890625
2.7781982421875
2.39178466796875
2.45806884765625
2.69793701171875
2.65362548828125
2.80706787109375
2.91290283203125
3.04156494140625
2.70013427734375
2.69744873046875
2.69818115234375
2.98828125
2.67095947265625
2.88671875
2.9052734375
2.6212158203125
3.1256103515625
2.58740234375
2.70526123046875
2.82733154296875
2.818115234375
2.8743896484375
2.83331298828125
3.0557861328125
2.912841796875
3.0399169921875
2.93414306640625
2.57537841796875
3.166748046875
2.61065673828125
3.02008056640625
3.0679931640625
2.8052978515625
2.6195068359375
2.36419677734375
2.99908447265625
2.933837890625
2.28912353515625
2.814453125
2.9990234375
2.5340576171875
2.89739990234375
2.6729736328125
2.8238525390625
2.95025634765625
2.88995361328125
2.72149658203125
2.6986083984375
2.99530029296875
2.5328369140625
2.5560302734375
2.80194091796875
2.52899169921875
2.537353515625
3.49688720703125
3.13580322265625
2.97802734375
2.73211669921875
3.03955078125
2.47235107421875
3.01806640625
2.626708984375
2.88287353515625
2.36962890625
2.6923828125
3.105712890625
3.13165283203125
2.9874267578125
2.53692626953125
2.72552490234375
2.74420166015625
2.58636474609375
2.487060546875
2.745361328125
2.9632568359375
2.8265380859375
2.6126708984375
2.6827392578125
2.590576171875
2.527099609375
3.037353515625
2.54595947265625
2.7178955078125
2.89337158203125
2.50286865234375
2.59112548828125
2.69744873046875
2.51763916015625
3.1748046875
2.5955810546875
2.749755859375
3.009033203125
2.89776611328125
2.68280029296875
2.6856689453125
2.78570556640625
2.8304443359375
2.81182861328125
2.830322265625
2.89306640625
2.8372802734375
2.8631591796875
2.4560546875
2.657958984375
2.71820068359375
2.7244873046875
2.41375732421875
3.1632080078125
2.68817138671875
2.90203857421875
3.33636474609375
2.56890869140625
2.55755615234375
3.0311279296875
3.04876708984375
2.615234375
3.05206298828125
2.640869140625
2.57635498046875
2.65655517578125
