2.01788330078125
2.20648193359375
1.69580078125
1.48760986328125
1.8140869140625
2.25238037109375
1.6298828125
1.81103515625
1.83856201171875
1.92041015625
2.40673828125
1.6815185546875
2.02532958984375
1.659423828125
1.98333740234375
1.4840087890625
1.66217041015625
1.50775146484375
1.521728515625
1.35516357421875
1.7216796875
1.62811279296875
1.815673828125
1.78607177734375
1.76788330078125
1.68109130859375
1.85797119140625
1.424072265625
1.81488037109375
1.61529541015625
1.7249755859375
1.56024169921875
1.8802490234375
1.45513916015625
1.638916015625
2.031982421875
1.944580078125
1.768310546875
1.8167724609375
2.01800537109375
1.96881103515625
1.65484619140625
1.46197509765625
1.5711669921875
1.950927734375
1.63323974609375
1.7218017578125
2.484619140625
1.98394775390625
2.28814697265625
1.81671142578125
1.99053955078125
1.854248046875
2.10137939453125
1.39569091796875
1.83154296875
1.40472412109375
1.85870361328125
1.62774658203125
1.9964599609375
1.5472412109375
1.65130615234375
1.9603271484375
1.9715576171875
1.36444091796875
1.422119140625
1.8924560546875
1.94921875
1.9881591796875
1.60009765625
1.82269287109375
1.51153564453125
1.5933837890625
1.91998291015625
1.71905517578125
1.73046875
1.6268310546875
1.81866455078125
1.8275146484375
1.4119873046875
1.60137939453125
1.78076171875
1.86224365234375
1.920166015625
1.955322265625
2.13671875
1.72381591796875
1.8682861328125
1.54931640625
1.85101318359375
1.70849609375
1.68316650390625
1.4952392578125
1.82220458984375
2.0289306640625
1.84454345703125
1.4700927734375
1.9072265625
1.618408203125
2.06658935546875
1.89605712890625
1.68841552734375
1.87310791015625
1.44781494140625
1.53228759765625
1.6375732421875
2.043701171875
2.2156982421875
1.71673583984375
2.056396484375
1.92462158203125
1.80352783203125
1.93756103515625
1.6676025390625
1.79736328125
1.5772705078125
1.81005859375
1.779541015625
2.10723876953125
1.48193359375
2.04913330078125
1.90228271484375
1.67462158203125
1.8648681640625
2.18695068359375
1.834716796875
1.85968017578125
1.5277099609375
1.7864990234375
2.365234375
1.6370849609375
1.56842041015625
1.84637451171875
1.926513671875
1.92669677734375
1.61932373046875
1.73828125
1.81317138671875
1.75732421875
1.918212890625
2.44976806640625
1.8558349609375
1.5938720703125
1.8310546875
1.8726806640625
2.5892333984375
1.84722900390625
1.56591796875
1.88531494140625
2.0218505859375
2.29071044921875
1.34423828125
2.017333984375
1.98858642578125
2.13238525390625
1.65960693359375
1.6947021484375
1.47064208984375
1.77423095703125
1.52557373046875
1.7626953125
2.109130859375
1.99462890625
2.03143310546875
1.77239990234375
1.762939453125
2.183349609375
1.63897705078125
1.374755859375
1.45654296875
2.258056640625
1.64422607421875
1.871337890625
1.5830078125
1.7156982421875
1.71173095703125
1.79364013671875
1.56536865234375
2.0108642578125
1.98529052734375
1.78472900390625
2.0010986328125
2.14898681640625
1.1903076171875
1.79705810546875
1.81024169921875
2.00140380859375
1.9847412109375
1.80126953125
1.5946044921875
1.7603759765625
1.74737548828125
2.016845703125
1.67266845703125
1.60162353515625
1.95501708984375
1.8570556640625
1.610595703125
1.75494384765625
2.13525390625
1.6270751953125
1.3336181640625
1.5704345703125
1.988525390625
1.63214111328125
2.25933837890625
1.6004638671875
1.7127685546875
1.09478759765625
2.0218505859375
2.01953125
1.69964599609375
1.90411376953125
1.76971435546875
1.85516357421875
1.78118896484375
1.4910888671875
2.0504150390625
2.02557373046875
1.8857421875
1.7791748046875
1.81842041015625
1.38671875
2.05224609375
1.8935546875
2.37725830078125
1.6358642578125
2.0333251953125
2.0244140625
1.7408447265625
2.1865234375
1.830322265625
1.92156982421875
2.348876953125
1.8170166015625
1.85247802734375
2.0120849609375
1.77960205078125
2.09869384765625
1.88873291015625
1.79156494140625
1.725830078125
2.0623779296875
1.85540771484375
1.50067138671875
1.521484375
1.74749755859375
1.64434814453125
1.716064453125
2.02606201171875
2.00604248046875
1.590576171875
1.7510986328125
1.81170654296875
1.59356689453125
1.6905517578125
1.81488037109375
1.477783203125
2.0665283203125
2.1263427734375
2.0234375
2.24365234375
2.0360107421875
2.19488525390625
2.3355712890625
1.56658935546875
1.80450439453125
2.11944580078125
1.71307373046875
2.35736083984375
1.87677001953125
1.57232666015625
1.8929443359375
1.97515869140625
1.30279541015625
1.47723388671875
1.7025146484375
1.47052001953125
1.7689208984375
1.679931640625
2.06109619140625
1.90643310546875
2.019775390625
2.00531005859375
1.9180908203125
1.77008056640625
1.724853515625
1.4398193359375
1.85540771484375
1.30047607421875
1.42901611328125
1.8424072265625
2.06304931640625
2.39337158203125
1.648193359375
1.7674560546875
1.51824951171875
1.71441650390625
1.929931640625
2.09454345703125
1.9517822265625
1.9029541015625
1.7366943359375
2.08392333984375
1.869873046875
1.73919677734375
1.6951904296875
1.95635986328125
1.55841064453125
1.5665283203125
1.39202880859375
1.443115234375
1.409423828125
1.57952880859375
2.1871337890625
1.90185546875
1.77740478515625
1.682861328125
2.19268798828125
2.29803466796875
1.72406005859375
1.599853515625
1.51922607421875
1.59765625
1.74468994140625
1.8310546875
1.724365234375
1.80633544921875
1.5738525390625
2.0450439453125
1.65032958984375
1.67095947265625
2.510986328125
1.83221435546875
1.9305419921875
1.99267578125
1.80108642578125
1.97576904296875
1.4476318359375
1.6109619140625
1.760498046875
1.51763916015625
1.81585693359375
2.24658203125
1.74462890625
1.53314208984375
2.438232421875
2.00567626953125
1.68994140625
2.15045166015625
2.1207275390625
1.56695556640625
1.766845703125
1.20306396484375
1.9173583984375
2.333740234375
1.5067138671875
1.96282958984375
1.81219482421875
1.898193359375
2.12646484375
1.569580078125
1.8309326171875
1.75396728515625
1.515625
1.4864501953125
2.08544921875
2.04681396484375
1.80023193359375
1.5205078125
2.08782958984375
1.569580078125
1.68804931640625
1.7938232421875
2.0301513671875
1.82403564453125
1.83477783203125
2.25677490234375
1.82623291015625
1.73492431640625
1.71514892578125
1.60101318359375
1.78515625
1.52423095703125
1.8201904296875
1.694091796875
1.5975341796875
1.69500732421875
2.03558349609375
1.63250732421875
1.41424560546875
1.92230224609375
1.65435791015625
2.08514404296875
2.1092529296875
1.503173828125
1.7135009765625
1.46337890625
2.01995849609375
1.5084228515625
1.63348388671875
1.89971923828125
2.44671630859375
1.769775390625
1.96051025390625
1.48126220703125
2.1185302734375
1.8331298828125
1.75982666015625
1.66778564453125
1.78607177734375
2.0128173828125
1.58892822265625
1.9163818359375
1.74578857421875
1.36456298828125
1.7265625
1.84185791015625
1.6527099609375
1.8798828125
1.77203369140625
1.5869140625
1.79779052734375
2.15875244140625
1.81341552734375
2.57220458984375
1.87347412109375
1.8951416015625
2.04547119140625
1.8131103515625
2.222412109375
1.55169677734375
1.70648193359375
1.90631103515625
1.5050048828125
2.095458984375
1.761962890625
1.58233642578125
2.3070068359375
2.50469970703125
1.54400634765625
1.87139892578125
1.45306396484375
2.04229736328125
1.93853759765625
2.13818359375
1.39593505859375
1.97711181640625
1.7279052734375
2.12408447265625
1.7406005859375
1.584228515625
1.9849853515625
1.9266357421875
1.33648681640625
2.218994140625
1.7103271484375
1.705810546875
1.93597412109375
1.41534423828125
1.61456298828125
1.6817626953125
1.778564453125
1.83160400390625
1.6629638671875
1.54278564453125
1.544921875
1.66064453125
1.9539794921875
2.25018310546875
1.7823486328125
1.63641357421875
1.814697265625
1.6041259765625
1.6197509765625
1.61492919921875
2.09088134765625
2.18682861328125
1.6798095703125
2.2266845703125
1.6265869140625
1.964599609375
1.8046875
1.6234130859375
1.5850830078125
1.7369384765625
1.6783447265625
1.7530517578125
1.6885986328125
1.943603515625
1.6539306640625
1.462646484375
1.57440185546875
1.9029541015625
1.92584228515625
1.69158935546875
1.84747314453125
1.4578857421875
1.733642578125
1.6527099609375
