0.16156005859375
0.2318115234375
0.082275390625
0.0841064453125
0.14825439453125
0.2327880859375
0.406982421875
0.19158935546875
0.14581298828125
0.18133544921875
0.2010498046875
0.23223876953125
0.16943359375
0.14837646484375
0.1707763671875
0.193603515625
0.50543212890625
0.1885986328125
0.16571044921875
0.10430908203125
0.2657470703125
0.1097412109375
0.10931396484375
0.1942138671875
0.18609619140625
0.3685302734375
0.22808837890625
0.24749755859375
0.2706298828125
0.148193359375
0.26641845703125
0.29656982421875
0.2386474609375
0.282958984375
0.32061767578125
0.20648193359375
0.15582275390625
0.18829345703125
0.14300537109375
0.20794677734375
0.12493896484375
0.21630859375
0.14849853515625
0.27679443359375
0.09698486328125
0.1710205078125
0.27276611328125
0.30291748046875
0.15277099609375
0.2581787109375
0.11065673828125
0.21356201171875
0.400634765625
0.1783447265625
0.16363525390625
0.17340087890625
0.2425537109375
0.180908203125
0.30731201171875
0.25531005859375
0.20916748046875
0.35650634765625
0.30657958984375
0.2213134765625
0.19952392578125
0.44091796875
0.118896484375
0.14862060546875
0.14013671875
0.27081298828125
0.20294189453125
0.1051025390625
0.2056884765625
0.16583251953125
0.14630126953125
0.29937744140625
0.1881103515625
0.15716552734375
0.4197998046875
0.16046142578125
0.3089599609375
0.11822509765625
0.15826416015625
0.4437255859375
0.20068359375
0.12579345703125
0.19573974609375
0.24102783203125
0.199462890625
0.14080810546875
0.1552734375
0.10760498046875
0.187255859375
0.14788818359375
0.1998291015625
0.158203125
0.13262939453125
0.17425537109375
0.1690673828125
0.31982421875
0.16436767578125
0.30682373046875
0.15423583984375
0.14007568359375
0.215576171875
0.1693115234375
0.3212890625
0.17626953125
0.2686767578125
0.14410400390625
0.130859375
0.32806396484375
0.37945556640625
0.1727294921875
0.2593994140625
0.37921142578125
0.30621337890625
0.33056640625
0.23760986328125
0.4288330078125
0.19775390625
0.17529296875
0.1441650390625
0.16229248046875
0.18695068359375
0.2376708984375
0.33782958984375
0.29803466796875
0.336181640625
0.21881103515625
0.36474609375
0.36590576171875
0.1134033203125
0.22021484375
0.172119140625
0.1451416015625
0.1844482421875
0.2799072265625
0.2432861328125
0.28778076171875
0.12689208984375
0.1767578125
0.19708251953125
0.12445068359375
0.228759765625
0.16339111328125
0.20819091796875
0.2396240234375
0.29779052734375
0.28802490234375
0.2210693359375
0.16119384765625
0.20513916015625
0.273193359375
0.2100830078125
0.1234130859375
0.2498779296875
0.1328125
0.1953125
0.197509765625
0.1943359375
0.34356689453125
0.21990966796875
0.23065185546875
0.23681640625
0.3050537109375
0.228271484375
0.1654052734375
0.135498046875
0.19708251953125
0.2984619140625
0.1630859375
0.2254638671875
0.55029296875
0.13787841796875
0.15521240234375
0.17803955078125
0.14794921875
0.1551513671875
0.16473388671875
0.2496337890625
0.2152099609375
0.2393798828125
0.27728271484375
0.19415283203125
0.20965576171875
0.228515625
0.0841064453125
0.37774658203125
0.15179443359375
0.20355224609375
0.1265869140625
0.12261962890625
0.13812255859375
0.16888427734375
0.1597900390625
0.4208984375
0.21722412109375
0.150146484375
0.18084716796875
0.43426513671875
0.21533203125
0.208984375
0.2769775390625
0.2147216796875
0.1767578125
0.31890869140625
0.10235595703125
0.19439697265625
0.141357421875
0.28302001953125
0.211181640625
0.14398193359375
0.30322265625
0.28472900390625
0.24127197265625
0.14166259765625
0.19390869140625
0.13134765625
0.32086181640625
0.33203125
0.34661865234375
0.296142578125
0.19476318359375
0.31341552734375
0.139892578125
0.371826171875
0.15740966796875
0.17572021484375
0.13427734375
0.4730224609375
0.26483154296875
0.28094482421875
0.1851806640625
0.206298828125
0.20819091796875
0.15460205078125
0.18585205078125
0.17437744140625
0.2706298828125
0.21929931640625
0.167724609375
0.218505859375
0.19049072265625
0.3231201171875
0.16259765625
0.16986083984375
0.1478271484375
0.47918701171875
0.180908203125
0.14215087890625
0.12554931640625
0.1568603515625
0.25628662109375
0.21661376953125
0.20660400390625
0.1064453125
0.30279541015625
0.18670654296875
0.1148681640625
0.1407470703125
0.3118896484375
0.28912353515625
0.233154296875
0.19195556640625
0.21197509765625
0.102783203125
0.1339111328125
0.2762451171875
0.24908447265625
0.1251220703125
0.09954833984375
0.1412353515625
0.18975830078125
0.16021728515625
0.14337158203125
0.14495849609375
0.30377197265625
0.16253662109375
0.11541748046875
0.35894775390625
0.20928955078125
0.19830322265625
0.421630859375
0.21942138671875
0.24139404296875
0.12213134765625
0.21014404296875
0.16644287109375
0.19781494140625
0.3614501953125
0.15570068359375
0.330322265625
0.1416015625
0.18804931640625
0.21893310546875
0.33587646484375
0.26531982421875
0.1973876953125
0.1392822265625
0.2799072265625
0.26312255859375
0.44366455078125
0.26531982421875
0.26336669921875
0.1790771484375
0.12030029296875
0.1221923828125
0.193115234375
0.38153076171875
0.44085693359375
0.234619140625
0.13397216796875
0.162109375
0.32763671875
0.29901123046875
0.24761962890625
0.26654052734375
0.2459716796875
0.21527099609375
0.2215576171875
0.147216796875
0.09332275390625
0.28167724609375
0.20086669921875
0.314208984375
0.20184326171875
0.126220703125
0.257080078125
0.19097900390625
0.23748779296875
0.3026123046875
0.436279296875
0.42901611328125
0.24395751953125
0.30865478515625
0.21905517578125
0.16534423828125
0.15130615234375
0.1448974609375
0.23486328125
0.21014404296875
0.0968017578125
0.1370849609375
0.30523681640625
0.15289306640625
0.419189453125
0.2296142578125
0.13775634765625
0.10992431640625
0.2401123046875
0.1070556640625
0.25445556640625
0.12554931640625
0.2554931640625
0.27813720703125
0.2423095703125
0.2371826171875
0.42034912109375
0.13543701171875
0.37213134765625
0.251220703125
0.38458251953125
0.2047119140625
0.18353271484375
0.31060791015625
0.16656494140625
0.4493408203125
0.2039794921875
0.43133544921875
0.1318359375
0.198486328125
0.107666015625
0.11859130859375
0.261474609375
0.10418701171875
0.1116943359375
0.21533203125
0.13153076171875
0.13250732421875
0.30548095703125
0.2646484375
0.26788330078125
0.203369140625
0.15106201171875
0.177490234375
0.1015625
0.221435546875
0.21856689453125
0.28411865234375
0.16754150390625
0.37701416015625
0.19207763671875
0.14691162109375
0.33416748046875
0.16644287109375
0.103271484375
0.31976318359375
0.32159423828125
0.1707763671875
0.22210693359375
0.19927978515625
0.2801513671875
0.26971435546875
0.09808349609375
0.32867431640625
0.0721435546875
0.3778076171875
0.27020263671875
0.2672119140625
0.358642578125
0.58544921875
0.1368408203125
0.285400390625
0.182373046875
0.16363525390625
0.27593994140625
0.37396240234375
0.09735107421875
0.239013671875
0.10101318359375
0.13580322265625
0.18896484375
0.3690185546875
0.20703125
0.10107421875
0.16595458984375
0.27716064453125
0.3531494140625
0.1353759765625
0.1072998046875
0.2459716796875
0.1953125
0.234130859375
0.24114990234375
0.2803955078125
0.19952392578125
0.16888427734375
0.22918701171875
0.1278076171875
0.143310546875
0.20855712890625
0.12353515625
0.24725341796875
0.24951171875
0.21240234375
0.2418212890625
0.1983642578125
0.22406005859375
0.16802978515625
0.2198486328125
0.28314208984375
0.14788818359375
0.1607666015625
0.314208984375
0.26263427734375
0.1458740234375
0.21295166015625
0.1317138671875
0.1832275390625
0.1939697265625
0.2816162109375
0.41986083984375
0.20465087890625
0.2684326171875
0.31500244140625
0.314453125
0.21734619140625
0.310546875
0.1851806640625
0.2119140625
0.3218994140625
0.194091796875
0.33709716796875
0.20819091796875
0.225830078125
0.18389892578125
0.20550537109375
0.106201171875
0.13140869140625
0.22119140625
0.30804443359375
0.15167236328125
0.17633056640625
0.1024169921875
0.08251953125
0.1246337890625
0.188720703125
0.16650390625
0.30267333984375
0.11395263671875
0.1339111328125
0.21533203125
0.1513671875
0.3406982421875
0.18182373046875
0.25787353515625
0.1046142578125
0.2774658203125
0.20806884765625
