2.06768798828125
1.86834716796875
1.7833251953125
1.3427734375
2.33660888671875
1.4263916015625
1.77197265625
1.61785888671875
1.8018798828125
1.67767333984375
1.5272216796875
2.15423583984375
1.87109375
2.12408447265625
1.94488525390625
1.60443115234375
1.6607666015625
1.9232177734375
1.6541748046875
2.275146484375
1.69775390625
1.61138916015625
2.4925537109375
1.8485107421875
1.53021240234375
1.8858642578125
1.58526611328125
1.29168701171875
1.46844482421875
2.14404296875
1.687744140625
2.1480712890625
1.91778564453125
1.84771728515625
1.53326416015625
1.9061279296875
1.726318359375
1.652587890625
1.541015625
1.47796630859375
1.7120361328125
1.51397705078125
1.878173828125
1.7215576171875
2.3985595703125
1.900146484375
1.87872314453125
1.80322265625
1.9058837890625
2.2784423828125
1.6871337890625
1.7857666015625
1.8829345703125
1.614990234375
1.546142578125
1.53216552734375
2.26031494140625
1.37506103515625
2.10662841796875
1.99481201171875
1.58624267578125
1.35345458984375
1.831787109375
1.8775634765625
1.79351806640625
1.96673583984375
1.557373046875
1.81195068359375
1.7568359375
1.37762451171875
1.68292236328125
1.9210205078125
2.47662353515625
2.13330078125
1.6749267578125
1.61590576171875
1.85064697265625
1.762939453125
1.82159423828125
1.66827392578125
1.93695068359375
1.86871337890625
2.144287109375
2.20654296875
1.98846435546875
1.59234619140625
1.9346923828125
1.5953369140625
1.51214599609375
1.83880615234375
1.87054443359375
1.79443359375
1.69769287109375
1.92828369140625
1.8651123046875
1.9808349609375
1.66815185546875
1.91278076171875
1.80474853515625
1.90325927734375
1.8206787109375
1.52874755859375
1.47100830078125
1.76483154296875
1.724609375
1.355224609375
1.7855224609375
1.3045654296875
1.4306640625
1.897216796875
1.8935546875
1.90447998046875
2.1717529296875
2.07122802734375
2.0452880859375
2.04840087890625
1.7208251953125
2.1063232421875
1.81341552734375
2.23980712890625
1.2882080078125
2.02288818359375
1.48040771484375
1.88775634765625
1.728515625
1.99176025390625
1.53216552734375
2.21826171875
1.9500732421875
2.09033203125
1.85528564453125
1.821533203125
2.5089111328125
1.83697509765625
1.3841552734375
1.9139404296875
1.59661865234375
1.94696044921875
2.03009033203125
1.7364501953125
1.4537353515625
1.6343994140625
1.48004150390625
1.3426513671875
1.6632080078125
1.6494140625
1.80548095703125
1.27734375
1.86102294921875
1.81890869140625
1.93243408203125
1.6741943359375
1.95806884765625
2.21124267578125
1.33831787109375
2.4344482421875
2.21563720703125
1.6624755859375
1.72003173828125
1.421875
1.9378662109375
2.25494384765625
1.81689453125
1.707763671875
1.802734375
1.62628173828125
1.5545654296875
1.3753662109375
2.0147705078125
2.08056640625
1.872802734375
2.1533203125
1.95660400390625
1.926513671875
1.84893798828125
1.95916748046875
2.171142578125
1.8798828125
1.318115234375
1.6683349609375
2.20947265625
2.1058349609375
1.5440673828125
1.41387939453125
2.00250244140625
1.58172607421875
1.87255859375
1.94696044921875
1.5438232421875
1.84100341796875
1.7108154296875
1.73431396484375
1.7119140625
1.8912353515625
1.78717041015625
2.233154296875
2.10455322265625
1.533935546875
1.90533447265625
1.749755859375
1.717041015625
1.934814453125
1.97955322265625
1.652587890625
1.58941650390625
1.6964111328125
1.37225341796875
2.22479248046875
1.60986328125
1.8809814453125
1.37127685546875
1.8634033203125
1.911865234375
1.46136474609375
1.656494140625
1.52557373046875
1.86566162109375
2.36517333984375
1.846435546875
1.552490234375
1.54156494140625
1.79559326171875
1.81695556640625
2.18243408203125
1.575927734375
1.962890625
1.561767578125
1.8343505859375
1.96429443359375
1.48193359375
1.987060546875
1.92120361328125
1.3492431640625
1.830322265625
2.18536376953125
1.44573974609375
2.10040283203125
1.812744140625
2.4461669921875
1.91815185546875
2.02716064453125
1.970458984375
1.9483642578125
1.972900390625
1.7158203125
1.3592529296875
1.9376220703125
1.69378662109375
1.69293212890625
2.20611572265625
2.38665771484375
1.56903076171875
1.51776123046875
2.4437255859375
1.46533203125
1.964599609375
2.09197998046875
1.957275390625
2.05267333984375
1.74798583984375
1.944091796875
1.749267578125
1.96453857421875
1.61016845703125
1.83831787109375
1.5576171875
1.990966796875
1.825927734375
2.06597900390625
1.89642333984375
1.16357421875
1.73358154296875
1.55767822265625
1.7802734375
1.28973388671875
1.88958740234375
1.61273193359375
1.32763671875
2.05950927734375
1.87847900390625
1.6722412109375
2.185791015625
1.7288818359375
2.323974609375
1.61785888671875
2.43475341796875
1.58026123046875
1.6180419921875
1.8133544921875
1.86505126953125
1.79608154296875
1.3988037109375
1.80328369140625
1.44085693359375
1.91192626953125
1.882080078125
1.7001953125
1.5067138671875
1.7447509765625
1.53558349609375
1.83978271484375
1.73828125
1.70806884765625
1.69207763671875
1.5721435546875
1.90765380859375
1.82940673828125
2.0255126953125
1.63134765625
1.89508056640625
1.8363037109375
2.177001953125
1.732666015625
1.69830322265625
1.527587890625
1.64697265625
1.36328125
1.84527587890625
1.87127685546875
1.633544921875
1.739501953125
1.78363037109375
1.91143798828125
1.70758056640625
1.6212158203125
1.1368408203125
1.3680419921875
1.494873046875
1.87530517578125
1.878662109375
2.03387451171875
1.9647216796875
1.9346923828125
1.47705078125
2.06793212890625
1.9515380859375
2.14996337890625
2.37738037109375
1.5213623046875
1.541015625
1.96185302734375
1.4886474609375
1.67803955078125
1.74981689453125
1.974365234375
2.13134765625
2.04937744140625
1.7628173828125
2.09893798828125
2.13787841796875
1.56854248046875
1.64129638671875
2.200439453125
1.9305419921875
1.57049560546875
1.8690185546875
1.69744873046875
2.061279296875
1.8992919921875
1.672119140625
1.8111572265625
1.9371337890625
1.59844970703125
1.84197998046875
2.1851806640625
1.493408203125
1.5513916015625
1.8546142578125
1.78924560546875
1.99725341796875
2.04034423828125
1.4290771484375
1.84832763671875
2.08642578125
1.7352294921875
1.7791748046875
2.060302734375
1.669921875
1.40350341796875
1.58514404296875
1.99517822265625
1.98907470703125
2.253173828125
2.23260498046875
1.95538330078125
1.5916748046875
1.65582275390625
2.0299072265625
1.79705810546875
1.79156494140625
1.23834228515625
1.8431396484375
1.7926025390625
1.33184814453125
1.64678955078125
1.7393798828125
2.38043212890625
1.485107421875
1.74725341796875
1.8310546875
1.81011962890625
1.8662109375
1.781005859375
1.75830078125
1.96044921875
2.02618408203125
2.1585693359375
1.65924072265625
1.51409912109375
1.80059814453125
2.08233642578125
1.582275390625
1.4073486328125
1.41522216796875
2.048095703125
1.87091064453125
1.95880126953125
1.95355224609375
1.608642578125
1.27117919921875
1.53369140625
2.17706298828125
1.72735595703125
1.83514404296875
1.56195068359375
1.63287353515625
1.411865234375
2.00238037109375
1.77252197265625
1.88885498046875
2.1824951171875
1.7091064453125
2.17413330078125
1.555419921875
1.6798095703125
1.50537109375
1.7579345703125
1.2550048828125
1.99871826171875
1.58477783203125
1.8743896484375
2.20452880859375
1.83514404296875
1.6116943359375
1.76416015625
1.523193359375
1.39117431640625
1.27392578125
2.12567138671875
2.35626220703125
2.12640380859375
2.09393310546875
1.53948974609375
2.03558349609375
2.178955078125
1.52618408203125
2.16729736328125
1.71026611328125
1.89605712890625
1.86895751953125
2.14398193359375
1.61572265625
1.82916259765625
1.68072509765625
1.687744140625
1.80126953125
1.80712890625
2.14794921875
1.52239990234375
2.4033203125
2.51214599609375
1.67547607421875
1.552734375
1.7626953125
1.6995849609375
1.9896240234375
1.74407958984375
1.54425048828125
1.79931640625
1.85784912109375
1.342529296875
1.5924072265625
1.72100830078125
1.658935546875
1.656982421875
1.64813232421875
1.747802734375
1.8226318359375
1.70458984375
2.24334716796875
1.5257568359375
2.00457763671875
1.5882568359375
2.28955078125
2.13385009765625
1.5260009765625
1.5526123046875
1.807373046875
2.0411376953125
2.08392333984375
