2.2054443359375
2.52496337890625
1.72674560546875
1.82012939453125
2.25921630859375
1.89373779296875
2.43621826171875
2.24774169921875
2.191650390625
2.337890625
2.658447265625
2.185546875
2.41845703125
2.09515380859375
2.32818603515625
2.72064208984375
2.4541015625
2.3253173828125
2.37945556640625
2.0103759765625
2.3720703125
2.0281982421875
1.95550537109375
2.45281982421875
2.38946533203125
3.15374755859375
2.01275634765625
2.10333251953125
2.35491943359375
2.09075927734375
2.42767333984375
2.5811767578125
2.43011474609375
2.4873046875
2.48626708984375
2.30859375
2.1519775390625
2.2470703125
1.97003173828125
2.1893310546875
1.92138671875
2.42779541015625
1.98291015625
2.59783935546875
2.11285400390625
2.250732421875
2.28643798828125
2.36187744140625
2.142822265625
2.19171142578125
2.24871826171875
2.22186279296875
2.48150634765625
2.25048828125
2.242431640625
2.20135498046875
2.38897705078125
2.0550537109375
2.47406005859375
2.055908203125
2.450927734375
1.962158203125
2.404296875
2.65869140625
2.09222412109375
2.6109619140625
2.26153564453125
2.114013671875
2.14263916015625
2.21697998046875
2.2923583984375
2.07720947265625
2.07305908203125
2.35552978515625
1.9432373046875
2.5191650390625
2.2171630859375
1.85662841796875
2.62445068359375
2.42510986328125
2.04736328125
2.14105224609375
2.181884765625
2.6927490234375
2.1982421875
2.4100341796875
2.16033935546875
2.20849609375
2.01300048828125
1.99481201171875
2.038818359375
1.9215087890625
2.15191650390625
2.101318359375
2.35736083984375
1.99005126953125
2.26434326171875
2.3570556640625
2.1505126953125
2.76904296875
1.746337890625
2.21160888671875
2.083740234375
2.099365234375
2.30755615234375
1.89910888671875
2.073974609375
2.030517578125
2.1610107421875
1.9248046875
2.22601318359375
2.517578125
2.48284912109375
2.17718505859375
2.124755859375
2.49761962890625
2.4237060546875
2.4127197265625
2.34014892578125
2.8841552734375
1.85052490234375
2.05059814453125
2.13519287109375
2.2987060546875
2.47119140625
2.563720703125
2.308837890625
2.34942626953125
2.0814208984375
2.2073974609375
2.33599853515625
1.9871826171875
2.09344482421875
2.36932373046875
2.16497802734375
2.00537109375
2.247802734375
2.10638427734375
2.00067138671875
2.15093994140625
1.98876953125
2.23089599609375
2.3052978515625
2.09564208984375
2.5472412109375
1.84765625
2.66412353515625
2.72833251953125
2.21868896484375
2.00811767578125
1.9915771484375
2.2928466796875
2.03515625
2.3160400390625
2.0255126953125
1.8175048828125
2.46759033203125
2.22265625
2.1329345703125
2.2738037109375
2.30059814453125
2.11041259765625
2.308349609375
2.15911865234375
1.9249267578125
2.1673583984375
2.07196044921875
1.8980712890625
2.02874755859375
2.40142822265625
2.337158203125
2.0252685546875
2.3984375
2.62799072265625
1.8546142578125
1.959228515625
2.0518798828125
2.382568359375
2.3350830078125
1.9761962890625
2.38739013671875
2.3492431640625
2.33807373046875
2.21636962890625
2.27734375
1.9140625
2.39453125
1.72454833984375
2.332275390625
2.16162109375
2.15728759765625
2.08135986328125
1.79962158203125
1.9451904296875
2.28582763671875
2.2510986328125
2.4837646484375
2.37591552734375
2.26812744140625
2.37603759765625
2.45635986328125
2.43829345703125
2.06781005859375
2.22320556640625
2.37530517578125
1.8944091796875
2.39605712890625
1.899169921875
2.2364501953125
1.893798828125
2.16766357421875
2.10235595703125
1.836181640625
2.5528564453125
2.38555908203125
2.04046630859375
2.494873046875
2.37103271484375
2.10247802734375
2.21673583984375
2.7451171875
2.67791748046875
2.64349365234375
2.07623291015625
2.16912841796875
2.40386962890625
2.6090087890625
1.8873291015625
2.0841064453125
2.0400390625
2.284423828125
2.54876708984375
2.263916015625
2.37103271484375
1.9085693359375
2.31549072265625
2.42864990234375
1.9871826171875
2.1495361328125
2.2991943359375
2.4130859375
2.36993408203125
1.9703369140625
2.22589111328125
2.3167724609375
1.9818115234375
1.86663818359375
2.07568359375
2.5845947265625
2.07989501953125
1.84808349609375
1.8958740234375
2.29296875
2.2691650390625
2.32794189453125
2.43994140625
1.91680908203125
2.5452880859375
1.98431396484375
1.81719970703125
2.09088134765625
2.68292236328125
2.07147216796875
2.16339111328125
2.40216064453125
1.9263916015625
2.16522216796875
2.1470947265625
2.5665283203125
2.2557373046875
2.0740966796875
1.797607421875
2.19024658203125
2.25225830078125
2.30615234375
2.05645751953125
2.13507080078125
2.1651611328125
2.5003662109375
1.84381103515625
1.94158935546875
2.1466064453125
2.2740478515625
2.6231689453125
2.28741455078125
2.31512451171875
2.11431884765625
2.28033447265625
2.734130859375
2.299072265625
2.43988037109375
2.41973876953125
2.57000732421875
1.96649169921875
2.01849365234375
2.5166015625
2.61114501953125
2.14794921875
2.05340576171875
2.3447265625
2.3045654296875
2.3299560546875
2.522705078125
2.40093994140625
2.67413330078125
2.30059814453125
2.04150390625
1.94171142578125
2.01324462890625
2.45703125
2.85357666015625
2.71820068359375
2.30230712890625
1.88653564453125
2.588623046875
2.3907470703125
2.4052734375
2.244384765625
2.5870361328125
1.98516845703125
2.51416015625
1.9190673828125
1.9295654296875
2.1229248046875
2.12713623046875
2.3642578125
2.23077392578125
2.0076904296875
2.17254638671875
1.7728271484375
2.35504150390625
2.56878662109375
2.37945556640625
2.5052490234375
2.42913818359375
2.4263916015625
2.23712158203125
2.3577880859375
2.18536376953125
2.09375
2.2099609375
2.4927978515625
1.913330078125
1.98992919921875
2.19140625
1.8402099609375
2.4228515625
2.298828125
1.92413330078125
2.2152099609375
2.3685302734375
2.051025390625
2.46722412109375
1.973876953125
2.1649169921875
2.0804443359375
1.97076416015625
2.0263671875
2.58929443359375
2.1865234375
2.6094970703125
2.6475830078125
2.56634521484375
2.33453369140625
2.49163818359375
2.8240966796875
2.09503173828125
2.721435546875
2.278076171875
2.557373046875
1.9483642578125
2.35882568359375
2.293701171875
2.0472412109375
2.4215087890625
2.00244140625
2.14691162109375
2.41748046875
1.8736572265625
2.15997314453125
2.11553955078125
2.12060546875
2.52557373046875
2.130615234375
2.38177490234375
2.08941650390625
1.6531982421875
2.3275146484375
2.2528076171875
2.36126708984375
2.08587646484375
2.19805908203125
2.0526123046875
1.864013671875
2.038330078125
1.8726806640625
1.769287109375
2.4034423828125
2.2200927734375
1.87469482421875
2.55096435546875
2.35888671875
2.531494140625
2.62567138671875
1.90924072265625
2.42218017578125
1.6646728515625
2.33245849609375
2.5369873046875
2.101318359375
2.50311279296875
2.79864501953125
2.27093505859375
2.32830810546875
2.13299560546875
2.2496337890625
2.524169921875
2.55902099609375
1.78143310546875
2.58905029296875
2.04498291015625
2.1402587890625
2.0703125
2.5760498046875
2.22039794921875
2.08941650390625
1.89739990234375
2.33551025390625
2.650634765625
2.04656982421875
1.892578125
2.7230224609375
1.88031005859375
1.86285400390625
2.1915283203125
2.18426513671875
2.34716796875
2.3455810546875
2.01165771484375
2.01873779296875
2.08673095703125
2.378662109375
1.744140625
2.3211669921875
2.034912109375
1.90252685546875
2.0552978515625
2.33807373046875
2.36639404296875
2.006103515625
2.12713623046875
2.186767578125
1.92242431640625
2.08758544921875
2.35589599609375
2.1246337890625
2.07470703125
2.193115234375
2.11346435546875
2.1419677734375
2.35443115234375
2.7412109375
2.67828369140625
2.33380126953125
2.18182373046875
2.308837890625
2.5623779296875
2.3133544921875
2.336181640625
1.96575927734375
2.19384765625
2.17889404296875
2.40771484375
2.87957763671875
2.4632568359375
2.0894775390625
2.2161865234375
2.3021240234375
1.90875244140625
2.071044921875
2.44580078125
2.21331787109375
2.04205322265625
2.2120361328125
2.04730224609375
1.6676025390625
2.133544921875
1.98724365234375
2.0577392578125
2.35260009765625
1.9326171875
1.90478515625
2.42193603515625
2.4287109375
2.61541748046875
2.0616455078125
1.91455078125
2.0703125
2.3126220703125
2.06878662109375
