3.22137451171875
3.06939697265625
2.8511962890625
2.37518310546875
3.35906982421875
2.60992431640625
2.83209228515625
2.705078125
2.8148193359375
2.7830810546875
2.64312744140625
3.06781005859375
3.085693359375
2.991455078125
2.846923828125
2.586181640625
2.866455078125
3.18408203125
2.96636962890625
3.25445556640625
2.579345703125
2.8046875
3.24359130859375
2.8968505859375
2.6778564453125
2.875244140625
2.47998046875
2.36676025390625
2.50140380859375
3.157958984375
2.9442138671875
3.26849365234375
2.877197265625
2.8148193359375
2.82745361328125
3.03448486328125
2.639404296875
2.7347412109375
2.89276123046875
2.68243408203125
2.6768798828125
2.59393310546875
2.92437744140625
2.8046875
3.31475830078125
3.0589599609375
3.142333984375
2.99102783203125
2.9315185546875
3.17218017578125
2.85980224609375
2.7684326171875
2.72998046875
2.44482421875
2.549072265625
2.6295166015625
3.23309326171875
2.40728759765625
3.29119873046875
3.10211181640625
2.76275634765625
2.44775390625
3.058837890625
3.0152587890625
2.8367919921875
2.90692138671875
2.730224609375
2.7930908203125
2.67755126953125
2.6456298828125
2.5748291015625
3.0081787109375
3.2401123046875
3.31597900390625
2.713623046875
2.55438232421875
3.183349609375
2.8038330078125
2.8157958984375
2.7896728515625
3.12261962890625
3.0582275390625
3.13916015625
3.18792724609375
2.9615478515625
2.6402587890625
3.14813232421875
2.7408447265625
2.61138916015625
2.839599609375
2.67340087890625
3.13397216796875
2.82855224609375
2.74163818359375
2.796142578125
2.9326171875
2.75146484375
3.05572509765625
2.7928466796875
2.96881103515625
2.95013427734375
2.5067138671875
2.69482421875
3.0174560546875
2.81951904296875
2.537841796875
2.79327392578125
2.56787109375
2.54241943359375
2.95513916015625
2.88299560546875
2.93231201171875
3.20538330078125
3.19940185546875
2.89190673828125
3.12994384765625
2.79364013671875
3.00042724609375
2.96490478515625
2.99041748046875
2.30670166015625
2.99578857421875
2.64373779296875
3.1671142578125
2.794677734375
3.22796630859375
2.6290283203125
2.91473388671875
3.234619140625
2.998046875
2.9649658203125
3.0137939453125
3.3719482421875
2.98883056640625
2.4239501953125
2.87109375
2.69622802734375
2.72100830078125
2.939453125
2.69195556640625
2.78466796875
2.98687744140625
2.40118408203125
2.45440673828125
2.81390380859375
2.7481689453125
2.87579345703125
2.474365234375
2.91876220703125
2.89984130859375
2.77642822265625
2.8675537109375
2.91705322265625
3.35443115234375
2.31573486328125
3.5347900390625
3.16314697265625
2.74017333984375
2.97735595703125
2.4737548828125
3.03680419921875
3.33251953125
3.0335693359375
2.77410888671875
2.8719482421875
2.746337890625
2.490966796875
2.4674072265625
3.128173828125
3.1878662109375
2.9239501953125
3.12884521484375
3.07904052734375
2.8309326171875
2.877685546875
2.74737548828125
3.183349609375
3.11016845703125
2.41522216796875
2.53619384765625
3.09088134765625
3.09552001953125
2.68255615234375
2.73370361328125
3.1463623046875
2.635009765625
3.1248779296875
3.04779052734375
2.643310546875
2.9102783203125
2.922119140625
2.707275390625
2.70428466796875
3.03155517578125
2.98193359375
3.1778564453125
3.02392578125
2.61767578125
2.97332763671875
3.0220947265625
2.91021728515625
3.051025390625
3.158935546875
2.73797607421875
2.7069091796875
2.6966552734375
2.35858154296875
3.26251220703125
2.61767578125
2.8948974609375
2.6802978515625
2.7767333984375
3.0831298828125
2.65362548828125
2.8087158203125
2.52197265625
2.77606201171875
3.4539794921875
2.8798828125
2.71697998046875
2.590576171875
2.8092041015625
2.81500244140625
3.00079345703125
2.75921630859375
3.2412109375
2.5941162109375
2.69598388671875
2.881591796875
2.50115966796875
2.8966064453125
2.800537109375
2.4427490234375
2.96075439453125
2.941162109375
2.5504150390625
3.04449462890625
2.79656982421875
3.4471435546875
3.09136962890625
2.951416015625
3.1141357421875
2.87542724609375
3.1822509765625
2.57952880859375
2.7320556640625
3.0274658203125
2.90643310546875
2.903564453125
3.1087646484375
3.27679443359375
2.82843017578125
2.65130615234375
3.52587890625
2.71917724609375
2.934814453125
3.00531005859375
3.25775146484375
2.867919921875
2.909423828125
2.8116455078125
2.91253662109375
2.87945556640625
2.72113037109375
2.87249755859375
2.815185546875
3.177001953125
2.72015380859375
3.0416259765625
2.947998046875
2.55841064453125
2.5689697265625
2.74664306640625
2.67706298828125
2.39703369140625
2.8184814453125
2.745849609375
2.370849609375
3.0201416015625
3.08917236328125
2.64605712890625
3.20440673828125
2.780029296875
3.4013671875
2.9046630859375
3.3431396484375
2.82135009765625
2.812744140625
2.81915283203125
2.7518310546875
2.81658935546875
2.3380126953125
3.054443359375
2.7698974609375
2.9571533203125
2.8851318359375
2.81890869140625
2.5545654296875
2.8253173828125
2.60113525390625
2.8031005859375
2.6307373046875
2.85980224609375
2.95025634765625
2.66094970703125
3.01861572265625
2.69989013671875
3.06890869140625
2.68780517578125
2.76507568359375
3.0916748046875
3.2603759765625
2.51751708984375
2.91357421875
2.59857177734375
2.6767578125
2.48431396484375
3.06329345703125
3.00897216796875
2.7060546875
2.91314697265625
2.69110107421875
3.38946533203125
2.68963623046875
2.8160400390625
2.23504638671875
2.6546630859375
2.7388916015625
3.04364013671875
2.812255859375
3.036865234375
3.246826171875
2.889892578125
2.4769287109375
3.23199462890625
2.97607421875
3.1356201171875
3.10430908203125
2.61077880859375
2.69970703125
3.16510009765625
2.81451416015625
2.6868896484375
2.7801513671875
3.0155029296875
3.13739013671875
2.84613037109375
2.8223876953125
3.0775146484375
3.1856689453125
2.649658203125
2.70013427734375
3.3695068359375
3.3095703125
2.7340087890625
2.98797607421875
2.74542236328125
3.2545166015625
3.22283935546875
2.93145751953125
2.850341796875
2.76348876953125
2.62335205078125
2.751708984375
3.11859130859375
2.72174072265625
2.561279296875
3.0203857421875
2.8245849609375
3.2576904296875
3.10205078125
2.4158935546875
2.7847900390625
3.18206787109375
2.91552734375
2.98272705078125
3.16510009765625
2.57427978515625
2.49237060546875
2.74346923828125
3.1044921875
2.93328857421875
3.32891845703125
3.4527587890625
2.79559326171875
2.7191162109375
2.84332275390625
2.989501953125
2.80426025390625
2.838134765625
2.57275390625
2.921630859375
2.8919677734375
2.601806640625
2.865234375
2.9420166015625
3.31298828125
2.57373046875
2.6556396484375
3.1248779296875
3.032958984375
2.95404052734375
2.83013916015625
2.963134765625
2.981201171875
3.02862548828125
3.2218017578125
2.775146484375
2.6861572265625
2.760986328125
3.1136474609375
2.740478515625
2.53387451171875
2.53912353515625
2.91400146484375
3.05828857421875
3.016357421875
3.1756591796875
2.72845458984375
2.62030029296875
2.580078125
3.104736328125
2.68963623046875
2.8887939453125
2.70361328125
2.64154052734375
2.69964599609375
3.245849609375
2.77191162109375
2.94293212890625
3.15509033203125
2.78668212890625
3.35595703125
2.66845703125
2.78570556640625
2.59228515625
2.59375
2.429931640625
3.17327880859375
2.66497802734375
2.9437255859375
3.10479736328125
2.79351806640625
2.72369384765625
2.7471923828125
2.56195068359375
2.49420166015625
2.3837890625
3.0810546875
3.60528564453125
3.04046630859375
3.11309814453125
2.78009033203125
3.00830078125
3.06439208984375
2.62371826171875
3.0609130859375
2.8282470703125
3.0023193359375
2.78631591796875
3.06512451171875
2.70672607421875
2.69000244140625
2.739990234375
2.70953369140625
3.049560546875
2.89141845703125
2.91546630859375
2.6885986328125
3.23773193359375
3.48211669921875
2.809814453125
2.61016845703125
2.96038818359375
2.772216796875
2.91473388671875
2.896484375
2.70904541015625
2.99188232421875
2.89306640625
2.36541748046875
2.7672119140625
2.89068603515625
2.83349609375
2.7891845703125
2.69708251953125
2.66455078125
2.9586181640625
2.70751953125
3.02166748046875
2.5545654296875
3.01171875
2.70098876953125
3.1280517578125
3.04376220703125
2.49566650390625
2.7236328125
2.874755859375
3.105712890625
2.877197265625
