0.8787841796875
0.9930419921875
0.7213134765625
0.52935791015625
1.08978271484375
0.54827880859375
0.54034423828125
0.6773681640625
0.7276611328125
0.7520751953125
0.5816650390625
1.2882080078125
0.8284912109375
1.091064453125
0.93365478515625
0.65972900390625
0.672119140625
1.02911376953125
0.4576416015625
0.79412841796875
0.64532470703125
0.69635009765625
1.37481689453125
0.7218017578125
0.571533203125
1.02471923828125
0.6817626953125
0.531005859375
0.5106201171875
1.11370849609375
0.71722412109375
1.27679443359375
0.72320556640625
0.7864990234375
0.543701171875
0.75830078125
0.8304443359375
0.74542236328125
0.5528564453125
0.58001708984375
0.62786865234375
0.5889892578125
0.7528076171875
0.71990966796875
1.05126953125
0.6129150390625
0.79559326171875
0.77728271484375
0.8377685546875
1.17376708984375
0.72882080078125
0.78118896484375
0.88201904296875
0.677001953125
0.62469482421875
0.73419189453125
1.19683837890625
0.4832763671875
0.90704345703125
0.8194580078125
0.630859375
0.51092529296875
0.7276611328125
0.83294677734375
0.65777587890625
0.73175048828125
0.734619140625
0.87890625
0.7071533203125
0.5146484375
1.04901123046875
0.7969970703125
1.017822265625
1.0628662109375
0.76812744140625
0.93341064453125
0.63714599609375
0.78570556640625
0.90191650390625
0.6619873046875
0.7174072265625
0.8092041015625
0.8134765625
1.35455322265625
0.78375244140625
0.6591796875
0.75537109375
0.552490234375
0.6236572265625
0.73699951171875
0.8411865234375
0.56280517578125
0.75836181640625
0.8514404296875
0.75543212890625
0.7669677734375
0.66845703125
0.90924072265625
0.84234619140625
0.7489013671875
0.77825927734375
0.60150146484375
0.599853515625
0.70135498046875
0.9296875
0.43084716796875
0.96697998046875
0.50701904296875
0.55047607421875
0.6998291015625
0.7864990234375
0.81488037109375
1.1781005859375
0.69854736328125
0.97393798828125
0.97064208984375
0.77447509765625
0.975341796875
0.8592529296875
1.23565673828125
0.3629150390625
0.87371826171875
0.502197265625
0.743896484375
0.796142578125
0.7596435546875
0.5013427734375
1.0894775390625
0.7047119140625
0.886474609375
1.02874755859375
0.6693115234375
1.47998046875
0.71685791015625
0.53350830078125
0.8626708984375
0.61773681640625
0.9625244140625
0.8321533203125
0.7867431640625
0.4537353515625
0.62237548828125
0.47149658203125
0.551513671875
0.62799072265625
0.64300537109375
0.57818603515625
0.48651123046875
1.12969970703125
0.67987060546875
1.023681640625
0.74761962890625
0.9027099609375
0.979736328125
0.4659423828125
1.086669921875
1.200927734375
0.8074951171875
0.6383056640625
0.5133056640625
0.73028564453125
0.99176025390625
0.73712158203125
0.673583984375
0.71612548828125
0.67822265625
0.73089599609375
0.50762939453125
0.95294189453125
0.983154296875
0.82769775390625
1.02679443359375
1.00390625
1.06427001953125
0.8135986328125
0.91937255859375
0.96844482421875
0.65924072265625
0.48065185546875
0.77435302734375
0.9093017578125
0.9593505859375
0.57818603515625
0.520751953125
0.801025390625
0.4752197265625
0.74853515625
0.78912353515625
0.48077392578125
0.9287109375
0.6812744140625
0.68084716796875
0.872802734375
0.940185546875
0.5771484375
1.1845703125
0.83721923828125
0.62255859375
0.8177490234375
0.63922119140625
0.5755615234375
0.82269287109375
0.82684326171875
0.86651611328125
0.7342529296875
0.9088134765625
0.54779052734375
1.05255126953125
0.80169677734375
0.85479736328125
0.5196533203125
0.75439453125
0.80938720703125
0.52081298828125
0.81842041015625
0.57562255859375
0.73675537109375
0.99658203125
0.910888671875
0.77630615234375
0.6173095703125
1.08990478515625
0.7872314453125
1.33685302734375
0.56768798828125
0.63812255859375
0.74029541015625
0.952392578125
0.973388671875
0.6412353515625
0.9144287109375
0.9571533203125
0.54595947265625
0.68878173828125
1.32720947265625
0.5247802734375
0.83270263671875
0.8458251953125
1.15875244140625
0.88909912109375
0.80426025390625
1.02947998046875
0.7421875
0.76422119140625
0.8807373046875
0.45672607421875
0.7994384765625
0.56451416015625
0.6689453125
1.10687255859375
1.16650390625
0.54925537109375
0.6414794921875
1.18701171875
0.52447509765625
0.8128662109375
1.0733642578125
1.0032958984375
1.03778076171875
0.822265625
0.8258056640625
0.65789794921875
0.649169921875
0.65753173828125
0.6361083984375
0.6253662109375
0.785400390625
0.81982421875
1.14532470703125
0.79638671875
0.3258056640625
0.8753662109375
0.6217041015625
0.9078369140625
0.4437255859375
0.79058837890625
0.534423828125
0.48529052734375
0.77166748046875
0.88751220703125
0.5889892578125
0.90362548828125
0.7325439453125
1.3946533203125
0.599365234375
1.27642822265625
0.7537841796875
0.69744873046875
0.838134765625
0.8077392578125
0.8006591796875
0.57904052734375
0.71875
0.6075439453125
0.80120849609375
0.69122314453125
0.85321044921875
0.69879150390625
0.760986328125
0.63446044921875
0.8265380859375
0.68438720703125
0.72296142578125
0.634521484375
0.58074951171875
1.01275634765625
0.977294921875
0.982666015625
0.67437744140625
1.06170654296875
0.62420654296875
0.9581298828125
0.81231689453125
0.597412109375
0.56640625
0.8072509765625
0.6104736328125
0.67767333984375
0.97650146484375
0.83270263671875
0.670166015625
0.86285400390625
0.88494873046875
0.70208740234375
0.6368408203125
0.38763427734375
0.5257568359375
0.53564453125
0.81231689453125
0.86846923828125
1.12579345703125
0.76605224609375
0.95269775390625
0.6168212890625
1.2291259765625
0.69012451171875
0.96002197265625
1.23382568359375
0.544677734375
0.56640625
0.6314697265625
0.5426025390625
0.819091796875
0.70391845703125
0.77294921875
1.054443359375
1.42401123046875
0.62774658203125
0.97637939453125
1.05267333984375
0.6627197265625
0.5238037109375
1.1058349609375
0.71112060546875
0.62322998046875
0.90447998046875
0.6954345703125
1.01483154296875
0.73455810546875
0.54144287109375
0.8612060546875
0.72216796875
0.5830078125
0.88470458984375
1.01666259765625
0.50408935546875
0.660400390625
0.84765625
1.013916015625
0.95751953125
0.89984130859375
0.6024169921875
0.720458984375
0.8040771484375
0.70343017578125
0.66845703125
1.16717529296875
0.63604736328125
0.5615234375
0.6099853515625
0.8134765625
1.0106201171875
1.03143310546875
1.00946044921875
1.07464599609375
0.721923828125
0.801025390625
0.9925537109375
0.772705078125
0.68975830078125
0.47906494140625
0.73016357421875
0.79681396484375
0.45404052734375
0.7373046875
0.8759765625
1.318603515625
0.6209716796875
0.8658447265625
0.98809814453125
0.70562744140625
0.809326171875
0.701171875
0.799072265625
0.85418701171875
0.8834228515625
0.96002197265625
0.62139892578125
0.55487060546875
0.71270751953125
0.7479248046875
0.5113525390625
0.5594482421875
0.4869384765625
0.95855712890625
0.6573486328125
0.66253662109375
0.9039306640625
0.5797119140625
0.42706298828125
0.63653564453125
0.9276123046875
0.5875244140625
0.7919921875
0.62017822265625
0.5921630859375
0.52288818359375
1.08831787109375
0.86505126953125
0.7965087890625
0.98736572265625
0.746826171875
0.8294677734375
0.58154296875
0.69232177734375
0.76141357421875
0.6905517578125
0.3731689453125
1.16943359375
0.5860595703125
0.85247802734375
1.0927734375
0.7440185546875
0.62994384765625
0.6810302734375
0.50885009765625
0.52947998046875
0.45159912109375
0.9552001953125
1.27197265625
0.92083740234375
0.764892578125
0.563720703125
1.34307861328125
1.19366455078125
0.56427001953125
1.14337158203125
0.72137451171875
0.749755859375
0.91424560546875
1.12799072265625
0.60595703125
0.80572509765625
0.82611083984375
0.807861328125
0.8175048828125
0.88739013671875
1.04254150390625
0.58306884765625
1.20281982421875
1.039306640625
0.5531005859375
0.49853515625
0.59942626953125
0.56719970703125
0.92425537109375
0.88116455078125
0.607421875
0.543701171875
0.682373046875
0.38763427734375
0.618896484375
0.81951904296875
0.49798583984375
0.58453369140625
0.7237548828125
0.88134765625
0.8861083984375
0.85894775390625
0.958740234375
0.70074462890625
0.8973388671875
0.8046875
0.929931640625
1.0850830078125
0.791015625
0.60418701171875
0.821044921875
0.97412109375
1.077880859375
