2.97698974609375
3.0482177734375
2.51806640625
2.8070068359375
2.62310791015625
2.89337158203125
2.623779296875
2.8546142578125
2.6966552734375
2.870849609375
2.9927978515625
3.22845458984375
2.82379150390625
2.839599609375
2.78399658203125
2.52728271484375
2.97259521484375
3.08587646484375
2.971923828125
3.17742919921875
3.0958251953125
2.93145751953125
3.0137939453125
2.61053466796875
3.0140380859375
2.6815185546875
2.88031005859375
2.61529541015625
2.94329833984375
3.02532958984375
2.804443359375
2.9400634765625
2.9366455078125
3.1142578125
2.6614990234375
3.21697998046875
2.761474609375
2.9857177734375
2.66796875
3.0167236328125
2.8243408203125
2.97076416015625
2.8721923828125
3.15325927734375
2.999755859375
2.88360595703125
2.64385986328125
3.09075927734375
2.87109375
2.562255859375
3.17938232421875
3.09844970703125
3.0172119140625
2.92401123046875
2.9683837890625
2.76300048828125
2.64947509765625
2.9818115234375
2.89544677734375
3.1522216796875
2.9130859375
2.95416259765625
2.986328125
2.9036865234375
2.79705810546875
2.9586181640625
2.8436279296875
2.817626953125
2.46856689453125
2.813720703125
2.741455078125
2.6741943359375
3.25067138671875
2.86932373046875
2.92950439453125
3.3670654296875
3.26177978515625
2.95404052734375
2.83892822265625
2.91363525390625
3.3221435546875
2.98114013671875
3.2530517578125
2.74481201171875
3.28240966796875
2.6678466796875
2.4664306640625
3.03167724609375
2.88336181640625
3.0770263671875
2.513916015625
2.966796875
2.9033203125
2.78802490234375
2.3082275390625
3.1668701171875
2.94049072265625
2.64739990234375
3.16015625
3.30841064453125
2.97564697265625
2.859375
3.031494140625
2.60418701171875
2.98626708984375
3.287109375
3.26708984375
2.8099365234375
3.03875732421875
2.56072998046875
2.7864990234375
2.90240478515625
3.098876953125
3.3154296875
2.85760498046875
2.85125732421875
3.044189453125
2.9415283203125
2.9249267578125
3.10260009765625
2.679443359375
2.82781982421875
2.68707275390625
3.197509765625
3.0936279296875
3.0350341796875
3.29193115234375
2.774658203125
3.22412109375
2.2596435546875
2.83441162109375
2.98699951171875
3.1888427734375
2.87371826171875
2.92169189453125
2.81439208984375
3.17633056640625
3.1141357421875
2.74310302734375
3.0216064453125
2.6011962890625
2.8701171875
3.28021240234375
3.221435546875
2.86529541015625
3.38861083984375
2.57391357421875
2.82025146484375
2.36285400390625
2.86846923828125
3.0731201171875
3.31060791015625
2.87750244140625
3.08966064453125
2.79058837890625
3.34515380859375
2.84002685546875
2.8623046875
2.96917724609375
2.82666015625
3.06573486328125
2.97735595703125
2.95721435546875
3.011962890625
3.07781982421875
2.79608154296875
2.5911865234375
2.88470458984375
2.74053955078125
2.559326171875
2.65972900390625
3.3214111328125
2.62652587890625
2.97442626953125
2.634033203125
3.05206298828125
2.8187255859375
2.98675537109375
3.09918212890625
3.34686279296875
2.75408935546875
2.599609375
2.24560546875
2.85247802734375
2.8363037109375
3.0582275390625
2.97869873046875
3.02239990234375
2.9110107421875
2.5836181640625
2.40130615234375
3.01068115234375
3.1610107421875
2.9830322265625
2.70965576171875
3.03955078125
3.10455322265625
3.2308349609375
2.57476806640625
3.04931640625
2.7952880859375
2.6881103515625
3.1844482421875
2.92010498046875
2.92791748046875
2.8101806640625
2.89794921875
2.98529052734375
2.71429443359375
2.718017578125
3.06829833984375
3.1968994140625
2.65655517578125
2.47528076171875
2.8349609375
2.6416015625
2.89105224609375
3.2010498046875
2.96484375
3.29034423828125
2.73956298828125
3.2828369140625
2.6177978515625
3.4483642578125
2.8262939453125
3.23052978515625
2.9805908203125
2.97540283203125
3.12548828125
2.45867919921875
2.72119140625
2.91693115234375
2.6962890625
2.80877685546875
2.765625
2.926513671875
3.01324462890625
3.0606689453125
2.51727294921875
2.75909423828125
2.67315673828125
2.90625
2.634765625
3.01556396484375
2.8319091796875
3.14422607421875
2.63995361328125
2.7344970703125
2.84686279296875
2.7132568359375
2.91461181640625
3.1097412109375
3.0159912109375
3.13409423828125
3.0069580078125
2.59552001953125
2.8006591796875
2.92291259765625
3.01312255859375
2.796630859375
2.971923828125
2.94573974609375
3.0635986328125
2.859619140625
2.73724365234375
2.615234375
2.92767333984375
3.03326416015625
2.640380859375
2.89825439453125
2.7706298828125
3.4149169921875
2.8076171875
2.70751953125
2.9490966796875
2.90625
2.55059814453125
3.03485107421875
3.28350830078125
3.09649658203125
2.9805908203125
2.8409423828125
2.7840576171875
2.928466796875
2.89892578125
3.18731689453125
3.0028076171875
3.16131591796875
2.9222412109375
3.01019287109375
2.93536376953125
2.86053466796875
2.7998046875
2.786865234375
3.0372314453125
2.8543701171875
2.9111328125
3.07275390625
2.64459228515625
2.92425537109375
2.9874267578125
3.04443359375
2.39752197265625
2.61529541015625
2.88238525390625
2.85577392578125
2.80462646484375
2.57855224609375
3.260986328125
2.85589599609375
2.7962646484375
2.46923828125
2.90948486328125
2.57623291015625
2.93963623046875
2.87982177734375
2.7353515625
2.59808349609375
2.86376953125
2.68133544921875
3.19659423828125
3.20703125
2.71026611328125
2.7734375
2.9769287109375
3.32061767578125
2.8277587890625
2.69049072265625
2.99432373046875
2.96185302734375
2.881103515625
3.004150390625
3.05712890625
3.2601318359375
2.92041015625
2.916015625
2.88848876953125
2.8790283203125
2.99407958984375
2.6124267578125
3.05224609375
2.7796630859375
2.58587646484375
2.977294921875
2.75653076171875
2.76214599609375
2.689453125
2.8353271484375
2.79180908203125
2.90869140625
2.61236572265625
2.69586181640625
2.4251708984375
3.03253173828125
3.18304443359375
2.671142578125
2.78045654296875
3.0628662109375
3.052490234375
2.86712646484375
2.71728515625
2.498291015625
2.8446044921875
2.86944580078125
2.96185302734375
3.03375244140625
3.15655517578125
2.789794921875
3.0394287109375
3.15087890625
2.69195556640625
2.86248779296875
3.11151123046875
2.84783935546875
2.85296630859375
2.97601318359375
3.17962646484375
3.029296875
2.91680908203125
2.5899658203125
2.85845947265625
2.47161865234375
2.5352783203125
2.78753662109375
2.7283935546875
2.88311767578125
2.97003173828125
3.13299560546875
2.79937744140625
2.750244140625
2.8087158203125
3.05560302734375
2.7537841796875
2.9560546875
3.00201416015625
2.7030029296875
3.21209716796875
2.67742919921875
2.80810546875
2.89300537109375
2.90521240234375
2.9195556640625
2.9234619140625
3.1431884765625
3.01739501953125
3.11553955078125
2.99932861328125
2.671630859375
3.22210693359375
2.7147216796875
3.07684326171875
3.140869140625
2.89947509765625
2.71319580078125
2.45947265625
3.0762939453125
2.9903564453125
2.37396240234375
2.9053955078125
3.0771484375
2.6265869140625
2.96893310546875
2.7601318359375
2.89971923828125
3.0335693359375
2.98443603515625
2.82763671875
2.77618408203125
3.0743408203125
2.616455078125
2.64501953125
2.89398193359375
2.6162109375
2.6103515625
3.55767822265625
3.21490478515625
3.08123779296875
2.79290771484375
3.1080322265625
2.55328369140625
3.10455322265625
2.718505859375
2.97955322265625
2.47125244140625
2.7880859375
3.14117431640625
3.19586181640625
3.10198974609375
2.63134765625
2.80975341796875
2.85406494140625
2.68365478515625
2.56640625
2.797119140625
3.06195068359375
2.932373046875
2.6981201171875
2.7384033203125
2.67645263671875
2.61260986328125
3.13323974609375
2.621337890625
2.8035888671875
2.9466552734375
2.58087158203125
2.68414306640625
2.77838134765625
2.63385009765625
3.25531005859375
2.67828369140625
2.87255859375
3.07757568359375
2.98291015625
2.7576904296875
2.7603759765625
2.881591796875
2.92987060546875
2.86553955078125
2.9085693359375
2.989990234375
2.90277099609375
2.93170166015625
2.54486083984375
2.780517578125
2.792724609375
2.814208984375
2.493408203125
3.22967529296875
2.78387451171875
2.9671630859375
3.4259033203125
2.64935302734375
2.62103271484375
3.100830078125
3.1204833984375
2.7010498046875
3.11724853515625
2.752197265625
2.63946533203125
2.72491455078125
