1.56060791015625
1.71307373046875
0.89599609375
1.155029296875
1.596923828125
1.1568603515625
1.49969482421875
1.2015380859375
1.20068359375
1.097412109375
1.380859375
1.1146240234375
1.2618408203125
1.45013427734375
1.5074462890625
1.68975830078125
1.06610107421875
1.8424072265625
1.0335693359375
1.4544677734375
1.55120849609375
1.23828125
1.4071044921875
1.186767578125
1.6463623046875
1.17431640625
0.9893798828125
1.31103515625
1.48333740234375
1.28271484375
1.3260498046875
1.1973876953125
1.53369140625
1.40191650390625
1.78619384765625
0.95989990234375
0.9451904296875
0.8780517578125
1.353515625
1.2252197265625
1.1578369140625
1.26898193359375
1.26513671875
0.99725341796875
1.2496337890625
1.16632080078125
1.31536865234375
1.30657958984375
1.135498046875
1.43328857421875
1.33624267578125
1.155517578125
1.6497802734375
1.34173583984375
1.28570556640625
1.57525634765625
1.22894287109375
1.2115478515625
1.639404296875
1.16363525390625
1.31951904296875
1.20867919921875
1.3746337890625
1.5167236328125
1.13323974609375
1.281982421875
1.0906982421875
2.12701416015625
1.156982421875
1.36199951171875
1.48602294921875
1.227294921875
1.5560302734375
1.11376953125
1.35577392578125
1.3616943359375
1.5411376953125
1.24273681640625
1.1497802734375
1.12445068359375
1.26068115234375
1.1751708984375
1.0274658203125
1.76019287109375
1.2030029296875
1.67120361328125
0.94378662109375
1.15985107421875
1.04180908203125
1.34283447265625
1.62158203125
1.318603515625
1.273193359375
0.99700927734375
1.25982666015625
1.23699951171875
0.94580078125
1.258056640625
1.69512939453125
1.84466552734375
1.1376953125
1.36334228515625
0.95391845703125
1.3489990234375
1.20782470703125
1.3028564453125
1.28253173828125
1.490478515625
1.239013671875
1.42987060546875
1.61492919921875
1.1881103515625
1.3170166015625
1.49139404296875
1.3602294921875
1.08001708984375
1.31585693359375
1.944580078125
1.2867431640625
1.10205078125
1.44781494140625
1.229736328125
1.313232421875
1.15887451171875
1.14117431640625
1.26190185546875
1.30499267578125
1.21044921875
1.26922607421875
1.014892578125
1.81451416015625
1.0853271484375
1.19146728515625
1.18670654296875
1.435791015625
1.60479736328125
1.28094482421875
1.175537109375
1.4296875
1.36822509765625
1.4342041015625
1.36297607421875
1.02557373046875
1.29193115234375
1.490234375
1.22747802734375
1.17852783203125
1.190673828125
1.08465576171875
1.2506103515625
1.78961181640625
1.572265625
1.296142578125
1.50897216796875
1.10760498046875
1.791748046875
1.01348876953125
1.7841796875
1.72381591796875
1.26092529296875
1.240478515625
1.2552490234375
1.09759521484375
1.20001220703125
1.15985107421875
1.1959228515625
1.333251953125
1.16461181640625
1.6864013671875
1.57525634765625
1.2684326171875
1.2484130859375
1.25164794921875
1.163330078125
1.0750732421875
1.62200927734375
0.99200439453125
1.38653564453125
1.1156005859375
1.04534912109375
1.19482421875
1.529296875
1.24420166015625
1.5992431640625
1.4176025390625
1.32757568359375
1.3580322265625
1.20904541015625
0.9803466796875
1.47265625
1.8240966796875
1.1483154296875
1.06475830078125
1.46417236328125
1.0084228515625
1.2958984375
1.65380859375
1.2247314453125
1.34429931640625
1.22808837890625
1.357177734375
0.97637939453125
1.325439453125
1.04351806640625
1.41461181640625
1.3853759765625
1.10888671875
1.08251953125
1.30755615234375
1.29632568359375
1.5418701171875
1.02935791015625
1.072265625
1.11328125
1.04278564453125
0.839111328125
1.4122314453125
1.5155029296875
1.40484619140625
0.9217529296875
1.071044921875
1.2347412109375
1.6201171875
1.5147705078125
1.26446533203125
1.35992431640625
1.25213623046875
1.468994140625
1.271728515625
1.082763671875
1.69940185546875
1.25616455078125
1.62933349609375
1.3123779296875
1.242919921875
1.22296142578125
1.044189453125
1.14947509765625
1.742431640625
1.52850341796875
0.97442626953125
1.12896728515625
1.05523681640625
1.059326171875
1.25103759765625
1.458251953125
1.0745849609375
1.5936279296875
1.2713623046875
1.55712890625
1.18133544921875
1.441650390625
1.415771484375
1.6417236328125
1.162109375
1.49774169921875
1.5787353515625
1.1923828125
1.04559326171875
0.9515380859375
1.15411376953125
1.49755859375
1.79742431640625
1.31549072265625
1.703125
1.29248046875
1.329345703125
1.38824462890625
1.07672119140625
1.47991943359375
1.61309814453125
1.33367919921875
0.906005859375
1.390869140625
1.25506591796875
1.28582763671875
1.30145263671875
1.11407470703125
1.130615234375
1.32672119140625
1.3397216796875
0.85552978515625
1.21142578125
1.45819091796875
1.1627197265625
1.689208984375
1.19439697265625
1.219482421875
1.47576904296875
0.8101806640625
1.74102783203125
1.11444091796875
1.00689697265625
1.18927001953125
1.2886962890625
1.49267578125
1.1556396484375
1.047607421875
1.3983154296875
0.99578857421875
1.03814697265625
1.04449462890625
1.28973388671875
1.4886474609375
1.34576416015625
1.56072998046875
1.2451171875
1.4761962890625
1.0892333984375
1.333740234375
1.0823974609375
1.44207763671875
1.67919921875
1.4969482421875
0.95257568359375
2.050537109375
0.97271728515625
1.62945556640625
1.439208984375
1.222900390625
1.3480224609375
1.55450439453125
1.18609619140625
1.17230224609375
1.1239013671875
1.27459716796875
1.0947265625
1.43682861328125
1.45220947265625
1.3466796875
1.72088623046875
0.94354248046875
1.3868408203125
1.31158447265625
1.48016357421875
1.0194091796875
1.09161376953125
1.3184814453125
1.48358154296875
1.250244140625
1.4791259765625
1.150390625
1.35809326171875
1.1495361328125
1.1368408203125
1.035400390625
1.4896240234375
0.944580078125
1.30450439453125
1.08538818359375
1.08880615234375
1.16680908203125
1.3226318359375
1.189697265625
1.3211669921875
1.0306396484375
1.20758056640625
1.3001708984375
1.663818359375
0.88446044921875
1.17803955078125
1.22930908203125
1.38507080078125
1.04107666015625
1.11016845703125
1.2835693359375
1.17620849609375
1.46197509765625
1.360107421875
1.10394287109375
1.4910888671875
1.399658203125
1.60711669921875
1.09063720703125
1.31463623046875
1.59539794921875
1.11981201171875
0.88580322265625
1.38140869140625
1.452880859375
1.118896484375
1.663818359375
1.49822998046875
1.0555419921875
1.455322265625
1.34844970703125
1.19195556640625
1.1002197265625
1.013671875
1.1383056640625
1.2574462890625
1.2542724609375
1.26214599609375
1.55059814453125
0.9373779296875
1.0369873046875
1.2716064453125
1.277099609375
1.44183349609375
1.13824462890625
1.39776611328125
1.6744384765625
1.2503662109375
1.073486328125
1.68634033203125
1.1839599609375
1.2442626953125
1.24822998046875
1.450927734375
1.32989501953125
1.03863525390625
1.2266845703125
1.223388671875
1.11273193359375
1.56427001953125
1.27374267578125
1.52777099609375
1.54339599609375
1.0843505859375
0.89483642578125
1.0509033203125
1.1865234375
1.1884765625
1.5648193359375
1.1517333984375
1.48028564453125
1.22686767578125
1.6541748046875
0.87213134765625
0.9608154296875
1.3580322265625
1.1695556640625
1.34124755859375
1.17156982421875
1.29205322265625
1.28399658203125
0.86968994140625
1.295166015625
1.4588623046875
1.01641845703125
1.38861083984375
0.968994140625
1.1219482421875
1.09356689453125
1.6170654296875
1.27880859375
1.57891845703125
1.04327392578125
1.314697265625
1.23223876953125
1.51458740234375
1.36285400390625
1.829833984375
1.21319580078125
1.4859619140625
1.156982421875
1.07757568359375
1.38092041015625
1.41796875
1.560302734375
1.27117919921875
0.96990966796875
1.93597412109375
1.13427734375
1.52874755859375
1.09246826171875
1.2015380859375
1.4388427734375
1.66180419921875
1.3345947265625
1.2281494140625
1.3670654296875
1.27020263671875
1.42242431640625
1.3321533203125
1.479248046875
1.53277587890625
1.35394287109375
1.31707763671875
1.1566162109375
1.5543212890625
1.5003662109375
1.4757080078125
1.0601806640625
1.4210205078125
0.987548828125
1.31927490234375
1.1890869140625
1.6500244140625
0.96356201171875
1.29400634765625
1.4774169921875
1.2833251953125
1.426513671875
1.655517578125
1.2509765625
1.06622314453125
1.14569091796875
1.3092041015625
1.13629150390625
