1.0869140625
1.0869140625
1.0869140625
0.9814453125
0.8232421875
0.9560546875
0.755859375
1.03515625
0.8857421875
0.8671875
0.9814453125
1.0361328125
1.1650390625
0.845703125
0.876953125
0.818359375
0.81640625
1.16015625
1.1552734375
1.0439453125
1.1318359375
1.1630859375
1.0810546875
0.806640625
1.0859375
1.1630859375
0.892578125
1.2548828125
1.208984375
0.9716796875
1.197265625
0.8896484375
1.2939453125
1.2021484375
0.673828125
1.078125
1.046875
0.822265625
0.986328125
0.98046875
1.12890625
1.13671875
0.900390625
0.8564453125
0.9111328125
0.9638671875
1.0732421875
1.1337890625
1.025390625
1.076171875
0.869140625
1.1123046875
0.9326171875
1.1279296875
0.7724609375
0.90625
0.951171875
0.9794921875
1.029296875
0.6787109375
0.9755859375
1.03515625
0.8212890625
1.080078125
1.2919921875
0.982421875
0.873046875
1.1259765625
0.9111328125
0.8837890625
1.111328125
0.7392578125
1.0341796875
1.0107421875
0.9091796875
0.8837890625
1.16796875
0.7421875
0.607421875
0.8173828125
0.8330078125
0.921875
1.193359375
1.08203125
0.8876953125
0.8603515625
0.9765625
0.9873046875
1.048828125
0.9111328125
1.220703125
1.0419921875
0.74609375
0.748046875
0.9404296875
1.12890625
0.8876953125
1.2294921875
1.013671875
0.5859375
0.76171875
1.107421875
0.9716796875
0.8193359375
0.96875
1.0029296875
1.201171875
0.8818359375
0.7001953125
1.12109375
1.16796875
0.8505859375
0.9208984375
0.990234375
0.890625
0.6494140625
0.9755859375
0.9130859375
0.845703125
0.9052734375
0.779296875
1.0908203125
1.234375
0.83984375
0.6640625
1.2373046875
0.7919921875
1.103515625
1.125
0.7275390625
0.8349609375
1.19921875
1.046875
1.080078125
0.8779296875
1.1298828125
1.0283203125
1.08203125
1.1220703125
0.6396484375
0.85546875
0.734375
0.845703125
1.2802734375
0.951171875
0.9892578125
0.9560546875
1.01953125
0.744140625
0.9990234375
1.212890625
0.8330078125
1.154296875
1.1513671875
0.8974609375
0.9619140625
0.845703125
1.017578125
0.7421875
0.9013671875
0.646484375
0.947265625
0.8642578125
1.01171875
1.001953125
0.9140625
0.953125
0.8359375
1.0185546875
1.060546875
1.0458984375
0.7021484375
1.0712890625
0.7900390625
0.9111328125
0.9990234375
0.8798828125
1.212890625
0.916015625
1.025390625
1.310546875
0.9248046875
0.849609375
0.89453125
0.9228515625
1.0078125
0.6240234375
1.1416015625
0.919921875
1.08984375
0.796875
1.0185546875
0.8779296875
0.9091796875
0.9921875
0.927734375
1.1337890625
0.95703125
0.8662109375
0.8515625
0.9970703125
1.099609375
0.84765625
1.0048828125
0.95703125
0.6806640625
1.0908203125
0.919921875
0.7216796875
1.0703125
0.92578125
1.044921875
0.7578125
0.880859375
0.8994140625
0.8544921875
1.234375
1.2763671875
1.10546875
1.0361328125
0.8857421875
0.908203125
0.9794921875
1.126953125
0.861328125
1.0908203125
1.095703125
0.69140625
1.2236328125
0.8427734375
1.076171875
1.087890625
0.9755859375
1.19921875
1.0927734375
1.072265625
1.3076171875
1.064453125
1.0048828125
0.5654296875
1.05078125
0.8330078125
1.142578125
0.9609375
0.705078125
0.8759765625
1.2158203125
0.8388671875
0.7578125
0.70703125
0.9638671875
0.970703125
1.2470703125
0.892578125
0.8056640625
0.923828125
0.9580078125
0.783203125
0.8623046875
1.1796875
0.8525390625
0.9501953125
0.875
1.1513671875
0.9375
1.18359375
0.7724609375
0.828125
0.9423828125
0.7734375
1.0029296875
0.947265625
0.8505859375
1.1474609375
0.794921875
0.890625
1.125
1.1806640625
0.810546875
1.087890625
0.8642578125
1.2734375
0.9150390625
0.9775390625
1.0068359375
0.9833984375
0.6376953125
0.8662109375
0.9052734375
1.0361328125
1.16796875
1.306640625
0.8251953125
0.6123046875
1.20703125
1.029296875
1.17578125
1.0478515625
1.0419921875
1.1708984375
0.974609375
1.18359375
1.2275390625
1.03515625
0.96484375
1.314453125
1.2685546875
0.96875
0.83203125
1.1474609375
0.873046875
0.9443359375
1.0634765625
1.01171875
1.0146484375
0.8818359375
0.859375
1.2548828125
0.85546875
0.9140625
0.9873046875
0.9931640625
1.130859375
0.94140625
1.1953125
0.98828125
0.880859375
1.1787109375
1.099609375
0.7548828125
0.947265625
1.0009765625
1.3369140625
0.904296875
1.1416015625
0.900390625
0.841796875
1.0537109375
0.9130859375
0.9248046875
1.1708984375
0.71484375
1.0068359375
1.0517578125
1.1640625
1.1103515625
1.0888671875
1.0673828125
0.779296875
0.744140625
1.05859375
0.873046875
0.9326171875
1.2939453125
1.02734375
0.791015625
1.138671875
1.130859375
0.9169921875
0.91796875
0.6748046875
1.0244140625
0.8095703125
1.060546875
0.759765625
0.9990234375
1.08203125
1.1298828125
1.0361328125
0.83203125
0.9775390625
1.2421875
0.9169921875
1.080078125
0.912109375
1.0419921875
0.8857421875
0.859375
1.005859375
0.6552734375
1.5439453125
0.916015625
0.8046875
0.974609375
0.732421875
1.2109375
0.9384765625
0.8974609375
0.87890625
1.0
0.9130859375
0.890625
1.0634765625
1.115234375
1.0107421875
1.19921875
0.693359375
1.056640625
0.853515625
0.943359375
0.9990234375
1.234375
1.271484375
1.1318359375
1.095703125
0.9970703125
0.982421875
1.0126953125
0.9853515625
0.880859375
0.927734375
0.8857421875
0.7294921875
0.7197265625
0.796875
1.0537109375
1.0419921875
1.0810546875
0.890625
0.8369140625
0.9169921875
1.0380859375
1.0048828125
1.0029296875
0.990234375
0.9736328125
0.6015625
0.76171875
1.078125
0.912109375
1.0966796875
0.9140625
0.9072265625
1.037109375
1.115234375
1.041015625
0.8935546875
0.916015625
0.8232421875
1.1943359375
1.03515625
1.1044921875
0.8916015625
1.125
0.7119140625
1.0947265625
1.5595703125
0.7900390625
1.087890625
1.14453125
1.17578125
0.7666015625
0.71484375
0.99609375
1.0087890625
0.6416015625
1.0166015625
1.3017578125
0.9130859375
0.9814453125
0.78125
0.9033203125
0.8544921875
0.8486328125
1.0498046875
0.9716796875
0.9853515625
1.251953125
0.9560546875
1.1259765625
1.087890625
1.193359375
1.08203125
0.96484375
1.0068359375
0.98046875
0.5234375
1.31640625
1.205078125
1.017578125
0.935546875
0.939453125
0.818359375
0.767578125
0.9501953125
1.0126953125
1.150390625
1.12890625
0.8623046875
1.197265625
0.912109375
0.9443359375
1.2744140625
0.642578125
1.1767578125
0.8037109375
0.9921875
0.97265625
1.3720703125
0.923828125
1.107421875
1.0009765625
0.994140625
1.205078125
0.65625
1.1767578125
1.0341796875
0.9384765625
0.8037109375
1.0703125
1.0458984375
0.9072265625
0.91796875
1.0859375
1.34765625
1.201171875
1.1044921875
1.2744140625
0.7294921875
0.8525390625
1.466796875
0.9248046875
1.2666015625
0.974609375
0.8583984375
0.9140625
0.93359375
1.2744140625
1.208984375
1.2490234375
1.0126953125
1.1943359375
0.9990234375
0.8857421875
0.6728515625
0.888671875
1.1044921875
1.1923828125
0.9091796875
0.830078125
1.11328125
1.1533203125
1.1787109375
1.2587890625
0.8857421875
0.791015625
0.787109375
0.8681640625
0.9228515625
1.0
0.98828125
1.185546875
1.015625
1.01171875
1.0625
1.1630859375
1.1865234375
1.0791015625
0.94921875
1.0283203125
0.974609375
0.9140625
1.3369140625
1.126953125
0.8603515625
0.892578125
1.287109375
1.2529296875
0.9189453125
0.783203125
0.9541015625
0.8212890625
0.8544921875
0.826171875
0.861328125
0.876953125
1.146484375
0.6357421875
1.0712890625
0.978515625
1.033203125
0.7919921875
1.2626953125
0.798828125
0.857421875
1.068359375
1.2216796875
1.0712890625
0.822265625
1.0712890625
1.0498046875
0.98828125
0.9794921875
0.833984375
0.9189453125
1.18359375
0.8798828125
1.2666015625
0.9248046875
0.931640625
0.958984375
0.951171875
0.845703125
0.9453125
0.822265625
1.1318359375
1.05078125
0.6396484375
1.3544921875
1.1279296875
0.8291015625
1.2421875
1.087890625
0.6826171875
1.0361328125
0.8525390625
0.955078125
1.2236328125
0.85546875
1.07421875
1.0673828125
1.0146484375
1.1796875
1.08203125
0.736328125
1.2255859375
0.8447265625
1.236328125
1.2373046875
0.900390625
1.2841796875
1.126953125
1.232421875
0.837890625
1.087890625
0.900390625
0.78515625
0.9443359375
1.06640625
1.083984375
1.5029296875
0.92578125
0.76953125
0.916015625
1.125
1.0361328125
0.9423828125
0.8701171875
1.4462890625
1.0556640625
0.88671875
0.8662109375
1.0009765625
0.888671875
0.6767578125
1.27734375
1.056640625
0.810546875
1.0908203125
1.197265625
1.0087890625
0.896484375
0.798828125
1.0390625
0.888671875
0.7138671875
1.099609375
1.0478515625
0.869140625
0.4052734375
1.1884765625
0.8525390625
1.216796875
1.216796875
1.25
0.8857421875
1.05078125
0.7724609375
0.64453125
1.103515625
0.9736328125
1.13671875
1.05859375
1.0576171875
0.9091796875
0.828125
0.7998046875
0.9072265625
1.0166015625
0.8076171875
0.9755859375
0.7529296875
0.984375
0.8447265625
0.990234375
0.8681640625
0.7236328125
1.150390625
1.10546875
1.208984375
0.998046875
1.15625
1.11328125
1.13671875
1.0419921875
1.0673828125
0.89453125
1.1552734375
1.1708984375
0.6962890625
1.0107421875
0.927734375
1.15234375
1.1162109375
0.8876953125
1.240234375
0.9912109375
0.94921875
0.76953125
1.2138671875
1.14453125
0.7705078125
1.099609375
0.9921875
1.0712890625
0.98046875
0.919921875
0.7666015625
0.705078125
1.0478515625
1.107421875
1.4619140625
1.2978515625
0.97265625
0.80078125
0.9130859375
0.98046875
0.9423828125
0.5595703125
1.1005859375
0.7119140625
1.1884765625
0.859375
1.154296875
1.0048828125
0.84375
0.9208984375
1.232421875
1.193359375
0.984375
0.8876953125
0.8583984375
0.6689453125
1.06640625
1.23828125
1.1796875
0.861328125
1.1005859375
0.83984375
0.9638671875
0.908203125
0.8828125
0.9169921875
0.8408203125
0.8798828125
0.9052734375
0.9853515625
0.712890625
1.0693359375
1.07421875
0.8525390625
1.03125
0.869140625
1.0595703125
0.966796875
1.0634765625
0.8955078125
1.302734375
0.83984375
0.912109375
1.0546875
