0.939453125
0.939453125
0.939453125
0.939453125
0.939453125
0.939453125
1.0478515625
0.859375
0.7216796875
0.982421875
0.7548828125
0.751953125
0.7890625
0.705078125
0.873046875
0.82421875
0.7177734375
0.8818359375
0.8056640625
0.958984375
0.7509765625
0.84375
0.736328125
0.91796875
0.8349609375
0.5634765625
0.6669921875
0.8896484375
0.7626953125
0.693359375
0.611328125
0.5390625
0.908203125
0.7294921875
0.681640625
0.859375
0.7724609375
1.1591796875
0.9326171875
0.8447265625
0.8486328125
0.6611328125
0.859375
0.8564453125
0.822265625
0.546875
0.8154296875
1.0029296875
0.98046875
0.8310546875
0.9384765625
0.6689453125
0.734375
1.0078125
1.0927734375
0.666015625
0.6796875
0.8017578125
1.0400390625
0.65625
0.8642578125
0.7265625
1.06640625
0.83984375
0.9052734375
0.6494140625
0.78515625
0.8408203125
0.8017578125
1.0244140625
0.7001953125
0.654296875
1.0029296875
0.939453125
0.9296875
0.7705078125
0.70703125
0.5078125
0.5361328125
0.8056640625
0.7734375
0.7060546875
0.9228515625
0.572265625
0.7314453125
0.86328125
0.974609375
0.619140625
0.75
0.595703125
0.6455078125
0.5810546875
1.1201171875
0.6328125
0.7001953125
0.9072265625
0.619140625
0.8896484375
0.6240234375
0.7568359375
0.82421875
0.806640625
0.505859375
1.048828125
0.591796875
0.9501953125
0.759765625
0.8046875
0.8388671875
0.71484375
0.669921875
0.7080078125
0.8349609375
0.802734375
0.7783203125
0.8642578125
0.564453125
0.8701171875
0.75390625
0.951171875
0.84375
0.767578125
0.7529296875
0.4619140625
0.978515625
0.595703125
0.8544921875
1.0078125
0.791015625
0.708984375
0.55078125
0.5869140625
0.7451171875
0.6201171875
0.681640625
0.8828125
0.7744140625
0.9609375
0.56640625
0.673828125
1.033203125
1.095703125
0.724609375
0.5654296875
0.556640625
0.6044921875
0.578125
1.0947265625
0.8095703125
0.654296875
0.7578125
0.689453125
0.708984375
0.6630859375
0.810546875
0.7724609375
0.5263671875
0.7080078125
0.8447265625
1.0205078125
0.75
0.71875
0.8125
0.8037109375
1.0302734375
0.556640625
0.83984375
0.88671875
0.7451171875
0.5859375
0.7548828125
0.95703125
1.134765625
0.8212890625
0.8818359375
0.701171875
0.853515625
0.5390625
0.6083984375
0.97265625
0.8837890625
0.6923828125
0.6484375
0.646484375
0.8408203125
0.787109375
0.7099609375
0.7314453125
0.9921875
0.8515625
1.1357421875
0.7978515625
0.8525390625
0.611328125
0.9375
0.853515625
0.7978515625
0.7158203125
0.9033203125
0.8076171875
0.52734375
0.9013671875
0.9658203125
0.5849609375
0.7080078125
0.7890625
0.9921875
0.9287109375
0.6953125
0.8642578125
0.509765625
0.7080078125
0.8935546875
0.8525390625
0.90234375
0.658203125
0.7822265625
0.8583984375
1.2568359375
0.865234375
0.7978515625
0.83203125
0.72265625
0.76953125
0.880859375
0.7109375
0.724609375
0.833984375
0.7890625
0.6494140625
0.85546875
0.94140625
0.7705078125
0.9970703125
1.013671875
1.1328125
0.423828125
0.6708984375
0.8271484375
0.80078125
0.4560546875
0.85546875
0.7080078125
0.794921875
0.857421875
0.8720703125
0.6064453125
0.87890625
0.888671875
0.8701171875
0.7373046875
0.705078125
0.73046875
0.6630859375
0.6767578125
0.6650390625
0.9267578125
0.705078125
0.9287109375
0.8974609375
0.900390625
0.9326171875
0.853515625
0.783203125
0.9091796875
0.6513671875
0.6767578125
0.7109375
0.7646484375
0.6298828125
0.880859375
0.8466796875
1.0361328125
0.908203125
0.822265625
0.7626953125
1.009765625
1.02734375
0.8994140625
0.7548828125
0.9228515625
0.7021484375
0.7900390625
0.83984375
0.5703125
0.978515625
0.6630859375
1.060546875
1.033203125
0.615234375
0.607421875
0.9306640625
0.7646484375
0.6669921875
0.8486328125
0.896484375
1.15234375
0.8017578125
0.6162109375
1.0244140625
0.6767578125
0.6640625
0.9345703125
0.9228515625
0.8876953125
0.837890625
0.6708984375
0.619140625
0.6220703125
0.7783203125
0.8349609375
0.64453125
0.9775390625
0.939453125
0.5927734375
0.8818359375
0.9453125
0.9560546875
0.6826171875
0.974609375
0.84765625
0.84765625
0.8125
0.8349609375
0.8330078125
0.9521484375
0.712890625
0.6552734375
0.7216796875
0.6962890625
0.4482421875
0.853515625
0.9677734375
0.6572265625
0.6728515625
0.9169921875
0.8798828125
1.0751953125
0.8642578125
0.88671875
0.8779296875
0.8447265625
0.9521484375
0.744140625
0.9931640625
0.59375
0.90625
0.8681640625
0.6611328125
0.7080078125
0.63671875
0.66796875
0.7216796875
0.7685546875
0.7451171875
1.1005859375
0.7568359375
0.490234375
0.9423828125
0.587890625
0.939453125
0.685546875
0.8291015625
0.7724609375
0.6513671875
0.765625
0.794921875
0.8251953125
0.7607421875
0.6572265625
0.716796875
0.7001953125
0.927734375
0.84375
0.8466796875
0.875
0.857421875
0.9443359375
0.8935546875
0.6376953125
0.9609375
0.7021484375
0.9169921875
0.8193359375
0.81640625
0.904296875
0.76953125
0.7861328125
0.7646484375
0.5107421875
0.8203125
0.5302734375
0.8525390625
0.74609375
1.0302734375
0.7861328125
0.71484375
0.6259765625
1.140625
0.4755859375
0.8466796875
0.666015625
0.486328125
0.896484375
0.8134765625
0.7060546875
0.9951171875
0.7900390625
1.0576171875
0.80078125
0.9912109375
0.716796875
0.7998046875
1.078125
0.9072265625
1.1767578125
0.5615234375
0.5537109375
0.78125
1.033203125
1.10546875
1.0810546875
0.779296875
0.974609375
0.876953125
0.693359375
0.80859375
0.548828125
0.953125
0.7626953125
0.7734375
0.8427734375
1.11328125
0.759765625
0.8212890625
0.8251953125
0.6025390625
0.6875
0.7490234375
0.8818359375
0.658203125
0.853515625
0.54296875
0.744140625
0.875
0.8916015625
1.08203125
0.810546875
0.8681640625
1.0234375
0.7294921875
0.69140625
0.791015625
0.6123046875
1.181640625
1.1416015625
0.587890625
0.7099609375
0.6767578125
0.716796875
0.7763671875
0.7421875
0.708984375
0.96875
0.67578125
0.91796875
1.126953125
0.7431640625
0.6533203125
0.8349609375
0.9267578125
0.828125
0.7392578125
0.7041015625
0.810546875
0.9072265625
0.728515625
0.685546875
0.6484375
0.80859375
0.38671875
0.7509765625
0.6767578125
0.47265625
0.88671875
0.95703125
0.7666015625
0.755859375
0.607421875
0.9580078125
0.7412109375
0.8173828125
1.0263671875
0.6162109375
0.748046875
0.5009765625
0.6806640625
0.9111328125
0.9384765625
0.8505859375
0.7734375
0.7900390625
1.119140625
0.771484375
0.8701171875
0.8701171875
0.8056640625
0.8134765625
0.783203125
0.7333984375
0.5751953125
0.5166015625
0.8359375
0.9072265625
0.7802734375
0.578125
0.69140625
0.8271484375
0.7861328125
0.763671875
0.8427734375
0.662109375
0.7744140625
0.958984375
0.56640625
0.5546875
0.6064453125
0.654296875
0.9873046875
0.7509765625
0.7568359375
0.728515625
0.8828125
0.7333984375
0.7109375
0.8740234375
0.91015625
0.6806640625
0.5205078125
1.048828125
0.71875
0.6123046875
0.857421875
1.0205078125
0.59765625
1.1396484375
0.41015625
0.5966796875
0.6884765625
0.9169921875
0.8544921875
0.7802734375
0.9404296875
0.8017578125
0.62109375
0.7177734375
0.7841796875
0.7314453125
0.8134765625
0.94140625
0.734375
0.8291015625
0.69921875
0.75390625
0.681640625
0.8115234375
0.9658203125
1.0244140625
0.81640625
0.5498046875
0.5595703125
0.9091796875
0.8125
0.501953125
0.5947265625
0.5927734375
0.79296875
0.7646484375
0.8193359375
0.8583984375
0.65234375
0.7373046875
0.720703125
0.908203125
0.74609375
0.642578125
1.0205078125
0.8935546875
0.7265625
0.615234375
0.904296875
0.7392578125
0.6845703125
0.892578125
0.6337890625
0.837890625
0.7861328125
0.79296875
0.8603515625
1.0537109375
0.5869140625
0.9755859375
0.955078125
1.0888671875
0.79296875
0.8447265625
0.6279296875
0.5380859375
0.6474609375
0.9130859375
0.7255859375
0.7138671875
0.7802734375
0.84375
0.767578125
0.6591796875
0.8310546875
0.861328125
0.728515625
0.9287109375
0.796875
0.7578125
0.958984375
0.740234375
0.7900390625
0.7783203125
0.822265625
0.8671875
0.560546875
0.6240234375
0.9296875
0.67578125
0.642578125
0.63671875
0.486328125
0.78125
0.7841796875
0.9306640625
0.751953125
0.78125
0.7861328125
0.6767578125
1.0166015625
0.6923828125
0.8544921875
0.71484375
0.8896484375
1.017578125
0.9404296875
0.681640625
0.634765625
0.693359375
0.783203125
0.9287109375
0.6953125
1.0537109375
0.9912109375
0.48046875
0.8486328125
0.87890625
0.7255859375
0.9326171875
0.4833984375
0.837890625
0.625
0.875
0.7099609375
0.794921875
1.0
0.76171875
0.8583984375
0.873046875
1.0087890625
0.6083984375
0.8203125
0.6123046875
0.970703125
0.6328125
0.5380859375
1.0888671875
0.9013671875
0.8955078125
0.8681640625
0.84375
0.794921875
0.8935546875
0.6904296875
0.8759765625
0.919921875
0.841796875
0.837890625
0.8876953125
0.7626953125
0.873046875
0.953125
0.8486328125
0.7607421875
0.7861328125
0.9189453125
0.615234375
1.0380859375
0.955078125
1.0419921875
0.6201171875
0.80859375
0.7373046875
0.84765625
0.8994140625
0.8544921875
0.7861328125
0.6845703125
1.068359375
0.73046875
0.8369140625
0.7841796875
0.970703125
0.525390625
1.0615234375
0.9013671875
0.9013671875
0.890625
0.759765625
0.875
0.5859375
0.876953125
0.505859375
0.7626953125
0.8916015625
0.6767578125
0.6552734375
0.7109375
0.69921875
0.583984375
1.009765625
1.0712890625
0.7666015625
0.57421875
0.642578125
0.8505859375
0.5546875
1.07421875
0.7685546875
0.982421875
0.78515625
0.66796875
0.8955078125
0.6298828125
0.775390625
0.8994140625
0.66015625
0.8818359375
0.72265625
0.6884765625
1.2275390625
0.6533203125
1.052734375
0.7958984375
0.6923828125
0.91796875
0.916015625
0.9765625
0.9228515625
0.4794921875
0.6943359375
0.5859375
0.6142578125
0.9208984375
0.6259765625
0.6591796875
0.6826171875
0.8720703125
0.6953125
1.08203125
0.994140625
0.81640625
0.7529296875
0.857421875
0.771484375
1.0673828125
0.5791015625
0.9150390625
0.9462890625
0.7763671875
0.8408203125
0.87890625
0.966796875
0.6064453125
0.6650390625
0.9072265625
0.6083984375
0.787109375
0.7578125
0.96875
0.884765625
0.833984375
0.7646484375
0.8486328125
0.7890625
0.7939453125
0.7158203125
0.548828125
0.5283203125
0.7626953125
0.818359375
0.7314453125
0.955078125
0.796875
0.615234375
0.7421875
0.7607421875
0.7802734375
0.7099609375
0.697265625
0.546875
0.58203125
0.861328125
0.701171875
0.806640625
0.8798828125
0.9375
0.7275390625
0.642578125
0.5576171875
0.908203125
0.591796875
0.736328125
0.8369140625
0.8466796875
0.8759765625
0.962890625
0.560546875
1.0859375
0.5126953125
0.67578125
1.013671875
0.900390625
0.693359375
0.6943359375
0.669921875
0.87890625
0.83203125
0.5869140625
0.931640625
0.96875
0.8857421875
0.91015625
0.77734375
0.58203125
0.560546875
0.6494140625
0.7626953125
0.80859375
0.7490234375
0.9228515625
0.751953125
1.0419921875
0.841796875
0.697265625
0.6552734375
