1.005859375
1.005859375
0.97265625
0.7646484375
0.970703125
0.7734375
0.8115234375
0.787109375
0.6376953125
0.9443359375
0.845703125
0.9658203125
0.537109375
0.962890625
0.7470703125
0.767578125
0.70703125
0.9130859375
0.751953125
0.6640625
0.814453125
0.87890625
1.0107421875
0.89453125
0.7958984375
0.8115234375
0.9375
0.57421875
0.83984375
0.8212890625
1.0146484375
0.7470703125
1.0302734375
1.037109375
0.9443359375
0.7470703125
0.8642578125
0.61328125
0.7578125
0.904296875
0.880859375
0.966796875
0.70703125
0.8046875
0.8056640625
0.9462890625
0.6259765625
1.052734375
0.5625
0.6962890625
0.9375
0.806640625
0.8779296875
0.9677734375
0.75
1.0947265625
0.9658203125
0.6171875
0.7001953125
1.0439453125
0.953125
0.962890625
0.7802734375
0.673828125
0.7421875
0.7255859375
0.6142578125
0.912109375
0.87109375
0.8974609375
0.6015625
0.7587890625
0.779296875
0.90234375
1.0087890625
0.8193359375
0.4990234375
0.7548828125
0.830078125
0.7109375
0.9736328125
0.73046875
0.6591796875
1.009765625
0.58984375
0.966796875
1.0302734375
1.0458984375
0.705078125
0.8935546875
1.0263671875
0.6103515625
0.7978515625
0.6669921875
0.6142578125
0.884765625
0.740234375
0.8759765625
0.853515625
0.884765625
0.9716796875
0.7509765625
0.875
0.69921875
0.9765625
0.7294921875
0.798828125
0.7587890625
0.8154296875
0.626953125
1.0634765625
0.9248046875
0.837890625
0.7548828125
1.0078125
1.0146484375
0.8310546875
0.876953125
0.927734375
0.728515625
0.8203125
0.7978515625
1.1435546875
0.9169921875
0.8125
0.8349609375
0.9033203125
1.0478515625
0.880859375
0.857421875
0.6611328125
0.966796875
0.900390625
0.9931640625
0.408203125
0.8935546875
0.9658203125
0.806640625
0.904296875
0.7080078125
0.779296875
1.033203125
0.841796875
0.990234375
0.751953125
0.658203125
1.0205078125
0.7900390625
0.6572265625
0.9052734375
1.1630859375
0.8974609375
0.6142578125
0.845703125
0.84375
0.658203125
0.8291015625
1.0078125
0.9189453125
1.001953125
0.8505859375
0.955078125
0.6611328125
0.74609375
0.69921875
0.7841796875
0.669921875
1.1748046875
0.55859375
0.8994140625
0.7373046875
0.666015625
0.783203125
1.0205078125
0.9619140625
0.740234375
0.720703125
0.62890625
0.9306640625
0.779296875
0.919921875
0.6611328125
0.5
0.6416015625
0.8701171875
0.9814453125
1.00390625
0.66015625
1.0908203125
0.7763671875
0.640625
0.86328125
1.0126953125
0.7861328125
0.9326171875
0.794921875
0.8701171875
0.962890625
1.029296875
0.8310546875
0.724609375
0.9453125
0.9716796875
0.7841796875
1.0341796875
0.7080078125
0.671875
0.8173828125
0.9091796875
0.953125
0.8505859375
0.87109375
0.7744140625
0.9521484375
0.7939453125
0.9833984375
0.642578125
0.8818359375
0.7861328125
1.1728515625
0.8447265625
0.9794921875
0.4951171875
0.8046875
1.2421875
0.9296875
0.9345703125
0.9814453125
0.8818359375
1.00390625
0.8916015625
0.634765625
1.0771484375
0.712890625
0.6796875
0.806640625
0.7236328125
0.8896484375
0.9306640625
1.189453125
0.71875
0.927734375
0.8046875
0.7373046875
1.0595703125
0.9921875
0.939453125
0.8642578125
0.720703125
0.70703125
0.861328125
0.7744140625
0.8193359375
0.7880859375
0.8212890625
1.2529296875
0.6318359375
0.755859375
0.8916015625
1.10546875
0.9130859375
0.8046875
0.79296875
0.5849609375
0.6396484375
1.0029296875
0.9248046875
0.982421875
0.88671875
0.8837890625
1.25390625
0.4892578125
0.83984375
0.873046875
0.5927734375
0.8466796875
0.810546875
0.9521484375
0.75390625
0.8212890625
1.01953125
0.970703125
0.6962890625
0.6611328125
0.68359375
0.9287109375
0.974609375
0.9765625
0.9736328125
0.82421875
0.98828125
0.7216796875
0.994140625
0.9345703125
0.990234375
0.576171875
0.4970703125
0.8466796875
0.810546875
0.96484375
0.6669921875
0.8818359375
0.7265625
0.7060546875
0.9794921875
0.701171875
0.7177734375
0.52734375
0.9189453125
0.7822265625
0.7880859375
0.50390625
0.89453125
1.0380859375
0.7626953125
0.998046875
1.00390625
0.84375
0.888671875
0.9833984375
1.0400390625
0.7041015625
0.890625
0.8212890625
0.8505859375
0.6474609375
0.822265625
0.7705078125
0.8310546875
0.7431640625
0.9501953125
0.720703125
0.6796875
0.9794921875
0.9013671875
0.900390625
0.6689453125
0.8583984375
1.03125
0.8544921875
0.5859375
0.8427734375
0.9853515625
0.8798828125
0.91015625
0.755859375
0.7880859375
0.5634765625
0.849609375
0.9033203125
0.7958984375
1.0693359375
0.9931640625
0.822265625
0.7451171875
0.79296875
0.7880859375
0.8359375
0.890625
0.7685546875
0.5146484375
0.728515625
0.603515625
0.8095703125
0.9375
0.853515625
0.7119140625
0.83984375
0.64453125
0.861328125
0.95703125
0.8642578125
0.8046875
0.982421875
1.03515625
0.5419921875
1.1123046875
0.9150390625
0.9501953125
0.931640625
0.8837890625
0.529296875
0.91015625
0.939453125
0.9638671875
0.6455078125
1.228515625
0.51953125
0.876953125
0.8896484375
0.8935546875
0.73046875
1.1162109375
0.94140625
0.7373046875
0.6689453125
1.1025390625
0.7744140625
1.0341796875
0.677734375
0.5947265625
1.0244140625
0.875
1.138671875
0.6826171875
0.822265625
0.8779296875
0.6943359375
0.705078125
0.9169921875
1.1513671875
1.275390625
0.5234375
0.658203125
1.064453125
0.7822265625
0.6494140625
0.8671875
0.9638671875
0.5146484375
0.8291015625
0.923828125
1.0458984375
0.8935546875
1.0146484375
0.8994140625
0.98828125
0.888671875
1.0791015625
0.8486328125
0.5849609375
0.8701171875
1.0615234375
0.8544921875
0.521484375
0.67578125
0.796875
1.115234375
0.6357421875
0.978515625
0.7568359375
0.7861328125
0.923828125
0.787109375
0.765625
0.8544921875
1.0048828125
0.8408203125
0.62890625
1.2060546875
1.109375
0.8759765625
0.8447265625
0.5693359375
1.0478515625
0.712890625
0.912109375
0.7998046875
1.0439453125
1.1748046875
0.814453125
0.6357421875
0.7490234375
0.884765625
0.5419921875
0.8349609375
0.828125
0.6318359375
0.7548828125
0.9736328125
0.7236328125
0.9580078125
0.96484375
0.9970703125
0.736328125
0.7841796875
0.9345703125
0.8056640625
0.7861328125
0.626953125
0.75390625
1.134765625
0.669921875
0.9599609375
0.7490234375
0.6943359375
0.779296875
0.7119140625
0.77734375
0.8818359375
0.8193359375
0.8359375
0.623046875
0.9189453125
0.7607421875
0.818359375
0.8056640625
0.9091796875
0.7138671875
0.8046875
0.876953125
0.7822265625
0.6513671875
0.9970703125
0.85546875
0.6298828125
0.6064453125
0.8408203125
1.0126953125
0.9736328125
0.927734375
0.6923828125
1.087890625
0.8388671875
0.8203125
0.8203125
1.0029296875
0.9345703125
0.818359375
0.763671875
0.71875
0.8583984375
0.7783203125
0.9365234375
0.5498046875
0.8984375
0.7802734375
0.9306640625
0.9072265625
0.7900390625
0.8095703125
0.9052734375
1.0185546875
0.6494140625
0.5615234375
1.0634765625
0.8662109375
0.66015625
0.4873046875
0.7998046875
0.56640625
0.8818359375
1.1171875
0.91796875
1.1435546875
0.998046875
0.6953125
0.8505859375
0.58203125
0.76953125
1.05859375
0.8486328125
0.923828125
0.7412109375
0.8544921875
0.966796875
0.8125
0.810546875
0.9140625
1.021484375
0.5908203125
0.9091796875
0.908203125
0.8251953125
0.765625
0.82421875
0.873046875
0.7939453125
0.51953125
0.8095703125
0.73828125
0.7626953125
0.921875
0.861328125
0.6845703125
1.12109375
0.7685546875
0.8916015625
0.9970703125
0.7373046875
0.7197265625
0.76171875
0.880859375
0.853515625
0.64453125
0.9716796875
0.5966796875
0.6435546875
0.95703125
0.7314453125
1.0498046875
0.771484375
0.8818359375
0.998046875
0.763671875
0.7587890625
1.05859375
0.662109375
0.9599609375
0.7978515625
0.705078125
0.794921875
0.970703125
0.6298828125
0.919921875
0.837890625
0.9736328125
0.8955078125
0.951171875
1.162109375
0.9853515625
0.94140625
0.9560546875
0.78125
0.77734375
0.818359375
0.541015625
0.85546875
0.8232421875
0.6943359375
0.884765625
1.2275390625
0.5908203125
0.9189453125
0.6982421875
0.765625
0.9609375
0.83203125
0.5419921875
0.986328125
0.748046875
0.9267578125
0.97265625
0.6123046875
0.6982421875
0.9853515625
0.90234375
0.9423828125
0.64453125
0.984375
0.791015625
0.83203125
0.8408203125
0.9453125
0.9404296875
0.76171875
0.74609375
0.875
0.783203125
0.603515625
1.177734375
0.615234375
1.0419921875
0.513671875
0.888671875
0.7373046875
0.6611328125
0.74609375
0.5859375
0.8720703125
0.9716796875
0.642578125
0.8876953125
0.78125
0.6015625
0.90625
0.8251953125
1.2978515625
0.8203125
0.6591796875
0.951171875
0.5400390625
0.5966796875
0.75
0.638671875
0.8544921875
1.05078125
0.8818359375
0.9892578125
0.6611328125
0.93359375
0.748046875
1.1044921875
0.9814453125
0.94140625
0.8955078125
0.8291015625
0.685546875
0.806640625
0.8212890625
0.9462890625
0.7490234375
0.74609375
0.9111328125
1.017578125
0.9619140625
0.82421875
1.080078125
0.8349609375
0.5166015625
1.0791015625
0.9609375
1.0458984375
0.80859375
1.173828125
0.83203125
0.7412109375
0.875
0.7177734375
0.6484375
1.076171875
0.671875
0.8046875
1.146484375
1.091796875
0.68359375
0.8349609375
0.673828125
1.173828125
0.81640625
0.7919921875
0.8759765625
1.0986328125
0.9404296875
0.8193359375
0.7490234375
0.908203125
0.7890625
0.6728515625
0.8466796875
0.6162109375
0.884765625
0.5986328125
0.6494140625
0.9228515625
0.9736328125
0.9033203125
1.00390625
0.6123046875
0.75
1.1328125
0.8466796875
0.9521484375
0.9453125
1.0791015625
1.0595703125
0.947265625
0.8017578125
1.0732421875
0.955078125
0.9892578125
