1.0078125
1.0078125
1.1748046875
1.0673828125
0.9873046875
0.8662109375
1.1015625
0.853515625
0.6513671875
0.8173828125
0.6708984375
0.7158203125
0.7744140625
0.982421875
0.75
0.90234375
0.9521484375
1.0341796875
0.6875
0.65625
0.8603515625
0.951171875
0.7646484375
1.0205078125
0.990234375
1.048828125
0.9150390625
0.841796875
1.0908203125
0.994140625
0.642578125
0.7890625
0.919921875
0.5751953125
0.64453125
0.8642578125
0.7587890625
1.1328125
0.8544921875
0.728515625
1.0234375
0.474609375
0.861328125
0.7626953125
0.9208984375
0.90625
0.765625
1.0087890625
0.8623046875
0.8798828125
0.916015625
0.8076171875
1.0517578125
0.6865234375
0.796875
0.8017578125
0.80859375
1.083984375
0.8037109375
0.94921875
1.09375
0.5986328125
0.701171875
0.923828125
0.876953125
0.623046875
0.533203125
0.751953125
0.9619140625
0.837890625
0.6767578125
0.759765625
1.0517578125
0.916015625
0.9599609375
1.052734375
0.6572265625
0.7548828125
0.767578125
0.9658203125
0.6376953125
0.818359375
0.5751953125
0.9052734375
0.7900390625
0.8916015625
0.80859375
0.583984375
0.70703125
0.75390625
0.8818359375
0.7001953125
0.642578125
1.1357421875
0.8037109375
0.6416015625
0.9931640625
0.8828125
0.8115234375
0.5634765625
0.7529296875
1.0302734375
1.0771484375
1.0361328125
1.0537109375
1.123046875
0.619140625
0.7568359375
1.017578125
0.8544921875
0.8369140625
0.8857421875
0.9814453125
0.8291015625
1.0205078125
0.791015625
0.8310546875
0.8525390625
0.91015625
0.7255859375
0.890625
0.69921875
0.6220703125
0.9765625
1.0556640625
0.9619140625
0.8173828125
0.681640625
0.9765625
0.9365234375
1.0390625
0.9296875
0.859375
0.595703125
0.8251953125
0.7001953125
0.9072265625
0.75390625
0.8310546875
0.923828125
0.9951171875
0.7197265625
0.7626953125
0.857421875
0.439453125
0.6875
0.8662109375
0.734375
0.6640625
0.9140625
0.859375
0.828125
0.98046875
0.998046875
0.642578125
0.9658203125
0.8486328125
0.7939453125
0.95703125
0.6875
0.65625
0.7060546875
0.8408203125
0.9599609375
0.6591796875
0.5859375
0.8828125
0.7265625
0.6796875
0.716796875
0.8330078125
0.8056640625
0.783203125
0.9453125
0.9384765625
0.9091796875
0.6201171875
0.892578125
0.6328125
0.9248046875
0.65625
0.8974609375
1.0927734375
0.642578125
0.9619140625
1.03515625
0.9970703125
0.74609375
0.95703125
0.826171875
0.6455078125
0.654296875
0.9228515625
0.72265625
0.7978515625
1.0224609375
0.7333984375
0.751953125
0.5146484375
0.6904296875
0.90234375
0.6416015625
0.99609375
1.1279296875
0.7783203125
0.5556640625
0.87109375
1.01171875
0.802734375
0.958984375
0.6611328125
0.912109375
0.95703125
0.728515625
0.7783203125
0.91796875
0.94140625
0.8134765625
0.814453125
0.7919921875
1.1162109375
0.966796875
0.9296875
0.8818359375
0.5693359375
0.70703125
0.9912109375
0.8037109375
0.896484375
0.9052734375
0.8671875
0.7158203125
0.67578125
0.85546875
0.734375
0.78515625
0.9755859375
0.6513671875
1.22265625
0.6376953125
0.5185546875
0.6181640625
0.8037109375
1.23828125
0.884765625
0.978515625
0.79296875
0.8564453125
0.798828125
0.9931640625
0.7568359375
0.71484375
0.916015625
0.67578125
0.9892578125
1.001953125
1.0234375
0.8134765625
0.935546875
0.763671875
0.884765625
0.654296875
0.91796875
0.7236328125
1.251953125
1.1376953125
0.814453125
0.673828125
0.802734375
0.6328125
0.8798828125
0.8505859375
0.935546875
0.9658203125
0.734375
0.6806640625
0.63671875
0.69140625
0.73046875
0.951171875
0.7138671875
0.7236328125
0.689453125
0.8056640625
0.7939453125
0.9423828125
0.791015625
1.119140625
0.62890625
1.025390625
0.8818359375
1.1103515625
0.7685546875
0.533203125
0.853515625
0.9931640625
0.8720703125
0.7978515625
0.8076171875
0.7626953125
0.7119140625
0.8095703125
0.6728515625
0.740234375
0.890625
0.734375
1.1123046875
0.8427734375
0.904296875
1.0830078125
1.2265625
1.119140625
0.86328125
0.99609375
0.81640625
0.638671875
0.8076171875
0.8525390625
0.9111328125
0.810546875
0.841796875
0.892578125
0.751953125
0.90625
0.9365234375
0.85546875
0.8115234375
1.064453125
1.02734375
0.79296875
0.9775390625
0.91796875
0.796875
0.783203125
0.8291015625
0.7978515625
1.0009765625
0.8369140625
0.94140625
0.7353515625
0.8056640625
0.8671875
0.91796875
0.7197265625
0.90234375
0.73046875
0.796875
0.7685546875
0.91015625
0.9072265625
0.759765625
0.8369140625
0.6826171875
0.5361328125
0.923828125
0.8994140625
0.7802734375
0.7998046875
0.7666015625
0.9951171875
0.6650390625
0.86328125
0.974609375
0.705078125
0.9736328125
1.0634765625
0.6708984375
0.6640625
0.7763671875
0.7744140625
1.0087890625
0.935546875
0.8720703125
0.6513671875
0.75390625
0.6787109375
0.9814453125
0.6162109375
0.943359375
0.6875
1.0087890625
0.984375
0.73046875
0.892578125
0.7353515625
0.560546875
0.9111328125
0.7255859375
0.685546875
0.7158203125
0.8681640625
0.89453125
0.849609375
0.81640625
0.607421875
0.6513671875
0.5986328125
0.845703125
0.716796875
0.638671875
0.869140625
0.8779296875
0.7275390625
0.98828125
0.9140625
0.99609375
1.03515625
0.947265625
1.0576171875
0.9765625
0.734375
0.73046875
0.6923828125
0.736328125
0.7421875
1.0087890625
0.9794921875
0.8974609375
1.0625
0.998046875
0.755859375
0.7392578125
0.9130859375
0.7392578125
0.8876953125
0.6162109375
0.9892578125
0.826171875
0.8271484375
0.77734375
0.65234375
0.75390625
0.765625
1.142578125
0.8564453125
0.91015625
0.8857421875
0.8828125
0.6845703125
0.9287109375
0.658203125
0.8271484375
0.9130859375
0.884765625
1.0224609375
0.845703125
0.599609375
1.080078125
1.3212890625
1.01171875
0.8720703125
0.7802734375
0.6591796875
0.87890625
0.4658203125
0.533203125
0.9052734375
0.873046875
0.5048828125
0.9287109375
0.83203125
0.787109375
0.8369140625
0.689453125
0.765625
0.91796875
1.048828125
0.7919921875
1.3740234375
0.8916015625
0.6953125
0.931640625
0.498046875
0.7861328125
0.8681640625
0.966796875
0.7783203125
0.5771484375
0.986328125
1.0439453125
0.853515625
0.7734375
0.8046875
0.8828125
1.0634765625
0.8642578125
0.5908203125
0.84765625
0.8388671875
0.908203125
0.779296875
0.93359375
0.9521484375
1.07421875
0.6240234375
0.8271484375
0.7060546875
1.015625
0.8447265625
0.8505859375
1.0166015625
0.8017578125
0.6396484375
1.1884765625
1.1162109375
0.8779296875
0.591796875
0.7158203125
0.7421875
0.8759765625
0.9541015625
0.7685546875
0.9423828125
0.6943359375
0.658203125
0.6650390625
0.65625
0.7763671875
0.7705078125
1.1123046875
0.9326171875
0.794921875
0.73828125
0.6259765625
1.07421875
0.9921875
0.845703125
0.6171875
0.970703125
0.9892578125
0.9404296875
0.9296875
0.810546875
0.791015625
0.640625
0.7177734375
0.59765625
1.0322265625
0.728515625
0.904296875
0.7529296875
1.091796875
0.908203125
0.822265625
0.8173828125
0.9130859375
0.7177734375
0.625
1.0185546875
0.859375
0.720703125
0.6279296875
0.9033203125
0.974609375
1.119140625
0.6767578125
0.806640625
0.9833984375
0.6884765625
1.125
0.732421875
0.888671875
0.765625
0.935546875
0.76171875
1.23828125
0.755859375
0.853515625
0.8828125
0.83203125
0.7509765625
0.7724609375
0.953125
0.9091796875
0.9765625
0.9833984375
0.927734375
1.001953125
0.6630859375
0.796875
0.791015625
0.9873046875
0.7802734375
0.896484375
0.5771484375
0.8994140625
0.744140625
0.8828125
0.5634765625
0.958984375
0.943359375
0.794921875
0.8515625
0.986328125
1.1904296875
0.8681640625
0.7607421875
0.98828125
0.9765625
0.8779296875
1.15625
0.712890625
0.7275390625
0.9736328125
0.70703125
0.7822265625
0.9248046875
0.8515625
1.09375
0.763671875
0.869140625
1.009765625
1.009765625
0.8994140625
0.978515625
0.875
0.8271484375
1.001953125
0.728515625
1.1201171875
0.80859375
0.998046875
0.98046875
0.9443359375
0.970703125
0.7412109375
0.8671875
0.619140625
0.6748046875
0.833984375
0.9453125
0.69921875
0.970703125
0.8759765625
0.9326171875
0.962890625
0.7568359375
0.7158203125
0.8359375
0.962890625
0.8486328125
0.7744140625
0.595703125
1.0263671875
0.833984375
0.96875
0.900390625
0.796875
0.685546875
0.7333984375
0.9345703125
0.623046875
0.859375
0.7412109375
0.9384765625
0.724609375
0.7626953125
0.865234375
0.8828125
0.671875
1.1279296875
0.9755859375
0.8857421875
0.755859375
0.6669921875
1.0419921875
0.9248046875
0.8359375
0.740234375
1.05078125
0.7099609375
0.904296875
1.0126953125
1.1796875
1.013671875
0.7421875
0.93359375
0.7236328125
0.78125
0.826171875
0.5771484375
1.015625
0.8427734375
1.0361328125
0.8740234375
0.6640625
0.634765625
0.583984375
0.9580078125
0.9990234375
0.86328125
0.7919921875
0.728515625
0.716796875
0.9501953125
0.9794921875
1.291015625
0.802734375
0.8642578125
1.224609375
0.646484375
1.07421875
0.6806640625
0.970703125
0.763671875
0.7177734375
1.0263671875
0.669921875
1.0283203125
0.9169921875
0.8388671875
0.9228515625
0.708984375
0.7861328125
1.16796875
0.853515625
0.76953125
1.109375
0.9970703125
0.9921875
0.890625
0.93359375
0.794921875
0.966796875
0.8486328125
1.0791015625
1.0
0.890625
0.982421875
0.9658203125
0.87109375
0.8095703125
0.6875
0.84375
0.98828125
0.751953125
0.603515625
0.5927734375
0.83203125
0.9443359375
1.0810546875
0.755859375
0.677734375
0.80859375
0.830078125
0.7421875
0.826171875
0.8662109375
0.845703125
1.2451171875
0.8427734375
0.873046875
1.1953125
0.8525390625
0.6875
0.59375
1.0859375
0.70703125
0.8203125
0.8544921875
0.9736328125
0.9404296875
0.7431640625
0.6953125
0.7890625
0.7421875
0.6806640625
0.8330078125
0.9716796875
0.984375
0.5673828125
0.8935546875
0.8095703125
0.8994140625
0.6728515625
0.8466796875
0.896484375
0.810546875
0.6279296875
0.6103515625
1.10546875
0.9462890625
0.619140625
0.734375
0.685546875
0.87890625
1.01953125
0.98828125
0.6953125
0.7509765625
0.9580078125
0.662109375
0.8359375
1.2119140625
