1.0869140625
1.0869140625
1.0869140625
0.98828125
1.2060546875
0.765625
0.8671875
1.2998046875
0.7841796875
0.923828125
1.0361328125
1.009765625
0.916015625
1.060546875
0.845703125
0.845703125
0.55078125
0.9560546875
1.0751953125
1.1962890625
1.0439453125
1.2001953125
0.9140625
0.8408203125
0.7412109375
1.470703125
0.673828125
1.009765625
0.69921875
0.9677734375
0.783203125
1.1591796875
1.078125
1.029296875
0.955078125
0.826171875
0.986328125
0.978515625
1.1259765625
1.0654296875
1.201171875
1.0390625
0.7978515625
1.314453125
0.8017578125
1.13671875
0.9736328125
1.0546875
0.916015625
1.0126953125
1.005859375
0.828125
1.048828125
1.083984375
0.8193359375
1.216796875
0.8359375
1.076171875
0.869140625
1.216796875
1.19140625
1.1513671875
0.955078125
1.1123046875
0.7666015625
0.8935546875
1.048828125
1.0126953125
0.8076171875
0.9150390625
0.8994140625
0.9794921875
0.677734375
0.9111328125
0.8955078125
0.916015625
0.921875
0.8212890625
1.080078125
0.900390625
1.10546875
0.998046875
1.1123046875
0.8203125
0.9091796875
0.92578125
0.7177734375
0.875
0.98046875
1.193359375
1.08203125
0.587890625
1.04296875
1.0009765625
0.8583984375
1.1923828125
1.041015625
0.74609375
0.92578125
0.9404296875
1.2294921875
1.1259765625
1.060546875
1.251953125
0.8251953125
1.013671875
0.9716796875
0.9794921875
1.1123046875
0.8525390625
1.1923828125
0.96875
0.9892578125
0.951171875
0.9365234375
1.12109375
0.6650390625
1.017578125
0.8505859375
0.9208984375
1.1494140625
1.1767578125
0.990234375
1.08203125
1.0341796875
1.2529296875
0.9755859375
0.845703125
0.505859375
0.91796875
1.111328125
1.1630859375
0.8896484375
1.046875
1.1142578125
0.7900390625
1.0400390625
0.9619140625
0.7490234375
0.966796875
0.8505859375
0.869140625
0.791015625
0.96484375
0.9658203125
0.966796875
1.123046875
0.8125
0.5234375
0.8671875
1.046875
0.83203125
0.86328125
1.001953125
1.2021484375
1.2802734375
1.1572265625
1.095703125
0.9892578125
0.896484375
0.9091796875
0.8291015625
1.1630859375
1.1513671875
0.8974609375
0.7265625
0.9619140625
1.041015625
0.9248046875
1.173828125
0.8017578125
0.8505859375
0.7421875
0.646484375
1.2490234375
0.8642578125
1.1328125
0.919921875
1.0185546875
0.6318359375
0.830078125
1.041015625
0.9111328125
1.212890625
0.9111328125
0.896484375
1.0205078125
1.033203125
1.01953125
0.857421875
0.880859375
1.119140625
0.9228515625
1.0078125
0.9775390625
1.205078125
1.0693359375
1.208984375
1.00390625
1.0068359375
1.125
1.0126953125
1.0185546875
1.0654296875
0.927734375
0.7626953125
1.1015625
1.029296875
1.12890625
0.8515625
0.583984375
1.234375
1.078125
0.900390625
1.0791015625
1.142578125
1.1669921875
0.84765625
0.904296875
0.947265625
0.765625
0.935546875
0.95703125
1.23828125
0.6484375
1.2548828125
0.9384765625
1.044921875
0.912109375
0.9013671875
0.923828125
1.1064453125
1.1005859375
0.9345703125
0.8544921875
1.09765625
0.912109375
1.046875
0.650390625
1.142578125
1.1142578125
1.0595703125
0.91015625
1.19140625
1.0078125
0.953125
0.8193359375
0.8505859375
0.833984375
1.0419921875
1.1875
1.072265625
0.8388671875
0.7578125
0.7255859375
1.0927734375
1.3076171875
0.9775390625
0.921875
0.7490234375
0.8720703125
1.0126953125
1.03515625
1.2158203125
0.8671875
0.70703125
0.896484375
0.826171875
0.970703125
1.2099609375
0.908203125
0.525390625
1.216796875
1.0986328125
1.3271484375
0.783203125
1.2041015625
1.0185546875
1.12109375
0.8876953125
0.82421875
1.1044921875
0.8310546875
0.859375
1.125
1.087890625
1.009765625
0.9453125
0.6884765625
1.2734375
1.0537109375
1.21484375
1.1318359375
0.8662109375
1.0361328125
0.796875
0.7236328125
1.0283203125
0.783203125
1.107421875
1.0
1.0390625
0.6123046875
0.8857421875
1.1708984375
1.3095703125
0.8681640625
1.0146484375
0.740234375
0.8125
0.78125
1.1474609375
1.0302734375
0.873046875
0.9736328125
1.0810546875
0.8623046875
0.7275390625
0.9609375
1.1171875
1.2548828125
1.0380859375
0.85546875
0.9814453125
0.6513671875
0.919921875
0.9140625
1.3046875
0.9140625
0.6083984375
1.1025390625
0.9990234375
0.9267578125
1.0888671875
0.87890625
1.14453125
0.7548828125
0.904296875
1.31640625
1.0068359375
1.0263671875
1.0673828125
0.6904296875
1.1640625
1.1103515625
0.859375
1.0751953125
1.0888671875
1.0673828125
1.185546875
0.779296875
1.0771484375
0.873046875
1.1689453125
1.26171875
1.162109375
0.791015625
0.828125
1.197265625
1.1552734375
0.96484375
0.9921875
0.734375
0.9990234375
0.953125
1.0361328125
0.7568359375
0.8544921875
0.990234375
0.99609375
0.85546875
1.005859375
1.013671875
0.6162109375
0.974609375
0.732421875
1.033203125
0.8857421875
0.8486328125
0.794921875
1.0634765625
0.9384765625
0.703125
0.921875
1.125
0.6298828125
1.0712890625
0.580078125
1.234375
1.095703125
0.7978515625
1.3037109375
1.076171875
0.935546875
0.98046875
0.880859375
0.927734375
1.0595703125
0.796875
1.08984375
0.9609375
1.1650390625
1.0
1.171875
0.9833984375
0.8369140625
1.0380859375
1.15234375
1.216796875
1.2236328125
0.9736328125
1.0966796875
0.9072265625
0.955078125
1.0673828125
0.912109375
1.1044921875
0.7900390625
1.1474609375
1.17578125
0.99609375
1.0087890625
0.6416015625
1.32421875
0.9267578125
1.0263671875
0.9033203125
1.2646484375
1.146484375
0.953125
1.4833984375
1.140625
0.572265625
1.0439453125
0.912109375
1.03515625
0.8544921875
0.9775390625
0.9501953125
1.01953125
1.04296875
1.31640625
0.828125
0.873046875
1.193359375
0.9541015625
0.8017578125
0.96484375
1.4775390625
1.01171875
0.8779296875
1.1708984375
1.0498046875
0.8935546875
0.5234375
0.8681640625
0.828125
1.173828125
1.205078125
1.017578125
0.935546875
0.9150390625
0.90625
1.0703125
0.7958984375
0.818359375
0.98046875
0.767578125
0.9150390625
1.0703125
0.9404296875
1.150390625
0.8623046875
0.8017578125
0.884765625
1.0302734375
1.0126953125
1.2900390625
0.767578125
0.703125
0.7646484375
0.822265625
1.009765625
0.9853515625
1.099609375
0.9921875
0.97265625
1.2138671875
1.244140625
1.345703125
1.2001953125
1.017578125
0.6806640625
0.8203125
0.994140625
0.84375
0.9169921875
0.7919921875
1.1103515625
1.34765625
1.09765625
0.8330078125
0.919921875
0.9736328125
0.8837890625
1.0751953125
1.2666015625
0.8583984375
1.2880859375
0.9814453125
0.8203125
1.142578125
0.642578125
1.1044921875
0.9296875
1.0986328125
1.07421875
1.1044921875
0.5234375
1.1533203125
0.95703125
1.3046875
0.8974609375
1.08203125
1.06640625
1.1787109375
0.9775390625
0.705078125
0.900390625
1.015625
0.990234375
1.1484375
1.1865234375
0.984375
0.791015625
1.0224609375
1.1123046875
0.78515625
0.8681640625
1.0302734375
0.796875
1.1591796875
1.1005859375
1.126953125
1.2529296875
1.095703125
0.96875
1.078125
1.24609375
0.9775390625
0.87109375
0.806640625
0.861328125
0.865234375
0.916015625
0.6953125
0.8173828125
1.0400390625
0.9423828125
1.1279296875
1.0712890625
0.923828125
0.9130859375
0.8408203125
0.7734375
1.0048828125
0.7548828125
1.06640625
0.7255859375
0.890625
0.95703125
0.91015625
1.0537109375
1.1015625
0.9951171875
0.841796875
0.9404296875
0.6806640625
0.91796875
1.044921875
1.2216796875
0.845703125
1.0712890625
0.5712890625
1.0498046875
1.1923828125
0.833984375
0.9365234375
1.1005859375
0.9814453125
1.1044921875
0.818359375
0.908203125
0.876953125
0.908203125
0.9794921875
0.861328125
1.166015625
1.2841796875
0.986328125
1.3271484375
0.91015625
0.87109375
0.806640625
0.8291015625
1.2421875
0.818359375
1.134765625
0.8369140625
0.8515625
0.8828125
1.068359375
0.8837890625
0.8974609375
1.1279296875
1.2373046875
1.2841796875
0.744140625
1.0009765625
1.0634765625
0.943359375
1.0517578125
1.150390625
0.837890625
0.8837890625
1.1982421875
1.1318359375
0.9248046875
0.861328125
1.06640625
1.06640625
0.8359375
1.2548828125
0.76171875
1.1552734375
0.94140625
0.6845703125
1.2626953125
0.9189453125
0.8837890625
0.7978515625
1.0966796875
0.9404296875
0.88671875
0.8662109375
0.689453125
0.818359375
0.9951171875
0.8857421875
0.8681640625
1.0087890625
0.7978515625
1.154296875
1.171875
1.0390625
0.935546875
0.9111328125
1.025390625
0.916015625
0.919921875
1.08203125
1.216796875
1.25
1.05078125
0.767578125
1.0439453125
0.755859375
0.978515625
0.7724609375
1.0869140625
0.8173828125
0.7841796875
0.7822265625
0.80078125
0.7861328125
0.828125
0.9072265625
1.0166015625
1.1279296875
0.7705078125
0.8955078125
0.89453125
1.0087890625
0.990234375
1.201171875
0.7705078125
1.2158203125
0.9169921875
0.89453125
0.818359375
0.7236328125
0.7900390625
1.19921875
1.056640625
1.240234375
0.80078125
1.0712890625
1.1015625
1.12890625
0.732421875
1.06640625
1.13671875
1.1875
1.0908203125
1.0673828125
0.89453125
0.9921875
0.892578125
0.9111328125
0.9619140625
0.8134765625
0.8876953125
1.0322265625
0.7705078125
0.9921875
0.98046875
1.04296875
0.98828125
1.46875
0.736328125
1.107421875
1.4619140625
1.12890625
0.7998046875
0.771484375
1.0166015625
1.0966796875
0.98046875
1.046875
0.859375
1.03515625
0.5595703125
0.8515625
0.8681640625
1.001953125
0.8564453125
0.947265625
0.8466796875
1.19140625
1.0361328125
0.9833984375
1.193359375
1.09375
1.044921875
0.822265625
0.7275390625
0.9658203125
0.73828125
0.83984375
1.048828125
0.99609375
0.892578125
0.908203125
1.046875
0.7724609375
0.6591796875
0.712890625
1.26171875
0.7236328125
0.7646484375
1.1474609375
1.03125
0.9287109375
1.150390625
0.9921875
1.0595703125
0.9365234375
0.8671875
1.2568359375
1.10546875
0.853515625
0.9638671875
0.8662109375
1.052734375
0.912109375
1.1923828125
1.060546875
1.392578125
