0.8818359375
0.8818359375
0.8818359375
0.6728515625
0.8193359375
0.61328125
0.6904296875
0.9287109375
0.826171875
0.67578125
0.7255859375
0.615234375
0.630859375
0.806640625
0.62890625
0.6533203125
0.357421875
0.6728515625
0.564453125
0.8486328125
0.7568359375
1.0771484375
0.775390625
0.763671875
0.6005859375
1.181640625
0.4755859375
0.7578125
0.5458984375
0.681640625
0.55859375
0.8486328125
0.9775390625
0.904296875
0.634765625
0.6142578125
0.806640625
0.8251953125
0.822265625
0.9287109375
0.76953125
0.9462890625
0.6279296875
0.93359375
0.7138671875
0.7822265625
0.6376953125
0.818359375
0.7998046875
0.7822265625
0.783203125
0.6240234375
0.7939453125
0.703125
0.71484375
1.041015625
0.5361328125
0.9140625
0.6552734375
0.884765625
0.7421875
0.931640625
0.890625
0.763671875
0.6015625
0.7958984375
0.658203125
0.7431640625
0.646484375
0.6591796875
0.62890625
0.7958984375
0.5234375
0.5830078125
0.767578125
0.7041015625
0.669921875
0.6064453125
0.720703125
0.76953125
0.9482421875
0.6953125
0.888671875
0.5068359375
0.708984375
0.681640625
0.5029296875
0.5908203125
0.75390625
0.8525390625
0.9453125
0.515625
0.771484375
0.7998046875
0.46875
0.8779296875
0.8515625
0.5927734375
0.68359375
0.7802734375
1.0029296875
0.91796875
1.13671875
1.091796875
0.66015625
0.8505859375
0.6875
0.7099609375
0.86328125
0.5751953125
0.6513671875
0.853515625
0.7421875
0.94921875
0.701171875
0.9052734375
0.51953125
0.75390625
0.55078125
0.7705078125
0.845703125
0.802734375
0.736328125
0.607421875
0.671875
0.755859375
0.728515625
0.5791015625
0.32421875
0.9228515625
0.765625
0.8388671875
0.736328125
0.8134765625
0.9072265625
0.65625
0.8515625
0.654296875
0.6494140625
0.8232421875
0.623046875
0.59765625
0.498046875
0.6259765625
0.7802734375
0.69140625
0.8505859375
0.5458984375
0.3984375
0.6064453125
0.724609375
0.6708984375
0.5087890625
0.78515625
0.9248046875
0.8671875
0.85546875
0.810546875
0.8076171875
0.5908203125
0.6171875
0.6025390625
0.9501953125
0.8818359375
0.693359375
0.798828125
0.591796875
0.6455078125
0.8388671875
1.0859375
0.796875
0.7265625
0.5361328125
0.4052734375
0.8740234375
0.736328125
0.78125
0.5283203125
0.8642578125
0.4248046875
0.6796875
0.830078125
0.65234375
0.888671875
0.767578125
0.583984375
0.9111328125
0.615234375
0.84375
0.7177734375
0.6064453125
0.7978515625
0.708984375
0.71484375
0.7265625
0.953125
0.794921875
0.8642578125
0.810546875
0.900390625
0.7822265625
0.77734375
0.845703125
0.892578125
0.69921875
0.509765625
0.787109375
0.603515625
0.8701171875
0.6064453125
0.421875
0.87890625
0.7646484375
0.8212890625
0.7744140625
0.8681640625
0.8193359375
0.53515625
0.5888671875
0.7900390625
0.5439453125
0.6728515625
0.87109375
1.06640625
0.59375
0.740234375
0.5869140625
0.841796875
0.64453125
0.853515625
0.7138671875
0.8642578125
0.7568359375
0.7373046875
0.7421875
0.921875
0.5732421875
0.8740234375
0.4892578125
0.876953125
0.8564453125
0.83203125
0.701171875
0.927734375
0.8681640625
0.68359375
0.7783203125
0.6474609375
0.65625
0.5771484375
0.958984375
0.8486328125
0.6259765625
0.6337890625
0.5732421875
0.7529296875
1.162109375
0.78125
0.7958984375
0.4501953125
0.658203125
0.7216796875
0.697265625
0.982421875
0.6025390625
0.5615234375
0.7490234375
0.5224609375
0.72265625
1.029296875
0.650390625
0.4248046875
0.85546875
0.814453125
0.8486328125
0.34375
0.90234375
0.7001953125
0.6552734375
0.5048828125
0.767578125
0.7734375
0.599609375
0.560546875
0.923828125
0.697265625
0.6904296875
0.7470703125
0.5166015625
1.1591796875
0.689453125
0.9462890625
0.7529296875
0.6826171875
0.7373046875
0.576171875
0.66796875
0.8173828125
0.65625
0.7421875
0.7333984375
0.71875
0.419921875
0.5439453125
0.8642578125
0.810546875
0.6298828125
0.765625
0.591796875
0.716796875
0.490234375
0.8095703125
0.841796875
0.78125
0.6865234375
0.810546875
0.720703125
0.591796875
0.6337890625
0.8525390625
0.826171875
0.6015625
0.5302734375
0.7392578125
0.466796875
0.6083984375
0.6181640625
0.974609375
0.75
0.4755859375
0.755859375
0.6357421875
0.55859375
0.7626953125
0.669921875
0.7470703125
0.5166015625
0.8173828125
1.099609375
0.9833984375
0.6953125
0.7353515625
0.583984375
0.78125
0.90234375
0.5751953125
0.7841796875
0.716796875
0.76953125
0.8603515625
0.5322265625
0.9140625
0.6572265625
1.041015625
0.9296875
0.7294921875
0.57421875
0.5986328125
0.9208984375
0.916015625
0.7822265625
0.779296875
0.4736328125
0.7529296875
0.513671875
0.533203125
0.3994140625
0.6015625
0.7763671875
0.7041015625
0.5244140625
0.8154296875
0.734375
0.4130859375
0.7568359375
0.4013671875
0.9287109375
0.751953125
0.515625
0.810546875
0.935546875
0.85546875
0.5546875
0.6015625
0.7216796875
0.4306640625
0.79296875
0.341796875
0.818359375
0.85546875
0.55859375
1.0859375
0.8701171875
0.6162109375
0.7041015625
0.65234375
0.6201171875
0.7998046875
0.6923828125
0.74609375
0.759765625
0.892578125
0.6611328125
0.841796875
0.59765625
0.7333984375
0.6298828125
0.6025390625
0.8681640625
0.9287109375
0.7197265625
0.794921875
0.763671875
0.7392578125
0.8251953125
0.58203125
0.86328125
0.6240234375
0.6630859375
0.9091796875
0.7763671875
0.775390625
0.4521484375
1.1796875
0.71875
0.716796875
0.6611328125
0.884765625
1.068359375
0.6884765625
1.0673828125
0.7578125
0.3720703125
0.78125
0.51171875
0.9052734375
0.6552734375
0.7802734375
0.78515625
0.9287109375
0.7568359375
0.953125
0.6396484375
0.7470703125
0.791015625
0.830078125
0.5390625
0.7265625
1.00390625
0.7998046875
0.630859375
0.87109375
0.7412109375
0.7822265625
0.392578125
0.587890625
0.6337890625
0.779296875
0.8603515625
0.78125
0.7255859375
0.7353515625
0.5908203125
0.9375
0.833984375
0.7861328125
0.93359375
0.7158203125
0.87109375
0.7158203125
0.5400390625
0.724609375
0.4326171875
0.625
0.787109375
0.7275390625
0.6962890625
0.9677734375
0.58984375
0.6376953125
0.57421875
0.513671875
0.6826171875
0.6943359375
0.77734375
0.9892578125
0.59765625
0.7412109375
0.9482421875
0.88671875
0.92578125
0.8232421875
0.509765625
0.5498046875
0.6962890625
0.58984375
0.6650390625
0.5771484375
0.880859375
1.1083984375
1.015625
0.767578125
0.4375
0.634765625
0.55859375
0.765625
0.8408203125
0.7587890625
0.9833984375
0.6826171875
0.7353515625
0.8916015625
0.4765625
0.7509765625
0.76171875
0.8447265625
0.7919921875
0.8134765625
0.31640625
1.07421875
0.6826171875
0.9677734375
0.5859375
0.7197265625
0.7802734375
0.6728515625
0.6875
0.53515625
0.548828125
0.6796875
0.8916015625
0.900390625
0.7470703125
0.7197265625
0.6376953125
0.8232421875
0.7333984375
0.681640625
0.6201171875
0.7109375
0.572265625
0.8017578125
0.7724609375
0.609375
0.869140625
0.8134765625
0.7001953125
0.9013671875
0.9482421875
0.72265625
0.7197265625
0.609375
0.7197265625
0.75390625
0.9072265625
0.4638671875
0.640625
0.77734375
0.78125
0.6572265625
0.6767578125
0.849609375
0.736328125
0.6279296875
0.515625
0.958984375
0.5517578125
0.7265625
0.4267578125
0.583984375
0.708984375
0.59375
1.0673828125
0.8798828125
0.9150390625
0.51171875
0.81640625
0.6142578125
0.8544921875
0.7216796875
0.884765625
0.505859375
0.7412109375
0.4990234375
0.6259765625
1.0234375
0.7197265625
0.7060546875
0.92578125
0.775390625
0.9560546875
0.58203125
0.8447265625
0.681640625
0.63671875
0.703125
0.63671875
0.80078125
0.9892578125
0.7119140625
1.017578125
0.5615234375
0.7841796875
0.623046875
0.7470703125
0.7880859375
0.619140625
0.8955078125
0.5595703125
0.71875
0.6845703125
0.74609375
0.7099609375
0.640625
0.640625
0.912109375
0.9375
0.578125
0.8330078125
0.837890625
0.6220703125
0.662109375
0.7333984375
0.697265625
0.787109375
0.662109375
0.9775390625
0.6904296875
0.75390625
0.7119140625
0.859375
0.66796875
0.732421875
0.677734375
0.8583984375
0.65234375
0.4462890625
0.8427734375
0.8203125
0.6767578125
0.5693359375
0.9462890625
0.6689453125
0.7451171875
0.619140625
0.5146484375
0.431640625
0.6748046875
0.8515625
0.7158203125
0.7158203125
0.525390625
0.751953125
0.978515625
0.669921875
0.5712890625
0.7998046875
0.7470703125
0.6494140625
0.7236328125
0.896484375
0.84375
0.931640625
0.908203125
0.55078125
0.703125
0.53125
0.634765625
0.5458984375
0.8056640625
0.494140625
0.3916015625
0.482421875
0.4296875
0.5087890625
0.65625
0.5751953125
0.798828125
0.9033203125
0.625
0.697265625
0.681640625
0.751953125
0.6513671875
1.06640625
0.55078125
0.84375
0.6181640625
0.705078125
0.6025390625
0.50390625
0.5341796875
0.875
0.8046875
0.9873046875
0.5078125
0.9365234375
0.6884765625
0.8037109375
0.5791015625
0.7314453125
0.8232421875
1.0576171875
0.85546875
0.7255859375
0.599609375
0.6865234375
0.6005859375
0.6796875
0.84765625
0.564453125
0.5908203125
0.876953125
0.4853515625
0.7998046875
0.5888671875
0.7744140625
0.73046875
0.98828125
0.4736328125
0.626953125
1.0048828125
0.7919921875
0.83984375
0.595703125
0.6650390625
0.6884765625
0.806640625
0.8427734375
0.671875
0.791015625
0.5703125
0.51171875
0.5263671875
0.7958984375
0.5419921875
0.6083984375
0.6923828125
0.8427734375
0.9091796875
0.9326171875
0.833984375
0.953125
0.87109375
0.609375
0.90234375
0.6630859375
0.455078125
0.5859375
0.7451171875
0.6943359375
0.693359375
0.701171875
0.8193359375
0.759765625
0.5830078125
0.5361328125
0.720703125
0.5703125
0.48828125
0.8662109375
0.85546875
0.8203125
0.865234375
0.61328125
0.8427734375
0.748046875
0.7451171875
1.01171875
0.5810546875
0.6474609375
0.802734375
0.75
0.82421875
0.47265625
0.88671875
0.8056640625
0.962890625
