0.939453125
0.939453125
0.939453125
0.681640625
0.7607421875
0.7421875
0.5283203125
0.7724609375
0.794921875
0.765625
0.53515625
0.7744140625
0.7568359375
0.6787109375
0.5869140625
0.65234375
0.7099609375
0.927734375
0.9873046875
0.8232421875
0.966796875
0.931640625
0.9638671875
0.6708984375
0.921875
0.9814453125
0.5361328125
1.072265625
1.0859375
0.7763671875
1.1025390625
0.7783203125
0.947265625
0.8544921875
0.357421875
1.005859375
0.9013671875
0.556640625
0.8330078125
0.7958984375
0.861328125
0.857421875
0.587890625
0.677734375
0.7177734375
0.7998046875
0.669921875
0.65234375
0.93359375
0.9638671875
0.6845703125
0.7822265625
0.9453125
0.9931640625
0.6181640625
0.7294921875
0.8330078125
0.8349609375
0.8583984375
0.5400390625
0.845703125
0.7197265625
0.6025390625
0.75390625
0.9404296875
0.7236328125
0.7939453125
0.9306640625
0.5849609375
0.63671875
0.646484375
0.576171875
0.724609375
0.8818359375
0.7919921875
0.81640625
0.892578125
0.654296875
0.40234375
0.630859375
0.525390625
0.9296875
0.91015625
0.9443359375
0.46484375
0.6435546875
0.771484375
0.8681640625
0.796875
0.7255859375
1.2080078125
0.818359375
0.6494140625
0.44921875
0.8154296875
0.7099609375
0.6787109375
1.0556640625
0.6875
0.5869140625
0.634765625
0.8046875
0.7529296875
0.681640625
0.8623046875
0.681640625
0.908203125
0.806640625
0.6943359375
0.96484375
0.7744140625
0.615234375
0.8125
0.8115234375
0.564453125
0.546875
0.744140625
0.814453125
0.6044921875
0.66796875
0.5771484375
0.8681640625
0.9150390625
0.8369140625
0.541015625
0.935546875
0.62109375
0.7900390625
0.771484375
0.736328125
0.6103515625
1.0400390625
0.8017578125
1.0537109375
0.7822265625
0.9619140625
0.900390625
0.861328125
0.9326171875
0.6201171875
0.5849609375
0.708984375
0.796875
0.900390625
0.7490234375
0.796875
0.8720703125
0.822265625
0.466796875
0.7255859375
0.91015625
0.642578125
0.9287109375
1.021484375
0.7314453125
0.634765625
0.8369140625
0.93359375
0.599609375
0.8056640625
0.4658203125
0.8046875
0.791015625
0.8046875
0.716796875
0.7236328125
0.9638671875
0.734375
0.736328125
0.7802734375
0.67578125
0.6240234375
0.9248046875
0.5673828125
0.6982421875
0.7705078125
0.6767578125
0.9345703125
0.712890625
0.8935546875
1.0283203125
0.69921875
0.7373046875
0.80859375
0.78515625
0.787109375
0.650390625
0.9990234375
0.7890625
0.9833984375
0.728515625
0.9033203125
0.5498046875
0.6748046875
0.74609375
0.7431640625
0.9130859375
0.8173828125
0.671875
0.626953125
0.810546875
0.9482421875
0.5771484375
0.7998046875
0.5927734375
0.5498046875
1.015625
0.5859375
0.4443359375
0.751953125
0.771484375
0.900390625
0.7080078125
0.87109375
0.716796875
0.7939453125
0.8193359375
0.8173828125
0.939453125
0.96875
0.6142578125
0.6748046875
0.74609375
0.8974609375
0.796875
0.8076171875
0.953125
0.6826171875
0.947265625
0.685546875
0.8359375
0.814453125
0.791015625
0.884765625
0.8408203125
0.677734375
1.236328125
0.7060546875
0.732421875
0.4892578125
0.85546875
0.6875
0.82421875
0.6884765625
0.498046875
0.703125
1.0380859375
0.623046875
0.54296875
0.5859375
0.74609375
0.771484375
0.91796875
0.6318359375
0.7392578125
0.71484375
0.8037109375
0.40234375
0.7041015625
1.0673828125
0.875
0.78515625
0.6484375
1.044921875
0.79296875
0.8759765625
0.4814453125
0.9580078125
0.6142578125
0.607421875
0.71875
0.8251953125
0.703125
1.0078125
0.6455078125
0.9013671875
1.0205078125
0.8662109375
0.638671875
0.76953125
0.677734375
1.17578125
0.662109375
0.7333984375
0.7900390625
0.7529296875
0.4677734375
0.7109375
0.689453125
0.794921875
0.9345703125
1.0048828125
0.662109375
0.458984375
0.833984375
0.751953125
0.8359375
1.2236328125
0.8349609375
0.9228515625
0.646484375
1.1474609375
0.8623046875
0.91796875
0.6884765625
0.994140625
0.9169921875
0.7939453125
0.6083984375
0.8583984375
0.828125
0.767578125
0.8896484375
0.80078125
0.806640625
0.7158203125
0.6416015625
0.908203125
0.5927734375
0.6611328125
0.875
0.80078125
0.7734375
0.7998046875
1.2255859375
0.7041015625
0.7412109375
0.9658203125
0.8310546875
0.546875
0.9013671875
0.9189453125
0.9931640625
0.8505859375
0.9560546875
0.7734375
0.71875
0.751953125
0.67578125
0.662109375
0.99609375
0.580078125
0.9619140625
0.7138671875
0.8349609375
0.9794921875
0.7724609375
0.8095703125
0.5830078125
0.6142578125
0.828125
0.671875
0.9384765625
0.9453125
0.896484375
0.609375
0.95703125
0.80859375
0.6767578125
0.6943359375
0.732421875
0.9189453125
0.5751953125
0.6669921875
0.69140625
0.791015625
0.958984375
0.9052734375
0.568359375
0.6171875
0.892578125
0.9794921875
0.7041015625
0.833984375
0.7275390625
0.720703125
0.6240234375
0.7490234375
0.849609375
0.498046875
1.13671875
0.6728515625
0.5517578125
0.810546875
0.4560546875
0.8818359375
0.630859375
0.6201171875
0.779296875
0.7236328125
0.869140625
0.677734375
0.9345703125
0.9833984375
0.82421875
1.1259765625
0.708984375
0.8828125
0.7041015625
0.69140625
0.7197265625
0.841796875
0.9013671875
0.9072265625
0.8916015625
0.7392578125
0.876953125
0.6904296875
0.8291015625
0.697265625
0.6728515625
0.7275390625
0.5703125
0.6064453125
0.73046875
0.998046875
0.7646484375
0.9091796875
0.677734375
0.7822265625
0.68359375
0.64453125
0.6884765625
0.85546875
0.861328125
0.6904296875
0.6083984375
0.5009765625
0.890625
0.6796875
0.8623046875
0.693359375
0.7939453125
0.96875
0.8642578125
0.6123046875
0.896484375
0.7470703125
0.5625
1.14453125
1.0
0.861328125
0.79296875
0.923828125
0.55078125
1.0830078125
1.2685546875
0.712890625
0.927734375
0.9384765625
0.958984375
0.4775390625
0.6181640625
0.8076171875
0.8330078125
0.4755859375
0.865234375
0.9580078125
0.7705078125
0.8525390625
0.7333984375
0.6728515625
0.8125
0.7333984375
0.8310546875
0.6953125
0.7392578125
0.7939453125
0.8486328125
0.9287109375
0.8486328125
0.83984375
0.9833984375
0.7802734375
0.767578125
0.7509765625
0.43359375
1.1171875
0.9580078125
0.73828125
0.740234375
0.810546875
0.8154296875
0.7578125
0.626953125
0.7724609375
0.8134765625
0.7919921875
0.48828125
0.900390625
0.78515625
0.9306640625
0.9462890625
0.494140625
0.8623046875
0.8115234375
0.943359375
0.6328125
0.8505859375
0.8935546875
0.8583984375
0.8203125
0.7041015625
0.9921875
0.5595703125
0.8251953125
0.732421875
0.6591796875
0.7392578125
0.677734375
0.74609375
0.712890625
0.6904296875
0.765625
1.1376953125
0.994140625
0.970703125
0.9482421875
0.7587890625
0.615234375
1.0888671875
0.744140625
0.908203125
0.90234375
0.7978515625
0.6337890625
0.7314453125
0.9921875
1.1455078125
0.919921875
0.6640625
1.10546875
0.671875
0.814453125
0.5126953125
0.5986328125
0.8330078125
0.791015625
0.7939453125
0.6787109375
0.9140625
1.1435546875
0.724609375
1.015625
0.552734375
0.568359375
0.4775390625
0.755859375
0.810546875
0.7587890625
1.0634765625
0.9345703125
0.767578125
0.876953125
0.724609375
0.78125
0.763671875
0.84375
0.65625
0.951171875
0.6728515625
0.7021484375
1.205078125
0.6650390625
0.9306640625
0.884765625
0.8125
0.9208984375
0.869140625
0.9716796875
0.8095703125
0.5634765625
0.6572265625
0.5595703125
0.734375
0.580078125
0.8076171875
0.578125
0.705078125
0.8837890625
0.9013671875
0.7060546875
0.994140625
0.5830078125
0.896484375
0.6943359375
0.9560546875
0.8251953125
0.48828125
0.810546875
0.6865234375
0.8291015625
0.8515625
0.765625
0.7998046875
0.8837890625
0.66015625
1.158203125
0.8173828125
0.8525390625
0.9091796875
0.8544921875
0.62890625
0.685546875
0.8076171875
0.80078125
0.7783203125
0.4462890625
1.2060546875
0.80859375
0.8017578125
0.8525390625
1.0361328125
0.6513671875
0.8935546875
0.6787109375
0.84765625
0.8427734375
0.609375
0.7314453125
0.833984375
0.93359375
0.916015625
0.912109375
0.4140625
0.82421875
0.71484375
0.8876953125
0.9638671875
0.72265625
0.98046875
0.888671875
0.9775390625
0.736328125
0.927734375
0.75
0.58984375
0.607421875
0.7822265625
0.998046875
0.984375
0.7197265625
0.7451171875
0.720703125
0.8134765625
0.859375
0.9638671875
0.701171875
1.1591796875
0.9091796875
0.79296875
0.697265625
0.8916015625
0.7109375
0.6376953125
0.9814453125
0.783203125
0.564453125
0.765625
1.04296875
0.7646484375
0.69140625
0.734375
0.701171875
0.703125
0.609375
1.0009765625
0.78125
0.6044921875
0.3798828125
0.9716796875
0.9541015625
1.046875
0.8818359375
0.99609375
0.703125
0.935546875
0.517578125
0.66015625
0.8359375
0.7314453125
0.830078125
0.6142578125
0.8056640625
0.6572265625
0.7568359375
0.59375
0.60546875
0.841796875
0.580078125
0.94921875
0.5205078125
0.86328125
0.685546875
0.71484375
0.7958984375
0.5625
0.8681640625
0.8876953125
1.15625
0.7841796875
0.876953125
0.7763671875
0.91796875
0.642578125
0.7978515625
0.654296875
0.8818359375
0.97265625
0.55078125
0.7314453125
0.6875
0.9853515625
0.8564453125
0.666015625
1.1455078125
0.7578125
0.8076171875
0.767578125
1.001953125
0.857421875
0.5029296875
0.9306640625
0.888671875
0.9912109375
0.6552734375
0.8291015625
0.771484375
0.44921875
0.6162109375
0.7021484375
1.0791015625
0.9501953125
0.7578125
0.744140625
0.689453125
0.775390625
0.8134765625
0.62109375
0.888671875
0.443359375
0.884765625
0.7822265625
0.853515625
0.6826171875
0.7568359375
0.6728515625
1.0517578125
0.92578125
0.7109375
0.7255859375
0.7041015625
0.65625
0.6787109375
1.05078125
1.0126953125
0.6875
0.8994140625
0.65625
0.7861328125
0.8125
0.7861328125
0.494140625
0.6669921875
0.787109375
0.7734375
0.900390625
0.580078125
0.806640625
0.84375
0.8837890625
0.876953125
0.8193359375
0.8642578125
0.837890625
1.134765625
0.6435546875
0.931640625
0.494140625
0.53515625
0.76953125
