0.99609375
0.99609375
0.99609375
0.7802734375
0.8779296875
0.9482421875
0.7900390625
0.669921875
1.05078125
0.591796875
0.5283203125
0.775390625
0.7021484375
0.7470703125
0.7880859375
0.9833984375
0.7626953125
0.6552734375
0.93359375
0.96875
0.6064453125
0.96875
0.9443359375
0.712890625
0.8251953125
0.638671875
0.68359375
0.5546875
0.873046875
0.6796875
1.12109375
0.8525390625
0.916015625
0.7890625
0.98828125
1.0107421875
0.865234375
0.8369140625
0.8125
0.7392578125
0.8740234375
0.8876953125
0.67578125
0.9111328125
1.1298828125
0.7080078125
0.7998046875
0.869140625
0.97265625
1.0498046875
0.673828125
0.71484375
0.9521484375
0.9375
0.5537109375
0.7626953125
0.6552734375
0.8330078125
0.9267578125
1.1142578125
0.7783203125
1.021484375
0.7529296875
0.833984375
0.80859375
0.71875
0.990234375
0.97265625
1.0068359375
1.0693359375
0.9560546875
0.6435546875
0.896484375
0.79296875
0.892578125
0.5849609375
0.814453125
0.8798828125
0.798828125
0.7470703125
0.76171875
0.7587890625
1.05859375
0.962890625
0.7275390625
1.0087890625
0.9091796875
0.8857421875
0.5869140625
0.9423828125
1.0068359375
0.80859375
0.8203125
1.1923828125
0.6513671875
0.994140625
0.7373046875
0.5390625
0.779296875
1.0546875
0.6689453125
0.9130859375
0.91796875
0.94921875
0.85546875
0.8984375
0.83203125
0.943359375
0.59765625
0.9091796875
0.60546875
1.279296875
0.7373046875
0.78515625
0.7568359375
0.60546875
0.6806640625
0.99609375
0.740234375
0.5625
0.9921875
1.0712890625
0.8203125
0.6943359375
1.0869140625
0.7685546875
0.990234375
0.912109375
0.8408203125
0.8642578125
0.828125
1.125
0.646484375
1.11328125
0.8310546875
0.73828125
0.7275390625
0.98828125
0.6748046875
0.7841796875
0.5712890625
0.6484375
0.724609375
1.048828125
0.8779296875
0.943359375
0.673828125
0.771484375
0.671875
0.6279296875
0.6240234375
0.7470703125
0.8662109375
1.15234375
0.876953125
0.982421875
0.7216796875
1.005859375
0.8720703125
0.89453125
0.818359375
0.8076171875
0.96875
1.2021484375
0.9052734375
0.984375
0.8515625
0.794921875
0.693359375
0.9189453125
0.9296875
0.826171875
0.787109375
0.595703125
0.7119140625
0.783203125
0.837890625
0.966796875
0.857421875
0.732421875
1.0087890625
0.9521484375
0.9072265625
0.658203125
0.7412109375
0.5498046875
0.8193359375
0.98828125
1.0166015625
0.841796875
1.09375
0.7294921875
0.6611328125
0.7421875
0.7080078125
1.0146484375
1.0068359375
0.87109375
0.771484375
0.8037109375
0.83203125
1.0576171875
0.9521484375
1.046875
0.75
0.9453125
0.9443359375
0.935546875
0.7822265625
0.9140625
0.98828125
0.7431640625
0.7978515625
0.8564453125
0.8828125
0.7958984375
0.6103515625
1.18359375
0.6630859375
0.689453125
0.6884765625
0.681640625
0.646484375
0.6103515625
0.6943359375
0.708984375
0.6259765625
1.046875
0.9521484375
0.71875
0.8818359375
0.873046875
0.728515625
0.873046875
1.212890625
0.88671875
0.6884765625
0.7900390625
0.7109375
0.6025390625
0.958984375
0.6552734375
0.880859375
1.03125
0.7333984375
0.732421875
0.7666015625
0.84765625
0.7353515625
0.6396484375
0.685546875
0.732421875
0.8583984375
0.91796875
0.8994140625
0.8349609375
0.931640625
0.525390625
0.724609375
0.9580078125
0.876953125
0.9384765625
0.7939453125
0.591796875
0.6357421875
1.05859375
0.6884765625
0.70703125
0.619140625
0.8037109375
0.7880859375
0.763671875
0.83984375
0.921875
1.017578125
0.7255859375
0.9521484375
0.9501953125
1.1591796875
0.884765625
1.09765625
1.0947265625
0.8232421875
0.505859375
0.8125
1.1142578125
0.79296875
0.8486328125
0.861328125
0.7392578125
0.470703125
1.033203125
0.9365234375
1.1142578125
0.8671875
1.2587890625
0.7822265625
1.068359375
1.0400390625
0.8359375
0.8154296875
0.748046875
0.6083984375
0.73828125
0.85546875
0.9599609375
1.0654296875
0.8251953125
0.486328125
0.8212890625
0.8984375
0.83984375
0.79296875
0.923828125
1.1494140625
0.892578125
0.9423828125
0.837890625
0.96484375
1.021484375
0.9453125
0.7578125
1.017578125
0.845703125
0.91015625
0.865234375
0.77734375
0.634765625
0.9208984375
0.80078125
0.896484375
0.787109375
0.7890625
0.7529296875
0.8134765625
1.1103515625
0.7353515625
0.8701171875
0.9091796875
0.826171875
0.8310546875
0.9912109375
0.7529296875
0.7412109375
0.9013671875
0.8662109375
0.966796875
1.0400390625
0.740234375
0.591796875
0.8095703125
0.7392578125
1.0556640625
0.87109375
0.927734375
0.86328125
0.8828125
0.630859375
0.8984375
0.857421875
0.6943359375
0.8720703125
0.9619140625
1.068359375
0.880859375
0.8251953125
0.80859375
0.98828125
0.8515625
0.8671875
0.5556640625
0.8330078125
0.9677734375
0.68359375
0.8603515625
0.990234375
0.6572265625
0.796875
0.7919921875
0.8291015625
0.8203125
0.724609375
0.890625
0.8427734375
0.7724609375
0.8515625
1.271484375
0.939453125
0.6298828125
0.8837890625
0.5908203125
1.0927734375
1.0107421875
0.966796875
0.6513671875
0.6591796875
0.822265625
1.01953125
0.8681640625
0.8916015625
0.9541015625
0.5849609375
1.1318359375
0.76171875
0.720703125
0.935546875
1.021484375
0.78125
0.955078125
0.705078125
0.912109375
0.736328125
0.60546875
0.9736328125
0.7666015625
0.8466796875
0.7548828125
0.9052734375
0.9921875
0.8095703125
0.8837890625
0.8427734375
0.818359375
0.9091796875
1.021484375
0.9775390625
0.9306640625
0.83984375
0.865234375
0.8193359375
0.9052734375
0.9326171875
0.9619140625
0.6015625
0.8232421875
1.0380859375
0.6142578125
0.78125
0.736328125
0.5224609375
1.1865234375
0.904296875
1.0302734375
0.869140625
0.806640625
0.9345703125
1.01171875
0.701171875
0.9814453125
0.8916015625
0.97265625
0.9306640625
0.69921875
0.6396484375
1.001953125
0.5830078125
1.046875
0.6806640625
0.8681640625
0.4990234375
0.6591796875
1.1123046875
0.9326171875
0.7197265625
0.755859375
0.8935546875
0.9423828125
0.666015625
1.208984375
1.09375
0.8037109375
0.904296875
0.5966796875
1.0458984375
0.6728515625
0.8828125
0.8193359375
0.990234375
1.0498046875
1.0146484375
0.7158203125
0.654296875
1.080078125
0.646484375
0.7529296875
0.82421875
0.822265625
0.654296875
0.947265625
1.0478515625
0.7001953125
0.72265625
0.9638671875
1.15625
0.998046875
0.9345703125
0.6669921875
0.8369140625
0.98828125
1.0048828125
0.9609375
0.845703125
1.072265625
1.15625
0.9150390625
0.982421875
0.8701171875
0.869140625
0.78125
0.7626953125
0.7783203125
0.658203125
0.763671875
0.8505859375
0.5478515625
0.6923828125
0.9736328125
0.984375
1.029296875
0.8291015625
0.9267578125
0.83984375
0.7626953125
0.8046875
0.71484375
1.2451171875
1.01953125
0.85546875
0.6064453125
0.58984375
1.0517578125
0.98046875
0.9970703125
0.6142578125
0.9697265625
0.6748046875
0.927734375
0.6806640625
1.0673828125
0.9501953125
0.59765625
0.669921875
0.916015625
0.708984375
1.240234375
0.79296875
1.1552734375
0.7958984375
0.734375
0.7529296875
0.9140625
0.693359375
0.8701171875
0.7890625
0.876953125
1.0126953125
0.6455078125
0.6630859375
0.6396484375
0.7734375
0.8916015625
0.966796875
0.673828125
0.947265625
0.8232421875
0.5380859375
0.8857421875
0.9150390625
0.9404296875
0.7353515625
0.79296875
0.5693359375
1.19921875
0.75
0.7392578125
0.935546875
1.02734375
1.0458984375
0.62109375
1.1630859375
0.6103515625
0.8994140625
0.955078125
0.8349609375
0.8115234375
1.0693359375
0.875
0.8076171875
1.041015625
1.130859375
0.6474609375
0.8740234375
0.9287109375
0.7646484375
0.921875
0.86328125
0.744140625
0.962890625
0.865234375
0.7265625
0.66015625
0.8759765625
0.8017578125
0.7705078125
0.5009765625
0.724609375
0.9013671875
0.6474609375
0.8046875
1.076171875
0.830078125
1.1181640625
1.0849609375
0.935546875
0.7333984375
1.1884765625
0.7734375
0.9521484375
0.9150390625
0.572265625
0.8759765625
0.646484375
1.060546875
0.8330078125
0.8037109375
1.015625
0.861328125
0.701171875
0.8486328125
1.0166015625
0.9697265625
0.900390625
0.8154296875
0.7080078125
0.8955078125
0.8701171875
0.85546875
0.646484375
0.7978515625
0.6162109375
0.84765625
0.892578125
1.033203125
1.08203125
0.7568359375
0.8974609375
0.939453125
0.8837890625
0.9267578125
0.5986328125
0.740234375
0.5693359375
0.8115234375
0.9296875
0.6689453125
0.9970703125
0.8359375
0.67578125
0.50390625
0.7275390625
0.876953125
0.8076171875
0.7080078125
0.5517578125
0.7822265625
0.708984375
0.9345703125
0.67578125
0.9443359375
0.771484375
0.853515625
0.47265625
0.90234375
0.9306640625
0.9189453125
1.2490234375
0.7607421875
0.689453125
0.8466796875
1.1630859375
1.0263671875
0.5771484375
0.71484375
0.7275390625
0.966796875
0.8671875
0.6171875
1.0380859375
0.9189453125
0.7138671875
0.7763671875
0.7978515625
0.5712890625
0.7236328125
0.6162109375
0.9453125
0.8193359375
1.1884765625
0.91796875
1.1044921875
0.4951171875
0.7744140625
0.70703125
0.63671875
0.7861328125
0.7333984375
0.826171875
0.955078125
0.8935546875
0.82421875
1.0458984375
0.939453125
0.77734375
0.998046875
0.6748046875
0.9130859375
1.2451171875
0.7099609375
0.8359375
1.115234375
1.08203125
1.080078125
0.7822265625
1.1240234375
0.640625
0.78125
0.6162109375
0.720703125
0.763671875
0.9169921875
0.8857421875
0.8818359375
1.0771484375
0.7861328125
1.1240234375
0.8134765625
0.810546875
0.9248046875
0.65625
0.7451171875
0.9140625
1.146484375
1.0322265625
0.7880859375
0.6572265625
0.953125
1.05859375
0.8359375
0.876953125
0.5029296875
0.7744140625
0.59765625
0.685546875
0.84375
0.8369140625
0.8603515625
0.6865234375
0.955078125
0.5771484375
0.5341796875
0.5361328125
1.0068359375
0.8896484375
0.8427734375
0.958984375
0.8740234375
0.859375
0.7626953125
