1.0869140625
1.0869140625
1.0869140625
1.0869140625
1.0869140625
1.2236328125
1.2060546875
0.755859375
0.7958984375
0.7841796875
0.6953125
0.8896484375
1.0234375
0.810546875
0.9228515625
1.173828125
0.56640625
1.02734375
1.1962890625
0.84375
0.873046875
1.1552734375
0.8642578125
1.1318359375
1.09375
0.9736328125
1.1904296875
1.0810546875
1.0390625
1.2265625
1.208984375
0.9716796875
1.197265625
0.783203125
1.2939453125
0.7021484375
1.078125
1.0166015625
1.0087890625
1.046875
0.986328125
1.1259765625
1.201171875
0.912109375
1.0390625
1.140625
1.1259765625
0.93359375
0.9736328125
0.916015625
1.1884765625
1.24609375
0.9111328125
0.9638671875
1.0712890625
1.1328125
1.0947265625
1.2470703125
1.083984375
1.025390625
0.8193359375
1.208984375
0.71484375
1.10546875
1.078125
0.9345703125
1.263671875
0.6728515625
0.8173828125
0.677734375
1.0029296875
0.9111328125
1.0029296875
1.1826171875
0.6376953125
0.794921875
0.982421875
1.2333984375
0.900390625
1.16015625
0.7392578125
1.0341796875
0.8203125
1.203125
1.19140625
0.875
0.8330078125
0.6328125
1.0732421875
1.048828125
0.96875
0.9384765625
1.03515625
1.099609375
1.2236328125
0.7607421875
1.048828125
1.1923828125
0.744140625
0.8740234375
0.94921875
1.0458984375
1.138671875
0.5859375
0.8671875
0.8134765625
0.9189453125
0.740234375
1.0966796875
0.96875
0.8173828125
0.9892578125
0.9072265625
1.08984375
0.8818359375
0.83984375
0.9443359375
1.224609375
1.068359375
1.02734375
0.9794921875
0.9248046875
0.962890625
0.9375
0.796875
1.1328125
0.990234375
0.78515625
0.787109375
0.9130859375
0.9833984375
1.076171875
0.91796875
0.6943359375
0.9052734375
1.046875
1.033203125
0.9267578125
1.0
0.9814453125
1.0205078125
1.0400390625
0.9541015625
1.2412109375
0.869140625
0.96484375
0.966796875
1.2578125
0.8125
1.033203125
1.2734375
1.07421875
1.0400390625
1.08203125
1.109375
1.0947265625
1.033203125
0.9140625
0.85546875
0.9384765625
0.876953125
0.845703125
1.2802734375
1.1357421875
1.095703125
1.18359375
1.05078125
1.212890625
0.8359375
0.8291015625
1.1513671875
1.0244140625
1.1259765625
0.716796875
1.0634765625
0.986328125
0.8505859375
0.7421875
1.08984375
0.9013671875
0.9599609375
0.890625
0.953125
0.9560546875
1.021484375
0.830078125
0.705078125
0.8916015625
1.060546875
0.7900390625
0.640625
1.26953125
0.9111328125
0.96875
1.1796875
0.896484375
1.01953125
1.0234375
0.8271484375
1.0
0.765625
0.849609375
1.0419921875
0.6240234375
0.9775390625
0.8359375
1.205078125
1.0068359375
1.0361328125
1.0478515625
0.9091796875
0.9921875
1.068359375
1.1708984375
0.9716796875
1.0478515625
0.970703125
0.9130859375
1.12890625
0.9267578125
0.8681640625
1.306640625
1.130859375
1.0185546875
1.0224609375
1.01953125
1.23828125
1.099609375
0.923828125
1.240234375
0.7919921875
1.0146484375
0.765625
0.6806640625
0.8662109375
1.0703125
0.935546875
0.9345703125
1.2001953125
1.072265625
0.9384765625
0.7958984375
0.736328125
0.923828125
0.6953125
1.087890625
0.9345703125
0.8544921875
1.09765625
1.3505859375
1.2763671875
1.0419921875
0.814453125
0.91796875
1.203125
0.9609375
1.10546875
0.9423828125
1.1142578125
1.1943359375
1.0595703125
0.7958984375
0.861328125
1.0078125
0.953125
1.0908203125
0.8505859375
0.8427734375
1.076171875
1.087890625
0.8388671875
1.3076171875
0.7060546875
1.064453125
1.0048828125
1.1650390625
0.9716796875
0.8720703125
0.9267578125
1.224609375
0.7578125
1.2470703125
0.892578125
0.908203125
0.525390625
1.05078125
1.0400390625
0.830078125
0.9580078125
1.06640625
0.9267578125
0.94921875
1.150390625
1.208984375
1.2041015625
1.0185546875
1.033203125
0.9501953125
1.2265625
0.7880859375
0.7294921875
0.8876953125
0.888671875
0.8310546875
1.01953125
1.193359375
0.7314453125
0.802734375
0.80859375
0.93359375
1.109375
1.08984375
0.794921875
1.125
0.810546875
0.974609375
0.994140625
0.8603515625
1.2119140625
1.2041015625
0.6884765625
0.8046875
1.0068359375
1.025390625
0.83203125
1.21484375
0.9833984375
1.1328125
1.025390625
1.19140625
0.8544921875
0.923828125
1.16015625
1.107421875
1.080078125
1.14453125
0.9208984375
0.8857421875
1.0087890625
1.1181640625
0.974609375
1.0927734375
1.2529296875
0.9482421875
1.060546875
1.2685546875
1.060546875
0.96875
1.16015625
1.1474609375
0.900390625
0.796875
1.03125
1.0146484375
0.8623046875
1.1171875
1.013671875
0.9814453125
0.8916015625
0.6513671875
0.9140625
0.94140625
0.8896484375
0.9404296875
0.880859375
0.607421875
0.73046875
1.1787109375
0.9541015625
1.14453125
1.04296875
1.0009765625
0.8125
1.1416015625
0.8740234375
0.841796875
1.14453125
0.9033203125
1.0673828125
0.9951171875
1.0390625
1.037109375
1.0927734375
1.1640625
1.1064453125
0.6484375
0.9560546875
1.0888671875
1.0673828125
0.779296875
0.6962890625
1.091796875
0.9462890625
1.1044921875
1.1357421875
1.1376953125
1.1435546875
1.197265625
0.8671875
0.6748046875
1.044921875
1.0390625
0.869140625
0.71484375
1.0244140625
0.9921875
0.95703125
0.734375
1.0654296875
0.9228515625
0.759765625
0.99609375
0.953125
1.1591796875
0.96875
0.9912109375
1.1298828125
0.8115234375
1.048828125
0.97265625
0.8134765625
0.97265625
0.9775390625
1.1064453125
1.01953125
1.15234375
0.9794921875
0.70703125
0.8818359375
0.91015625
0.99609375
1.0361328125
0.86328125
1.0771484375
1.015625
0.859375
0.8857421875
1.0
0.998046875
0.8642578125
1.1669921875
0.7783203125
0.9287109375
1.041015625
0.734375
0.693359375
0.970703125
1.0634765625
1.03515625
0.78125
0.8037109375
0.7333984375
1.234375
0.904296875
1.16015625
1.111328125
1.0126953125
1.1640625
1.0908203125
0.935546875
0.98046875
0.8857421875
1.0419921875
1.154296875
0.85546875
1.0380859375
0.943359375
1.0634765625
0.708984375
1.0634765625
1.15234375
1.2236328125
1.0693359375
0.8115234375
1.0576171875
1.037109375
1.0419921875
0.7587890625
1.2900390625
1.3857421875
0.8642578125
0.94921875
0.7607421875
0.83984375
0.8623046875
1.07421875
0.767578125
1.0693359375
1.3125
1.0166015625
1.189453125
0.7890625
1.0146484375
0.8544921875
1.0341796875
0.9716796875
0.8037109375
0.9169921875
0.822265625
0.736328125
1.4833984375
0.9521484375
0.572265625
0.80078125
0.95703125
1.2197265625
0.765625
0.9560546875
1.1259765625
0.86328125
0.873046875
1.095703125
1.2763671875
0.9814453125
0.9541015625
1.0966796875
0.6845703125
0.8310546875
0.974609375
1.072265625
1.0380859375
0.859375
1.12109375
1.31640625
1.173828125
1.0712890625
0.7958984375
0.955078125
0.9150390625
0.7294921875
0.9404296875
1.203125
0.89453125
0.9365234375
1.0302734375
0.912109375
0.9443359375
1.0888671875
0.8779296875
0.9150390625
0.9365234375
0.703125
0.7646484375
1.1767578125
1.009765625
0.9853515625
0.8037109375
1.228515625
1.044921875
0.9921875
0.97265625
0.986328125
1.2158203125
0.990234375
1.2138671875
0.798828125
1.3720703125
1.107421875
1.017578125
1.0908203125
0.6806640625
0.7822265625
0.765625
1.205078125
1.1220703125
1.3076171875
1.0537109375
1.0400390625
0.9833984375
0.8740234375
1.1103515625
1.1416015625
0.9521484375
1.0908203125
1.0361328125
1.0146484375
0.900390625
0.91796875
1.0703125
0.9892578125
1.34765625
1.220703125
1.2744140625
1.076171875
0.7294921875
0.94921875
1.0673828125
0.72265625
0.765625
0.8798828125
1.2197265625
1.0947265625
0.841796875
1.048828125
1.0986328125
0.8857421875
1.015625
0.6953125
0.9990234375
1.07421875
1.150390625
0.91796875
0.5537109375
1.1572265625
0.8974609375
1.12890625
1.2587890625
0.791015625
0.8876953125
0.7705078125
0.900390625
0.9169921875
1.1630859375
1.0791015625
0.9140625
0.7294921875
1.0283203125
0.791015625
1.2490234375
0.9140625
1.3369140625
0.8798828125
1.03125
0.8134765625
1.126953125
1.0693359375
0.96875
0.9541015625
1.24609375
0.8212890625
0.83984375
1.1435546875
0.6953125
0.953125
1.0400390625
0.828125
0.6357421875
1.0712890625
0.884765625
1.0947265625
0.5439453125
1.033203125
1.0478515625
0.705078125
1.08203125
1.193359375
0.884765625
0.91015625
0.8603515625
0.67578125
0.841796875
1.169921875
0.9404296875
0.958984375
1.0087890625
1.060546875
1.29296875
0.9814453125
1.0478515625
1.046875
1.15625
1.2822265625
0.9189453125
1.091796875
0.9814453125
1.1044921875
1.0703125
0.958984375
1.0625
0.8955078125
0.822265625
1.1318359375
0.90625
0.986328125
1.2421875
0.9130859375
0.8759765625
1.1953125
1.1669921875
0.9375
1.1806640625
0.8681640625
1.0869140625
1.203125
0.86328125
1.1796875
0.8828125
1.3330078125
1.068359375
0.8974609375
1.076171875
0.8359375
1.080078125
0.94921875
1.08203125
1.2373046875
1.0078125
0.900390625
0.744140625
1.0517578125
1.1318359375
1.056640625
1.029296875
1.287109375
0.9208984375
1.1923828125
0.7998046875
0.9296875
1.072265625
0.9619140625
0.8359375
1.228515625
1.388671875
0.796875
0.6953125
0.916015625
0.7109375
0.9423828125
0.9150390625
1.2626953125
1.0595703125
1.0205078125
1.09375
0.8837890625
1.0966796875
0.916015625
0.982421875
1.1494140625
1.130859375
1.154296875
1.095703125
0.9619140625
0.720703125
0.8876953125
0.88671875
0.91796875
0.6767578125
0.818359375
0.9951171875
0.9375
1.1044921875
0.8681640625
0.822265625
0.80078125
0.78515625
1.0673828125
1.0693359375
0.7958984375
1.0966796875
0.7998046875
0.9521484375
1.1376953125
0.888671875
0.9111328125
0.916015625
0.9462890625
1.216796875
1.1357421875
1.2607421875
0.9208984375
1.05078125
0.7802734375
1.072265625
1.349609375
0.978515625
0.90234375
1.0107421875
0.7724609375
0.9091796875
0.9736328125
1.1396484375
0.740234375
1.26953125
1.1123046875
0.7705078125
0.8447265625
0.990234375
1.46875
0.892578125
0.591796875
0.9169921875
0.6884765625
0.818359375
0.7802734375
0.765625
0.7236328125
0.7900390625
1.19921875
0.9736328125
1.056640625
0.6767578125
0.998046875
0.912109375
1.2568359375
1.11328125
0.7021484375
0.6083984375
1.16015625
0.7705078125
1.15625
0.857421875
1.0419921875
1.033203125
0.5791015625
1.330078125
0.94921875
0.80078125
1.1982421875
0.94921875
1.1552734375
0.6181640625
1.0869140625
0.8212890625
0.7421875
0.98046875
0.919921875
1.279296875
0.8310546875
1.107421875
1.1171875
0.8193359375
1.0078125
0.9892578125
0.97265625
1.12890625
1.0166015625
0.98046875
1.013671875
0.859375
0.74609375
1.40625
1.0615234375
0.8837890625
0.79296875
0.9716796875
1.1494140625
0.810546875
0.775390625
0.8564453125
0.859375
0.865234375
1.154296875
1.0068359375
1.19140625
1.1650390625
1.1728515625
0.896484375
0.9345703125
0.861328125
1.232421875
1.09375
1.044921875
0.822265625
1.0458984375
1.3681640625
1.048828125
0.9609375
0.64453125
0.9638671875
0.8828125
0.833984375
0.9052734375
0.6591796875
0.712890625
0.7236328125
1.228515625
0.8525390625
0.8125
1.0185546875
1.2216796875
0.9287109375
1.150390625
0.9921875
0.966796875
1.0634765625
0.9365234375
1.0341796875
1.345703125
0.853515625
0.7783203125
0.8662109375
1.0546875
1.05078125
1.005859375
0.7138671875
