0.8271484375
0.8271484375
0.8271484375
0.8271484375
0.8271484375
0.6669921875
0.8046875
0.6005859375
0.4501953125
0.685546875
0.619140625
0.3720703125
0.55859375
0.755859375
0.7216796875
0.73046875
0.6337890625
0.8291015625
0.4921875
0.7431640625
0.53515625
0.478515625
0.7353515625
0.6298828125
0.857421875
0.8095703125
0.6962890625
0.7548828125
0.7685546875
0.658203125
0.783203125
0.6162109375
0.4111328125
0.4677734375
0.5068359375
0.7138671875
0.4814453125
0.619140625
0.9638671875
0.53125
0.814453125
0.828125
0.9296875
0.6123046875
0.6767578125
0.546875
0.7666015625
0.7607421875
0.701171875
0.7802734375
0.7822265625
0.8837890625
0.6611328125
0.8623046875
0.564453125
0.759765625
0.388671875
0.98046875
0.7119140625
0.6904296875
0.7294921875
0.4794921875
0.6455078125
0.82421875
0.9189453125
0.6689453125
0.712890625
0.439453125
0.7158203125
1.0087890625
0.5361328125
0.6103515625
0.79296875
0.87890625
0.4833984375
0.7333984375
1.0009765625
0.4833984375
0.47265625
0.8388671875
0.7724609375
0.798828125
0.4501953125
0.5703125
0.6201171875
0.6162109375
0.5869140625
0.8740234375
0.8330078125
0.8515625
0.8134765625
0.9052734375
0.6865234375
0.904296875
0.5546875
0.5947265625
0.833984375
0.681640625
0.7578125
0.6376953125
0.765625
0.7880859375
0.7314453125
0.5498046875
0.5537109375
1.0361328125
0.669921875
0.76171875
0.697265625
0.6748046875
0.724609375
0.775390625
0.55078125
0.41796875
0.482421875
0.908203125
0.578125
0.5185546875
0.9443359375
0.66015625
0.763671875
0.767578125
0.9248046875
0.8623046875
0.810546875
0.623046875
0.7109375
0.5625
0.84765625
0.8818359375
0.9560546875
0.5302734375
0.8525390625
0.4873046875
0.74609375
0.4912109375
0.8564453125
0.7724609375
0.73828125
0.6181640625
0.5771484375
0.59375
0.6640625
0.763671875
0.6953125
0.943359375
0.7607421875
0.3603515625
0.525390625
0.603515625
0.3525390625
0.4873046875
0.580078125
0.8193359375
0.623046875
0.5498046875
0.787109375
0.818359375
0.5625
0.546875
0.587890625
0.5849609375
0.6962890625
0.8193359375
0.49609375
0.72265625
0.6865234375
0.654296875
0.7041015625
0.689453125
0.5888671875
0.7978515625
0.6591796875
0.61328125
0.603515625
0.919921875
0.775390625
0.810546875
0.75
0.7353515625
0.4755859375
0.7744140625
0.4736328125
0.6435546875
0.8173828125
0.7373046875
0.55859375
0.62109375
0.98828125
0.8154296875
0.5986328125
0.6748046875
0.720703125
0.677734375
0.412109375
0.810546875
0.705078125
0.6787109375
0.7783203125
0.701171875
0.5
0.7421875
0.556640625
0.765625
0.861328125
0.84375
0.5703125
0.4013671875
0.5283203125
0.7578125
0.6591796875
0.7685546875
0.69140625
0.8193359375
0.4169921875
0.8681640625
0.8642578125
0.52734375
0.859375
0.765625
0.8193359375
0.615234375
0.5732421875
0.791015625
0.671875
0.7080078125
0.6015625
0.625
0.7802734375
0.5078125
0.7109375
0.82421875
0.6220703125
0.841796875
0.6796875
0.7001953125
0.4306640625
0.8125
0.6494140625
0.5615234375
0.5517578125
0.515625
0.83203125
0.595703125
0.849609375
0.876953125
0.408203125
0.77734375
0.87890625
0.705078125
0.69140625
0.6845703125
0.6787109375
0.6279296875
0.6396484375
0.51171875
0.537109375
1.0341796875
0.8330078125
1.083984375
0.49609375
0.634765625
0.5517578125
0.640625
0.3564453125
0.7685546875
0.919921875
0.708984375
0.6748046875
0.833984375
0.7314453125
0.595703125
0.77734375
0.84765625
0.5087890625
0.5146484375
0.775390625
0.763671875
0.6845703125
0.7294921875
0.4814453125
0.75390625
0.63671875
0.818359375
0.662109375
0.8349609375
0.8203125
0.5751953125
0.5703125
0.7060546875
0.6064453125
0.5595703125
0.6552734375
0.6572265625
0.642578125
0.7275390625
0.83203125
0.681640625
0.6162109375
0.578125
0.939453125
0.419921875
0.5791015625
0.44140625
0.654296875
0.5400390625
0.73046875
0.6787109375
0.6181640625
0.6171875
0.7578125
0.7626953125
0.599609375
0.712890625
0.48046875
0.6064453125
0.7587890625
0.619140625
0.7177734375
0.7490234375
0.3974609375
0.8544921875
0.7607421875
0.640625
0.90625
0.6103515625
0.673828125
0.8525390625
0.9453125
0.7919921875
0.66015625
0.5517578125
0.66015625
0.978515625
0.6669921875
0.380859375
0.783203125
0.7880859375
0.611328125
0.91796875
0.4833984375
0.4814453125
0.466796875
0.625
0.6318359375
0.8291015625
0.6943359375
0.6611328125
0.6689453125
0.5478515625
0.6787109375
0.5869140625
0.7119140625
0.6611328125
0.75390625
0.7841796875
0.6982421875
0.716796875
0.4951171875
0.9091796875
0.755859375
0.822265625
1.0810546875
0.9072265625
0.7568359375
0.75
0.4609375
0.685546875
0.7001953125
0.8203125
0.34375
0.724609375
0.642578125
0.5458984375
0.6396484375
0.7587890625
0.6630859375
0.6123046875
0.755859375
0.482421875
0.658203125
0.8349609375
0.7841796875
0.7509765625
0.8759765625
0.6025390625
0.5322265625
0.5712890625
0.7626953125
0.7333984375
0.37109375
0.599609375
0.689453125
0.8310546875
0.7705078125
0.5888671875
0.74609375
0.75390625
1.0009765625
0.7744140625
0.6083984375
0.62890625
0.9404296875
0.720703125
0.5302734375
0.6689453125
0.6064453125
0.625
0.8193359375
0.474609375
0.4072265625
0.59375
0.6435546875
0.9716796875
0.890625
0.7607421875
0.86328125
0.8310546875
0.80078125
0.6552734375
0.6708984375
0.5673828125
0.53515625
0.5380859375
0.6728515625
0.65625
0.56640625
0.865234375
0.65625
0.7802734375
0.42578125
0.728515625
0.6435546875
0.7841796875
0.48046875
0.6220703125
0.796875
0.58984375
0.7998046875
0.7685546875
0.728515625
0.6552734375
0.5556640625
0.775390625
0.626953125
0.458984375
0.6201171875
1.0126953125
0.533203125
0.96484375
0.728515625
0.5849609375
0.85546875
0.9853515625
0.72265625
0.6962890625
0.66015625
0.638671875
0.595703125
0.7431640625
0.7421875
0.6162109375
0.39453125
0.802734375
0.7568359375
0.939453125
0.6044921875
0.81640625
0.9228515625
0.615234375
0.703125
0.5556640625
0.3525390625
1.0537109375
0.3837890625
0.8115234375
0.662109375
0.603515625
0.4833984375
0.8212890625
0.82421875
0.693359375
0.68359375
0.6513671875
0.767578125
0.791015625
0.6142578125
0.619140625
0.9091796875
0.7646484375
0.8232421875
0.7939453125
0.869140625
0.8076171875
0.5732421875
0.7275390625
0.755859375
0.7255859375
0.4873046875
0.7138671875
0.671875
0.4296875
0.8544921875
0.6767578125
0.31640625
0.611328125
0.982421875
0.7822265625
0.4599609375
0.701171875
0.857421875
0.6240234375
0.703125
0.5205078125
0.8388671875
0.7021484375
0.6279296875
0.5576171875
0.59765625
0.708984375
0.8798828125
1.01953125
0.6435546875
0.623046875
0.6435546875
0.490234375
0.5322265625
0.79296875
0.474609375
0.587890625
0.732421875
0.82421875
0.5849609375
0.6826171875
0.6171875
0.7890625
0.537109375
0.72265625
0.69921875
0.4345703125
0.6943359375
0.529296875
0.732421875
0.6767578125
0.771484375
0.6611328125
0.6572265625
0.84765625
0.708984375
0.66796875
0.8359375
0.376953125
0.748046875
0.8046875
0.6513671875
0.6962890625
0.66015625
0.8232421875
0.646484375
0.916015625
0.7978515625
0.55859375
0.671875
0.490234375
0.833984375
0.5400390625
0.6357421875
0.7373046875
0.7099609375
0.5615234375
0.6962890625
0.5234375
0.8701171875
0.8173828125
0.7109375
0.3984375
0.7041015625
0.6005859375
0.6259765625
0.4140625
0.50390625
0.7998046875
0.412109375
0.7158203125
0.69140625
0.5849609375
0.8193359375
0.48046875
0.6982421875
0.6767578125
0.5869140625
0.818359375
0.54296875
0.9013671875
0.4091796875
0.50390625
0.6220703125
0.533203125
0.5068359375
0.572265625
0.5703125
0.7099609375
0.69921875
0.876953125
0.6455078125
0.6767578125
0.537109375
0.669921875
0.75390625
0.7353515625
0.802734375
0.45703125
0.9677734375
0.9736328125
0.669921875
0.8046875
0.55078125
0.6455078125
0.9453125
0.484375
0.509765625
0.7490234375
0.4365234375
1.0986328125
0.623046875
0.5341796875
0.5078125
0.607421875
0.6806640625
0.970703125
0.5
0.486328125
0.75390625
0.3994140625
0.7607421875
0.6669921875
0.744140625
0.8779296875
0.779296875
0.439453125
0.669921875
0.97265625
0.2626953125
0.859375
0.8955078125
0.79296875
0.7451171875
0.59765625
0.595703125
0.6953125
0.66796875
0.904296875
0.7353515625
0.3955078125
0.525390625
0.6044921875
0.5244140625
0.5859375
0.7060546875
0.79296875
0.634765625
0.4248046875
0.5283203125
0.650390625
0.3876953125
0.6943359375
0.8203125
0.560546875
0.966796875
0.8232421875
0.482421875
0.7724609375
0.8271484375
0.8154296875
0.7275390625
0.7861328125
0.669921875
0.8828125
0.4384765625
0.982421875
0.8994140625
0.591796875
0.775390625
0.5771484375
0.810546875
0.7275390625
0.7041015625
0.677734375
0.66796875
0.8271484375
0.7470703125
0.9228515625
0.7529296875
0.6328125
0.650390625
0.640625
0.560546875
0.8994140625
0.564453125
0.6748046875
0.658203125
0.5673828125
0.685546875
0.837890625
0.7177734375
0.708984375
0.6328125
0.7890625
0.58203125
0.8642578125
0.6044921875
0.6962890625
0.98046875
0.958984375
0.6865234375
0.6572265625
0.728515625
0.939453125
0.6181640625
0.703125
0.7158203125
0.80859375
0.8271484375
0.6396484375
0.8818359375
0.861328125
0.5908203125
0.654296875
0.5703125
0.5234375
0.7626953125
0.6943359375
0.599609375
0.623046875
0.60546875
0.66796875
0.609375
0.7744140625
0.7822265625
0.712890625
0.51171875
0.7001953125
0.83984375
0.7333984375
0.55859375
0.7451171875
0.798828125
0.8076171875
0.7294921875
0.662109375
0.8125
0.833984375
0.82421875
0.6259765625
0.8056640625
0.833984375
0.4921875
0.609375
0.693359375
0.7841796875
0.80859375
0.6142578125
0.646484375
0.53515625
0.7724609375
0.6494140625
0.2861328125
0.8681640625
0.7900390625
0.427734375
0.8310546875
0.6943359375
0.8603515625
0.6181640625
1.056640625
0.58984375
0.5791015625
0.416015625
0.5693359375
0.5869140625
0.5556640625
0.8251953125
0.7197265625
0.578125
0.8486328125
1.0009765625
0.9150390625
0.921875
0.828125
0.853515625
0.740234375
0.6650390625
0.6181640625
0.6376953125
0.7861328125
0.3740234375
0.65234375
0.470703125
0.482421875
0.6181640625
0.447265625
0.69921875
0.5947265625
0.560546875
0.8916015625
0.74609375
0.615234375
0.5869140625
0.421875
0.5302734375
0.67578125
0.6142578125
1.009765625
0.7919921875
0.6845703125
0.6044921875
0.5087890625
0.544921875
0.7236328125
0.8037109375
0.7880859375
0.294921875
0.701171875
0.45703125
0.3203125
0.66796875
0.787109375
0.7548828125
0.458984375
0.6650390625
0.541015625
0.818359375
0.6435546875
0.7236328125
0.7919921875
1.0458984375
0.916015625
0.806640625
0.7109375
0.7939453125
1.05859375
0.5517578125
0.767578125
0.583984375
0.7158203125
0.8486328125
0.947265625
0.6962890625
0.51171875
0.779296875
0.88671875
0.53125
0.916015625
0.751953125
0.744140625
0.6357421875
0.7578125
0.47265625
0.779296875
0.5458984375
0.560546875
0.7177734375
0.48046875
0.7763671875
1.0107421875
0.4794921875
0.712890625
0.57421875
0.779296875
0.4013671875
0.65234375
0.806640625
0.4853515625
1.0146484375
0.7744140625
0.884765625
0.8984375
0.5244140625
0.8779296875
0.58984375
0.7802734375
0.3330078125
0.669921875
0.7353515625
0.61328125
0.705078125
0.67578125
0.6953125
0.5888671875
0.4970703125
0.634765625
0.7724609375
0.796875
0.80859375
0.716796875
0.794921875
0.3759765625
0.748046875
0.78515625
0.66796875
0.70703125
0.65234375
0.91015625
0.7099609375
0.4443359375
0.9052734375
0.744140625
