1.0654296875
1.0654296875
1.14453125
1.2529296875
1.1083984375
0.9326171875
1.2392578125
0.7919921875
0.67578125
0.9658203125
0.740234375
0.7626953125
0.8173828125
1.0576171875
0.80078125
1.0087890625
1.0107421875
1.1484375
0.822265625
0.82421875
0.892578125
0.8935546875
0.8388671875
1.0966796875
1.0302734375
1.109375
1.0087890625
0.87890625
1.1083984375
1.103515625
0.7138671875
0.841796875
1.037109375
0.685546875
0.8115234375
1.013671875
0.84765625
1.14453125
0.921875
0.9130859375
1.20703125
0.61328125
0.919921875
0.8662109375
0.9814453125
0.9423828125
0.80078125
1.0244140625
1.037109375
0.9482421875
1.0673828125
0.8876953125
1.11328125
0.796875
0.86328125
0.9892578125
0.888671875
1.14453125
0.8935546875
1.115234375
1.13671875
0.712890625
0.8642578125
1.0107421875
0.9345703125
0.7119140625
0.626953125
0.8515625
1.06640625
0.978515625
0.83984375
0.9423828125
1.125
1.0869140625
0.9267578125
1.1015625
0.8203125
0.8466796875
1.0400390625
1.0078125
0.7509765625
0.8408203125
0.69921875
1.1083984375
0.8681640625
0.9453125
0.8447265625
0.791015625
0.8115234375
0.9208984375
0.9892578125
0.7890625
0.783203125
1.1904296875
0.9853515625
0.68359375
1.017578125
0.9765625
0.9248046875
0.6806640625
0.75390625
1.0244140625
1.1650390625
1.1025390625
1.126953125
1.0419921875
0.732421875
0.85546875
1.0859375
1.03515625
0.9091796875
1.0908203125
1.1240234375
0.951171875
0.970703125
0.90234375
0.9013671875
0.87890625
0.98828125
0.8759765625
0.9052734375
0.783203125
0.7958984375
1.16796875
1.1513671875
1.0400390625
0.9130859375
0.751953125
0.98046875
1.0576171875
1.083984375
1.126953125
0.8857421875
0.642578125
0.955078125
0.7626953125
1.0224609375
0.75
0.876953125
0.947265625
1.177734375
0.8232421875
0.7392578125
0.943359375
0.5
0.7822265625
0.966796875
0.8388671875
0.732421875
1.0283203125
0.984375
1.0068359375
1.0078125
1.111328125
0.7998046875
1.06640625
0.97265625
0.896484375
0.9697265625
0.76171875
0.791015625
0.8564453125
1.0224609375
1.06640625
0.7626953125
0.66796875
1.107421875
0.7998046875
0.6826171875
0.787109375
0.974609375
0.8837890625
0.7890625
1.0068359375
0.966796875
0.888671875
0.7314453125
0.96875
0.744140625
0.98046875
0.75
0.931640625
1.1767578125
0.7490234375
1.00390625
1.03515625
1.001953125
0.841796875
0.982421875
0.9658203125
0.673828125
0.751953125
0.9853515625
0.818359375
0.8603515625
1.1171875
0.83984375
0.921875
0.59765625
0.64453125
1.0625
0.7587890625
1.0380859375
1.2236328125
0.9765625
0.6240234375
0.9716796875
1.0517578125
0.970703125
1.1083984375
0.822265625
1.005859375
1.0712890625
0.814453125
0.8720703125
0.8740234375
1.0537109375
0.970703125
0.9013671875
0.8759765625
1.23828125
1.20703125
1.0341796875
0.982421875
0.677734375
0.73046875
1.0947265625
0.759765625
1.140625
0.98046875
0.91796875
0.7724609375
0.7392578125
0.958984375
0.8466796875
0.873046875
0.958984375
0.7353515625
1.224609375
0.716796875
0.6533203125
0.7001953125
0.8525390625
1.39453125
0.9248046875
1.119140625
0.826171875
0.8642578125
0.9765625
1.1123046875
0.822265625
0.80078125
0.9951171875
0.8046875
1.1298828125
1.0849609375
1.0693359375
0.828125
0.943359375
0.822265625
0.8828125
0.7451171875
0.857421875
0.73828125
1.322265625
0.947265625
0.8330078125
0.7353515625
0.802734375
0.705078125
1.0263671875
0.98828125
1.0791015625
0.9951171875
0.822265625
0.8447265625
0.72265625
0.7236328125
0.82421875
1.0908203125
0.8701171875
0.80859375
0.79296875
0.9306640625
0.8837890625
1.0341796875
0.896484375
1.232421875
0.7763671875
1.140625
0.9345703125
1.1962890625
0.73828125
0.6689453125
0.900390625
1.125
0.9140625
0.8720703125
0.916015625
0.845703125
0.82421875
0.8125
0.7802734375
0.884765625
0.916015625
0.8076171875
1.115234375
0.9736328125
1.0341796875
1.3095703125
1.2412109375
1.24609375
1.0107421875
1.0888671875
0.90625
0.673828125
0.8701171875
0.98828125
0.9599609375
0.87109375
0.9755859375
0.9951171875
0.7685546875
1.033203125
1.04296875
0.9267578125
0.9267578125
1.1044921875
1.16015625
0.8984375
1.1259765625
0.9951171875
0.93359375
0.8115234375
0.86328125
0.921875
1.123046875
0.9580078125
1.18359375
0.8994140625
0.7900390625
1.0478515625
0.9833984375
0.7841796875
0.876953125
0.80859375
0.8681640625
0.7705078125
1.0302734375
0.9814453125
0.9248046875
1.052734375
0.7373046875
0.5732421875
1.076171875
1.0732421875
0.8916015625
0.86328125
0.826171875
1.0205078125
0.87109375
0.978515625
0.95703125
0.779296875
1.1455078125
1.1689453125
0.779296875
0.6875
0.8564453125
0.9384765625
1.119140625
1.0693359375
1.0859375
0.8369140625
0.6923828125
0.6328125
1.0048828125
0.7490234375
1.0029296875
0.7373046875
1.10546875
0.990234375
0.8076171875
0.9765625
0.783203125
0.5693359375
0.96484375
0.9755859375
0.8212890625
0.84375
0.9951171875
1.0859375
0.9619140625
0.990234375
0.7509765625
0.654296875
0.7783203125
0.9560546875
0.8203125
0.7353515625
0.8046875
0.9267578125
0.8720703125
1.0927734375
1.0869140625
1.005859375
1.091796875
1.171875
1.099609375
1.072265625
0.7939453125
0.802734375
0.8896484375
0.7822265625
0.8330078125
1.046875
1.10546875
0.9423828125
1.142578125
1.2158203125
0.908203125
0.828125
1.001953125
0.8544921875
0.9677734375
0.685546875
1.1298828125
0.9150390625
0.7998046875
0.86328125
0.6142578125
0.78125
0.875
1.197265625
0.8349609375
1.0302734375
0.921875
1.03515625
0.74609375
0.9013671875
0.78125
0.966796875
0.9775390625
0.939453125
0.9609375
0.970703125
0.65625
1.0869140625
1.505859375
1.0888671875
1.0634765625
0.8408203125
0.685546875
0.9658203125
0.517578125
0.6103515625
1.0439453125
0.9716796875
0.638671875
0.9794921875
0.8759765625
0.8896484375
0.8583984375
0.767578125
0.8828125
1.05078125
1.0166015625
0.931640625
1.4267578125
0.8994140625
0.8779296875
0.958984375
0.5556640625
0.908203125
0.9853515625
1.005859375
0.8330078125
0.6259765625
1.1142578125
1.10546875
0.9267578125
0.841796875
0.931640625
1.03125
1.0732421875
0.9970703125
0.7607421875
0.87890625
0.951171875
0.8642578125
0.9501953125
1.111328125
1.0302734375
1.1630859375
0.6826171875
0.91015625
0.7353515625
1.115234375
0.8017578125
0.900390625
0.994140625
0.8896484375
0.6962890625
1.23828125
1.2529296875
1.0048828125
0.685546875
0.8740234375
0.8583984375
1.025390625
1.076171875
0.7451171875
0.9296875
0.83203125
0.6826171875
0.857421875
0.7373046875
0.8779296875
0.9150390625
1.244140625
1.044921875
0.8544921875
0.8349609375
0.6923828125
1.1201171875
1.0908203125
0.96484375
0.7451171875
1.0771484375
1.095703125
1.0302734375
1.0341796875
0.8349609375
0.9306640625
0.830078125
0.8115234375
0.6533203125
1.169921875
0.859375
0.96484375
0.78515625
1.2236328125
1.0380859375
0.8583984375
0.9326171875
0.919921875
0.8623046875
0.673828125
1.091796875
0.9296875
0.763671875
0.78125
1.009765625
1.173828125
1.1982421875
0.7470703125
0.880859375
1.08203125
0.7509765625
1.33203125
0.857421875
1.0751953125
0.8681640625
1.0322265625
0.9423828125
1.44140625
0.9130859375
1.05078125
0.990234375
0.8984375
0.728515625
0.7998046875
1.05859375
1.0693359375
0.9970703125
1.18359375
0.982421875
1.0615234375
0.6953125
0.927734375
0.8701171875
1.2490234375
0.80078125
1.0908203125
0.6669921875
0.9560546875
0.822265625
0.9130859375
0.6533203125
1.021484375
1.0087890625
1.0205078125
0.9931640625
1.0341796875
1.123046875
0.8974609375
0.85546875
0.9677734375
0.9912109375
1.0595703125
1.275390625
0.8125
0.8798828125
0.9228515625
0.875
0.916015625
0.9111328125
0.97265625
1.2119140625
0.978515625
0.9345703125
1.125
1.0537109375
0.9287109375
1.130859375
1.0224609375
1.001953125
1.1748046875
0.7080078125
1.2138671875
0.9140625
1.1728515625
0.9599609375
0.9912109375
1.0068359375
0.8212890625
0.935546875
0.734375
0.7998046875
0.9443359375
1.0654296875
0.8330078125
1.05859375
0.9296875
0.9775390625
1.1025390625
0.8173828125
0.822265625
0.9462890625
1.1279296875
0.833984375
0.8984375
0.740234375
1.0009765625
0.97265625
1.0390625
1.0615234375
0.82421875
0.7392578125
0.7958984375
0.9296875
0.61328125
0.9306640625
0.880859375
0.873046875
0.734375
0.8916015625
0.96484375
1.0263671875
0.791015625
1.205078125
1.05078125
0.9404296875
0.75
0.7001953125
1.125
1.060546875
0.95703125
0.8046875
1.203125
0.7763671875
1.0576171875
1.12890625
1.150390625
1.078125
0.849609375
1.0390625
0.8759765625
0.8994140625
0.87109375
0.7431640625
1.1826171875
0.966796875
1.3779296875
1.0234375
0.7578125
0.744140625
0.6533203125
1.0478515625
0.986328125
0.9326171875
0.89453125
0.8828125
0.779296875
0.88671875
1.1416015625
1.46484375
0.853515625
0.857421875
1.291015625
0.796875
1.1015625
0.7021484375
1.0908203125
0.85546875
0.7353515625
1.1181640625
0.748046875
1.08203125
0.9541015625
0.8369140625
1.005859375
0.81640625
0.8837890625
1.2138671875
0.95703125
0.84375
1.166015625
1.06640625
1.068359375
0.998046875
1.10546875
0.9306640625
1.1083984375
0.8857421875
1.2470703125
1.0224609375
0.98828125
0.978515625
1.0205078125
0.9873046875
0.8359375
0.775390625
0.935546875
1.0224609375
0.7734375
0.6103515625
0.712890625
0.9345703125
0.9794921875
1.0791015625
0.9140625
0.845703125
0.880859375
0.951171875
0.95703125
0.9521484375
1.0234375
0.9384765625
1.421875
0.9013671875
0.98046875
1.345703125
0.8447265625
0.75390625
0.6796875
1.1953125
0.8056640625
0.841796875
0.916015625
1.0947265625
0.9833984375
0.8212890625
0.8125
0.853515625
0.841796875
0.6943359375
0.986328125
1.12109375
1.1650390625
0.6474609375
0.912109375
1.0361328125
0.9990234375
0.73046875
0.87109375
0.9609375
0.9873046875
0.716796875
0.7275390625
1.2509765625
1.0
0.6484375
0.85546875
0.8896484375
0.9423828125
1.060546875
1.060546875
0.7529296875
0.826171875
1.056640625
0.83203125
0.9765625
1.32421875
