1.01953125
1.01953125
1.01953125
1.01953125
1.01953125
1.01953125
1.01953125
0.9365234375
0.6494140625
0.7744140625
0.7060546875
0.7744140625
0.833984375
0.8349609375
0.7177734375
0.8623046875
0.9404296875
0.6953125
0.685546875
0.810546875
0.728515625
0.80859375
0.9921875
1.04296875
1.005859375
0.6845703125
0.857421875
0.8291015625
1.0439453125
0.8759765625
0.765625
0.634765625
0.896484375
0.537109375
0.837890625
0.806640625
0.7958984375
0.84375
0.84765625
0.818359375
0.8896484375
0.9658203125
0.9345703125
0.7177734375
0.9990234375
0.9921875
0.681640625
1.0029296875
0.7666015625
0.732421875
0.7744140625
0.7822265625
1.00390625
0.99609375
0.939453125
0.8369140625
0.8955078125
0.8154296875
0.8544921875
0.990234375
0.689453125
0.9462890625
1.0234375
0.7119140625
1.0849609375
0.6337890625
0.9111328125
0.6533203125
0.9638671875
0.9033203125
0.6875
0.73828125
0.9033203125
0.736328125
0.78515625
0.916015625
0.7548828125
0.6611328125
0.9658203125
0.8857421875
0.6650390625
1.1435546875
0.7412109375
0.7080078125
0.775390625
0.8798828125
1.0234375
0.8037109375
0.7666015625
0.9306640625
0.6640625
0.83984375
0.927734375
0.8173828125
0.8330078125
0.955078125
0.8564453125
0.6357421875
0.7294921875
0.9892578125
0.775390625
1.0732421875
0.7685546875
0.9375
0.9951171875
0.6435546875
0.8095703125
0.603515625
0.546875
0.9677734375
0.69921875
1.0029296875
1.0107421875
0.783203125
1.0595703125
0.9306640625
0.9248046875
1.0068359375
0.89453125
0.7255859375
0.8974609375
1.0205078125
1.0068359375
0.97265625
1.0087890625
0.8935546875
0.771484375
0.791015625
0.916015625
1.0546875
0.849609375
0.951171875
1.0283203125
0.876953125
0.775390625
0.728515625
1.21875
1.0625
0.9296875
0.7255859375
0.990234375
0.8642578125
0.9873046875
0.9677734375
1.0439453125
0.7158203125
0.96875
0.6669921875
0.96484375
0.609375
0.9033203125
0.71484375
0.787109375
0.8642578125
1.1796875
0.765625
0.8974609375
0.83203125
0.6572265625
0.7783203125
0.8212890625
1.16015625
1.0
1.09765625
0.8359375
0.830078125
0.8525390625
0.9375
0.6083984375
0.9853515625
0.791015625
0.75
0.9091796875
0.8310546875
1.1142578125
0.697265625
0.68359375
0.91015625
1.0234375
0.6982421875
0.7841796875
0.6806640625
0.75390625
0.7177734375
0.7958984375
0.744140625
1.021484375
0.8330078125
0.779296875
0.669921875
1.0439453125
1.0615234375
0.7958984375
1.0009765625
0.9736328125
0.9853515625
0.55859375
0.814453125
1.0009765625
0.77734375
0.9638671875
0.943359375
0.916015625
0.7841796875
0.8359375
0.7548828125
0.94921875
0.689453125
0.755859375
0.859375
0.8525390625
0.984375
0.837890625
1.001953125
0.7216796875
0.79296875
0.7294921875
0.916015625
0.9853515625
0.7548828125
0.8486328125
0.919921875
1.02734375
0.861328125
0.966796875
0.6875
0.755859375
0.921875
0.9677734375
0.892578125
1.0556640625
1.001953125
0.6181640625
1.0
0.76953125
1.0390625
1.0615234375
0.8759765625
0.9453125
0.7734375
0.8779296875
0.814453125
0.7578125
0.908203125
0.8515625
0.9443359375
0.873046875
0.623046875
0.95703125
0.8037109375
0.912109375
0.857421875
0.822265625
0.9794921875
0.8857421875
1.0615234375
0.83984375
0.7978515625
0.8212890625
0.8173828125
0.8515625
0.701171875
0.7412109375
0.75390625
0.7216796875
1.0107421875
0.794921875
0.810546875
1.0947265625
0.8388671875
0.931640625
0.5859375
0.8193359375
1.3330078125
0.7421875
0.9521484375
0.7705078125
0.984375
0.662109375
0.890625
0.7158203125
0.7607421875
0.923828125
0.673828125
0.9228515625
0.865234375
1.0
1.146484375
1.0986328125
0.8271484375
0.9111328125
1.0791015625
0.951171875
0.77734375
0.8134765625
1.0302734375
0.896484375
0.6435546875
0.9267578125
0.91015625
0.9208984375
0.7880859375
1.01171875
1.076171875
0.7421875
1.1181640625
0.865234375
0.8486328125
0.8896484375
1.080078125
1.0908203125
0.765625
0.9814453125
0.9951171875
0.9267578125
0.4404296875
0.7392578125
0.638671875
1.0888671875
0.7529296875
0.7294921875
0.5625
0.7646484375
0.908203125
0.5771484375
0.7548828125
0.826171875
1.033203125
1.0947265625
0.943359375
1.017578125
0.7685546875
0.9853515625
0.7421875
0.6064453125
1.044921875
0.5595703125
0.8896484375
0.892578125
1.0009765625
1.025390625
1.01171875
1.0048828125
0.970703125
0.6591796875
0.90625
0.908203125
1.1767578125
0.763671875
0.8896484375
0.7939453125
0.8408203125
0.4248046875
0.8837890625
0.74609375
0.4931640625
0.8212890625
0.9765625
1.0673828125
0.7568359375
0.599609375
1.0390625
0.8466796875
1.1689453125
1.0146484375
0.908203125
1.2177734375
0.7900390625
0.6328125
0.8486328125
0.6865234375
0.5615234375
0.7890625
0.9326171875
0.8251953125
0.5966796875
0.9306640625
0.8203125
1.076171875
0.8837890625
0.9970703125
0.8837890625
0.6337890625
0.7373046875
0.8935546875
0.6826171875
0.859375
0.7353515625
0.9853515625
0.7744140625
0.9228515625
0.7470703125
0.802734375
0.8642578125
0.8671875
1.056640625
0.876953125
0.951171875
0.9775390625
0.98828125
0.990234375
1.08984375
0.80859375
0.6689453125
0.6689453125
0.6318359375
1.015625
0.9384765625
0.884765625
0.8759765625
0.724609375
1.03125
0.6181640625
1.0673828125
0.912109375
0.8671875
0.9609375
1.017578125
0.8974609375
0.6240234375
0.982421875
1.029296875
0.8740234375
0.9619140625
0.9189453125
0.95703125
0.8486328125
0.625
0.91796875
0.7744140625
0.6455078125
0.7578125
0.90234375
1.0869140625
0.7646484375
0.9814453125
0.9306640625
0.9453125
0.8623046875
1.2021484375
0.654296875
0.9111328125
0.798828125
0.630859375
1.0654296875
0.5947265625
1.12890625
0.646484375
0.75
0.7431640625
0.58984375
0.998046875
0.8447265625
0.939453125
0.7861328125
0.8115234375
0.9931640625
1.009765625
0.974609375
0.8193359375
0.8603515625
0.794921875
0.853515625
1.017578125
0.505859375
0.6767578125
1.0009765625
0.7236328125
0.904296875
0.91796875
0.7109375
0.921875
0.673828125
1.06640625
1.126953125
0.873046875
0.9599609375
0.8603515625
1.06640625
1.0146484375
1.28125
0.876953125
0.9169921875
0.7880859375
0.77734375
0.876953125
0.8896484375
0.8251953125
1.08203125
0.9580078125
1.0390625
0.81640625
1.0771484375
0.787109375
0.8349609375
1.1240234375
0.8076171875
0.8291015625
0.875
0.69921875
0.9111328125
1.03125
0.84765625
0.9462890625
0.9599609375
0.8515625
1.0419921875
0.9658203125
1.005859375
0.78515625
0.984375
0.8173828125
0.759765625
0.8515625
0.8798828125
0.9638671875
0.845703125
0.814453125
0.9140625
0.5009765625
0.890625
0.8427734375
1.1005859375
0.875
1.01171875
0.6572265625
0.91796875
0.841796875
0.9306640625
0.935546875
1.091796875
1.037109375
0.818359375
0.8837890625
0.546875
0.7548828125
0.75390625
0.9736328125
0.9111328125
0.8798828125
0.8251953125
0.892578125
0.8154296875
0.888671875
0.6162109375
1.03125
1.189453125
0.701171875
0.7626953125
0.6884765625
0.7294921875
0.8408203125
1.24609375
0.9140625
0.90234375
1.0751953125
0.8427734375
0.8974609375
0.974609375
0.845703125
0.7900390625
0.7763671875
0.580078125
1.0302734375
0.759765625
0.671875
0.9716796875
0.775390625
0.720703125
1.115234375
0.9033203125
0.8203125
0.8505859375
0.861328125
0.853515625
0.798828125
0.845703125
0.8212890625
1.07421875
1.0947265625
0.955078125
0.552734375
0.6572265625
0.9013671875
0.8662109375
1.083984375
0.65234375
0.8486328125
1.1513671875
0.7978515625
0.9873046875
0.9248046875
0.9150390625
1.01953125
0.9296875
0.8408203125
0.828125
0.5107421875
1.0361328125
0.6298828125
0.943359375
0.84765625
1.0107421875
0.7490234375
0.849609375
1.0302734375
0.8896484375
0.962890625
0.8447265625
0.953125
1.1279296875
0.8603515625
0.916015625
0.505859375
0.6494140625
0.80078125
0.9169921875
1.103515625
0.775390625
0.6513671875
0.861328125
0.8740234375
0.61328125
0.77734375
0.990234375
0.6689453125
1.1171875
0.921875
1.0478515625
0.92578125
1.0498046875
0.7802734375
0.9248046875
0.8125
0.8212890625
0.9423828125
0.861328125
0.91796875
1.0126953125
0.7470703125
1.1259765625
0.80859375
0.740234375
0.9482421875
0.9775390625
1.103515625
0.90234375
0.9833984375
1.0888671875
1.1298828125
0.53515625
0.9111328125
0.865234375
1.0107421875
0.79296875
0.8916015625
0.8447265625
1.0224609375
0.6845703125
0.572265625
0.736328125
1.001953125
0.5107421875
0.875
0.8876953125
0.740234375
0.9189453125
1.173828125
0.8623046875
0.8740234375
0.8701171875
0.6533203125
0.888671875
0.9375
0.978515625
1.0537109375
0.8974609375
0.61328125
0.8056640625
0.845703125
0.771484375
0.6728515625
0.8994140625
0.8505859375
1.0439453125
0.96484375
1.271484375
0.939453125
0.734375
0.76171875
0.8408203125
0.921875
0.9638671875
0.6279296875
0.8623046875
0.9072265625
1.0234375
0.76171875
1.0146484375
0.6923828125
0.880859375
0.763671875
1.017578125
0.9462890625
0.86328125
0.787109375
1.0537109375
0.8994140625
0.90625
0.67578125
0.7744140625
1.1005859375
0.8671875
0.9921875
1.0517578125
0.83984375
0.818359375
0.9794921875
0.5556640625
0.951171875
0.8408203125
1.0107421875
0.8125
0.904296875
0.724609375
1.0830078125
0.9375
0.875
0.90625
0.640625
0.8369140625
0.953125
0.775390625
1.0908203125
0.876953125
0.7822265625
0.5830078125
1.0087890625
1.146484375
1.236328125
0.73046875
0.619140625
0.9970703125
0.95703125
1.0576171875
0.83984375
0.783203125
0.841796875
0.8984375
0.7421875
0.8115234375
0.822265625
0.7890625
0.81640625
0.7001953125
0.85546875
1.1376953125
1.046875
0.6884765625
0.70703125
0.8974609375
0.748046875
1.09765625
0.9404296875
0.751953125
0.8564453125
0.6796875
0.7646484375
0.767578125
0.7890625
1.0361328125
0.9228515625
1.1923828125
0.7568359375
0.6865234375
1.1298828125
0.7529296875
0.96875
1.1181640625
0.9443359375
1.015625
1.111328125
0.8740234375
0.8525390625
1.04296875
0.7880859375
0.84375
0.95703125
0.798828125
0.7841796875
0.9765625
1.251953125
0.7763671875
0.7783203125
0.7822265625
0.880859375
0.841796875
0.8740234375
0.5791015625
0.5478515625
0.78125
0.958984375
0.7880859375
0.9501953125
0.5849609375
0.677734375
0.97265625
0.88671875
0.931640625
0.7314453125
0.962890625
1.013671875
0.7802734375
0.6748046875
0.8056640625
0.8681640625
0.8740234375
0.6455078125
0.935546875
0.9990234375
0.611328125
0.7978515625
1.0224609375
0.97265625
0.966796875
0.939453125
0.814453125
0.7373046875
1.01953125
0.7626953125
1.052734375
1.0048828125
0.7529296875
0.7490234375
0.8330078125
0.736328125
0.8779296875
0.7119140625
0.755859375
1.0986328125
0.7353515625
0.8125
0.7314453125
0.9404296875
0.9931640625
0.814453125
0.7158203125
1.1943359375
1.0439453125
0.734375
0.92578125
0.94140625
0.783203125
0.6787109375
0.634765625
1.041015625
1.0107421875
0.921875
0.94140625
0.77734375
0.689453125
0.8271484375
0.9580078125
0.89453125
0.796875
0.8671875
0.63671875
0.8974609375
0.5078125
0.73828125
0.666015625
0.865234375
0.763671875
