4.224609375
4.224609375
4.224609375
4.224609375
4.271484375
4.18017578125
4.016845703125
4.27490234375
4.422607421875
4.243896484375
4.4814453125
4.609619140625
4.282958984375
4.117431640625
4.311767578125
4.384033203125
3.9921875
4.092529296875
4.1806640625
4.256591796875
4.2021484375
4.394775390625
4.412841796875
4.228271484375
4.357177734375
4.474609375
4.741455078125
4.376708984375
4.34326171875
4.37841796875
3.936767578125
4.126953125
4.5205078125
4.213623046875
4.2138671875
4.1875
4.25439453125
4.27099609375
4.180419921875
4.4404296875
4.166259765625
4.46728515625
4.5078125
4.597412109375
4.3359375
4.10009765625
4.369140625
4.465576171875
4.41845703125
4.3525390625
4.28125
4.191162109375
4.3837890625
4.426025390625
4.375244140625
4.317626953125
4.490234375
4.094482421875
4.232666015625
4.043212890625
4.556640625
4.6171875
4.177978515625
4.022705078125
4.093994140625
4.413818359375
4.12158203125
4.4560546875
4.09716796875
4.12646484375
4.038330078125
4.07958984375
4.313720703125
4.125732421875
4.25927734375
4.551025390625
4.21826171875
4.45458984375
4.361328125
4.371337890625
3.895263671875
4.206787109375
4.421630859375
4.141845703125
4.3603515625
4.6435546875
4.596435546875
4.482421875
4.178955078125
4.233642578125
3.784423828125
4.21826171875
4.571044921875
4.7470703125
3.92626953125
4.421630859375
4.0078125
4.3427734375
4.686767578125
4.251953125
3.96533203125
4.048095703125
4.69775390625
4.41064453125
3.923095703125
4.609130859375
4.2353515625
4.41015625
4.049560546875
4.310302734375
4.117919921875
4.440673828125
4.35791015625
4.422607421875
4.250244140625
4.213134765625
4.245361328125
4.408447265625
4.102783203125
4.038330078125
4.353271484375
4.36572265625
4.239501953125
4.28564453125
4.404052734375
4.36962890625
4.4755859375
3.91748046875
4.464111328125
4.281494140625
4.126220703125
4.281494140625
4.364501953125
4.203125
4.3486328125
4.464599609375
4.319091796875
4.04296875
4.5625
3.95947265625
4.431396484375
4.09814453125
4.078369140625
4.072021484375
3.86474609375
4.270263671875
4.310791015625
4.473388671875
4.00927734375
4.2900390625
4.516845703125
4.5166015625
4.286865234375
3.93505859375
4.397216796875
3.9814453125
4.1201171875
4.348388671875
4.47705078125
4.328369140625
4.37109375
4.150390625
4.402099609375
4.42724609375
4.580810546875
4.56201171875
4.127685546875
4.261962890625
4.367431640625
4.5693359375
4.48974609375
4.412109375
4.276611328125
4.192626953125
4.113037109375
4.1728515625
4.2734375
4.344482421875
4.142333984375
4.37255859375
4.232666015625
4.4765625
3.938232421875
4.10595703125
4.04638671875
4.57373046875
4.343017578125
4.26611328125
4.48583984375
4.68798828125
4.5654296875
4.021728515625
4.200439453125
4.187255859375
4.421142578125
4.231201171875
4.2490234375
4.270751953125
4.1689453125
4.42138671875
3.979736328125
4.633056640625
4.220458984375
4.380859375
4.13916015625
3.9658203125
4.49755859375
4.160888671875
4.51318359375
4.060791015625
3.802001953125
4.463623046875
4.372802734375
4.377197265625
4.3955078125
4.39794921875
4.3642578125
4.15087890625
4.20361328125
4.29248046875
4.356689453125
4.542724609375
4.625732421875
4.3662109375
3.826171875
4.381591796875
4.407470703125
4.590087890625
4.083740234375
4.28515625
4.122314453125
4.443115234375
4.455810546875
4.254150390625
4.28955078125
4.4130859375
4.039306640625
4.23095703125
4.296630859375
4.625732421875
4.435791015625
4.1904296875
4.20166015625
4.12841796875
4.22021484375
4.48193359375
4.379638671875
4.745361328125
4.678466796875
4.218017578125
4.178466796875
4.431884765625
4.673583984375
4.251953125
4.46240234375
4.58349609375
4.350341796875
4.324462890625
4.3349609375
4.0830078125
4.595703125
4.32177734375
4.232421875
4.260009765625
4.18994140625
4.3857421875
4.38232421875
4.175048828125
4.597900390625
4.54150390625
4.712158203125
4.224365234375
4.2509765625
4.455810546875
4.25341796875
4.527587890625
4.091064453125
4.39453125
4.193359375
4.207275390625
4.433837890625
4.7841796875
4.050537109375
4.708984375
4.2294921875
4.287109375
4.12744140625
4.710205078125
4.456787109375
4.26025390625
4.259033203125
4.195556640625
4.122314453125
4.287109375
4.037841796875
4.536376953125
4.315185546875
4.5546875
4.21435546875
4.368896484375
4.186279296875
4.187744140625
4.598388671875
4.4609375
4.4990234375
4.170654296875
4.35107421875
4.3994140625
4.22412109375
4.19384765625
4.227783203125
3.96826171875
4.162841796875
4.35693359375
4.615966796875
4.667724609375
4.40869140625
4.4150390625
4.626220703125
4.2373046875
4.43017578125
4.120361328125
4.485107421875
4.4853515625
4.2890625
4.09033203125
4.03857421875
4.194580078125
4.134033203125
4.07373046875
4.07861328125
4.0576171875
4.380126953125
4.0029296875
3.974609375
4.74609375
4.708984375
4.54931640625
4.271240234375
4.301513671875
4.43994140625
4.3828125
4.347412109375
4.13623046875
4.4384765625
4.439208984375
4.459716796875
4.15625
4.156005859375
3.919921875
4.1552734375
4.253173828125
4.37158203125
4.308349609375
4.177001953125
4.50732421875
4.44873046875
4.07763671875
4.310546875
4.53662109375
4.790771484375
4.107177734375
4.2724609375
4.40283203125
4.39794921875
4.47998046875
4.676513671875
4.1669921875
4.32080078125
4.83837890625
4.025634765625
4.2646484375
4.48681640625
4.03564453125
4.076904296875
4.505615234375
3.963134765625
4.759521484375
4.231689453125
4.5546875
4.186767578125
4.15673828125
4.582763671875
4.2998046875
4.46630859375
4.22509765625
4.099853515625
4.665283203125
4.316650390625
4.489501953125
3.831298828125
4.14794921875
4.168701171875
4.217529296875
4.00439453125
4.5380859375
4.58984375
4.29296875
4.2060546875
4.39111328125
4.33203125
4.168212890625
4.2109375
4.23193359375
4.195556640625
4.234375
4.205810546875
4.098388671875
4.45751953125
4.3525390625
4.49462890625
4.1943359375
4.227294921875
4.245361328125
4.35546875
3.938232421875
4.29736328125
4.414794921875
4.4130859375
4.13330078125
4.209716796875
4.039306640625
4.68798828125
4.59326171875
3.996826171875
4.3876953125
3.8505859375
4.42431640625
4.257568359375
4.106201171875
4.59521484375
4.296630859375
4.19775390625
4.439697265625
4.423095703125
4.2998046875
4.643798828125
4.304443359375
4.31005859375
4.623046875
3.960205078125
4.260498046875
4.166259765625
4.213623046875
4.360107421875
4.5283203125
4.531494140625
4.28662109375
4.20751953125
3.828369140625
4.278564453125
4.35546875
4.244140625
4.250732421875
4.35791015625
4.08056640625
4.219482421875
4.373779296875
4.19970703125
4.06982421875
3.899169921875
4.5732421875
4.402587890625
4.52197265625
4.347412109375
4.196533203125
4.64990234375
4.19873046875
4.515869140625
4.050048828125
4.305908203125
4.878173828125
4.114501953125
4.5380859375
4.122802734375
4.3173828125
4.369140625
4.375244140625
4.27294921875
4.07470703125
4.230712890625
4.34033203125
4.253173828125
4.177978515625
4.6474609375
4.708984375
4.1806640625
4.491455078125
4.5498046875
4.310302734375
4.21923828125
4.3427734375
4.597412109375
4.374267578125
3.908203125
4.330078125
4.222412109375
3.938720703125
4.39013671875
4.427490234375
4.1943359375
4.141357421875
4.310791015625
4.553955078125
3.7294921875
4.4306640625
4.406982421875
4.343017578125
4.3896484375
4.294677734375
4.181640625
4.216552734375
4.15966796875
4.064208984375
4.83203125
4.505615234375
4.004638671875
4.3642578125
4.200927734375
4.158935546875
4.306884765625
4.671630859375
4.385498046875
4.531982421875
4.6103515625
4.13427734375
4.268798828125
4.745849609375
4.4892578125
4.036376953125
4.441162109375
4.460693359375
4.348388671875
4.652587890625
4.4072265625
3.637451171875
4.42138671875
4.4833984375
4.14794921875
4.022216796875
4.096923828125
4.330078125
4.205322265625
3.983154296875
4.628173828125
4.664794921875
4.40087890625
4.4140625
4.21142578125
4.214111328125
4.2265625
4.16943359375
4.454345703125
4.201904296875
4.404541015625
4.306884765625
4.236328125
4.105712890625
4.2607421875
4.317626953125
4.228515625
3.761962890625
4.033203125
4.549072265625
4.3115234375
4.193603515625
4.158935546875
4.0322265625
4.10888671875
4.366943359375
4.520751953125
4.434326171875
3.81640625
4.803466796875
4.49853515625
4.296875
4.378662109375
4.244873046875
4.31201171875
4.206298828125
4.48974609375
4.203857421875
4.331787109375
4.49072265625
4.16357421875
4.618896484375
4.260498046875
4.023681640625
4.149169921875
4.51318359375
4.243896484375
4.4716796875
3.938720703125
3.87109375
4.205322265625
4.13916015625
4.033935546875
4.5791015625
4.41748046875
4.3798828125
4.376708984375
4.513671875
4.43505859375
4.6044921875
4.615478515625
4.353515625
4.08740234375
4.278076171875
4.247802734375
4.485595703125
3.955322265625
4.040771484375
4.470703125
4.445068359375
4.36767578125
4.253173828125
4.466064453125
4.3251953125
4.32177734375
4.451904296875
3.977783203125
4.2763671875
4.212890625
4.4267578125
4.070556640625
4.350830078125
4.15771484375
4.589111328125
3.97705078125
4.689697265625
4.373779296875
4.23095703125
4.3037109375
3.7978515625
4.089111328125
4.44921875
4.46923828125
4.310302734375
4.498779296875
4.462158203125
4.265869140625
4.22998046875
4.336669921875
4.426025390625
4.39013671875
4.49072265625
3.952880859375
4.494873046875
4.172607421875
4.582275390625
4.191162109375
4.176025390625
4.314453125
4.43994140625
4.553466796875
3.949951171875
4.16845703125
3.7041015625
4.236328125
4.264892578125
4.333740234375
4.092529296875
4.190185546875
4.2763671875
4.099609375
4.391357421875
4.406982421875
4.43896484375
4.5693359375
3.989501953125
4.4560546875
4.015625
4.585693359375
4.21826171875
4.55615234375
4.49462890625
4.873291015625
4.1533203125
4.263916015625
4.361328125
4.16064453125
4.19091796875
3.911865234375
4.698486328125
4.14111328125
4.4326171875
3.983642578125
4.171142578125
4.6376953125
4.305419921875
4.176025390625
4.26904296875
4.049072265625
4.246826171875
4.48974609375
4.194091796875
4.074462890625
3.896484375
4.141845703125
4.477783203125
4.345458984375
4.339111328125
4.1806640625
4.305908203125
4.618408203125
4.48779296875
4.338623046875
4.1611328125
4.248291015625
4.293212890625
4.590576171875
4.064208984375
4.28662109375
4.337646484375
4.05419921875
4.53369140625
4.6494140625
4.30615234375
4.219970703125
4.592529296875
4.489501953125
4.311279296875
4.434814453125
4.441162109375
4.3798828125
4.228271484375
4.636474609375
4.591064453125
4.03564453125
3.976806640625
4.600830078125
4.072021484375
4.5048828125
4.44140625
4.158447265625
4.5224609375
4.104248046875
4.56298828125
4.08984375
4.46484375
4.08251953125
4.10107421875
4.270263671875
4.0224609375
4.229248046875
4.257080078125
4.39501953125
4.175048828125
4.0234375
4.215576171875
4.056640625
4.1240234375
4.126953125
4.506103515625
4.315185546875
4.1455078125
4.423583984375
4.138916015625
3.990966796875
4.062255859375
4.202392578125
4.116455078125
4.07958984375
4.1953125
4.304931640625
4.353759765625
4.4501953125
4.719482421875
4.36572265625
4.185546875
3.919189453125
4.177490234375
4.199951171875
4.2998046875
4.231201171875
4.384521484375
4.147705078125
4.021240234375
4.203857421875
4.201171875
4.0888671875
4.1279296875
4.218505859375
4.498046875
4.35595703125
4.07177734375
4.19287109375
4.13232421875
4.3701171875
4.328125
4.330810546875
4.6982421875
4.502197265625
4.554931640625
4.36572265625
4.4541015625
4.18212890625
4.115966796875
4.40673828125
4.505126953125
4.163818359375
4.201904296875
4.301513671875
4.0966796875
4.24365234375
4.2275390625
4.431884765625
4.289306640625
4.783203125
4.7099609375
4.12451171875
4.25439453125
4.44189453125
4.116943359375
4.35546875
4.536865234375
4.3037109375
4.45751953125
4.22900390625
4.4326171875
4.357421875
4.111328125
4.250244140625
4.407958984375
3.79052734375
4.269287109375
4.395263671875
4.326171875
4.60595703125
4.57861328125
4.5703125
4.559814453125
4.728759765625
4.425537109375
4.391845703125
4.565673828125
4.30810546875
4.05712890625
4.48486328125
4.169677734375
4.15478515625
4.707763671875
3.99853515625
4.21875
4.397216796875
4.0791015625
4.300048828125
4.41650390625
4.1845703125
4.331298828125
4.360107421875
4.27294921875
4.27734375
4.47705078125
4.272216796875
4.479736328125
3.9267578125
4.46533203125
4.197998046875
4.222900390625
4.498779296875
4.524169921875
4.3330078125
3.864013671875
4.350830078125
4.025146484375
4.40576171875
4.23876953125
4.4775390625
4.44921875
4.229248046875
3.95703125
4.267578125
4.3505859375
4.196044921875
3.826904296875
3.759521484375
4.3740234375
4.247314453125
4.21728515625
4.407958984375
4.272216796875
3.947998046875
4.343505859375
4.200439453125
4.45703125
4.4814453125
4.2236328125
4.365234375
4.0576171875
4.452392578125
4.400146484375
4.4306640625
4.427490234375
4.379150390625
4.205322265625
4.3818359375
4.216796875
4.652587890625
4.253173828125
4.226318359375
4.08740234375
4.31591796875
4.700439453125
4.162841796875
4.484619140625
4.23681640625
4.48681640625
4.39208984375
4.289794921875
4.565185546875
4.329345703125
4.22412109375
4.17041015625
4.35205078125
4.313720703125
4.215087890625
4.349365234375
4.454833984375
4.19873046875
4.26123046875
4.103759765625
4.370361328125
4.346435546875
4.31298828125
4.208740234375
4.221435546875
4.37158203125
4.358642578125
4.333251953125
4.203369140625
4.562744140625
4.557861328125
4.470703125
4.08251953125
4.21923828125
4.01318359375
4.342041015625
4.197509765625
4.132568359375
4.11181640625
4.1416015625
4.189453125
4.2392578125
4.341064453125
4.44775390625
4.5908203125
4.361572265625
4.24267578125
4.5712890625
4.19482421875
4.3193359375
4.27099609375
4.46044921875
4.636962890625
4.153564453125
4.403564453125
3.90576171875
4.417236328125
4.038818359375
4.443359375
3.839599609375
4.5048828125
4.256591796875
4.110595703125
4.4677734375
4.187255859375
4.233642578125
4.298095703125
4.172607421875
4.12255859375
3.89892578125
4.576171875
4.231689453125
4.051513671875
