3.630126953125
3.439453125
3.546142578125
3.95947265625
3.74755859375
3.885498046875
3.808837890625
3.8212890625
3.760009765625
3.6748046875
3.653564453125
3.754150390625
3.760498046875
3.78369140625
4.02685546875
3.5830078125
3.80029296875
4.072021484375
4.001708984375
3.778076171875
3.5849609375
3.88818359375
3.418212890625
3.88623046875
4.004638671875
3.7734375
3.751953125
3.17041015625
4.097412109375
3.686279296875
3.672119140625
3.620361328125
4.139892578125
3.904296875
3.64990234375
3.720947265625
3.754638671875
3.708740234375
3.457275390625
3.969482421875
4.06640625
3.544921875
4.095703125
3.204345703125
3.701416015625
3.684326171875
3.865966796875
3.656494140625
4.19189453125
3.44580078125
3.664306640625
3.79443359375
3.782470703125
3.675048828125
4.100341796875
3.755126953125
3.57861328125
3.699462890625
3.78369140625
3.67529296875
3.761962890625
3.740234375
4.06201171875
3.8291015625
3.514404296875
3.986328125
3.833740234375
3.882568359375
3.90673828125
3.758544921875
3.97705078125
3.809814453125
4.042236328125
3.87451171875
3.8154296875
3.496826171875
3.66357421875
4.107177734375
3.71728515625
3.876220703125
4.120361328125
3.5263671875
3.403076171875
3.862060546875
3.38623046875
3.85400390625
4.00390625
3.73046875
3.934326171875
3.734130859375
3.981201171875
3.57373046875
3.59423828125
3.75439453125
3.710205078125
3.554443359375
3.848876953125
3.595458984375
4.044677734375
3.550537109375
3.753173828125
3.734130859375
3.844970703125
3.99462890625
3.9609375
3.2958984375
3.53076171875
3.5927734375
3.66455078125
3.638916015625
4.01171875
3.649169921875
3.832763671875
3.761474609375
4.11767578125
3.726806640625
4.205078125
3.669921875
3.99365234375
3.8818359375
4.14208984375
3.558349609375
3.367919921875
3.747314453125
3.810302734375
3.884765625
3.730224609375
3.96826171875
3.8349609375
3.880859375
3.576904296875
3.720703125
3.61181640625
3.83935546875
3.918701171875
3.648681640625
3.6806640625
3.6337890625
3.76318359375
3.932373046875
3.905517578125
3.95703125
3.92578125
3.82470703125
3.853515625
3.86865234375
4.298828125
3.678955078125
3.903076171875
3.972900390625
4.2265625
3.826171875
3.55029296875
3.3349609375
3.670166015625
3.716796875
3.742919921875
3.793212890625
4.133544921875
3.5078125
3.759765625
4.042236328125
3.96875
3.669677734375
3.125732421875
3.768798828125
3.5693359375
3.50244140625
3.611083984375
4.01708984375
3.785400390625
3.985107421875
3.72705078125
4.046142578125
3.64990234375
3.68408203125
3.831298828125
3.787353515625
3.83642578125
3.846923828125
3.602294921875
3.842529296875
3.784423828125
3.778076171875
3.811279296875
3.896240234375
3.850341796875
3.88720703125
3.396728515625
3.75634765625
3.736572265625
3.765625
3.3720703125
3.234130859375
3.596923828125
3.824462890625
3.9970703125
3.669189453125
3.890869140625
3.906494140625
3.53076171875
3.72216796875
3.811767578125
3.912353515625
3.673828125
3.91796875
3.8857421875
3.68408203125
3.625732421875
3.20166015625
3.662109375
3.939453125
3.73876953125
3.742919921875
3.52490234375
3.803955078125
4.30224609375
3.539794921875
4.0029296875
3.719970703125
3.858154296875
3.824462890625
3.5244140625
3.736083984375
3.562744140625
3.658447265625
3.69189453125
3.72265625
3.89794921875
3.4306640625
3.783447265625
3.8779296875
3.766357421875
3.619384765625
3.59814453125
3.87646484375
3.60791015625
3.7255859375
3.742431640625
4.021728515625
3.691162109375
3.856201171875
3.5986328125
3.8427734375
3.413330078125
3.564453125
3.7509765625
4.10546875
3.58837890625
3.602783203125
3.521240234375
3.94140625
4.10498046875
3.671875
3.696533203125
4.115478515625
3.651123046875
4.278564453125
3.766357421875
3.9248046875
3.504638671875
4.0009765625
3.739013671875
3.9013671875
3.603271484375
4.01611328125
3.922607421875
3.816650390625
3.657470703125
3.529052734375
3.813720703125
3.609375
3.763427734375
3.7021484375
3.711669921875
3.701171875
3.291748046875
3.576171875
3.755859375
3.84521484375
3.74658203125
3.84326171875
3.89599609375
3.9453125
3.735595703125
3.5576171875
3.3681640625
3.91162109375
3.59130859375
3.448974609375
3.551513671875
3.508056640625
3.537353515625
3.619140625
3.82275390625
3.52001953125
3.862060546875
4.006591796875
3.92333984375
3.919189453125
4.067138671875
3.712890625
4.077880859375
4.16796875
3.969482421875
3.50439453125
3.712158203125
3.643310546875
3.945068359375
4.178466796875
3.776123046875
3.424560546875
3.796630859375
3.47412109375
3.7021484375
3.532470703125
3.941162109375
3.81201171875
3.79736328125
3.9169921875
3.808349609375
4.002197265625
3.713134765625
3.81591796875
3.622314453125
3.53759765625
3.917236328125
3.60498046875
3.845947265625
3.593505859375
4.11865234375
3.829833984375
4.05615234375
4.007568359375
3.862548828125
3.816650390625
4.031982421875
3.966552734375
3.560791015625
4.0029296875
3.790283203125
3.80126953125
3.784912109375
3.753662109375
3.694091796875
3.6669921875
3.482666015625
3.63232421875
3.994873046875
3.488037109375
3.533203125
3.9541015625
3.917724609375
3.614990234375
3.489990234375
3.82373046875
3.763671875
3.871337890625
3.618896484375
3.764404296875
3.8623046875
3.563720703125
3.8623046875
3.882080078125
3.918701171875
3.90380859375
3.41748046875
3.987548828125
3.780517578125
3.560791015625
3.776611328125
3.456787109375
3.721923828125
3.87109375
3.56982421875
3.919921875
3.9345703125
3.27490234375
3.890625
3.598388671875
3.66357421875
3.48876953125
3.937744140625
3.629150390625
3.919189453125
3.942626953125
3.654541015625
3.90966796875
3.67919921875
3.82763671875
3.667236328125
3.779541015625
3.600830078125
3.7802734375
3.854736328125
4.1904296875
3.743896484375
3.661376953125
4.34765625
3.479736328125
3.42431640625
3.750732421875
3.860595703125
3.77490234375
3.683837890625
3.70654296875
3.80615234375
3.5576171875
3.964111328125
3.9189453125
3.69384765625
3.988525390625
3.541015625
3.71923828125
3.775634765625
3.629638671875
3.564697265625
4.07568359375
3.775390625
3.957763671875
3.89599609375
4.040283203125
3.658935546875
3.79345703125
4.111572265625
4.008544921875
3.6943359375
3.7578125
3.934814453125
3.904296875
3.8818359375
3.724609375
3.939208984375
4.001220703125
3.81884765625
3.70751953125
3.429443359375
3.8134765625
3.9287109375
3.886962890625
3.62744140625
3.6708984375
3.541015625
4.039794921875
3.645263671875
3.629638671875
3.8779296875
3.200439453125
3.612060546875
3.82861328125
3.61572265625
3.636962890625
3.9580078125
3.84375
3.624755859375
4.02001953125
3.7099609375
3.9775390625
3.832763671875
3.941162109375
3.531005859375
3.62255859375
4.04541015625
3.599365234375
3.878173828125
4.02197265625
3.502685546875
3.839111328125
3.4208984375
3.666259765625
4.2744140625
3.81591796875
3.758056640625
3.811279296875
3.906494140625
4.01220703125
3.40234375
3.7900390625
3.720703125
3.80322265625
3.449462890625
3.859130859375
3.69970703125
3.75341796875
3.59912109375
3.676513671875
3.6025390625
3.69287109375
3.637939453125
3.8515625
3.690673828125
3.756103515625
3.7607421875
3.736328125
4.01708984375
3.63623046875
4.31787109375
3.73388671875
3.630126953125
3.7568359375
3.8076171875
3.689208984375
3.988525390625
3.92822265625
3.74072265625
3.34375
4.2568359375
3.593017578125
3.7978515625
3.775146484375
3.861083984375
3.55810546875
3.6025390625
3.677490234375
3.924560546875
3.76904296875
3.595947265625
3.74658203125
3.88525390625
3.869140625
3.812255859375
3.80224609375
3.68017578125
4.031982421875
4.150634765625
3.610595703125
3.4951171875
3.84033203125
3.668701171875
3.8828125
3.73193359375
3.584716796875
3.600341796875
3.904052734375
3.35205078125
3.90966796875
3.787109375
3.999755859375
3.489013671875
3.9990234375
3.795166015625
4.015869140625
3.419189453125
3.8583984375
3.7900390625
3.598876953125
3.665283203125
3.810302734375
3.731201171875
3.551025390625
3.79296875
3.265869140625
4.02880859375
3.555908203125
3.782470703125
3.68310546875
3.876220703125
3.990478515625
3.757568359375
3.855712890625
3.830810546875
3.6025390625
4.14306640625
3.816162109375
3.754638671875
3.79345703125
4.12451171875
3.80615234375
3.799072265625
3.8642578125
4.0068359375
3.468505859375
3.783203125
4.031005859375
3.662109375
3.921875
3.871826171875
3.77880859375
3.637451171875
3.7919921875
4.038818359375
3.9970703125
3.73193359375
3.92919921875
3.76513671875
3.79150390625
3.756591796875
4.058837890625
3.878662109375
3.6650390625
3.883544921875
3.980712890625
3.73486328125
3.748779296875
3.915771484375
3.95751953125
3.92236328125
3.89208984375
4.09814453125
3.883544921875
3.319580078125
3.730712890625
3.82861328125
3.860595703125
3.734130859375
3.844482421875
3.935791015625
3.6337890625
3.548828125
3.61181640625
3.53271484375
4.193359375
3.7353515625
3.935546875
3.800048828125
3.849365234375
4.00439453125
3.640869140625
4.109130859375
3.98681640625
3.8896484375
3.733154296875
4.166259765625
3.853271484375
3.583984375
3.818115234375
3.88427734375
3.97705078125
3.83740234375
3.751220703125
3.7197265625
3.91162109375
3.718017578125
3.697265625
3.581787109375
3.650634765625
3.924072265625
3.621826171875
3.968505859375
3.595703125
4.19775390625
3.94091796875
4.081298828125
3.7763671875
3.48828125
3.7041015625
3.789794921875
3.691162109375
3.48046875
3.93115234375
4.126953125
3.50927734375
3.675048828125
3.7900390625
3.66845703125
3.634033203125
3.925048828125
3.89306640625
3.783203125
3.561767578125
3.4248046875
3.97607421875
3.58935546875
3.51904296875
3.58447265625
3.974365234375
3.5888671875
3.788818359375
3.927978515625
3.734130859375
3.490966796875
3.846923828125
3.7744140625
4.090087890625
3.665283203125
4.041015625
3.677734375
3.810791015625
3.798583984375
3.835693359375
3.488037109375
3.808349609375
3.62744140625
3.782470703125
3.950439453125
3.68505859375
3.529541015625
3.793212890625
3.81494140625
3.49658203125
3.42724609375
3.948486328125
3.546630859375
3.834716796875
3.84033203125
3.831787109375
3.71630859375
3.851806640625
3.705078125
3.881591796875
3.979248046875
3.616455078125
3.93017578125
3.587646484375
4.08935546875
3.658447265625
3.731689453125
4.06640625
3.676025390625
4.073974609375
3.77197265625
3.82275390625
3.66650390625
3.890380859375
3.31005859375
3.9970703125
4.141845703125
3.7744140625
3.735107421875
3.968505859375
3.65185546875
3.93505859375
3.63916015625
4.193359375
4.092041015625
3.779052734375
3.615234375
4.026611328125
3.856689453125
3.859619140625
3.779296875
3.58251953125
3.95361328125
4.039306640625
3.86669921875
3.560791015625
3.81298828125
3.526123046875
3.51025390625
3.838134765625
3.701171875
3.99169921875
3.984130859375
3.662841796875
3.51953125
3.73681640625
3.5908203125
3.88134765625
3.2822265625
3.770263671875
3.84521484375
3.78759765625
3.857177734375
3.40576171875
3.681884765625
3.795654296875
3.852294921875
3.6376953125
4.157958984375
3.9208984375
3.983154296875
3.92041015625
3.7861328125
4.26220703125
3.47607421875
3.8896484375
4.13134765625
3.858642578125
3.91796875
3.99755859375
3.578125
3.503662109375
3.65478515625
3.867431640625
4.0947265625
3.535400390625
3.375
3.99609375
3.687744140625
3.790771484375
3.86962890625
3.557861328125
3.651123046875
3.667724609375
3.73828125
3.747802734375
3.90087890625
3.92431640625
3.92626953125
3.502685546875
3.640869140625
3.76708984375
3.73828125
3.40673828125
3.614013671875
3.950439453125
3.65771484375
4.00732421875
3.844482421875
3.815185546875
3.801025390625
3.875732421875
3.7265625
3.9462890625
4.289794921875
3.88818359375
3.6357421875
4.084716796875
3.69482421875
3.813720703125
3.7294921875
3.715576171875
3.715576171875
3.908203125
3.810791015625
3.71923828125
3.59228515625
3.879150390625
3.754150390625
3.821533203125
3.586669921875
4.02294921875
3.95263671875
3.48388671875
3.443359375
3.818359375
3.262939453125
3.86572265625
3.865478515625
3.71435546875
3.8134765625
3.40966796875
3.60546875
3.8955078125
3.939453125
3.897216796875
3.41015625
3.819091796875
3.847412109375
3.6748046875
4.09521484375
4.02685546875
3.952880859375
3.953125
3.920654296875
3.657958984375
4.023681640625
3.976806640625
4.05615234375
3.789306640625
3.636474609375
3.616455078125
3.714111328125
3.933349609375
3.754150390625
3.782470703125
3.87646484375
3.7822265625
3.69384765625
4.1015625
3.45458984375
3.506591796875
3.859375
3.632568359375
3.876708984375
3.84375
3.896240234375
3.56298828125
3.650634765625
4.10205078125
3.764404296875
3.87109375
4.0634765625
3.676025390625
3.47412109375
3.96728515625
3.32275390625
4.287841796875
3.7158203125
3.693359375
3.9423828125
3.623291015625
3.389404296875
3.658203125
3.65478515625
3.852294921875
3.869140625
3.630126953125
3.95068359375
3.73681640625
3.7724609375
3.774169921875
3.855224609375
3.582275390625
3.998046875
3.88037109375
3.84130859375
3.7705078125
3.7119140625
3.943359375
3.908447265625
3.755615234375
3.761962890625
3.781494140625
4.052978515625
3.664306640625
3.988525390625
4.02685546875
3.712158203125
4.015625
3.647705078125
3.716552734375
3.721923828125
3.585205078125
3.896728515625
3.94287109375
3.7724609375
3.8203125
3.989501953125
3.876220703125
3.905029296875
3.192138671875
3.8115234375
3.557861328125
3.903564453125
3.82080078125
3.851806640625
3.929931640625
3.78955078125
3.715087890625
3.451904296875
3.68505859375
3.833984375
3.954345703125
3.968505859375
3.56298828125
3.587890625
3.857177734375
3.851806640625
3.625244140625
3.873046875
3.92626953125
4.082275390625
3.71923828125
3.9462890625
3.838134765625
4.17529296875
4.008056640625
3.767333984375
3.5771484375
4.052490234375
3.69970703125
3.65478515625
3.7099609375
3.89501953125
3.810546875
3.62841796875
3.91357421875
3.499267578125
4.156005859375
3.751708984375
3.9736328125
3.632568359375
3.953125
3.6669921875
3.947998046875
3.951904296875
3.886962890625
3.723876953125
3.919189453125
4.02197265625
3.550537109375
3.98681640625
3.5791015625
3.75732421875
3.943603515625
3.536865234375
3.576904296875
3.909423828125
3.630859375
3.543212890625
3.4951171875
