4.8056640625
4.8056640625
4.4599609375
4.92822265625
4.590576171875
4.861572265625
4.73095703125
4.985107421875
4.583740234375
4.722412109375
4.470947265625
4.8349609375
4.8583984375
5.14404296875
5.148681640625
5.390380859375
4.873779296875
4.58740234375
5.059326171875
4.677978515625
4.745849609375
4.986572265625
4.901611328125
4.748046875
4.637939453125
5.143310546875
5.051025390625
4.7724609375
4.668701171875
4.851806640625
4.937255859375
4.5009765625
4.631591796875
4.935791015625
4.789306640625
5.009765625
4.565185546875
5.000244140625
4.634765625
4.73828125
4.339599609375
4.915771484375
4.816650390625
5.1474609375
5.015625
4.529052734375
5.109375
5.19921875
5.03125
4.162841796875
5.116455078125
4.82470703125
5.228759765625
4.6669921875
4.724609375
4.510498046875
4.419921875
4.72607421875
5.053955078125
4.7841796875
4.427001953125
4.798583984375
5.170166015625
5.064697265625
4.89111328125
4.763916015625
4.803955078125
4.793701171875
4.59326171875
4.751708984375
5.076416015625
4.864501953125
4.7626953125
4.6640625
4.908447265625
4.793701171875
4.954345703125
5.07861328125
4.748291015625
4.834228515625
4.868408203125
4.538330078125
4.896728515625
4.52294921875
5.029052734375
4.93212890625
4.720703125
4.780029296875
4.83935546875
5.07177734375
4.75732421875
4.8974609375
5.0078125
4.55810546875
4.542724609375
5.0751953125
4.292724609375
4.885498046875
5.136474609375
4.710693359375
4.899169921875
4.910400390625
4.857421875
4.8525390625
4.758544921875
5.01513671875
5.023681640625
4.906005859375
4.574951171875
4.893310546875
4.54541015625
4.665771484375
4.866943359375
4.946533203125
4.925537109375
5.028564453125
4.571044921875
4.830078125
5.01416015625
5.03466796875
4.72705078125
4.953369140625
4.79296875
5.21240234375
4.322998046875
4.736572265625
4.7197265625
5.114013671875
4.937255859375
4.76513671875
4.641845703125
4.850830078125
4.87548828125
4.9501953125
5.144775390625
4.737060546875
4.749755859375
4.91455078125
4.575439453125
4.753662109375
5.052734375
4.8173828125
4.92236328125
4.8017578125
4.764404296875
4.666748046875
4.434814453125
4.775146484375
4.24658203125
4.817138671875
5.077880859375
5.04052734375
5.05859375
4.83837890625
4.633056640625
4.7236328125
4.718994140625
4.551025390625
4.572265625
4.78955078125
4.395751953125
4.855224609375
5.008056640625
4.875244140625
4.745849609375
4.851806640625
5.009033203125
5.303955078125
4.671630859375
5.14501953125
4.87451171875
4.540283203125
5.027099609375
5.135009765625
4.90673828125
4.874267578125
4.74072265625
4.47216796875
5.04638671875
4.780517578125
4.80322265625
4.766357421875
4.88232421875
4.990234375
5.114990234375
4.888916015625
4.42724609375
5.183837890625
5.13134765625
5.05615234375
4.7607421875
5.083251953125
4.816162109375
4.784912109375
5.02978515625
4.929931640625
4.721435546875
4.977294921875
4.89501953125
4.81103515625
4.53564453125
4.83935546875
5.04638671875
4.626953125
4.814208984375
5.26708984375
4.90234375
5.18310546875
4.47412109375
4.885498046875
4.75439453125
4.94970703125
4.471435546875
5.022216796875
4.57958984375
4.768310546875
4.74951171875
4.895263671875
4.4111328125
4.187255859375
4.79736328125
4.599853515625
5.0205078125
4.89892578125
5.1376953125
4.53857421875
4.81591796875
4.9375
5.44775390625
4.80322265625
4.681640625
5.039794921875
4.71435546875
4.99951171875
4.504638671875
4.873291015625
5.16015625
5.318603515625
4.565185546875
4.91552734375
4.814697265625
4.715576171875
5.075927734375
4.7216796875
4.8837890625
5.23193359375
4.85546875
4.957275390625
5.098876953125
4.98193359375
4.8623046875
5.20654296875
4.826416015625
4.950927734375
4.588623046875
5.213623046875
5.3056640625
4.771240234375
5.04248046875
5.0
4.349609375
4.770751953125
4.8994140625
4.556640625
4.795166015625
5.02685546875
4.8212890625
4.9306640625
5.1162109375
4.85693359375
4.8388671875
4.73193359375
4.815185546875
4.756591796875
5.0263671875
4.7236328125
5.195556640625
4.773193359375
4.58203125
4.66259765625
4.943359375
5.130615234375
5.2841796875
4.436767578125
4.638916015625
4.758056640625
5.11669921875
4.853759765625
4.961669921875
4.888671875
5.30908203125
5.103515625
4.9384765625
4.2939453125
4.761474609375
4.449951171875
4.693603515625
4.7314453125
4.7734375
4.894287109375
5.224365234375
4.96435546875
4.69970703125
5.1435546875
4.958251953125
5.2744140625
5.0458984375
4.93017578125
4.939697265625
4.6962890625
4.7197265625
4.8740234375
4.78125
4.502197265625
5.021728515625
5.056396484375
4.732421875
4.678955078125
4.751220703125
4.536865234375
4.519287109375
4.613037109375
4.7373046875
4.931396484375
4.77587890625
4.5908203125
4.83447265625
4.61083984375
5.182373046875
4.7451171875
4.68310546875
4.345458984375
4.683837890625
4.721923828125
5.325439453125
5.090576171875
4.65576171875
4.8564453125
4.95263671875
5.232421875
4.84033203125
5.152587890625
4.889404296875
4.952880859375
4.639892578125
4.88330078125
4.657958984375
4.659912109375
4.766357421875
5.01220703125
5.30126953125
5.15625
4.75927734375
4.699462890625
5.09716796875
4.51513671875
4.890869140625
4.7587890625
4.442626953125
5.01416015625
4.799072265625
4.632080078125
4.646728515625
4.811767578125
5.134765625
5.050048828125
4.979248046875
5.029541015625
4.708984375
4.81787109375
4.707763671875
5.150634765625
5.027099609375
4.8857421875
4.8916015625
4.769775390625
4.942626953125
4.78515625
4.84228515625
4.98291015625
4.60595703125
4.75634765625
4.753173828125
5.121337890625
4.847900390625
4.829833984375
4.9833984375
4.437255859375
5.263427734375
4.793212890625
4.605712890625
4.80712890625
4.539306640625
4.773681640625
5.064453125
5.002197265625
4.63330078125
5.095458984375
5.055419921875
4.775634765625
4.840087890625
4.79150390625
5.158203125
4.66162109375
4.9609375
4.78515625
4.409423828125
4.777099609375
4.66552734375
4.9658203125
4.964599609375
5.119873046875
4.89599609375
4.756591796875
4.763916015625
5.060302734375
4.7177734375
4.695068359375
4.62158203125
4.804931640625
4.98583984375
5.05029296875
4.91650390625
4.70361328125
5.06689453125
4.856689453125
4.599853515625
5.117919921875
5.03662109375
4.48486328125
4.907958984375
4.3486328125
4.61767578125
5.14892578125
4.82470703125
5.129638671875
4.72802734375
4.635986328125
5.16455078125
4.911376953125
4.60107421875
4.89599609375
4.984130859375
4.835205078125
4.99072265625
4.705078125
4.87353515625
4.617431640625
4.56787109375
4.868408203125
4.5625
4.897216796875
5.197998046875
5.026611328125
4.749267578125
5.223876953125
4.837646484375
4.92041015625
4.621826171875
4.518310546875
4.7119140625
4.809326171875
4.906005859375
4.864013671875
5.060546875
4.736083984375
4.791259765625
4.8427734375
4.8349609375
4.737548828125
4.98095703125
4.9501953125
4.659423828125
4.767578125
4.553955078125
4.937255859375
4.9267578125
4.938720703125
4.747802734375
5.223876953125
4.885009765625
5.143798828125
4.5458984375
5.134521484375
4.60205078125
4.7568359375
4.859619140625
5.199951171875
4.589599609375
5.128662109375
4.78125
4.723876953125
5.20751953125
4.90625
4.899169921875
5.24462890625
4.53125
4.783935546875
5.039306640625
4.8974609375
4.416015625
4.845703125
4.818603515625
4.98095703125
4.720458984375
4.8408203125
5.2744140625
4.2939453125
4.82470703125
4.746826171875
4.71240234375
4.755615234375
4.822021484375
4.569580078125
4.5185546875
4.355224609375
4.814453125
4.938720703125
4.60498046875
4.859619140625
4.63525390625
4.57275390625
4.83154296875
4.348388671875
5.295166015625
4.814208984375
4.93115234375
4.81884765625
5.003662109375
5.066162109375
4.840576171875
4.70654296875
4.995849609375
5.02734375
4.919677734375
5.046142578125
4.6982421875
4.794677734375
5.015625
5.244140625
4.563232421875
4.918701171875
4.557861328125
4.6357421875
4.734619140625
4.91064453125
4.94921875
5.041015625
4.88525390625
4.908203125
4.6826171875
4.738525390625
4.84033203125
4.946533203125
4.789306640625
4.722900390625
4.8759765625
4.60498046875
4.943115234375
4.817626953125
4.74072265625
4.85107421875
4.89453125
5.085693359375
5.070556640625
4.66259765625
4.819580078125
4.722900390625
5.09326171875
4.91552734375
4.858642578125
4.91259765625
4.9599609375
4.78955078125
4.880859375
4.86572265625
4.921875
4.901611328125
4.988037109375
4.782958984375
4.6748046875
4.980224609375
4.54443359375
4.775146484375
5.4921875
4.900390625
5.01416015625
5.502685546875
4.7998046875
4.6455078125
4.61328125
4.8212890625
4.828369140625
5.108154296875
5.31494140625
4.981689453125
4.87744140625
4.88232421875
5.021484375
4.80029296875
4.8837890625
4.80859375
4.740234375
5.01123046875
4.73876953125
4.64111328125
4.9912109375
4.521240234375
5.04638671875
4.353271484375
4.480712890625
4.939453125
5.0224609375
5.074951171875
4.81640625
4.9033203125
5.433349609375
5.0732421875
4.827392578125
5.11083984375
4.77685546875
4.60205078125
4.970703125
4.792724609375
4.779541015625
4.953369140625
4.893798828125
4.612548828125
4.597412109375
4.90673828125
5.030029296875
4.874755859375
4.79541015625
4.62109375
4.947265625
4.89990234375
5.071044921875
5.064208984375
5.238037109375
5.1103515625
4.988037109375
4.654296875
4.649658203125
4.750732421875
4.869140625
4.83056640625
4.8662109375
4.447998046875
4.822021484375
4.952880859375
4.9990234375
4.459716796875
4.930419921875
4.961669921875
4.77490234375
4.88818359375
5.140625
4.7607421875
5.267333984375
4.82080078125
4.6201171875
5.107421875
5.021728515625
4.74462890625
4.676025390625
4.841796875
4.718017578125
4.847412109375
5.03076171875
4.6357421875
4.7216796875
4.71728515625
4.7060546875
4.765625
4.959716796875
4.767822265625
5.0927734375
5.099853515625
4.8642578125
5.017822265625
4.8173828125
4.558349609375
4.893310546875
4.310546875
4.88330078125
4.53857421875
4.50439453125
4.3046875
4.68505859375
4.777587890625
4.54541015625
5.178955078125
4.966796875
5.05517578125
4.16455078125
4.87744140625
4.8955078125
5.0107421875
5.11376953125
4.765869140625
4.92138671875
4.7724609375
4.798095703125
4.525634765625
4.755859375
5.08935546875
4.344482421875
5.186767578125
4.85595703125
4.8212890625
4.7900390625
5.073486328125
4.989013671875
4.781005859375
4.7333984375
4.740478515625
4.49365234375
4.97216796875
4.905517578125
4.68310546875
4.858642578125
4.722900390625
4.940185546875
4.810791015625
4.775634765625
4.60986328125
4.682373046875
4.85302734375
4.83251953125
4.711181640625
4.56787109375
4.771484375
4.90380859375
4.985595703125
5.11279296875
4.0576171875
5.1474609375
4.8876953125
4.912109375
4.78271484375
4.761962890625
4.88623046875
4.433349609375
4.572998046875
4.947265625
5.153076171875
5.1923828125
4.740478515625
4.6650390625
4.792236328125
4.89892578125
4.85546875
5.175048828125
4.57275390625
4.98095703125
4.9521484375
4.66015625
4.769775390625
4.67333984375
5.021484375
4.8154296875
4.8642578125
4.82421875
4.86865234375
4.93994140625
4.932861328125
4.820556640625
5.18408203125
4.84912109375
5.177490234375
5.291748046875
4.790771484375
4.90576171875
4.974609375
4.732666015625
5.0947265625
4.96875
5.031982421875
5.078125
5.047607421875
4.83740234375
5.316650390625
4.8203125
4.965576171875
4.9482421875
4.81689453125
4.8740234375
4.891357421875
4.78564453125
5.185302734375
5.0322265625
4.845703125
5.016357421875
4.658935546875
4.951171875
4.898193359375
4.789306640625
4.758056640625
4.877197265625
4.663330078125
4.578369140625
4.732177734375
4.705322265625
4.4228515625
4.996826171875
4.65673828125
5.040771484375
4.93115234375
5.06103515625
4.940185546875
4.7939453125
4.65966796875
4.47509765625
5.012451171875
4.926513671875
4.794921875
4.818359375
4.79541015625
4.867919921875
4.93115234375
5.122802734375
5.1572265625
4.4267578125
4.648193359375
4.470458984375
5.039306640625
4.620849609375
4.737548828125
5.0205078125
4.883056640625
5.122802734375
5.119140625
4.788330078125
5.124755859375
4.7685546875
4.911376953125
4.6640625
4.87451171875
4.8720703125
4.80859375
4.58349609375
4.783935546875
4.57861328125
4.96142578125
5.123291015625
4.708740234375
4.602783203125
5.177978515625
5.17626953125
5.22607421875
5.010009765625
5.60205078125
4.309326171875
4.64208984375
4.937255859375
4.54833984375
5.1162109375
5.0185546875
5.03076171875
4.937255859375
4.314697265625
4.914306640625
4.713623046875
4.950439453125
5.044921875
4.816162109375
4.619873046875
5.0234375
4.672119140625
4.718994140625
4.39501953125
4.863525390625
4.66796875
5.073974609375
5.081298828125
4.723876953125
4.497802734375
4.765380859375
5.117919921875
4.757568359375
5.03369140625
4.780029296875
5.00244140625
4.819091796875
4.7548828125
5.015625
5.304931640625
4.55419921875
5.090087890625
5.137451171875
4.9521484375
5.29443359375
5.10009765625
4.862548828125
4.811767578125
4.62890625
5.08251953125
5.044189453125
4.8984375
4.59619140625
4.349853515625
4.7607421875
4.9873046875
5.110595703125
5.044921875
5.16943359375
4.63916015625
4.86279296875
4.8671875
4.90380859375
4.806396484375
5.106201171875
4.8544921875
4.745849609375
4.884765625
4.934814453125
4.666748046875
4.81298828125
4.646240234375
4.80078125
4.8466796875
4.9716796875
4.69140625
4.25341796875
4.729248046875
4.769775390625
4.602294921875
5.041259765625
4.89892578125
4.985107421875
4.8125
4.8935546875
4.941650390625
4.8759765625
4.94677734375
4.68310546875
4.845947265625
4.94677734375
5.072265625
5.003173828125
4.898681640625
4.751708984375
4.72509765625
4.962158203125
4.7529296875
4.960205078125
4.762451171875
4.628662109375
5.11865234375
4.603759765625
5.197265625
4.91162109375
4.91943359375
5.13232421875
4.800048828125
4.68310546875
4.78759765625
4.986328125
4.912841796875
4.96826171875
4.576904296875
4.81005859375
5.09619140625
5.12548828125
4.915283203125
4.9111328125
5.075927734375
4.8720703125
4.538818359375
5.04541015625
5.01123046875
4.445068359375
4.8857421875
5.0185546875
4.93994140625
4.568115234375
5.10595703125
4.56591796875
4.942626953125
4.394287109375
