5.23388671875
5.208740234375
5.083740234375
5.295654296875
4.914794921875
5.129150390625
5.636962890625
5.4580078125
5.1220703125
5.009521484375
5.541748046875
4.963623046875
5.429443359375
5.213623046875
5.583251953125
5.21142578125
5.555419921875
4.81689453125
5.44384765625
5.192138671875
5.245361328125
5.09619140625
4.8251953125
4.988525390625
5.322998046875
5.266357421875
5.520751953125
5.292236328125
5.572998046875
5.19384765625
5.25048828125
5.053955078125
5.043212890625
5.498779296875
5.251220703125
5.481689453125
5.582275390625
5.225341796875
5.20703125
5.52392578125
5.4736328125
5.17431640625
5.128173828125
5.352783203125
5.08447265625
4.9287109375
5.37646484375
5.403076171875
5.412353515625
5.248046875
5.388427734375
5.761474609375
5.21044921875
5.000244140625
5.46337890625
5.0244140625
5.546875
5.53271484375
5.230224609375
5.72314453125
5.51123046875
5.348876953125
5.057861328125
5.088623046875
5.011962890625
5.37353515625
5.359619140625
5.3642578125
5.14794921875
5.3671875
5.48095703125
4.915771484375
5.13330078125
5.451416015625
5.382568359375
4.914794921875
5.529541015625
5.149658203125
5.1923828125
5.227783203125
5.245361328125
5.17529296875
5.519287109375
5.376708984375
5.0888671875
5.140625
5.4833984375
4.864501953125
5.339111328125
5.379638671875
4.82421875
5.2060546875
5.163818359375
5.1064453125
5.11328125
5.27685546875
5.4619140625
5.49169921875
5.0830078125
5.31982421875
5.320068359375
5.70361328125
5.332763671875
5.58984375
5.213623046875
5.353515625
5.167724609375
5.2392578125
5.149169921875
5.184814453125
5.109130859375
5.533935546875
5.3525390625
5.14794921875
5.031494140625
5.659912109375
5.0048828125
4.947265625
5.701416015625
5.447265625
5.09912109375
5.44921875
5.452392578125
4.989990234375
5.162353515625
5.26318359375
5.25
4.686279296875
5.701171875
5.2783203125
5.382080078125
5.4150390625
5.3037109375
5.2265625
5.022216796875
5.030517578125
5.253173828125
5.37841796875
5.232666015625
5.165771484375
5.216552734375
5.126953125
5.098388671875
5.47314453125
5.340087890625
5.0927734375
5.31494140625
5.43017578125
4.947509765625
5.354736328125
5.086669921875
5.155517578125
5.13330078125
5.049560546875
5.243408203125
5.43115234375
5.083984375
5.707763671875
5.08203125
5.255859375
5.27880859375
5.13916015625
5.462158203125
5.224609375
5.028564453125
5.124267578125
5.520751953125
4.93310546875
5.42138671875
4.931640625
5.298828125
5.039306640625
5.485107421875
5.174072265625
5.3896484375
4.9365234375
5.44189453125
5.58544921875
4.841552734375
4.715087890625
5.61083984375
5.36328125
5.06201171875
4.853271484375
5.337890625
5.20556640625
5.017822265625
5.142822265625
5.101318359375
5.33447265625
5.280517578125
5.24462890625
5.21875
5.14013671875
5.243896484375
5.4228515625
4.769287109375
5.124755859375
5.12939453125
4.98486328125
5.3662109375
5.15673828125
5.45654296875
5.17333984375
5.13671875
4.896484375
4.976806640625
5.636474609375
5.290771484375
5.33740234375
5.36328125
5.404541015625
5.248291015625
5.063720703125
5.37939453125
4.8486328125
5.33935546875
4.8955078125
5.13037109375
5.318359375
5.105712890625
5.20849609375
5.542236328125
5.3779296875
5.284912109375
5.24560546875
5.495361328125
5.269775390625
4.976806640625
5.33935546875
5.22412109375
5.1884765625
5.44091796875
5.3076171875
5.05859375
5.266357421875
5.25
5.4833984375
5.283447265625
5.218994140625
5.361328125
4.927490234375
5.3056640625
5.177490234375
5.191650390625
5.23388671875
5.397705078125
5.3310546875
4.99169921875
5.1357421875
5.25390625
5.247314453125
5.074462890625
5.120849609375
5.514404296875
5.27734375
5.35888671875
5.439697265625
5.5439453125
5.349365234375
5.4921875
5.144775390625
5.169677734375
5.064453125
5.0517578125
5.24951171875
5.50634765625
4.97705078125
5.340087890625
5.557373046875
5.376708984375
5.341552734375
5.23046875
5.25537109375
4.834228515625
4.953369140625
5.3720703125
5.26171875
5.2265625
5.297119140625
5.28564453125
5.248046875
5.44775390625
5.343505859375
5.3134765625
5.50732421875
5.495849609375
5.03271484375
5.578857421875
5.375244140625
5.104736328125
5.307373046875
5.469482421875
5.34228515625
5.724609375
5.439453125
5.687744140625
5.2509765625
5.515869140625
5.2509765625
5.537841796875
5.392578125
5.192138671875
5.4775390625
5.249755859375
5.412353515625
4.69970703125
5.546630859375
5.416259765625
5.290283203125
5.10107421875
5.342041015625
5.374755859375
5.304931640625
5.357421875
5.123779296875
5.129638671875
5.469970703125
5.155029296875
5.46533203125
5.709228515625
5.363037109375
5.28173828125
5.527099609375
5.193603515625
5.162353515625
5.104736328125
5.322998046875
5.36376953125
5.105712890625
5.743896484375
5.152099609375
5.185302734375
5.030517578125
5.54052734375
5.327392578125
5.60009765625
4.938232421875
5.083984375
4.818115234375
4.955322265625
5.234375
4.87060546875
5.31591796875
5.1416015625
5.40283203125
5.040771484375
5.0712890625
5.322021484375
4.99169921875
5.5185546875
5.272216796875
5.591552734375
5.335205078125
5.1044921875
5.28369140625
4.8544921875
5.4580078125
5.240234375
5.195068359375
5.02490234375
5.461181640625
4.78857421875
5.29638671875
5.454833984375
5.281982421875
5.33935546875
5.272216796875
5.271240234375
5.16357421875
5.549560546875
5.283935546875
5.10009765625
5.390625
5.24755859375
5.5458984375
5.382080078125
5.07568359375
5.365478515625
5.34765625
5.139892578125
5.895263671875
5.13671875
5.30029296875
5.330322265625
5.18310546875
5.331787109375
5.366943359375
5.009521484375
5.313232421875
5.164794921875
5.18896484375
5.06298828125
5.031982421875
5.14453125
5.249267578125
5.068115234375
5.170654296875
5.16064453125
5.30419921875
5.222412109375
5.078369140625
5.697265625
5.14013671875
5.08056640625
5.2080078125
5.44677734375
5.0205078125
5.693603515625
5.595458984375
5.693603515625
5.38671875
5.337646484375
5.156982421875
4.853271484375
5.24267578125
5.47412109375
5.577880859375
5.249755859375
5.379638671875
5.33447265625
4.9599609375
5.25927734375
5.24951171875
5.228271484375
5.47216796875
4.978515625
5.51611328125
4.914794921875
5.097412109375
5.24072265625
5.134033203125
5.22216796875
5.14697265625
5.76123046875
5.29150390625
5.123291015625
5.09521484375
5.16650390625
5.156982421875
5.1611328125
4.93212890625
5.125244140625
5.499267578125
5.49560546875
4.952392578125
5.494384765625
5.228515625
5.459716796875
5.186767578125
5.520263671875
5.3994140625
5.306396484375
5.243408203125
5.40771484375
5.238037109375
5.096923828125
5.27783203125
4.941650390625
5.09521484375
5.29931640625
5.39208984375
5.171875
5.216064453125
5.2646484375
5.43994140625
5.267822265625
5.42626953125
5.130859375
4.786376953125
5.2998046875
5.07373046875
5.595458984375
5.726806640625
5.226806640625
4.996826171875
5.2744140625
5.109375
5.25146484375
4.952392578125
5.569580078125
5.162353515625
5.123779296875
4.639404296875
5.73583984375
5.456787109375
5.221923828125
5.12890625
5.575927734375
5.123779296875
5.10791015625
5.580078125
5.044189453125
5.147216796875
5.211669921875
5.1875
5.645263671875
5.524658203125
5.176513671875
5.233642578125
5.13720703125
5.3017578125
5.22265625
5.2763671875
5.42041015625
5.76025390625
5.158203125
5.2646484375
5.0224609375
4.889404296875
5.004638671875
5.250732421875
5.532470703125
5.410888671875
5.0869140625
5.741943359375
5.021484375
5.388427734375
5.141845703125
4.828369140625
5.372802734375
5.0087890625
5.136962890625
5.05029296875
5.215087890625
4.7568359375
5.253662109375
5.223388671875
5.283935546875
5.392333984375
5.084228515625
5.662353515625
4.908935546875
5.20361328125
5.105224609375
5.100830078125
5.758056640625
4.980712890625
5.16162109375
5.3349609375
5.250244140625
5.322265625
5.625732421875
5.44873046875
5.60791015625
4.951904296875
5.2734375
5.618896484375
5.349365234375
5.2431640625
5.38671875
4.881103515625
4.97412109375
5.111328125
5.18115234375
5.04931640625
5.682861328125
5.387451171875
5.5390625
4.970458984375
5.1298828125
4.54345703125
5.26513671875
5.30078125
5.472900390625
5.260498046875
5.536865234375
5.197509765625
4.953369140625
4.872314453125
5.16552734375
5.703369140625
4.9150390625
5.041015625
4.884765625
5.513671875
5.2568359375
5.014892578125
5.328369140625
5.272216796875
5.27099609375
5.46826171875
5.548095703125
5.417236328125
5.236083984375
5.452392578125
5.465576171875
5.243896484375
4.9091796875
5.265869140625
5.430908203125
5.15771484375
5.423828125
5.479736328125
5.3818359375
5.728759765625
5.379638671875
4.88525390625
5.133544921875
5.256591796875
5.2080078125
4.92529296875
5.10888671875
5.3251953125
5.27880859375
5.320556640625
5.085693359375
5.265625
5.131103515625
5.50390625
5.15478515625
5.640869140625
5.316162109375
4.974365234375
5.466064453125
5.348388671875
4.888427734375
5.382568359375
5.253662109375
4.96044921875
5.456298828125
5.336669921875
5.183349609375
5.39111328125
4.874267578125
5.4140625
5.287353515625
5.155517578125
5.2744140625
5.590576171875
5.2158203125
5.52490234375
4.886474609375
5.055908203125
5.43701171875
4.974365234375
5.36474609375
5.25244140625
5.40576171875
4.931640625
5.3740234375
4.85791015625
5.236572265625
5.2431640625
5.3935546875
5.194091796875
5.204833984375
5.02783203125
5.118896484375
5.20166015625
5.234619140625
5.431640625
5.17138671875
5.4560546875
5.532958984375
5.2265625
5.565185546875
4.984619140625
5.07275390625
5.39111328125
5.4736328125
5.292724609375
5.6484375
5.198974609375
5.326416015625
5.502685546875
5.689208984375
5.189208984375
5.28076171875
5.46923828125
5.337646484375
5.379638671875
5.15673828125
5.135498046875
5.5849609375
5.067626953125
5.16845703125
5.466064453125
4.940673828125
5.169189453125
4.986572265625
5.4482421875
5.087890625
5.225830078125
5.48388671875
5.54931640625
4.993408203125
5.089111328125
5.080810546875
5.03564453125
5.19677734375
5.490478515625
5.209228515625
5.182373046875
5.3984375
4.93896484375
4.88330078125
5.0400390625
5.173828125
5.395263671875
5.354736328125
5.291015625
5.857177734375
4.921875
5.488037109375
5.064697265625
5.460693359375
4.8701171875
5.05126953125
5.296875
5.044189453125
5.48974609375
5.01123046875
5.232666015625
5.50439453125
5.1923828125
5.1064453125
5.072265625
5.07470703125
5.274658203125
5.12353515625
5.239501953125
5.254150390625
5.465576171875
5.1298828125
5.177734375
5.8037109375
5.39794921875
5.209228515625
5.55224609375
5.21826171875
5.150390625
4.883056640625
5.2646484375
5.098388671875
5.498046875
5.35595703125
5.441650390625
5.18798828125
5.230712890625
4.985595703125
4.9462890625
5.178466796875
4.70947265625
5.55419921875
4.764404296875
5.416748046875
5.33642578125
5.114501953125
5.337890625
5.329833984375
5.197265625
5.50048828125
5.52734375
4.60302734375
5.128173828125
5.33740234375
4.783935546875
5.245361328125
5.325439453125
5.650634765625
4.80078125
5.134033203125
5.02685546875
4.9541015625
5.23583984375
5.208984375
5.314208984375
5.370849609375
5.544677734375
5.141357421875
5.121826171875
5.125
4.99560546875
5.1708984375
5.441162109375
5.17626953125
5.3154296875
5.104248046875
5.139892578125
5.37841796875
4.888916015625
5.26904296875
4.8525390625
5.140625
4.931884765625
4.72802734375
5.169921875
5.37060546875
5.162353515625
5.33642578125
5.384033203125
5.30712890625
5.399169921875
5.265625
5.10546875
5.145263671875
5.000732421875
5.530029296875
5.10205078125
5.37939453125
4.946533203125
5.32421875
5.345947265625
5.44677734375
5.347412109375
5.0693359375
4.803955078125
5.116455078125
5.19677734375
5.590576171875
5.0009765625
4.7919921875
5.258544921875
4.781494140625
5.633544921875
5.375
5.00634765625
5.131103515625
5.1396484375
5.105712890625
4.933349609375
5.249755859375
5.2607421875
4.945068359375
5.3046875
4.999755859375
5.061279296875
5.414306640625
5.577880859375
5.282958984375
5.27978515625
4.947998046875
5.185302734375
5.197265625
5.35986328125
5.34814453125
5.53564453125
5.37744140625
5.189208984375
4.91552734375
5.30126953125
4.72900390625
5.5361328125
5.668212890625
5.171875
5.30322265625
5.283935546875
5.097900390625
5.42431640625
4.83203125
5.31005859375
5.562255859375
5.36083984375
4.939697265625
5.012451171875
5.252197265625
5.119873046875
5.3046875
5.216064453125
5.187255859375
5.217041015625
5.27685546875
5.142333984375
5.063720703125
5.43310546875
5.26220703125
5.115966796875
4.91162109375
5.283203125
5.291015625
5.578857421875
5.23095703125
5.35888671875
5.04345703125
5.040283203125
5.17919921875
5.2431640625
5.641357421875
5.446044921875
4.88330078125
5.2734375
5.35595703125
4.845947265625
5.213134765625
5.363037109375
5.109130859375
5.172607421875
5.362548828125
5.266357421875
4.95751953125
4.427001953125
5.052978515625
4.781982421875
5.135009765625
5.53173828125
5.087646484375
5.433837890625
4.88916015625
5.186767578125
5.188232421875
4.68115234375
5.178466796875
5.49560546875
5.0546875
5.51904296875
5.349365234375
5.458251953125
5.136962890625
5.45849609375
5.300048828125
5.418701171875
5.306884765625
5.501708984375
5.612548828125
5.365234375
5.310791015625
5.63525390625
5.72412109375
5.357177734375
5.36181640625
5.41357421875
5.126708984375
5.38330078125
5.2119140625
5.41650390625
5.016845703125
5.244873046875
5.0009765625
5.443603515625
5.5263671875
5.3408203125
5.4423828125
5.455078125
5.155029296875
5.201904296875
5.353759765625
4.993896484375
5.747314453125
5.0390625
5.463134765625
5.26513671875
5.402099609375
5.209228515625
5.099365234375
5.242431640625
5.083740234375
5.443603515625
4.73779296875
5.10400390625
5.255859375
4.9482421875
4.901611328125
5.427490234375
5.438720703125
5.341796875
5.474609375
5.096435546875
5.0908203125
5.214111328125
5.145751953125
5.097900390625
5.1845703125
5.375732421875
5.587646484375
5.5517578125
5.39208984375
5.099853515625
5.222900390625
5.371337890625
5.485107421875
5.306884765625
5.388427734375
4.860107421875
5.296142578125
