2.13037109375
2.13037109375
1.918212890625
2.02685546875
2.0615234375
2.038818359375
2.051025390625
2.172119140625
2.027587890625
2.06640625
2.0625
2.172607421875
2.234619140625
2.144287109375
2.40087890625
2.254150390625
2.129638671875
1.86474609375
2.10791015625
2.0439453125
1.994140625
2.36865234375
2.27783203125
2.1767578125
2.174560546875
2.25927734375
2.070068359375
2.235107421875
2.001708984375
2.297607421875
2.20361328125
2.087158203125
2.171630859375
2.280517578125
2.172607421875
2.137451171875
1.9423828125
2.032470703125
2.135009765625
2.1435546875
1.864501953125
2.191650390625
2.302734375
2.21240234375
2.13037109375
2.014404296875
2.353759765625
2.236328125
2.306884765625
2.0693359375
2.22705078125
2.00537109375
2.44873046875
2.184326171875
2.091064453125
2.0615234375
2.041015625
2.31982421875
2.270751953125
2.220458984375
2.126708984375
2.154296875
2.2861328125
2.257080078125
2.2890625
2.012451171875
2.08935546875
1.984619140625
2.1953125
2.4345703125
2.421630859375
2.212158203125
2.046875
2.063720703125
2.128173828125
2.32373046875
2.334716796875
2.43212890625
1.945068359375
2.1435546875
2.403076171875
2.231689453125
1.9794921875
2.090576171875
2.17822265625
2.129150390625
1.965576171875
2.377197265625
2.119873046875
2.2841796875
2.171142578125
2.36376953125
2.251953125
1.95166015625
1.782470703125
2.35791015625
1.80126953125
2.322998046875
2.310791015625
2.23193359375
2.103515625
2.090087890625
2.224853515625
2.083251953125
2.087890625
2.17822265625
2.3408203125
2.10791015625
2.2958984375
2.1162109375
1.8017578125
2.198486328125
2.22314453125
2.223876953125
2.27783203125
2.288330078125
2.078857421875
2.163330078125
2.109619140625
2.28564453125
2.103759765625
2.1826171875
2.30419921875
2.259765625
1.80810546875
2.079833984375
2.056884765625
2.40771484375
2.14111328125
2.125732421875
1.997802734375
2.265625
2.141845703125
2.044677734375
2.1533203125
2.135009765625
2.384033203125
2.10107421875
1.907958984375
1.98974609375
2.24560546875
2.182861328125
2.040771484375
2.18017578125
2.07666015625
2.171630859375
1.921142578125
2.03466796875
1.7626953125
2.10205078125
2.3271484375
2.144775390625
2.17041015625
2.1123046875
2.299072265625
1.99609375
2.1025390625
1.830322265625
2.247314453125
2.33984375
1.9384765625
1.9765625
2.3818359375
1.900146484375
2.257080078125
1.99609375
2.150390625
2.38818359375
2.133056640625
2.386474609375
2.15576171875
1.80322265625
2.18603515625
2.33642578125
2.0419921875
2.18310546875
2.163818359375
2.306640625
2.07861328125
2.064697265625
2.043701171875
2.101806640625
2.0546875
2.394287109375
2.05419921875
2.3466796875
1.877197265625
2.23828125
2.2822265625
2.262939453125
2.021484375
1.983642578125
2.20654296875
2.156982421875
2.123291015625
2.243896484375
2.134033203125
2.049560546875
2.34521484375
2.32080078125
2.1806640625
2.256591796875
2.16162109375
2.190185546875
2.158447265625
2.222900390625
2.178955078125
2.310302734375
1.98388671875
2.2373046875
2.21533203125
2.328369140625
1.86376953125
2.124755859375
2.020751953125
2.20361328125
2.18310546875
1.921630859375
1.93798828125
1.931396484375
2.085205078125
1.939697265625
2.215087890625
2.09375
2.115234375
1.87548828125
2.086669921875
2.198974609375
2.50732421875
2.2119140625
2.1025390625
2.125244140625
1.89208984375
2.260498046875
2.223876953125
2.226318359375
2.29296875
2.418212890625
1.9765625
2.192626953125
2.226806640625
2.33544921875
2.259033203125
2.393798828125
2.484375
2.564453125
2.111083984375
1.977294921875
2.2333984375
2.342529296875
2.112548828125
2.41845703125
2.140380859375
2.15185546875
2.202392578125
2.312744140625
2.2177734375
2.018310546875
2.275146484375
2.0927734375
1.958740234375
2.03759765625
2.175048828125
2.125732421875
2.201904296875
2.265380859375
2.3544921875
2.000732421875
2.284912109375
2.082275390625
2.167236328125
2.17529296875
2.146728515625
2.192626953125
2.448486328125
2.15966796875
2.412353515625
1.819091796875
2.067626953125
2.0400390625
2.241943359375
2.092041015625
2.302978515625
2.05224609375
2.022216796875
2.094970703125
2.4345703125
2.145263671875
2.32373046875
2.20458984375
2.246826171875
2.331787109375
2.15185546875
2.056396484375
2.1015625
2.095458984375
2.050048828125
2.14208984375
2.046142578125
2.209228515625
2.178466796875
2.1953125
2.103759765625
2.218017578125
2.3701171875
2.25048828125
2.16064453125
2.1220703125
2.133544921875
2.337158203125
2.27734375
2.11572265625
2.1328125
1.7919921875
2.3115234375
2.248291015625
2.04931640625
2.0439453125
2.04931640625
2.267578125
1.95947265625
2.00390625
2.022216796875
2.08642578125
2.051513671875
2.040283203125
2.211669921875
2.030517578125
2.166259765625
2.182861328125
1.925048828125
1.85595703125
2.1376953125
2.191650390625
2.182861328125
2.33984375
2.302734375
1.962158203125
2.195068359375
2.224609375
2.163818359375
2.21484375
2.468017578125
2.148681640625
1.9345703125
2.109619140625
1.98876953125
2.0107421875
2.16259765625
2.08837890625
2.2646484375
2.44873046875
2.1826171875
2.052490234375
2.14794921875
1.86572265625
2.21240234375
2.175537109375
1.982421875
2.2939453125
2.17529296875
2.144775390625
1.9873046875
2.213623046875
2.383056640625
2.0458984375
2.13037109375
2.21630859375
1.989501953125
2.0869140625
2.222412109375
2.126953125
2.30712890625
2.076416015625
2.25146484375
2.108154296875
2.301025390625
2.240234375
2.104248046875
2.328369140625
2.11181640625
2.209716796875
2.087890625
2.1708984375
1.8544921875
2.221435546875
2.30322265625
2.09375
2.16552734375
2.06591796875
2.1220703125
2.063232421875
1.92138671875
2.072265625
2.307861328125
2.19873046875
1.954833984375
2.2236328125
2.383056640625
2.16845703125
2.114990234375
2.232666015625
2.248046875
2.16015625
2.300048828125
2.092041015625
2.181884765625
2.037109375
2.1259765625
2.149169921875
2.09130859375
2.301025390625
2.20458984375
2.3544921875
2.1650390625
2.2548828125
2.049560546875
2.229248046875
2.072021484375
1.909423828125
2.0498046875
2.433349609375
2.318359375
2.312744140625
2.228271484375
2.3056640625
2.140869140625
2.2431640625
2.23828125
2.14892578125
2.171142578125
1.932373046875
1.981201171875
2.305908203125
2.20849609375
2.362548828125
2.11767578125
2.269287109375
2.395263671875
2.016845703125
1.94921875
2.18212890625
2.199462890625
2.30712890625
2.302490234375
2.14208984375
2.244384765625
2.13134765625
1.939453125
1.98291015625
1.962158203125
2.068603515625
2.2255859375
2.06689453125
2.099365234375
2.414794921875
2.21875
2.2568359375
1.9541015625
1.852294921875
2.10595703125
2.348876953125
2.26953125
1.9609375
2.257568359375
2.103759765625
2.17724609375
2.00927734375
2.22119140625
2.261962890625
2.38330078125
2.314208984375
1.857666015625
1.990966796875
2.26416015625
2.06884765625
2.15625
2.1875
2.2470703125
2.418701171875
2.08251953125
2.167724609375
1.909912109375
2.19384765625
1.987548828125
2.135009765625
2.330322265625
2.40869140625
2.1044921875
2.25732421875
2.23291015625
2.06396484375
2.20751953125
2.10693359375
2.155029296875
2.423095703125
1.932861328125
2.18017578125
2.22314453125
2.438720703125
2.10986328125
2.125
2.236572265625
2.2421875
2.041015625
2.0263671875
2.375
1.922607421875
2.047119140625
2.29638671875
2.076416015625
2.2353515625
2.118896484375
2.192138671875
2.111572265625
2.025146484375
2.238037109375
2.254150390625
2.212890625
2.0576171875
2.18701171875
1.991943359375
2.1689453125
2.12646484375
2.302734375
2.0224609375
2.237548828125
2.180419921875
2.274169921875
2.27978515625
1.959716796875
1.866943359375
1.99169921875
2.436767578125
1.977294921875
2.12158203125
2.17431640625
2.210693359375
2.20458984375
2.403564453125
2.0859375
2.198974609375
2.179443359375
2.01220703125
2.0859375
2.23193359375
2.291015625
2.374755859375
2.15576171875
2.26513671875
2.276123046875
2.29150390625
2.119384765625
2.263427734375
2.29345703125
2.21142578125
2.209228515625
2.172119140625
2.26025390625
2.048095703125
2.04345703125
2.3369140625
2.24609375
2.37353515625
2.47021484375
2.056396484375
2.205810546875
2.30810546875
2.2666015625
2.249755859375
2.066162109375
2.214111328125
2.076171875
2.246826171875
2.109130859375
2.1357421875
2.25146484375
2.29541015625
2.28466796875
2.130859375
2.05712890625
2.24267578125
1.964111328125
2.279541015625
2.421142578125
2.173828125
2.290283203125
2.322998046875
2.18505859375
2.09228515625
2.01708984375
2.125244140625
2.323486328125
1.990966796875
2.54248046875
2.3642578125
2.261474609375
2.179931640625
2.271728515625
2.360595703125
2.13330078125
2.288330078125
2.249755859375
2.20458984375
2.203125
2.1796875
2.45849609375
1.935791015625
2.30322265625
1.76025390625
2.001708984375
2.21240234375
2.125
2.084228515625
2.150146484375
2.100830078125
2.200927734375
2.148193359375
2.11669921875
2.306396484375
1.968505859375
2.13037109375
2.259521484375
2.0810546875
2.255126953125
2.114013671875
2.350830078125
2.17041015625
2.206787109375
1.9853515625
2.15625
2.0087890625
2.070556640625
2.05517578125
2.125
2.168212890625
2.4619140625
2.3076171875
2.248291015625
2.1201171875
2.231201171875
2.13232421875
2.12451171875
2.226806640625
2.243408203125
2.242431640625
2.09619140625
2.109619140625
2.2978515625
2.037109375
2.158447265625
1.875
2.40234375
2.1787109375
2.213623046875
2.1025390625
2.196533203125
2.082763671875
2.35986328125
2.23193359375
2.07763671875
2.341796875
2.21826171875
2.12060546875
2.083984375
2.2470703125
2.14990234375
2.19287109375
2.496826171875
2.005859375
2.16650390625
2.209228515625
2.099853515625
2.03759765625
2.3017578125
2.1357421875
2.280029296875
2.3896484375
2.21337890625
2.265625
2.16943359375
1.786376953125
2.226318359375
1.667236328125
2.3876953125
1.900390625
2.002685546875
2.146728515625
2.163818359375
2.2060546875
2.060791015625
2.213134765625
2.085693359375
2.119873046875
2.00390625
2.22021484375
2.144287109375
2.168701171875
2.132568359375
2.03955078125
2.2080078125
1.94775390625
2.12255859375
1.9716796875
2.037109375
2.160888671875
1.86669921875
2.49853515625
2.4296875
2.092041015625
1.99609375
2.31005859375
2.376708984375
2.0546875
2.408935546875
2.0126953125
2.29443359375
2.267578125
2.246826171875
2.12060546875
2.328857421875
2.022705078125
2.28173828125
2.23583984375
2.177490234375
1.997802734375
2.06591796875
2.33740234375
2.188232421875
2.0732421875
2.109375
1.96630859375
2.3544921875
2.3388671875
2.221435546875
1.5908203125
2.5048828125
2.228515625
2.103271484375
1.943603515625
2.151123046875
2.21240234375
1.98681640625
1.9970703125
2.211669921875
2.164794921875
2.246337890625
2.0751953125
1.91455078125
2.2490234375
2.08984375
2.2900390625
2.3720703125
2.267822265625
2.153564453125
2.603515625
2.158203125
2.1474609375
2.13818359375
2.08056640625
2.161865234375
2.1982421875
2.114013671875
2.286376953125
1.99609375
2.117919921875
2.182373046875
2.38330078125
2.09814453125
2.03515625
2.260009765625
2.056640625
2.3525390625
2.269287109375
2.158935546875
2.32080078125
2.085693359375
2.1630859375
2.349853515625
2.1904296875
1.96337890625
2.164794921875
2.439208984375
2.166259765625
2.26708984375
2.172119140625
2.149169921875
2.084716796875
2.22021484375
2.265869140625
2.222412109375
2.0546875
2.35498046875
2.1767578125
2.2841796875
2.292724609375
2.27685546875
1.992919921875
2.205810546875
2.1064453125
2.2080078125
1.934814453125
2.205078125
1.738037109375
2.259521484375
2.001953125
2.370361328125
2.153564453125
2.292236328125
2.36376953125
2.275390625
2.089111328125
2.083740234375
2.35693359375
2.061279296875
2.136474609375
2.2568359375
2.19873046875
2.121826171875
2.041015625
2.265625
2.06103515625
1.998779296875
2.142578125
1.992919921875
2.333740234375
1.967529296875
2.203857421875
2.10107421875
2.2568359375
2.192626953125
2.189697265625
2.1083984375
2.291748046875
2.1796875
2.091796875
2.098388671875
2.066650390625
2.260009765625
2.120849609375
1.98876953125
2.07958984375
2.071533203125
2.138427734375
2.254638671875
2.265625
2.2451171875
2.28271484375
2.173095703125
2.391357421875
2.3359375
2.338623046875
2.176025390625
2.17626953125
2.240966796875
1.975830078125
2.447509765625
2.098876953125
2.2431640625
2.10693359375
1.97265625
2.1240234375
2.052734375
2.395751953125
2.218017578125
2.0927734375
2.08740234375
2.18408203125
2.052490234375
1.992431640625
2.20556640625
2.371826171875
2.098876953125
2.19775390625
2.132080078125
1.9765625
2.16748046875
2.219970703125
2.072265625
2.18359375
2.24169921875
2.163330078125
2.165283203125
2.167236328125
2.15576171875
2.115478515625
2.19970703125
2.07080078125
2.265380859375
2.15576171875
2.2861328125
2.276611328125
2.191650390625
2.200927734375
2.333251953125
2.060302734375
2.2099609375
1.9404296875
2.07470703125
2.226318359375
1.949951171875
2.114501953125
2.263916015625
2.303466796875
2.27001953125
2.314208984375
2.124755859375
2.148681640625
2.192138671875
2.324951171875
2.273681640625
2.23095703125
2.231201171875
2.1123046875
2.121337890625
2.075439453125
2.09375
2.0615234375
2.00927734375
2.156494140625
2.17529296875
2.30419921875
2.051513671875
1.968017578125
2.029052734375
2.02197265625
2.05859375
2.092041015625
2.06640625
2.053955078125
2.113037109375
2.230712890625
2.234130859375
2.21142578125
2.2734375
2.241943359375
2.3701171875
2.092041015625
2.30859375
2.1767578125
2.206298828125
2.208984375
2.195556640625
2.003662109375
2.135986328125
2.0146484375
2.35009765625
2.047119140625
2.005126953125
1.997314453125
2.20703125
2.32958984375
2.11572265625
2.298828125
2.181640625
2.078369140625
1.9423828125
2.224365234375
2.182861328125
2.31982421875
2.004638671875
2.249755859375
2.21240234375
2.236572265625
2.325927734375
2.22998046875
2.361328125
2.15869140625
2.004150390625
2.364990234375
2.50634765625
2.080078125
2.13720703125
2.2568359375
2.1103515625
2.115966796875
2.218017578125
1.99609375
2.081298828125
1.976806640625
