3.41162109375
3.41162109375
3.6552734375
3.4970703125
3.560546875
3.574951171875
3.7568359375
3.375
3.645751953125
3.6865234375
3.52392578125
3.799560546875
3.484130859375
3.734375
3.366455078125
3.103515625
3.823974609375
3.662353515625
3.767333984375
3.67626953125
3.7802734375
3.51953125
3.4287109375
3.631103515625
3.46875
3.65478515625
3.36328125
3.498291015625
3.650634765625
3.48681640625
3.691650390625
3.654296875
3.709716796875
3.601318359375
3.607177734375
3.543701171875
3.8046875
3.464111328125
3.61328125
3.28076171875
3.5341796875
3.44921875
3.557373046875
3.621337890625
3.25
3.349853515625
3.767578125
3.681884765625
3.696044921875
3.28369140625
3.66259765625
3.4970703125
3.54541015625
3.56201171875
3.5380859375
3.83837890625
3.361083984375
3.4609375
3.319580078125
3.529541015625
3.839599609375
3.354736328125
3.458251953125
3.57275390625
3.70166015625
3.455810546875
3.81787109375
3.592529296875
3.67626953125
3.623291015625
3.5166015625
3.454833984375
3.573974609375
3.742919921875
3.447021484375
3.767822265625
3.951416015625
3.671875
3.393310546875
3.48876953125
3.3046875
3.756103515625
3.529296875
3.320556640625
3.76025390625
3.5068359375
3.500244140625
3.560791015625
3.61962890625
3.74169921875
3.511474609375
3.62548828125
3.7939453125
3.38916015625
3.646240234375
3.78515625
3.63134765625
3.225830078125
3.661865234375
3.504150390625
3.567626953125
3.2685546875
3.630126953125
3.302978515625
3.6650390625
3.747314453125
3.5400390625
3.44775390625
3.64404296875
3.6064453125
3.531005859375
3.648681640625
3.458251953125
3.323974609375
3.71923828125
3.781494140625
3.530029296875
3.577880859375
3.66259765625
3.344482421875
3.556640625
3.68701171875
3.337158203125
3.587890625
3.50732421875
3.67333984375
3.364501953125
3.2548828125
3.353271484375
3.666748046875
3.500732421875
3.8583984375
3.4453125
3.44189453125
3.66455078125
3.622314453125
3.775634765625
3.51708984375
3.532470703125
3.3818359375
3.564208984375
3.4658203125
3.389892578125
3.590576171875
3.431640625
3.607666015625
3.642822265625
3.78564453125
3.776123046875
3.46435546875
3.493408203125
3.767333984375
3.736328125
3.537841796875
3.625244140625
3.437744140625
3.519287109375
3.7861328125
3.771728515625
3.4541015625
3.416259765625
3.46435546875
3.558837890625
3.76220703125
3.7109375
3.4912109375
3.464111328125
3.7021484375
3.446533203125
3.581298828125
3.6162109375
3.764404296875
3.484130859375
3.672607421875
3.748046875
3.71337890625
3.600341796875
3.4326171875
3.46435546875
3.29345703125
3.697265625
3.642578125
3.545166015625
3.469482421875
3.793701171875
3.66943359375
3.721923828125
3.655517578125
3.58740234375
3.63916015625
3.589599609375
3.70556640625
3.184814453125
3.39306640625
3.477783203125
3.761962890625
3.694580078125
3.648193359375
3.5087890625
3.350341796875
3.340087890625
3.553955078125
3.337158203125
3.26416015625
3.578369140625
3.529296875
3.470703125
3.840576171875
3.417236328125
3.652099609375
3.447021484375
3.654541015625
3.24853515625
3.23486328125
3.4267578125
3.602294921875
3.686767578125
3.58984375
3.63671875
3.50048828125
3.4990234375
3.47705078125
3.6171875
3.77783203125
3.907470703125
3.810546875
3.561279296875
3.62939453125
3.548828125
3.7705078125
3.66796875
3.254638671875
3.50341796875
3.381103515625
3.3017578125
3.575927734375
3.25
3.389892578125
3.6220703125
3.505859375
3.288818359375
3.335693359375
3.55322265625
3.438232421875
3.607421875
3.4853515625
3.70166015625
3.473876953125
3.741943359375
3.4169921875
3.816650390625
3.69189453125
3.575927734375
3.590576171875
3.727294921875
3.30322265625
3.301513671875
3.58056640625
3.585693359375
3.610107421875
3.716552734375
3.264404296875
3.681396484375
3.354736328125
3.090087890625
3.76904296875
3.46875
3.387939453125
3.5615234375
3.620361328125
3.5810546875
3.068603515625
3.582763671875
3.5185546875
3.43701171875
3.75927734375
3.511962890625
3.55126953125
3.539794921875
3.865234375
3.26220703125
3.5810546875
3.578125
3.689453125
3.386474609375
3.9521484375
3.556396484375
3.45751953125
3.385498046875
3.274658203125
3.400146484375
3.813720703125
3.6845703125
3.393798828125
3.43408203125
3.908447265625
3.473876953125
3.48095703125
3.475341796875
3.579833984375
3.5791015625
3.24560546875
3.447998046875
3.559326171875
3.653076171875
3.36181640625
3.53759765625
3.5888671875
3.6552734375
3.606689453125
3.37890625
3.538330078125
3.690673828125
3.478271484375
3.52978515625
3.683349609375
3.5869140625
3.57080078125
3.319580078125
3.383056640625
3.664794921875
3.56591796875
3.510009765625
3.600341796875
3.89306640625
3.447998046875
3.260986328125
3.50341796875
3.33544921875
3.54052734375
3.551513671875
3.718505859375
3.365478515625
3.727783203125
3.48974609375
3.577880859375
3.6083984375
3.46142578125
3.419189453125
3.607177734375
3.4619140625
3.58740234375
3.759765625
3.695068359375
3.611328125
3.36572265625
3.9072265625
3.371337890625
3.425537109375
3.78662109375
3.553955078125
3.339599609375
3.5478515625
3.612548828125
3.5478515625
3.670166015625
3.280517578125
3.7822265625
3.550048828125
3.5048828125
3.31103515625
3.683837890625
3.710205078125
3.462646484375
3.49609375
3.701171875
3.559814453125
3.834716796875
3.757568359375
3.520263671875
3.635009765625
3.4384765625
3.5166015625
3.56982421875
3.757568359375
3.619873046875
3.601806640625
3.3115234375
3.649658203125
3.983154296875
3.362548828125
3.52099609375
3.5
3.57666015625
2.958251953125
3.65771484375
3.4208984375
3.25390625
3.6494140625
3.614501953125
3.251220703125
3.21875
3.46923828125
3.563232421875
3.702392578125
3.694091796875
3.419921875
3.577880859375
3.436767578125
3.803955078125
3.45556640625
3.42919921875
3.6494140625
3.732421875
3.379638671875
3.771728515625
3.493408203125
3.410888671875
3.521728515625
3.787841796875
3.400146484375
3.2353515625
3.486572265625
3.8603515625
3.687744140625
3.77197265625
3.39501953125
3.57568359375
3.57666015625
3.42138671875
3.650634765625
3.58935546875
3.51123046875
3.691650390625
3.492919921875
3.293212890625
3.671142578125
3.70849609375
3.3876953125
3.554443359375
3.185791015625
3.639404296875
3.453125
3.49609375
3.814208984375
3.488525390625
3.1572265625
3.865478515625
3.602294921875
3.288330078125
3.7109375
3.511962890625
3.689453125
3.73046875
3.407958984375
3.549560546875
3.66015625
3.539794921875
3.693115234375
3.596923828125
3.203369140625
3.55224609375
3.27685546875
3.50439453125
3.37109375
3.765869140625
3.527099609375
3.61669921875
3.680908203125
3.69921875
3.725341796875
3.467529296875
3.614990234375
3.52392578125
3.575439453125
3.31201171875
3.484619140625
3.559814453125
3.69677734375
3.80078125
3.68017578125
3.4404296875
3.50439453125
3.687255859375
3.177490234375
3.6416015625
3.451416015625
3.6513671875
3.40966796875
3.79931640625
4.14990234375
3.160400390625
3.825439453125
3.5751953125
3.72900390625
3.42041015625
3.601318359375
3.681884765625
3.75341796875
3.454833984375
3.39794921875
3.74658203125
3.36962890625
3.45166015625
3.3818359375
3.804443359375
3.551513671875
3.703857421875
3.76953125
3.49853515625
3.776611328125
3.49462890625
3.919677734375
3.360107421875
3.77099609375
3.569580078125
3.24658203125
3.65283203125
3.7822265625
3.62158203125
3.251220703125
3.485595703125
3.502685546875
3.658447265625
3.303466796875
3.567138671875
3.36767578125
3.56005859375
3.562744140625
3.841552734375
3.476318359375
3.770751953125
3.836669921875
3.187255859375
3.5791015625
3.447265625
3.256591796875
3.740966796875
3.732666015625
3.370361328125
3.586669921875
3.74169921875
3.2509765625
3.740966796875
3.38671875
3.628173828125
3.495361328125
3.737548828125
3.440185546875
3.514892578125
3.57568359375
3.90087890625
3.6181640625
3.49169921875
3.713134765625
3.503173828125
3.725830078125
3.595703125
3.624267578125
3.1142578125
3.321044921875
3.3271484375
3.767333984375
3.5078125
3.65576171875
3.667236328125
3.321533203125
3.54052734375
3.576904296875
3.390380859375
3.51806640625
3.708740234375
3.61572265625
3.43408203125
3.609619140625
3.3505859375
3.38720703125
3.594482421875
3.040771484375
3.7236328125
3.49658203125
3.366455078125
3.693115234375
3.754638671875
3.668701171875
3.301025390625
3.4638671875
3.244384765625
3.502197265625
3.4619140625
3.1748046875
3.24658203125
3.576416015625
3.6640625
3.4189453125
3.445556640625
3.515625
3.700927734375
3.660400390625
3.753662109375
3.28857421875
3.2978515625
3.48486328125
3.2177734375
3.607421875
3.5263671875
3.3916015625
3.512451171875
3.585205078125
3.64599609375
3.906982421875
3.441650390625
3.43505859375
3.495849609375
3.374267578125
3.699462890625
3.721435546875
3.718505859375
3.755615234375
3.302490234375
3.457763671875
3.760986328125
3.868896484375
3.652587890625
3.480712890625
3.515380859375
3.781494140625
3.418701171875
3.651123046875
3.301025390625
3.80517578125
3.470703125
3.956787109375
3.4189453125
3.525634765625
3.41650390625
3.51220703125
3.154541015625
3.45556640625
3.6708984375
3.60888671875
3.63525390625
3.5302734375
3.893798828125
3.3662109375
3.619384765625
3.623291015625
3.55810546875
3.5654296875
3.666259765625
3.64453125
3.68408203125
3.55517578125
3.795166015625
3.29296875
3.51611328125
3.263671875
3.604736328125
3.312744140625
3.650634765625
3.513916015625
3.805419921875
3.54541015625
3.821044921875
3.29736328125
3.55078125
3.503662109375
3.450439453125
3.79345703125
3.408935546875
3.327392578125
3.572021484375
3.416259765625
3.417724609375
3.240966796875
3.383056640625
3.36572265625
3.2783203125
3.37158203125
3.73193359375
3.578857421875
3.5927734375
3.793701171875
3.650390625
3.445068359375
3.4169921875
3.5
3.708740234375
3.6376953125
3.630859375
3.6064453125
3.326171875
3.7744140625
3.472900390625
3.4931640625
3.5849609375
3.551513671875
3.2509765625
3.2197265625
3.289306640625
3.402099609375
3.641845703125
3.792236328125
3.762451171875
3.8203125
3.510986328125
3.706298828125
3.81103515625
3.450439453125
3.78173828125
3.849609375
3.634521484375
3.7958984375
3.677001953125
3.652587890625
3.695556640625
3.467529296875
3.62744140625
3.54150390625
3.864013671875
3.382568359375
3.55322265625
3.356689453125
3.37158203125
3.569091796875
3.537841796875
3.649658203125
3.47998046875
3.5927734375
3.5068359375
3.398193359375
3.748291015625
3.769775390625
3.1630859375
3.531005859375
3.419677734375
3.504150390625
3.778564453125
3.685546875
3.591796875
3.278564453125
3.40771484375
3.701416015625
3.49658203125
3.24560546875
3.52978515625
3.594482421875
3.466552734375
3.274658203125
3.34814453125
3.608154296875
3.512451171875
3.4541015625
3.583251953125
3.408447265625
3.468017578125
3.385986328125
3.8095703125
3.298095703125
3.532958984375
3.972900390625
3.507080078125
3.481201171875
3.54296875
3.375
3.457275390625
3.650634765625
3.605224609375
3.33203125
3.5751953125
3.484130859375
3.718994140625
3.773193359375
3.578857421875
3.99609375
3.361083984375
3.47705078125
3.7392578125
3.575927734375
3.685302734375
3.2685546875
3.654052734375
3.663330078125
3.401611328125
3.6015625
3.573974609375
3.491943359375
3.63818359375
3.0
3.590087890625
3.339111328125
3.602783203125
3.620361328125
3.599609375
3.780029296875
3.7265625
3.32080078125
3.746337890625
3.273681640625
3.592041015625
3.443115234375
3.802978515625
3.5986328125
3.50927734375
3.552734375
3.11962890625
3.449951171875
3.546875
3.4306640625
3.41064453125
3.19482421875
3.55322265625
3.662841796875
3.517578125
3.284423828125
3.815673828125
3.703125
3.5302734375
3.592041015625
3.473876953125
3.726318359375
3.048095703125
3.86572265625
3.68310546875
3.4375
3.760498046875
3.6689453125
3.44580078125
3.808837890625
3.63330078125
3.501708984375
3.73291015625
3.445068359375
3.36083984375
3.517578125
3.527587890625
3.764892578125
3.45703125
3.484130859375
3.397216796875
3.87451171875
3.5400390625
3.561279296875
3.436279296875
3.705322265625
3.74267578125
3.6767578125
3.3955078125
3.61767578125
3.8564453125
3.790283203125
3.60595703125
3.474365234375
3.5888671875
3.62744140625
3.082763671875
3.782470703125
3.684326171875
3.514892578125
3.375
3.44873046875
3.573486328125
3.669677734375
3.468017578125
3.697509765625
3.309326171875
3.502197265625
3.37255859375
3.498291015625
3.291748046875
3.755859375
3.482421875
3.633544921875
3.48486328125
3.48583984375
3.201416015625
3.619140625
3.534912109375
3.75341796875
3.91357421875
3.50537109375
3.43212890625
3.37646484375
3.81005859375
3.4912109375
3.577392578125
3.6884765625
3.734619140625
3.553466796875
3.2841796875
3.794677734375
3.603271484375
3.451904296875
3.709228515625
3.672119140625
3.350341796875
3.648681640625
3.690673828125
3.5947265625
3.46142578125
3.384033203125
3.5908203125
3.475830078125
3.602294921875
3.952392578125
3.498779296875
3.824951171875
3.58740234375
3.621826171875
3.601318359375
3.265625
3.1669921875
3.450439453125
3.5576171875
3.451904296875
3.56689453125
3.7392578125
3.7578125
3.6591796875
3.6748046875
3.452392578125
3.408203125
3.559814453125
3.599609375
3.477783203125
3.858642578125
3.640625
3.837158203125
3.476318359375
3.609130859375
3.68115234375
3.4443359375
3.27978515625
3.660400390625
3.5966796875
3.53369140625
3.6005859375
3.350830078125
3.447998046875
3.2724609375
3.457275390625
3.54345703125
3.44921875
3.21630859375
3.25634765625
3.734130859375
3.64013671875
3.4453125
3.53955078125
3.51318359375
3.602294921875
3.534912109375
3.739013671875
3.674560546875
3.536865234375
3.65771484375
3.7099609375
3.551025390625
3.63427734375
3.34765625
3.649658203125
3.5712890625
3.486572265625
3.616943359375
3.68115234375
3.5625
3.333740234375
3.468505859375
3.8623046875
3.422607421875
3.476806640625
4.034423828125
3.52978515625
3.717529296875
3.63818359375
3.52197265625
3.528564453125
3.585205078125
