2.445556640625
2.445556640625
2.53857421875
2.45947265625
2.58984375
2.112060546875
2.575927734375
2.272705078125
2.335205078125
2.419189453125
2.53515625
2.61474609375
2.5810546875
2.469970703125
2.5498046875
2.603515625
2.552490234375
2.262451171875
2.517578125
2.715576171875
2.22705078125
2.44921875
2.203857421875
2.294189453125
2.405517578125
2.6357421875
2.509521484375
2.490478515625
2.42041015625
2.790283203125
2.6533203125
2.3583984375
2.4970703125
2.380126953125
2.438720703125
2.49755859375
2.494384765625
2.54931640625
2.429443359375
2.575927734375
2.681884765625
2.458984375
2.468994140625
2.6875
2.371826171875
2.47216796875
2.484619140625
2.72021484375
2.44677734375
2.14453125
2.44091796875
2.48486328125
2.468505859375
2.773193359375
2.600341796875
2.551513671875
2.47216796875
2.239013671875
2.4482421875
2.471923828125
2.236328125
2.407958984375
2.47119140625
2.46630859375
2.53662109375
2.453125
2.44482421875
2.48095703125
2.289794921875
2.570068359375
2.40673828125
2.361572265625
2.343994140625
2.5634765625
2.410400390625
2.132568359375
2.492919921875
2.395751953125
2.373046875
2.357666015625
2.5693359375
2.454345703125
2.58349609375
2.425048828125
2.75830078125
2.375
2.384521484375
2.605224609375
2.455810546875
2.366455078125
2.694580078125
2.439697265625
2.5263671875
2.592041015625
2.58349609375
2.51708984375
2.302001953125
2.234375
2.40576171875
2.405517578125
2.453369140625
2.400390625
2.367919921875
2.648193359375
2.34130859375
2.529541015625
2.607177734375
2.240234375
2.56591796875
2.44580078125
2.28173828125
2.615478515625
2.603515625
2.59228515625
2.4208984375
2.25
2.6904296875
2.658935546875
2.547607421875
2.4599609375
2.618896484375
2.524658203125
2.56396484375
2.58984375
2.54931640625
2.593505859375
2.362548828125
2.56298828125
2.59375
2.6337890625
2.51171875
2.709716796875
2.578857421875
2.33154296875
2.385986328125
2.44921875
2.538818359375
2.534423828125
2.63671875
2.846435546875
2.50732421875
2.5498046875
2.58203125
2.646240234375
2.54638671875
2.32177734375
2.59326171875
2.51708984375
2.64892578125
2.526123046875
2.6015625
2.3994140625
2.790771484375
2.485595703125
2.427001953125
2.843505859375
2.471435546875
2.2939453125
2.49169921875
2.76171875
2.40673828125
2.354248046875
2.476806640625
2.500732421875
2.410400390625
2.46142578125
2.525146484375
2.390869140625
2.446533203125
2.540283203125
2.4130859375
2.947265625
2.625
2.48486328125
2.611328125
2.45556640625
2.45751953125
2.3662109375
2.374267578125
2.549560546875
2.55859375
2.46044921875
2.423828125
2.56591796875
2.499755859375
2.577880859375
2.526611328125
2.4658203125
2.6025390625
2.659912109375
2.030517578125
2.487548828125
2.52734375
2.17529296875
2.595703125
2.567138671875
2.30517578125
2.285888671875
2.338623046875
2.550048828125
2.598388671875
2.343994140625
2.618896484375
2.53369140625
2.5185546875
2.570068359375
2.4853515625
2.515380859375
2.474609375
2.510009765625
2.438720703125
2.4541015625
2.34130859375
2.682373046875
2.663818359375
2.2236328125
2.42333984375
2.7666015625
2.49365234375
2.567626953125
2.47412109375
2.33056640625
2.629638671875
2.369873046875
2.574951171875
2.622802734375
2.36962890625
2.593505859375
2.4462890625
2.2763671875
2.446533203125
2.09228515625
2.54736328125
2.513916015625
2.281005859375
2.495849609375
2.57861328125
2.444091796875
2.515625
2.4921875
2.81884765625
2.511474609375
2.63818359375
2.42138671875
2.300048828125
2.609375
2.3828125
2.59326171875
2.50634765625
2.588134765625
2.6279296875
2.515869140625
2.44482421875
2.42626953125
2.548095703125
2.495849609375
2.472412109375
2.4853515625
2.28564453125
2.52783203125
2.4423828125
2.337890625
2.6142578125
2.5576171875
2.337646484375
2.51611328125
2.457275390625
2.497314453125
2.430419921875
2.42919921875
2.73193359375
2.722900390625
2.8515625
2.5615234375
2.635009765625
2.478515625
2.5634765625
2.614013671875
2.723388671875
2.74072265625
2.365234375
2.3125
2.681396484375
2.63427734375
2.459716796875
2.416015625
2.475341796875
2.58203125
2.535400390625
2.580078125
2.63623046875
2.502685546875
2.426513671875
2.560302734375
2.28759765625
2.574462890625
2.622802734375
2.380615234375
2.598388671875
2.05224609375
2.404052734375
2.5322265625
2.53173828125
2.378173828125
2.586669921875
2.85205078125
2.499267578125
2.460693359375
2.779296875
2.644775390625
2.496826171875
2.708251953125
2.572021484375
2.5244140625
2.531005859375
2.375244140625
2.603515625
2.49609375
2.615234375
2.435791015625
2.636962890625
2.298095703125
2.497802734375
2.573974609375
2.494873046875
2.58837890625
2.483154296875
2.228515625
2.5322265625
2.535400390625
2.64697265625
2.32275390625
2.418212890625
2.517578125
2.341796875
2.114013671875
2.586181640625
2.509765625
2.357666015625
2.78759765625
2.640380859375
2.614501953125
2.5302734375
2.193603515625
2.747802734375
2.20361328125
2.538330078125
2.491943359375
2.42578125
2.710693359375
2.580078125
2.283447265625
2.746826171875
2.349365234375
2.70458984375
2.483154296875
2.462890625
2.555419921875
2.47265625
2.449951171875
2.49072265625
2.632568359375
2.51611328125
2.337158203125
2.61572265625
2.427490234375
2.490966796875
2.493408203125
2.457275390625
2.393310546875
2.73486328125
2.58203125
2.41552734375
2.315673828125
2.599853515625
2.790771484375
2.37255859375
2.435302734375
2.77685546875
2.505126953125
2.4990234375
2.59619140625
2.398193359375
2.501220703125
2.321044921875
2.33984375
2.4208984375
2.443603515625
2.588623046875
2.327880859375
2.722412109375
2.5400390625
2.40576171875
2.490966796875
2.365966796875
2.501953125
2.289306640625
2.770263671875
2.61279296875
2.619140625
2.509765625
2.629638671875
2.54541015625
2.82177734375
2.4111328125
2.61865234375
2.33349609375
2.563232421875
2.1923828125
2.640869140625
2.47705078125
2.33349609375
2.328857421875
2.362060546875
2.3427734375
2.503662109375
2.51953125
2.712890625
2.560546875
2.685546875
2.470947265625
2.09912109375
2.44091796875
2.313720703125
2.63525390625
2.701171875
2.789794921875
2.67333984375
2.47998046875
2.60546875
2.606201171875
2.605712890625
2.34716796875
2.536865234375
2.558349609375
2.306884765625
2.51220703125
2.48974609375
2.3251953125
2.316650390625
2.818359375
2.343505859375
2.860595703125
2.63818359375
2.694091796875
2.490234375
2.7763671875
2.235107421875
2.546875
2.7783203125
2.4228515625
2.353759765625
2.228271484375
2.670654296875
2.68359375
2.587158203125
2.544189453125
2.498779296875
2.36865234375
2.3427734375
2.715087890625
2.30712890625
2.7021484375
2.26904296875
2.197998046875
2.47998046875
2.456298828125
2.33447265625
2.26171875
2.57958984375
2.396728515625
2.022705078125
2.43798828125
2.33056640625
2.411376953125
2.53076171875
2.4873046875
2.613525390625
2.465087890625
2.5791015625
2.6513671875
2.36181640625
2.578125
2.55810546875
2.384765625
2.155517578125
2.29638671875
2.500244140625
2.2490234375
2.43994140625
2.3583984375
2.744384765625
2.34423828125
2.509033203125
2.538330078125
2.466552734375
2.370849609375
2.41015625
2.1884765625
2.953369140625
2.511962890625
2.45556640625
2.522216796875
2.5703125
2.723876953125
2.27783203125
2.513427734375
2.66015625
2.46337890625
2.259765625
2.3740234375
2.6806640625
2.563720703125
2.424560546875
2.361083984375
2.8583984375
2.68310546875
2.614990234375
2.35546875
2.5029296875
2.57470703125
2.319580078125
2.54931640625
2.279296875
2.62548828125
2.515625
2.396240234375
2.481201171875
2.387939453125
2.591796875
2.534423828125
2.46728515625
2.403564453125
2.30517578125
2.72314453125
2.536376953125
2.405029296875
2.376708984375
2.510498046875
2.67041015625
2.29443359375
2.5048828125
2.5166015625
2.5830078125
2.701904296875
2.42578125
2.534423828125
2.732666015625
2.3955078125
2.477783203125
2.44384765625
2.363037109375
2.79345703125
2.461669921875
2.462890625
2.374755859375
2.67529296875
2.66845703125
2.59765625
2.565673828125
2.663818359375
2.381591796875
2.41748046875
2.74462890625
2.534912109375
2.37158203125
2.49560546875
2.316162109375
2.5
2.568359375
2.06787109375
2.28125
2.6123046875
2.512939453125
2.506591796875
2.510498046875
2.388427734375
2.62353515625
2.71923828125
2.54833984375
2.291748046875
2.6396484375
2.49755859375
2.635986328125
2.46435546875
2.283203125
2.554443359375
2.5810546875
2.615966796875
2.390869140625
2.56640625
2.463134765625
2.694580078125
2.731201171875
2.365966796875
2.392333984375
2.760986328125
2.327392578125
2.318115234375
2.475830078125
2.427490234375
2.447998046875
2.4658203125
2.239990234375
2.326904296875
2.358642578125
2.583251953125
2.43505859375
2.2841796875
2.43603515625
2.755126953125
2.5322265625
2.552001953125
2.365966796875
2.5205078125
2.498046875
2.66015625
2.47021484375
2.29443359375
2.729248046875
2.49072265625
2.68212890625
2.388427734375
2.459228515625
2.478515625
2.4365234375
2.469970703125
2.4345703125
2.399169921875
2.4404296875
2.643798828125
2.16552734375
2.481201171875
2.420166015625
2.524658203125
2.294677734375
2.563232421875
2.365478515625
2.6416015625
2.43603515625
2.347900390625
2.470458984375
2.3681640625
2.248046875
2.645263671875
2.4755859375
2.388427734375
2.333251953125
2.2080078125
2.2890625
2.6787109375
2.4765625
2.421142578125
2.51806640625
2.65087890625
2.58642578125
2.391357421875
2.7841796875
2.462890625
2.493408203125
2.066162109375
2.673095703125
2.39501953125
2.68359375
2.52734375
2.41015625
2.489990234375
2.431884765625
2.548583984375
2.48291015625
2.544921875
2.685302734375
2.461669921875
2.443359375
2.49755859375
2.320556640625
2.695068359375
2.7900390625
2.48583984375
2.568115234375
2.79296875
2.552001953125
2.454833984375
2.413818359375
2.59228515625
2.598388671875
2.363525390625
2.776611328125
2.623291015625
2.57373046875
2.43310546875
2.61181640625
2.616455078125
2.56787109375
2.88232421875
2.409423828125
2.437744140625
2.62939453125
2.5732421875
2.45361328125
2.299072265625
2.571044921875
2.333984375
2.5546875
2.28125
2.294189453125
2.635498046875
2.649169921875
2.474365234375
2.470947265625
2.609375
2.596435546875
2.54345703125
2.453125
2.349609375
2.289306640625
2.412353515625
2.20361328125
2.627197265625
2.582275390625
2.4462890625
2.49267578125
2.450439453125
2.630859375
2.523681640625
2.694580078125
2.493408203125
2.4736328125
2.531982421875
2.446533203125
2.328857421875
2.47509765625
2.582763671875
2.02587890625
2.763671875
2.650390625
2.59814453125
2.46240234375
2.337158203125
2.672607421875
2.546875
2.571044921875
2.6240234375
2.492431640625
2.428955078125
2.6337890625
2.726806640625
2.656005859375
2.696533203125
2.27490234375
2.419677734375
2.023193359375
2.542724609375
2.423583984375
2.610595703125
2.384521484375
2.513671875
2.463623046875
2.358642578125
2.512939453125
2.428466796875
2.5498046875
2.64453125
2.56396484375
2.53076171875
2.25341796875
2.606201171875
2.5224609375
2.326171875
2.4521484375
2.3642578125
2.497314453125
2.619873046875
2.468017578125
2.455322265625
2.158447265625
2.572021484375
2.484375
2.32470703125
2.51416015625
2.466796875
2.378662109375
2.529541015625
2.619140625
2.331787109375
2.78564453125
2.71923828125
2.50341796875
2.3828125
2.47998046875
2.498291015625
2.415771484375
2.535400390625
2.312744140625
2.342041015625
2.499267578125
2.337158203125
2.636962890625
2.539794921875
2.49951171875
2.558837890625
2.107666015625
2.2783203125
2.69091796875
2.609130859375
2.556884765625
2.653564453125
2.36181640625
2.325927734375
2.42138671875
2.5673828125
2.132080078125
2.412353515625
2.39453125
2.652099609375
2.562744140625
2.501953125
2.578369140625
2.3759765625
2.36767578125
2.524169921875
2.33447265625
2.646240234375
2.441162109375
2.5849609375
2.404052734375
2.639892578125
2.28515625
2.55126953125
2.355224609375
2.260986328125
2.3505859375
2.54736328125
2.52783203125
2.447998046875
2.529541015625
2.468505859375
2.311767578125
2.627685546875
2.417236328125
2.390869140625
2.625244140625
2.62353515625
2.4326171875
2.48046875
2.458740234375
2.768310546875
2.48486328125
2.28662109375
2.427734375
2.4150390625
2.407470703125
2.58544921875
2.411376953125
2.34912109375
2.403564453125
2.527587890625
2.4599609375
2.59033203125
2.487548828125
2.47412109375
2.30126953125
2.33740234375
2.5791015625
2.6083984375
2.67333984375
2.213134765625
2.6416015625
2.6552734375
2.64599609375
2.568115234375
2.228271484375
2.517578125
2.439453125
2.49365234375
2.65576171875
2.344482421875
2.09716796875
2.587646484375
2.77490234375
2.46630859375
2.63427734375
2.446533203125
2.657958984375
2.5478515625
2.643798828125
2.48095703125
2.661376953125
2.361328125
1.914306640625
2.641357421875
2.590087890625
2.48388671875
2.381103515625
2.419677734375
2.157958984375
2.67041015625
2.427734375
2.748046875
2.738037109375
2.6240234375
2.696533203125
2.461181640625
2.44775390625
2.514892578125
2.769287109375
2.603271484375
2.591796875
2.52392578125
2.06201171875
2.575439453125
2.780517578125
2.454833984375
2.513916015625
2.4501953125
2.340087890625
2.799072265625
2.3369140625
2.472900390625
2.821533203125
2.342529296875
2.456787109375
2.36865234375
2.41552734375
2.455078125
2.528076171875
2.607666015625
2.73193359375
2.467041015625
2.386474609375
2.447509765625
2.633056640625
2.3583984375
2.53466796875
2.736328125
2.588623046875
2.3134765625
2.658935546875
2.6630859375
2.29833984375
2.29345703125
2.413330078125
2.362060546875
2.3662109375
2.349853515625
2.14990234375
2.333984375
2.3251953125
2.52490234375
2.342529296875
2.4345703125
2.338134765625
2.588623046875
2.423095703125
2.3876953125
2.497802734375
2.421142578125
2.44873046875
2.572021484375
2.54638671875
