3.41162109375
3.41162109375
3.486328125
3.679443359375
3.45263671875
3.675537109375
3.39306640625
3.158447265625
3.381591796875
3.412109375
3.5205078125
3.16455078125
3.69970703125
3.796142578125
3.36376953125
3.2099609375
3.54052734375
3.651611328125
3.459228515625
3.367431640625
3.485107421875
3.491455078125
3.436767578125
3.533935546875
3.41796875
3.76123046875
3.91748046875
3.587158203125
3.475830078125
3.72216796875
3.558349609375
3.707275390625
3.666015625
3.811279296875
3.560302734375
3.67724609375
3.6220703125
3.538330078125
3.46923828125
3.67578125
3.478759765625
3.470458984375
3.77001953125
3.701171875
3.75
3.70458984375
3.472412109375
3.162353515625
3.428955078125
4.07373046875
3.23046875
3.65185546875
3.843994140625
3.497314453125
3.499267578125
3.243408203125
3.490478515625
3.40673828125
3.66015625
3.642578125
3.88232421875
3.853271484375
3.467529296875
3.444091796875
3.310546875
3.66650390625
3.392578125
3.712890625
3.626708984375
3.49853515625
3.341552734375
3.673828125
3.6279296875
3.52587890625
3.72509765625
3.461181640625
3.443359375
3.4990234375
3.605224609375
3.4541015625
3.7255859375
3.037841796875
3.41796875
3.517822265625
3.595947265625
3.563720703125
3.544677734375
3.7275390625
3.291015625
3.650390625
3.69140625
3.3720703125
3.435546875
3.64306640625
3.64794921875
3.604736328125
3.402587890625
3.333984375
3.303466796875
3.787353515625
3.378662109375
3.73828125
3.583984375
3.692138671875
3.513916015625
3.485595703125
3.16943359375
3.524658203125
3.529052734375
3.625
3.51953125
3.651123046875
3.41162109375
3.202392578125
3.68017578125
3.372314453125
3.4755859375
3.415283203125
3.74560546875
3.81201171875
3.66552734375
3.409423828125
3.4111328125
3.50830078125
3.58056640625
3.61279296875
3.67919921875
3.37939453125
3.531494140625
3.822509765625
3.473876953125
3.400390625
3.990478515625
3.682861328125
3.586181640625
3.431396484375
3.5791015625
3.23828125
3.8408203125
3.29638671875
3.5068359375
3.76513671875
3.251708984375
3.166748046875
3.389404296875
3.327392578125
3.23046875
3.56640625
3.86181640625
3.4326171875
3.52001953125
3.674072265625
3.905517578125
3.19189453125
3.84716796875
3.750244140625
3.489501953125
3.332275390625
3.58935546875
4.010498046875
3.484375
3.455810546875
3.5791015625
3.400634765625
3.54296875
3.771484375
3.4638671875
3.5263671875
3.60693359375
3.511962890625
3.649658203125
3.4892578125
3.6083984375
3.531982421875
3.591796875
3.668212890625
3.826171875
3.591064453125
3.93212890625
3.641845703125
3.6787109375
3.96044921875
3.56591796875
3.50244140625
3.509033203125
3.388427734375
3.7841796875
3.542236328125
3.40869140625
3.35498046875
3.719482421875
3.546875
3.1357421875
3.49755859375
3.105224609375
3.41796875
3.631591796875
3.6416015625
3.484130859375
3.51953125
3.621826171875
3.474853515625
3.498291015625
3.58203125
3.55615234375
3.5361328125
3.869384765625
3.60693359375
3.41064453125
3.00732421875
3.392578125
3.773681640625
3.47607421875
3.404052734375
3.841552734375
3.693115234375
3.67138671875
3.772705078125
3.666015625
3.52197265625
3.032958984375
3.872802734375
3.634521484375
3.314453125
3.742431640625
3.61328125
3.51953125
3.671142578125
3.730712890625
3.731201171875
3.6572265625
3.470703125
3.69580078125
3.331787109375
3.611083984375
3.7333984375
3.301025390625
3.447998046875
3.24072265625
3.586181640625
3.65673828125
3.576416015625
3.546875
3.3212890625
3.506103515625
3.83544921875
3.420166015625
3.223388671875
3.547119140625
3.427490234375
3.467529296875
3.53466796875
3.5625
3.553955078125
3.055908203125
3.298828125
3.65771484375
3.682861328125
3.566162109375
3.7607421875
3.54150390625
3.7158203125
3.54931640625
3.953369140625
3.700439453125
3.448974609375
3.47607421875
3.86083984375
3.493408203125
3.17041015625
3.656005859375
3.859375
3.4794921875
3.834716796875
3.46044921875
3.43896484375
3.993896484375
3.89306640625
3.460205078125
3.486572265625
3.554443359375
3.302001953125
3.831787109375
3.54443359375
3.62939453125
3.490234375
3.585205078125
3.54345703125
3.624755859375
3.6484375
3.907958984375
3.83349609375
3.517578125
3.80224609375
3.461669921875
3.545654296875
3.2900390625
3.383544921875
2.914306640625
3.632568359375
3.60791015625
3.577392578125
3.55517578125
3.13671875
3.512939453125
3.72021484375
3.641357421875
3.628173828125
3.64453125
3.651123046875
3.857177734375
3.3994140625
3.30517578125
3.1650390625
3.55517578125
3.82666015625
3.663818359375
3.770263671875
3.2705078125
3.4814453125
3.695068359375
3.576171875
3.608154296875
3.640869140625
3.5341796875
3.3232421875
3.899658203125
3.59765625
3.7265625
3.6806640625
3.325439453125
3.427001953125
3.615966796875
3.272705078125
3.4501953125
3.465576171875
3.796875
3.474609375
3.711669921875
3.447021484375
3.707763671875
3.751953125
3.278076171875
3.859619140625
3.441162109375
3.75439453125
3.408447265625
3.982421875
3.532470703125
3.6298828125
3.417236328125
3.58837890625
3.4794921875
3.867431640625
3.8095703125
3.640625
3.715087890625
3.724365234375
3.474609375
3.70361328125
3.53271484375
3.377685546875
3.3955078125
3.5126953125
3.620849609375
3.88427734375
3.720947265625
3.6845703125
3.33544921875
3.4873046875
3.697509765625
3.943359375
3.525634765625
3.36279296875
3.295654296875
3.629638671875
3.607421875
3.62158203125
3.49072265625
3.869140625
3.8876953125
3.735595703125
3.540771484375
3.637451171875
3.83740234375
3.525390625
3.809814453125
3.4951171875
3.086181640625
3.650634765625
3.504150390625
3.80859375
3.67333984375
3.746337890625
3.843505859375
3.656982421875
3.451416015625
3.5693359375
3.396728515625
3.545654296875
3.22021484375
3.56396484375
3.53466796875
3.727294921875
3.686279296875
3.608154296875
3.826171875
3.3212890625
3.372314453125
3.33984375
3.613037109375
3.669921875
3.417236328125
3.36962890625
3.5390625
3.638916015625
3.650390625
3.4990234375
3.943115234375
3.39794921875
3.718017578125
3.618408203125
3.646728515625
3.379638671875
3.504638671875
3.27685546875
3.791015625
3.591064453125
3.459228515625
3.5078125
3.32373046875
3.51806640625
3.905517578125
3.691650390625
3.5205078125
3.4892578125
3.911865234375
3.33251953125
3.988037109375
3.40869140625
3.633544921875
3.345458984375
3.625244140625
3.5751953125
3.700439453125
3.47119140625
3.586181640625
3.427490234375
3.634765625
3.564697265625
3.6337890625
3.87060546875
3.699951171875
3.598388671875
3.6298828125
3.89501953125
3.578125
3.69677734375
3.22265625
3.58203125
3.523193359375
3.413330078125
3.767333984375
3.5751953125
3.400146484375
3.3251953125
3.672607421875
3.4658203125
2.971435546875
3.409423828125
3.640625
3.681884765625
3.56640625
3.64453125
3.2880859375
3.78271484375
3.843017578125
3.730224609375
3.078369140625
3.805908203125
3.721923828125
3.60009765625
3.60009765625
3.052490234375
3.638916015625
3.638916015625
3.598388671875
3.677490234375
3.119873046875
3.607666015625
3.8466796875
3.45556640625
3.227294921875
3.511474609375
3.28515625
3.7578125
3.698974609375
3.46630859375
3.54736328125
3.3173828125
3.23583984375
3.497802734375
3.39208984375
3.851318359375
3.6708984375
3.49853515625
3.49951171875
3.5458984375
3.6015625
3.915283203125
3.5771484375
3.625732421875
3.597900390625
3.541015625
3.825439453125
3.706298828125
3.751953125
3.385498046875
3.49267578125
3.3251953125
3.448974609375
3.72412109375
3.32275390625
3.502685546875
3.62548828125
3.903076171875
3.578369140625
3.404052734375
3.628662109375
3.572509765625
3.49365234375
3.375
3.258544921875
3.169677734375
3.541748046875
3.4619140625
3.591796875
3.438720703125
3.505859375
3.520263671875
3.740966796875
3.40087890625
3.3779296875
3.510498046875
3.42529296875
3.425048828125
3.32568359375
3.5126953125
3.684814453125
3.74951171875
3.683837890625
3.3955078125
3.47216796875
3.75927734375
3.67919921875
3.63427734375
3.63720703125
3.681884765625
3.073974609375
3.617431640625
3.644287109375
4.094970703125
3.6435546875
3.6875
3.6162109375
3.698486328125
3.3125
3.114013671875
3.48388671875
3.65966796875
3.732177734375
3.667236328125
3.543701171875
3.489990234375
3.68505859375
3.380126953125
3.42236328125
3.779052734375
3.3779296875
3.1455078125
3.4990234375
3.520263671875
3.413818359375
3.184814453125
3.61572265625
3.78369140625
3.52783203125
3.688232421875
3.53271484375
3.8095703125
3.500244140625
3.644775390625
3.661865234375
3.580078125
3.8427734375
3.552734375
3.376953125
3.524658203125
3.27490234375
3.625732421875
3.7333984375
3.50927734375
3.5068359375
3.5654296875
3.29150390625
3.67578125
3.49462890625
3.505859375
3.69580078125
3.54736328125
3.5322265625
3.730712890625
3.481689453125
3.4765625
3.52783203125
3.50341796875
3.341064453125
3.61865234375
3.345458984375
3.32470703125
3.64599609375
3.704345703125
3.9560546875
3.77685546875
3.5458984375
3.1748046875
3.616943359375
3.20703125
3.73876953125
3.279052734375
3.81982421875
3.8017578125
3.72021484375
3.435791015625
3.4677734375
3.490966796875
3.728759765625
3.65966796875
3.539306640625
2.979736328125
3.15185546875
3.694580078125
3.60791015625
3.58056640625
3.381591796875
3.5185546875
3.91552734375
3.64013671875
3.461669921875
3.1240234375
3.473388671875
3.514892578125
3.709716796875
3.376708984375
3.66064453125
3.607421875
3.384765625
3.51904296875
3.425048828125
3.225830078125
3.759033203125
3.538330078125
3.6201171875
3.669921875
3.735595703125
3.525634765625
3.926025390625
3.6337890625
3.262939453125
3.452392578125
3.5126953125
3.19189453125
3.8076171875
3.65771484375
3.487548828125
3.630615234375
3.350830078125
3.777587890625
3.7763671875
3.41455078125
3.786865234375
3.428466796875
3.6845703125
3.592041015625
3.485107421875
3.60107421875
3.529296875
3.7197265625
3.348876953125
3.560546875
3.2919921875
3.2998046875
3.295166015625
3.513427734375
3.532958984375
3.479736328125
3.69921875
3.792236328125
3.5966796875
3.29541015625
3.572021484375
3.42822265625
3.61865234375
3.797119140625
3.5810546875
3.219482421875
3.346435546875
3.391357421875
3.333740234375
3.738037109375
3.188720703125
3.476806640625
3.63623046875
3.383544921875
3.30859375
3.43359375
3.6572265625
3.61083984375
3.456787109375
3.64990234375
3.51611328125
3.231201171875
3.5712890625
3.582763671875
3.387939453125
3.458984375
3.707763671875
3.79931640625
3.643310546875
3.03076171875
3.548583984375
3.796875
3.841064453125
3.5869140625
3.490966796875
4.02490234375
3.293701171875
3.534423828125
3.912109375
3.817138671875
3.6025390625
3.535888671875
3.709716796875
3.7041015625
3.8330078125
3.7216796875
3.59521484375
3.66748046875
3.77392578125
3.362060546875
3.462158203125
3.429443359375
3.66845703125
3.672119140625
3.1630859375
3.709716796875
3.369873046875
3.34912109375
3.778564453125
3.688720703125
3.457275390625
3.58837890625
3.56884765625
3.564208984375
3.7275390625
3.7451171875
3.61181640625
3.821044921875
3.39208984375
3.73974609375
3.714599609375
3.681396484375
3.585205078125
3.35205078125
3.450927734375
3.4208984375
3.384521484375
3.63525390625
3.450927734375
3.404541015625
3.0478515625
3.6533203125
3.453857421875
3.52783203125
3.687255859375
3.648193359375
3.62353515625
3.48193359375
3.479248046875
3.621826171875
3.6318359375
3.439697265625
3.7998046875
3.499267578125
3.51220703125
3.177734375
3.506591796875
3.68310546875
3.4482421875
3.64208984375
3.63916015625
3.68359375
3.927734375
3.48291015625
3.490478515625
3.793212890625
3.490234375
3.5771484375
3.624267578125
3.308349609375
3.568115234375
3.661376953125
3.505859375
3.63232421875
3.31494140625
3.68310546875
3.74609375
3.6875
3.459716796875
3.47705078125
3.77783203125
3.52099609375
3.62841796875
3.747802734375
3.415771484375
3.390625
3.74951171875
3.95068359375
3.5146484375
3.419677734375
3.536376953125
3.418701171875
3.378173828125
3.465087890625
3.321044921875
3.441650390625
3.724609375
3.6494140625
3.29052734375
3.600341796875
3.41845703125
3.712158203125
3.424560546875
3.59912109375
3.70556640625
3.50341796875
3.636474609375
3.2197265625
3.279052734375
3.732421875
3.78173828125
3.624755859375
3.5751953125
3.6376953125
3.67822265625
3.538330078125
3.381591796875
3.69873046875
3.76806640625
3.55908203125
3.470458984375
3.5419921875
3.53173828125
3.373779296875
3.498046875
3.472412109375
3.648681640625
3.5888671875
3.531982421875
3.52490234375
3.55126953125
3.51123046875
3.578857421875
3.901611328125
3.349609375
3.674072265625
3.712646484375
3.930908203125
3.6328125
3.6162109375
3.538818359375
3.63330078125
3.4091796875
3.55126953125
3.6640625
3.646484375
3.525390625
3.450927734375
3.5400390625
3.263427734375
3.6552734375
3.220703125
3.80810546875
3.45654296875
3.40576171875
3.419189453125
3.336181640625
3.239013671875
3.481201171875
3.491943359375
3.46875
3.3349609375
3.789306640625
3.450927734375
3.633056640625
3.856201171875
3.568359375
3.4873046875
3.230712890625
3.4619140625
3.575927734375
3.588623046875
3.5771484375
3.900634765625
3.375244140625
3.349365234375
3.59521484375
3.521484375
3.513671875
3.10986328125
3.772705078125
3.3212890625
3.29150390625
3.564453125
3.59033203125
3.437744140625
3.794189453125
3.78369140625
3.678955078125
3.596923828125
3.48388671875
3.721923828125
3.3857421875
3.75146484375
3.493896484375
3.37255859375
3.37939453125
3.4736328125
3.497314453125
3.394287109375
3.587646484375
3.776611328125
3.842529296875
3.074462890625
3.59912109375
3.63330078125
3.269775390625
3.42236328125
3.620361328125
3.624755859375
3.7880859375
3.410400390625
3.797607421875
3.955078125
3.624267578125
3.6640625
3.55859375
3.451904296875
3.418701171875
3.475830078125
3.369140625
3.685791015625
3.764404296875
3.512451171875
3.648193359375
3.4931640625
3.609619140625
3.5283203125
3.615234375
3.702392578125
3.548095703125
3.6796875
3.642822265625
3.44775390625
3.47705078125
3.5205078125
3.330078125
3.68603515625
3.529052734375
