1.40185546875
1.45849609375
1.34716796875
1.64794921875
1.570068359375
1.41845703125
1.359375
1.43017578125
1.281005859375
1.423095703125
1.27197265625
1.3515625
1.56884765625
1.3857421875
1.728271484375
1.345947265625
1.489501953125
1.593505859375
1.58984375
1.318115234375
1.29150390625
1.613037109375
1.226318359375
1.427734375
1.58837890625
1.47216796875
1.385009765625
1.482421875
1.472900390625
1.453857421875
1.3544921875
1.521240234375
1.509033203125
1.393310546875
1.304931640625
1.35107421875
1.577392578125
1.4853515625
1.4677734375
1.5205078125
1.6640625
1.47119140625
1.43603515625
1.217041015625
1.314208984375
1.40380859375
1.338623046875
1.380859375
1.6064453125
1.272705078125
1.215087890625
1.412109375
1.593017578125
1.430419921875
1.42333984375
1.369873046875
1.37646484375
1.427978515625
1.510986328125
1.54736328125
1.358642578125
1.368408203125
1.597412109375
1.5126953125
1.254150390625
1.476318359375
1.482177734375
1.30712890625
1.381103515625
1.642333984375
1.435302734375
1.4306640625
1.49609375
1.477294921875
1.45654296875
1.216796875
1.36083984375
1.444091796875
1.35009765625
1.27099609375
1.54296875
1.529052734375
1.32080078125
1.39697265625
1.169677734375
1.542236328125
1.4814453125
1.505615234375
1.579833984375
1.506103515625
1.4130859375
1.459716796875
1.431884765625
1.43408203125
1.4140625
1.257080078125
1.477294921875
1.380615234375
1.339111328125
1.290283203125
1.41015625
1.197998046875
1.519775390625
1.61328125
1.390380859375
1.31396484375
1.33935546875
1.47216796875
1.477294921875
1.2607421875
1.3916015625
1.45703125
1.621826171875
1.474365234375
1.498779296875
1.43359375
1.430419921875
1.420166015625
1.571044921875
1.441650390625
1.576904296875
1.227294921875
1.19091796875
1.453125
1.413818359375
1.566162109375
1.41943359375
1.55224609375
1.491455078125
1.308837890625
1.46142578125
1.553466796875
1.363037109375
1.31103515625
1.67236328125
1.384765625
1.4013671875
1.398681640625
1.42529296875
1.446044921875
1.520751953125
1.574951171875
1.369873046875
1.48828125
1.37841796875
1.3291015625
1.663330078125
1.548583984375
1.384033203125
1.521484375
1.53369140625
1.454345703125
1.3759765625
1.174560546875
1.320556640625
1.4453125
1.473388671875
1.394775390625
1.5537109375
1.463623046875
1.393798828125
1.64892578125
1.41943359375
1.326904296875
0.9541015625
1.378662109375
1.302734375
1.226806640625
1.369384765625
1.405517578125
1.43115234375
1.482421875
1.383056640625
1.461181640625
1.34765625
1.43603515625
1.69482421875
1.392333984375
1.42724609375
1.5380859375
1.614501953125
1.53173828125
1.370849609375
1.392333984375
1.494873046875
1.480224609375
1.334716796875
1.577392578125
1.171142578125
1.364501953125
1.58837890625
1.322021484375
1.373046875
1.07958984375
1.5107421875
1.54443359375
1.558349609375
1.38818359375
1.530029296875
1.38818359375
1.237060546875
1.528564453125
1.4638671875
1.443115234375
1.276123046875
1.5419921875
1.38720703125
1.30615234375
1.558349609375
1.25244140625
1.42822265625
1.52880859375
1.217041015625
1.414306640625
1.285400390625
1.556884765625
1.65673828125
1.271728515625
1.58203125
1.420166015625
1.519775390625
1.514892578125
1.483154296875
1.515625
1.485107421875
1.35107421875
1.4501953125
1.631591796875
1.536865234375
1.2177734375
1.4169921875
1.36328125
1.3037109375
1.39208984375
1.30712890625
1.521728515625
1.3603515625
1.339599609375
1.294189453125
1.4853515625
1.468994140625
1.57568359375
1.450927734375
1.39013671875
1.371826171875
1.24072265625
1.412353515625
1.5322265625
1.341552734375
1.295654296875
1.424560546875
1.43896484375
1.6826171875
1.47314453125
1.412109375
1.5595703125
1.345703125
1.448974609375
1.34716796875
1.398193359375
1.426513671875
1.537109375
1.59521484375
1.47705078125
1.602294921875
1.61279296875
1.4619140625
1.4833984375
1.3740234375
1.552490234375
1.524169921875
1.503173828125
1.422607421875
1.580810546875
1.50830078125
1.40625
1.266357421875
1.493896484375
1.56689453125
1.516845703125
1.31494140625
1.4111328125
1.389892578125
1.439208984375
1.282470703125
1.240234375
1.31982421875
1.564208984375
1.44970703125
1.3876953125
1.698486328125
1.26953125
1.157470703125
1.438232421875
1.371337890625
1.446533203125
1.470947265625
1.48876953125
1.453857421875
1.35498046875
1.49267578125
1.356689453125
1.53515625
1.419189453125
1.465576171875
1.35791015625
1.181884765625
1.323974609375
1.482666015625
1.478515625
1.40283203125
1.37890625
1.455078125
1.261474609375
1.420166015625
1.20068359375
1.32275390625
1.43798828125
1.47705078125
1.47607421875
1.289306640625
1.400390625
1.43408203125
1.4453125
1.40087890625
1.220947265625
1.404052734375
1.233642578125
1.486572265625
1.35546875
1.622802734375
1.43603515625
1.5498046875
1.57958984375
1.470947265625
1.585693359375
1.60205078125
1.44921875
1.238525390625
1.391357421875
1.41357421875
1.450439453125
1.46240234375
1.4130859375
1.331298828125
1.5263671875
1.278076171875
1.19189453125
1.60595703125
1.18798828125
1.362548828125
1.569091796875
1.548828125
1.302734375
1.33837890625
1.53564453125
1.479736328125
1.322265625
1.425048828125
1.511962890625
1.36865234375
1.4736328125
1.411376953125
1.461181640625
1.343017578125
1.44287109375
1.365234375
1.414306640625
1.413818359375
1.42138671875
1.421142578125
1.1494140625
1.53466796875
1.50537109375
1.547119140625
1.489013671875
1.423828125
1.281005859375
1.529541015625
1.37548828125
1.476318359375
1.48681640625
1.66796875
1.306884765625
1.444091796875
1.4072265625
1.302490234375
1.49072265625
1.23095703125
1.496337890625
1.345458984375
1.404052734375
1.5927734375
1.53955078125
1.319580078125
1.757568359375
1.29443359375
1.4130859375
1.709716796875
1.269775390625
1.314208984375
1.526123046875
1.496337890625
1.447509765625
1.371826171875
1.689697265625
1.349853515625
1.3955078125
1.394287109375
1.3994140625
1.402099609375
1.680419921875
1.4169921875
1.4990234375
1.54443359375
1.33740234375
1.378662109375
1.454345703125
1.380615234375
1.484130859375
1.29931640625
1.509765625
1.3974609375
1.53369140625
1.573486328125
1.465576171875
1.3603515625
1.468994140625
1.6376953125
1.369873046875
1.556884765625
1.3544921875
1.4228515625
1.4169921875
1.39990234375
1.59375
1.38427734375
1.72119140625
1.4716796875
1.5234375
1.27783203125
1.208251953125
1.385498046875
1.437744140625
1.3515625
1.44189453125
1.526611328125
1.176513671875
1.420654296875
1.39697265625
1.481689453125
1.37548828125
1.4658203125
1.666259765625
1.31884765625
1.4931640625
1.52880859375
1.458251953125
1.37744140625
1.502197265625
1.42236328125
1.45703125
1.419921875
1.352294921875
1.453369140625
1.65673828125
1.327392578125
1.451416015625
1.38427734375
1.41015625
1.462890625
1.44189453125
1.416748046875
1.334228515625
1.3994140625
1.566650390625
1.26416015625
1.486572265625
1.47900390625
1.272705078125
1.144287109375
1.509033203125
1.483154296875
1.61962890625
1.184814453125
1.2080078125
1.357177734375
1.228515625
1.277099609375
1.2666015625
1.241943359375
1.35986328125
1.3662109375
1.388916015625
1.428466796875
1.4658203125
1.386962890625
1.630615234375
1.485107421875
1.487060546875
1.455078125
1.410400390625
1.637939453125
1.35302734375
1.490478515625
1.3564453125
1.518310546875
1.29736328125
1.471435546875
1.602294921875
1.428466796875
1.46484375
1.099609375
1.5771484375
1.4853515625
1.46826171875
1.581298828125
1.38427734375
1.802490234375
1.28857421875
1.416259765625
1.460693359375
1.212158203125
1.600830078125
1.666015625
1.5166015625
1.314697265625
1.38037109375
1.3603515625
1.487548828125
1.49853515625
1.511962890625
1.2548828125
1.595458984375
1.28369140625
1.566650390625
1.5859375
1.6201171875
1.140380859375
1.440185546875
1.458984375
1.564453125
1.2197265625
1.338134765625
1.484130859375
1.345458984375
1.4296875
1.3125
1.285400390625
1.3408203125
1.37548828125
1.09423828125
1.574462890625
1.1865234375
1.471923828125
1.328125
1.58203125
1.577392578125
1.432373046875
1.661376953125
1.586669921875
1.33837890625
1.401611328125
1.3876953125
1.358642578125
1.4482421875
1.501708984375
1.367919921875
1.410400390625
1.60693359375
1.591064453125
1.2626953125
1.38671875
1.583740234375
1.471923828125
1.58544921875
1.2724609375
1.57568359375
1.258544921875
1.4619140625
1.509765625
1.5390625
1.230712890625
1.338623046875
1.710205078125
1.438720703125
1.392333984375
1.5390625
1.511962890625
1.3974609375
1.540771484375
1.5732421875
1.503662109375
1.4482421875
1.55859375
1.4189453125
1.40576171875
1.49072265625
1.341064453125
1.585693359375
1.26513671875
1.252685546875
1.340576171875
1.475830078125
1.3759765625
1.47021484375
1.36767578125
1.419189453125
1.301513671875
1.46630859375
1.099365234375
1.5322265625
1.320068359375
1.38916015625
1.343994140625
1.509033203125
1.66162109375
1.41015625
1.3291015625
1.40576171875
1.447265625
1.395751953125
1.55224609375
1.51953125
1.401123046875
1.63916015625
1.5908203125
1.57373046875
1.44580078125
1.322509765625
1.389892578125
1.4345703125
1.568359375
1.4091796875
1.301025390625
1.5419921875
1.465087890625
1.39990234375
1.349853515625
1.344970703125
1.541748046875
1.317138671875
1.814208984375
1.383544921875
1.35693359375
1.43359375
1.34765625
1.510986328125
1.299560546875
1.39501953125
1.476806640625
1.268310546875
1.43994140625
1.32861328125
1.320068359375
1.633056640625
1.494384765625
1.3642578125
1.513916015625
1.35595703125
1.346923828125
1.41357421875
1.127197265625
1.23681640625
1.257568359375
1.4267578125
1.23779296875
1.40625
1.38134765625
1.49169921875
1.212158203125
1.397705078125
1.621337890625
1.50048828125
1.33349609375
1.394287109375
1.4296875
1.40087890625
1.50146484375
1.548583984375
1.3193359375
1.374755859375
1.485107421875
1.324462890625
1.58447265625
1.441162109375
1.259521484375
1.3681640625
1.472900390625
1.343017578125
1.13232421875
1.3984375
1.443115234375
1.682373046875
1.4716796875
1.538818359375
1.673828125
1.48388671875
1.701416015625
1.531494140625
1.4326171875
1.404541015625
1.38525390625
1.447265625
1.55322265625
1.404052734375
1.32666015625
1.525146484375
1.612548828125
1.6298828125
1.47998046875
1.4658203125
1.652587890625
1.537109375
1.2021484375
1.494873046875
1.5546875
1.408935546875
1.43505859375
1.520751953125
1.6787109375
1.54150390625
1.306640625
1.772216796875
1.44677734375
1.38818359375
1.395263671875
1.52294921875
1.499755859375
1.63232421875
1.489013671875
1.424560546875
1.43408203125
1.536376953125
1.41796875
1.602783203125
1.3623046875
1.265869140625
1.511962890625
1.31591796875
1.288330078125
1.568603515625
1.41064453125
1.419921875
1.218017578125
1.5341796875
1.592041015625
1.561279296875
1.053955078125
1.34326171875
1.437744140625
1.368896484375
1.2822265625
1.414306640625
1.4716796875
1.407470703125
1.4755859375
1.2373046875
1.4755859375
1.513671875
1.451171875
1.46044921875
1.45361328125
1.504150390625
1.33544921875
1.4697265625
1.525390625
1.58154296875
1.494873046875
1.538818359375
1.515625
1.49169921875
1.434326171875
1.350341796875
1.60791015625
1.208251953125
1.19775390625
1.44580078125
1.314453125
1.2421875
1.469482421875
1.3681640625
1.27587890625
1.267333984375
1.409912109375
1.465087890625
1.50244140625
1.47412109375
1.560791015625
1.2626953125
1.319091796875
1.50390625
1.2216796875
1.35302734375
1.18701171875
1.5498046875
1.647705078125
1.528076171875
1.34326171875
1.381103515625
1.317626953125
1.353515625
1.5517578125
1.5595703125
1.693359375
1.5302734375
1.518310546875
1.535888671875
1.399658203125
1.447021484375
1.426025390625
1.657470703125
1.3896484375
1.474365234375
1.454833984375
1.5693359375
1.258544921875
1.524169921875
1.432373046875
1.621337890625
1.3828125
1.551025390625
1.60888671875
1.40478515625
1.3896484375
1.396728515625
1.189453125
1.716552734375
1.53515625
1.45947265625
1.515625
1.17724609375
1.280029296875
1.39208984375
1.557373046875
1.318603515625
1.323486328125
1.40771484375
1.51611328125
1.447509765625
1.331298828125
1.553955078125
1.596435546875
1.455810546875
1.33984375
1.44384765625
1.48681640625
1.3232421875
1.485595703125
1.30712890625
1.4140625
1.439208984375
1.4677734375
1.4833984375
1.68408203125
1.442138671875
1.427734375
1.524169921875
1.404296875
1.649658203125
1.435546875
1.3994140625
1.48681640625
1.363037109375
1.44970703125
1.40673828125
1.577880859375
1.42236328125
1.394775390625
1.783203125
1.502685546875
1.36865234375
1.433837890625
1.325927734375
1.157470703125
1.400146484375
1.19580078125
1.85107421875
1.451171875
1.29443359375
1.46728515625
1.427734375
1.329833984375
1.40771484375
1.3564453125
1.692138671875
1.35791015625
1.492431640625
1.460693359375
1.691650390625
1.3544921875
1.347900390625
1.432861328125
1.38525390625
1.54248046875
1.310302734375
1.3740234375
1.53076171875
1.353271484375
1.626220703125
1.38671875
1.625244140625
1.419677734375
1.465087890625
1.396484375
1.47802734375
1.44873046875
1.47607421875
1.51025390625
1.548095703125
1.6640625
1.3408203125
1.255615234375
1.49853515625
1.444580078125
1.492919921875
1.360107421875
1.457763671875
1.60595703125
1.3515625
1.378173828125
1.132568359375
1.458740234375
1.28955078125
1.59716796875
1.368896484375
1.430908203125
1.3388671875
1.51025390625
1.349365234375
1.30224609375
1.515625
1.3232421875
1.5322265625
1.52587890625
1.3447265625
1.18701171875
1.447265625
1.491455078125
1.59423828125
1.579345703125
1.53955078125
1.579833984375
1.536376953125
1.4423828125
1.423583984375
1.56640625
1.350830078125
1.466796875
1.2197265625
1.5751953125
1.28955078125
1.27490234375
1.36767578125
1.40380859375
1.32470703125
1.4580078125
1.3974609375
1.21875
1.5146484375
1.444091796875
1.471435546875
1.455810546875
1.297607421875
1.41357421875
1.51708984375
1.5185546875
1.503173828125
1.364990234375
1.4287109375
1.476806640625
1.42919921875
1.43408203125
1.410400390625
1.320556640625
1.578369140625
1.425048828125
1.412109375
1.6435546875
1.433837890625
1.437255859375
1.447265625
