5.44677734375
5.44677734375
5.44677734375
5.44677734375
5.3076171875
5.371826171875
5.151123046875
5.337646484375
5.651123046875
5.35302734375
5.627685546875
5.85693359375
5.2587890625
5.172607421875
5.5068359375
5.44287109375
5.240234375
5.249267578125
5.380126953125
5.30908203125
5.197265625
5.5546875
5.733642578125
5.454345703125
5.472900390625
5.623779296875
6.0712890625
5.3740234375
5.526123046875
5.4599609375
5.080322265625
5.2646484375
5.818603515625
5.402099609375
5.3447265625
5.422607421875
5.50830078125
5.463134765625
5.205322265625
5.600341796875
5.35546875
5.486572265625
5.630126953125
5.707275390625
5.56787109375
5.2421875
5.624267578125
5.576171875
5.619384765625
5.466796875
5.471923828125
5.23388671875
5.58349609375
5.575439453125
5.491943359375
5.464599609375
5.45751953125
5.167236328125
5.43310546875
5.0625
5.68798828125
5.792236328125
5.262451171875
5.235595703125
5.25927734375
5.5693359375
5.155029296875
5.502685546875
5.2353515625
5.104736328125
5.26953125
5.22314453125
5.20703125
5.280029296875
5.461181640625
5.6611328125
5.2373046875
5.6748046875
5.581298828125
5.427001953125
5.12109375
5.285888671875
5.59130859375
5.337158203125
5.571044921875
5.766357421875
5.674560546875
5.502685546875
5.311767578125
5.333984375
4.8701171875
5.28271484375
5.568359375
5.840576171875
5.063232421875
5.51025390625
5.290771484375
5.470703125
5.79150390625
5.47265625
5.194580078125
5.127685546875
5.907470703125
5.4169921875
5.08935546875
5.8125
5.30859375
5.703125
5.074462890625
5.491455078125
5.209228515625
5.553955078125
5.261474609375
5.560791015625
5.279541015625
5.220703125
5.290771484375
5.404541015625
5.236328125
5.07568359375
5.71044921875
5.548583984375
5.48095703125
5.37353515625
5.3984375
5.578857421875
5.69140625
5.04296875
5.66259765625
5.683349609375
5.120361328125
5.41015625
5.6025390625
5.313232421875
5.552734375
5.65478515625
5.466064453125
5.292724609375
5.611328125
5.15625
5.677001953125
5.270751953125
5.265869140625
5.350341796875
5.0732421875
5.38671875
5.486572265625
5.576904296875
5.11083984375
5.16650390625
5.8369140625
5.51025390625
5.5087890625
4.968017578125
5.3857421875
5.050048828125
5.278076171875
5.55224609375
5.7607421875
5.39208984375
5.502197265625
5.158935546875
5.53955078125
5.717041015625
5.772705078125
5.7099609375
5.127197265625
5.40478515625
5.459716796875
5.727294921875
5.761962890625
5.646484375
5.278564453125
5.28857421875
5.18505859375
5.168212890625
5.330078125
5.246337890625
5.375
5.524658203125
5.54638671875
5.6064453125
5.041015625
5.1181640625
5.22314453125
5.53076171875
5.430908203125
5.2421875
5.556884765625
5.900634765625
5.763916015625
5.138671875
5.411376953125
5.44384765625
5.66259765625
5.43701171875
5.227783203125
5.350830078125
5.21875
5.6728515625
5.196533203125
5.7890625
5.246826171875
5.55322265625
5.20849609375
5.077392578125
5.586669921875
5.215576171875
5.71044921875
5.1318359375
4.822509765625
5.62646484375
5.550537109375
5.547607421875
5.480712890625
5.67919921875
5.429931640625
5.340576171875
5.25439453125
5.498779296875
5.4501953125
5.53173828125
5.828369140625
5.45654296875
4.8740234375
5.471923828125
5.662841796875
5.7998046875
5.22802734375
5.360595703125
5.22607421875
5.636962890625
5.77685546875
5.287353515625
5.466796875
5.58251953125
5.2470703125
5.300537109375
5.3505859375
5.628662109375
5.700439453125
5.2900390625
5.366455078125
5.2373046875
5.272705078125
5.48779296875
5.4375
6.03173828125
5.864990234375
5.250732421875
5.180419921875
5.545166015625
5.8330078125
5.511962890625
5.625244140625
5.570068359375
5.6181640625
5.384521484375
5.334716796875
5.13330078125
5.713623046875
5.392822265625
5.44140625
5.436279296875
5.170166015625
5.493408203125
5.5478515625
5.163330078125
5.836181640625
5.540283203125
5.76953125
5.329833984375
5.342041015625
5.58251953125
5.500732421875
5.640625
5.22412109375
5.43359375
5.28662109375
5.438232421875
5.4287109375
6.12646484375
5.14599609375
6.037841796875
5.394775390625
5.572509765625
5.247314453125
5.8876953125
5.630126953125
5.44140625
5.35400390625
5.281494140625
5.252197265625
5.42236328125
5.18310546875
5.798095703125
5.602783203125
5.72802734375
5.436279296875
5.48486328125
5.288818359375
5.333984375
5.680908203125
5.5107421875
5.65771484375
5.43994140625
5.57421875
5.568359375
5.375244140625
5.337890625
5.328857421875
5.135986328125
5.142822265625
5.456787109375
5.847900390625
5.814208984375
5.546630859375
5.69970703125
5.733154296875
5.474609375
5.66259765625
5.217041015625
5.593017578125
5.63232421875
5.4091796875
5.134765625
5.248291015625
5.360107421875
5.12890625
5.146240234375
5.06396484375
5.263671875
5.634765625
5.183349609375
5.070068359375
5.9169921875
5.912841796875
5.59619140625
5.565185546875
5.568359375
5.377685546875
5.65771484375
5.428466796875
5.219482421875
5.6181640625
5.6220703125
5.734375
5.338623046875
5.286865234375
4.97607421875
5.21630859375
5.44775390625
5.570068359375
5.51416015625
5.3701171875
5.595458984375
5.631591796875
5.190673828125
5.34033203125
5.75927734375
6.1181640625
5.369140625
5.572265625
5.427734375
5.60888671875
5.576171875
5.80419921875
5.298828125
5.420654296875
5.989990234375
5.328125
5.576171875
5.48486328125
5.264892578125
5.0927734375
5.593017578125
4.967041015625
5.74169921875
5.208251953125
5.786376953125
5.18212890625
5.15087890625
5.683349609375
5.544921875
5.68408203125
5.471923828125
5.337890625
5.880126953125
5.3720703125
5.629150390625
4.995849609375
5.367919921875
5.239990234375
5.3974609375
5.232421875
5.826904296875
5.859619140625
5.591064453125
5.348388671875
5.50048828125
5.3544921875
5.49951171875
5.34912109375
5.245849609375
5.3056640625
5.398681640625
5.43701171875
5.340087890625
5.602783203125
5.598388671875
5.89306640625
5.3056640625
5.435302734375
5.361572265625
5.421142578125
5.04248046875
5.3916015625
5.315185546875
5.73193359375
5.19970703125
5.3330078125
5.23388671875
5.796875
5.778076171875
5.31982421875
5.444091796875
4.97265625
5.397216796875
5.328369140625
5.3369140625
5.793701171875
5.603515625
5.44287109375
5.50634765625
5.676513671875
5.451416015625
5.775634765625
5.5830078125
5.4462890625
5.720703125
4.998046875
5.313720703125
5.234375
5.336669921875
5.47021484375
5.534423828125
5.81396484375
5.4091796875
5.27197265625
4.860595703125
5.24462890625
5.507568359375
5.587890625
5.449951171875
5.5029296875
5.1904296875
5.425048828125
5.500244140625
5.35986328125
5.097412109375
5.0947265625
5.731689453125
5.3955078125
5.589111328125
5.6513671875
5.44091796875
5.880859375
5.416015625
5.79638671875
5.139404296875
5.590087890625
6.021728515625
5.204345703125
5.580078125
5.22998046875
5.44873046875
5.518798828125
5.546142578125
5.45458984375
5.16943359375
5.28955078125
5.53759765625
5.455810546875
5.269775390625
6.003173828125
5.80224609375
5.38134765625
5.712890625
5.842529296875
5.413818359375
5.4853515625
5.55615234375
5.768798828125
5.491455078125
5.072265625
5.400390625
5.3125
4.861572265625
5.530029296875
5.730224609375
5.228515625
5.3193359375
5.472900390625
5.731201171875
4.826171875
5.6826171875
5.484619140625
5.52392578125
5.5029296875
5.4912109375
5.2939453125
5.273681640625
5.295166015625
5.195068359375
5.947998046875
5.632568359375
5.162841796875
5.556396484375
5.413330078125
5.388671875
5.37451171875
5.99951171875
5.621826171875
5.7197265625
5.724609375
5.08984375
5.4677734375
5.73388671875
5.564453125
5.222412109375
5.6318359375
5.584228515625
5.43701171875
5.700927734375
5.5615234375
4.690185546875
5.533447265625
5.552978515625
5.193359375
5.272705078125
5.256591796875
5.477783203125
5.36083984375
5.096435546875
5.8564453125
5.9384765625
5.489013671875
5.49951171875
5.453125
5.403564453125
5.35546875
5.336669921875
5.522705078125
5.1865234375
5.7685546875
5.541015625
5.187255859375
5.140625
5.4423828125
5.41845703125
5.455078125
4.67578125
5.032958984375
5.718017578125
5.458740234375
5.37841796875
5.303955078125
5.179931640625
5.231689453125
5.304443359375
5.856201171875
5.618408203125
5.042724609375
5.8251953125
5.547119140625
5.408935546875
5.529541015625
5.404052734375
5.447265625
5.384765625
5.57080078125
5.16845703125
5.38037109375
5.784423828125
5.410888671875
5.67041015625
5.41064453125
4.9130859375
5.23095703125
5.763427734375
5.4482421875
5.50732421875
4.9765625
4.9609375
5.230712890625
5.25
5.149658203125
5.907958984375
5.3017578125
5.6328125
5.629638671875
5.685546875
5.810302734375
5.70849609375
5.60986328125
5.495849609375
5.076416015625
5.384521484375
5.40673828125
5.791015625
4.94921875
5.10009765625
5.69970703125
5.518310546875
5.3154296875
5.286865234375
5.792236328125
5.41357421875
5.539794921875
5.610107421875
5.14599609375
5.498779296875
5.276611328125
5.663330078125
5.0966796875
5.513916015625
5.33056640625
5.7119140625
4.97412109375
5.74951171875
5.444580078125
5.295654296875
5.58251953125
4.877197265625
5.189697265625
5.8173828125
5.58203125
5.41015625
5.81982421875
5.73876953125
5.435302734375
5.48046875
5.414794921875
5.696533203125
5.525390625
5.674560546875
5.164306640625
5.680908203125
5.336669921875
5.79150390625
5.380859375
5.409423828125
5.206787109375
5.6181640625
5.81787109375
5.004638671875
5.194091796875
4.922119140625
5.380615234375
5.4658203125
5.431396484375
5.0537109375
5.43798828125
5.4189453125
5.285888671875
5.4033203125
5.528564453125
5.542236328125
5.6337890625
5.2666015625
5.571044921875
5.10498046875
5.832275390625
5.36279296875
5.640625
5.710693359375
6.1279296875
5.4140625
5.424560546875
5.5458984375
5.35595703125
5.22802734375
4.947265625
5.944091796875
5.196533203125
5.65087890625
5.055908203125
5.36181640625
5.747802734375
5.468017578125
5.23779296875
5.39697265625
5.136474609375
5.310791015625
5.551025390625
5.273193359375
5.3330078125
5.0205078125
5.253173828125
5.597900390625
5.535400390625
5.287841796875
5.375244140625
5.57373046875
5.925537109375
5.620361328125
5.5234375
5.330322265625
5.42041015625
5.28466796875
5.656494140625
5.14404296875
5.4873046875
5.643798828125
5.051513671875
5.67724609375
5.6669921875
5.36474609375
5.489501953125
5.667724609375
5.54345703125
5.33740234375
5.635009765625
5.52099609375
5.499267578125
5.465576171875
5.6982421875
5.8193359375
5.324951171875
5.298095703125
5.77001953125
5.22900390625
5.572265625
5.6064453125
5.260498046875
5.651123046875
5.188232421875
5.771240234375
5.2294921875
5.626220703125
5.218017578125
5.13232421875
5.42333984375
5.139404296875
5.168212890625
5.4677734375
5.601318359375
5.160888671875
5.1982421875
5.406982421875
5.10205078125
5.28759765625
5.3720703125
5.541748046875
5.640625
5.48291015625
5.583251953125
5.37353515625
5.088134765625
5.138916015625
5.36083984375
5.288330078125
5.04443359375
5.426025390625
5.332275390625
5.421875
5.616943359375
5.92626953125
5.401123046875
5.2373046875
5.047607421875
5.298828125
5.390869140625
5.453125
5.27685546875
5.531494140625
5.337646484375
5.120361328125
5.356201171875
5.46044921875
5.342529296875
5.190673828125
5.29052734375
5.703125
5.672119140625
5.27392578125
5.418212890625
5.270751953125
5.615966796875
5.516357421875
5.403564453125
5.767333984375
5.59619140625
5.51513671875
5.43017578125
5.558837890625
5.283935546875
5.06494140625
5.477783203125
5.66064453125
5.3212890625
5.342041015625
5.40185546875
5.15576171875
5.396484375
5.337890625
5.714599609375
5.550048828125
5.907470703125
5.912841796875
5.1484375
5.363525390625
5.60693359375
5.34521484375
5.627685546875
5.82763671875
5.393798828125
5.571044921875
5.377197265625
5.60400390625
5.541748046875
5.222900390625
5.488037109375
5.548583984375
5.00537109375
5.5078125
5.67822265625
5.39697265625
5.81982421875
5.599853515625
5.685791015625
5.599609375
6.013427734375
5.436279296875
5.435302734375
5.781005859375
5.49072265625
5.007568359375
5.774169921875
5.396240234375
5.461181640625
5.85791015625
4.989990234375
5.5810546875
5.573486328125
5.245849609375
5.52197265625
5.6328125
5.261962890625
5.576171875
5.50244140625
5.474853515625
5.3095703125
5.775390625
5.534423828125
5.5361328125
4.971435546875
5.412841796875
5.203369140625
5.427734375
5.516845703125
5.702880859375
5.50634765625
4.951416015625
5.595703125
5.23779296875
5.468017578125
5.470703125
5.628662109375
5.4970703125
5.37841796875
5.11572265625
5.383544921875
5.434326171875
5.381591796875
4.9326171875
5.02783203125
5.44873046875
5.434326171875
5.35595703125
5.45263671875
5.374755859375
4.95166015625
5.430908203125
5.43701171875
5.754638671875
5.43798828125
5.338623046875
5.52294921875
5.277099609375
5.65234375
5.55908203125
5.5703125
5.651123046875
5.537109375
5.205078125
5.58837890625
5.30859375
5.724609375
5.45068359375
5.347412109375
5.075927734375
5.59033203125
5.789306640625
5.23974609375
5.7744140625
5.24365234375
5.650390625
5.37646484375
5.427001953125
5.626220703125
5.455322265625
5.312744140625
5.35595703125
5.717529296875
5.397705078125
5.454833984375
5.574462890625
5.714599609375
5.5673828125
5.363037109375
5.126220703125
5.424072265625
5.476806640625
5.447998046875
5.326904296875
5.3271484375
5.543701171875
5.560302734375
5.579833984375
5.5078125
5.7529296875
5.635986328125
5.7138671875
5.12841796875
5.261474609375
5.162841796875
5.503173828125
5.43017578125
5.296142578125
5.251953125
5.3037109375
5.187255859375
5.2607421875
5.4833984375
5.59423828125
5.80419921875
5.4287109375
5.362548828125
5.721435546875
5.28271484375
5.635009765625
5.49560546875
5.47314453125
5.7890625
5.35205078125
5.61279296875
4.966064453125
5.552978515625
5.3515625
5.55078125
5.004638671875
5.68994140625
5.36474609375
5.12646484375
5.512451171875
5.215576171875
5.486572265625
5.505859375
5.287353515625
5.209228515625
5.04052734375
5.6953125
5.26611328125
5.23779296875
