1.78125
1.78125
1.7666015625
1.765869140625
1.7353515625
1.924072265625
2.032470703125
1.638427734375
1.9404296875
1.965087890625
1.880615234375
1.931640625
1.742431640625
1.9306640625
1.598388671875
1.46240234375
1.802978515625
1.83203125
1.938720703125
1.746337890625
1.8544921875
1.692626953125
1.77392578125
2.0732421875
1.8466796875
1.785888671875
1.755126953125
1.833984375
1.868408203125
1.937255859375
2.02294921875
1.941162109375
1.916015625
1.854736328125
1.881591796875
1.88134765625
1.922607421875
1.64697265625
1.8818359375
1.699462890625
1.86279296875
1.6669921875
1.842041015625
1.857421875
1.771240234375
1.792236328125
1.948486328125
1.759521484375
1.9501953125
1.538818359375
1.738525390625
1.793701171875
1.730224609375
1.851806640625
1.8056640625
1.831787109375
1.650390625
1.619140625
1.66015625
1.98388671875
1.908447265625
1.720458984375
1.759521484375
1.869384765625
1.91015625
1.74267578125
1.9267578125
1.90673828125
1.85009765625
1.74658203125
1.711669921875
1.812255859375
1.84814453125
1.919189453125
1.697509765625
1.962890625
1.937744140625
1.794189453125
1.780029296875
1.95361328125
1.514404296875
2.01806640625
1.82470703125
1.551025390625
1.784912109375
1.7890625
1.98095703125
1.70654296875
1.84228515625
1.85400390625
1.59228515625
1.78955078125
1.972412109375
1.77685546875
1.97216796875
2.04833984375
1.931640625
1.79541015625
1.90966796875
1.68798828125
1.71923828125
1.724365234375
1.7978515625
2.024169921875
1.866943359375
1.767822265625
1.83935546875
1.696533203125
1.911865234375
1.8232421875
1.874755859375
2.016845703125
1.7646484375
1.752685546875
1.845947265625
1.80419921875
1.798583984375
1.89697265625
1.904052734375
1.666259765625
1.820068359375
1.81689453125
1.568115234375
1.7939453125
1.71923828125
1.751708984375
1.763427734375
1.635986328125
1.666259765625
1.966552734375
1.779052734375
1.93994140625
1.62841796875
1.890625
1.76904296875
1.9072265625
1.90673828125
1.689208984375
1.84326171875
1.752685546875
1.765869140625
1.652099609375
1.554443359375
1.94384765625
1.74560546875
1.64599609375
1.884033203125
1.924072265625
1.923828125
1.790283203125
1.74169921875
1.893798828125
1.9296875
1.90380859375
1.857666015625
1.697021484375
1.814697265625
2.150390625
1.786865234375
1.794189453125
1.752197265625
1.772216796875
1.955078125
1.825439453125
1.982421875
1.88671875
1.908935546875
1.923583984375
1.81103515625
1.779052734375
1.822509765625
1.9248046875
1.930908203125
1.921630859375
1.830322265625
1.843505859375
1.71826171875
1.7861328125
1.942138671875
1.757080078125
1.926025390625
1.89111328125
1.9052734375
1.813720703125
1.90283203125
1.9521484375
2.036376953125
1.99072265625
1.789794921875
1.829345703125
1.9306640625
1.786865234375
1.703125
1.51220703125
1.638671875
1.859619140625
2.01123046875
1.904052734375
1.76611328125
1.773681640625
1.897216796875
1.823974609375
1.90966796875
1.575439453125
1.7587890625
1.6787109375
1.69091796875
1.845703125
1.788330078125
1.908203125
1.688720703125
1.86962890625
1.676025390625
1.484130859375
1.654052734375
1.8505859375
1.813720703125
1.74365234375
2.042724609375
1.762939453125
1.895263671875
1.870361328125
1.690673828125
1.955078125
1.975341796875
1.99658203125
1.878662109375
1.9052734375
1.83251953125
1.84033203125
1.722412109375
1.811767578125
1.81982421875
1.776611328125
1.66796875
1.750244140625
1.67724609375
1.83056640625
1.875244140625
1.726806640625
1.488525390625
1.8251953125
1.977294921875
1.655029296875
1.741943359375
1.705322265625
1.967529296875
1.78515625
1.90185546875
1.82373046875
1.931884765625
1.8134765625
1.84375
1.828369140625
1.82470703125
1.685302734375
1.791748046875
1.6435546875
1.89794921875
1.915771484375
1.86865234375
1.728271484375
1.74267578125
1.803955078125
1.527587890625
1.836669921875
1.822021484375
1.694580078125
1.7109375
1.818115234375
1.86279296875
1.854736328125
1.73974609375
1.7275390625
1.764892578125
1.799072265625
1.678466796875
1.924560546875
1.897216796875
1.954833984375
1.65185546875
1.71728515625
1.889404296875
1.729248046875
1.764404296875
2.002685546875
1.882080078125
1.81982421875
1.553955078125
1.65576171875
1.510009765625
1.845947265625
1.80859375
1.87646484375
1.8349609375
2.045654296875
1.813720703125
1.7841796875
1.798828125
1.91162109375
1.802978515625
1.665771484375
1.769775390625
1.714599609375
1.891357421875
1.759765625
1.81787109375
1.895263671875
1.9765625
1.85009765625
1.84765625
1.678955078125
1.783447265625
1.65576171875
1.8681640625
1.861083984375
1.85595703125
1.821533203125
1.634033203125
1.693115234375
1.876708984375
1.820068359375
1.8701171875
1.950439453125
2.099853515625
1.756591796875
1.608642578125
1.6982421875
1.76953125
1.8349609375
1.802001953125
1.709228515625
1.850830078125
1.892578125
1.771240234375
1.849365234375
1.86767578125
1.72607421875
1.7275390625
1.7626953125
1.746826171875
1.7607421875
1.996337890625
1.906494140625
1.8515625
1.60888671875
2.0234375
1.654296875
1.7841796875
1.9755859375
1.903564453125
1.752685546875
1.759033203125
1.775390625
1.815185546875
1.720703125
1.725341796875
2.02490234375
1.918212890625
1.7939453125
1.597412109375
1.8662109375
1.855224609375
1.72021484375
1.803466796875
1.739013671875
1.973388671875
2.027587890625
1.843017578125
1.790283203125
1.884765625
1.671142578125
1.750732421875
1.705322265625
2.037353515625
1.89208984375
1.93701171875
2.060791015625
1.93505859375
2.13623046875
1.689697265625
1.885009765625
1.8173828125
1.787353515625
1.323974609375
1.818603515625
1.801025390625
1.589599609375
1.81982421875
1.897216796875
1.718994140625
1.6435546875
1.609619140625
1.778564453125
1.977783203125
1.833740234375
1.794921875
1.805419921875
1.679931640625
2.083984375
1.65966796875
1.7578125
1.812744140625
2.094970703125
1.807861328125
1.8994140625
1.853515625
1.792236328125
1.88916015625
1.993896484375
1.776123046875
1.65185546875
1.783935546875
2.06005859375
1.6357421875
2.040283203125
1.71630859375
1.65966796875
1.70361328125
1.850830078125
1.85302734375
1.830322265625
1.9423828125
1.83154296875
1.8134765625
1.783447265625
1.7919921875
1.797119140625
1.701171875
1.829345703125
1.730224609375
1.831787109375
1.78857421875
1.796142578125
1.87060546875
1.836669921875
1.641845703125
1.772705078125
1.860595703125
1.6767578125
2.155029296875
1.6611328125
2.004638671875
1.98828125
1.81103515625
1.8955078125
1.74755859375
1.8330078125
1.836669921875
1.89697265625
1.498291015625
1.891845703125
1.85400390625
1.84326171875
1.701171875
2.0888671875
1.729248046875
1.78466796875
1.932861328125
2.132568359375
2.11474609375
1.765625
1.8642578125
2.020263671875
1.713134765625
1.830322265625
1.79541015625
1.8095703125
1.77783203125
1.865966796875
1.803955078125
1.7998046875
1.6259765625
1.88720703125
1.466796875
1.8623046875
1.72412109375
1.88818359375
1.679931640625
2.065673828125
1.95068359375
1.690673828125
1.85693359375
1.75048828125
1.8994140625
1.825439453125
1.747314453125
1.7548828125
1.94677734375
1.97021484375
1.780029296875
1.88818359375
1.774169921875
1.958740234375
1.850341796875
2.04150390625
1.72216796875
1.76806640625
1.80078125
1.94970703125
1.97021484375
1.75732421875
2.024169921875
1.93017578125
1.860107421875
1.792724609375
1.799072265625
1.925048828125
2.054931640625
1.96923828125
1.687744140625
1.6220703125
1.810546875
1.906982421875
1.59716796875
1.765869140625
1.683837890625
1.862548828125
1.7529296875
1.870849609375
1.771728515625
1.843994140625
2.023193359375
1.634521484375
1.89794921875
1.71435546875
1.685546875
1.94580078125
1.78369140625
1.739013671875
1.80517578125
1.95947265625
1.884033203125
1.964599609375
1.757080078125
1.848876953125
1.81201171875
1.9921875
1.7255859375
1.70947265625
1.84326171875
2.111083984375
1.91357421875
1.738037109375
2.066650390625
1.7919921875
1.985595703125
1.8525390625
1.98388671875
1.5361328125
1.6572265625
1.8916015625
1.7490234375
1.993408203125
1.794189453125
1.80908203125
1.62548828125
2.0068359375
1.864990234375
1.665283203125
1.7763671875
1.875732421875
1.75146484375
1.750244140625
1.747314453125
1.77490234375
1.733154296875
1.774658203125
1.498046875
1.76025390625
1.87939453125
1.642333984375
1.958251953125
1.882568359375
2.00341796875
1.909423828125
1.70947265625
1.722900390625
1.84326171875
1.8173828125
1.653564453125
1.7119140625
1.727294921875
1.8662109375
1.69677734375
1.721923828125
1.71435546875
2.059326171875
1.98779296875
1.8828125
1.830322265625
1.637939453125
1.8115234375
1.56298828125
1.73681640625
1.90478515625
1.75341796875
1.816162109375
1.927978515625
1.739013671875
1.875
1.778564453125
1.76220703125
1.8193359375
1.68603515625
1.7119140625
2.06591796875
1.8271484375
1.896240234375
1.798828125
1.68017578125
1.779296875
1.968505859375
1.838134765625
1.97802734375
1.785400390625
1.80712890625
1.730224609375
1.899658203125
1.657470703125
1.84716796875
1.75927734375
2.03271484375
1.867431640625
1.816162109375
1.61181640625
1.623779296875
1.612548828125
1.815673828125
1.805419921875
1.800048828125
1.771484375
1.829345703125
1.97021484375
1.889892578125
1.921142578125
1.94970703125
1.722412109375
1.85986328125
1.6875
1.876953125
1.7314453125
1.918212890625
1.8359375
1.71044921875
1.821533203125
1.5908203125
1.952880859375
1.583984375
1.852294921875
1.81689453125
1.952392578125
1.80419921875
1.911865234375
1.74560546875
2.0087890625
1.748779296875
1.73583984375
2.099609375
1.77392578125
1.70947265625
1.775146484375
1.81787109375
1.77392578125
1.690185546875
1.783447265625
1.76416015625
1.67333984375
1.7939453125
1.883056640625
1.69482421875
1.782958984375
2.07470703125
1.834716796875
1.879638671875
1.78955078125
1.747802734375
1.855712890625
1.88134765625
1.77001953125
1.797119140625
1.740966796875
1.978759765625
1.91845703125
1.878662109375
1.845703125
1.7724609375
1.715576171875
1.634521484375
1.752685546875
1.747314453125
1.94384765625
1.965576171875
1.75830078125
1.947265625
1.6630859375
1.968017578125
1.978759765625
1.97412109375
2.05810546875
1.948486328125
1.72998046875
1.88525390625
1.855712890625
1.857666015625
2.058837890625
1.7744140625
1.801025390625
1.789306640625
1.9462890625
1.78857421875
1.740234375
1.635498046875
1.806640625
1.785400390625
1.9033203125
1.88818359375
1.853515625
2.082763671875
1.78857421875
1.943603515625
1.99072265625
1.85693359375
1.525634765625
1.80322265625
1.764404296875
1.78857421875
1.812255859375
1.969970703125
1.73388671875
1.63818359375
1.756103515625
1.8779296875
1.888427734375
1.655029296875
1.8251953125
1.890625
1.86474609375
1.57958984375
1.70849609375
1.697265625
1.854248046875
1.621826171875
1.791015625
1.671630859375
1.904541015625
1.8876953125
1.93896484375
1.593505859375
1.86083984375
2.070556640625
1.67529296875
2.015625
1.77880859375
1.852294921875
1.671875
1.88330078125
1.8173828125
1.667724609375
1.755859375
1.931640625
1.951171875
2.004638671875
1.831298828125
1.982666015625
1.78271484375
1.618408203125
1.825927734375
1.665283203125
1.811279296875
1.7099609375
1.799560546875
1.77099609375
1.645263671875
1.971923828125
1.87939453125
1.816162109375
1.908935546875
1.60009765625
1.843017578125
1.766845703125
1.884521484375
1.850341796875
1.92333984375
1.82177734375
2.07373046875
1.5439453125
2.03662109375
1.83544921875
1.83203125
1.494140625
1.93408203125
1.857421875
1.65771484375
1.815185546875
1.524169921875
1.814453125
1.821044921875
1.6650390625
1.812744140625
1.616943359375
1.828125
1.805908203125
1.823974609375
1.7421875
1.97265625
1.93994140625
1.6845703125
1.867431640625
1.93212890625
1.9150390625
1.58984375
2.142822265625
1.927734375
1.767333984375
1.974609375
1.844970703125
1.8291015625
1.906005859375
1.892333984375
1.9267578125
1.9228515625
1.74853515625
1.7705078125
1.642578125
1.77587890625
1.870849609375
1.78125
1.873779296875
1.61328125
1.9111328125
1.82666015625
1.924560546875
1.838134765625
1.83203125
1.8271484375
1.843017578125
1.73388671875
1.75927734375
1.953125
2.0439453125
1.912353515625
1.598388671875
1.869873046875
1.764892578125
1.4892578125
1.923583984375
1.8896484375
1.73876953125
1.63720703125
1.77001953125
1.83642578125
1.890625
1.735595703125
1.806640625
1.738525390625
1.748779296875
1.74072265625
1.822021484375
1.822509765625
1.8486328125
1.765869140625
1.774169921875
1.63623046875
1.99169921875
1.5908203125
1.731201171875
1.77197265625
1.82275390625
1.955322265625
1.838623046875
1.6923828125
1.70849609375
2.08056640625
1.8544921875
1.817138671875
1.919921875
2.17236328125
1.962890625
1.80908203125
1.9423828125
1.868408203125
1.542236328125
1.64306640625
1.8955078125
1.723388671875
1.90380859375
2.081298828125
1.74658203125
1.932373046875
1.749267578125
2.0537109375
1.797607421875
1.93212890625
1.83935546875
1.98291015625
1.95751953125
1.83935546875
1.994140625
1.895263671875
1.76318359375
1.702880859375
1.8154296875
2.00048828125
1.921875
1.8046875
1.848388671875
1.957763671875
1.880126953125
1.7451171875
1.8486328125
1.802001953125
1.855712890625
1.8896484375
1.697021484375
1.900390625
1.73388671875
1.97119140625
1.845703125
1.896240234375
1.9931640625
1.580078125
1.962890625
1.884765625
1.82373046875
2.028076171875
1.862548828125
1.59130859375
1.730712890625
1.53466796875
1.761962890625
1.703369140625
1.6845703125
1.519775390625
1.7529296875
1.839111328125
1.822021484375
1.833251953125
1.814697265625
1.70703125
2.00244140625
1.726806640625
1.80224609375
1.862548828125
1.74609375
1.7734375
1.8056640625
1.93115234375
2.034912109375
1.72802734375
1.8486328125
1.9306640625
1.7822265625
1.963134765625
1.8154296875
1.85498046875
1.705078125
1.67529296875
2.115966796875
1.700439453125
2.0595703125
2.078857421875
1.77734375
1.892822265625
1.822021484375
1.770263671875
1.81103515625
1.981201171875
