2.9658203125
2.9658203125
2.9658203125
2.9658203125
2.9658203125
2.9658203125
2.9658203125
2.7861328125
3.12841796875
3.29638671875
3.131591796875
3.28076171875
2.647216796875
2.91357421875
2.89306640625
3.0498046875
3.250732421875
3.16357421875
3.083740234375
3.4384765625
3.062744140625
2.965576171875
3.134033203125
2.982177734375
2.741943359375
3.0654296875
2.83837890625
3.114501953125
3.088134765625
3.242919921875
3.01025390625
3.02587890625
3.362060546875
3.04296875
2.98046875
3.36279296875
3.1943359375
3.089599609375
3.066162109375
3.09814453125
2.70703125
2.96923828125
2.978515625
2.96533203125
3.068115234375
2.967041015625
3.11181640625
2.932373046875
3.1572265625
3.289306640625
3.217041015625
3.151123046875
3.106689453125
3.046142578125
3.02490234375
3.125732421875
2.999755859375
2.770263671875
2.92919921875
3.06640625
3.13916015625
2.910400390625
2.831298828125
3.340087890625
2.633544921875
2.953125
3.269287109375
3.040771484375
3.1943359375
2.91015625
3.073974609375
3.158447265625
2.89306640625
2.83203125
2.935302734375
3.133544921875
2.933349609375
3.265625
2.885498046875
3.08642578125
3.185546875
3.35205078125
3.126220703125
3.19580078125
2.927734375
2.97216796875
3.07421875
3.047119140625
3.2109375
2.900390625
2.9482421875
3.085205078125
3.2421875
3.418212890625
2.839599609375
3.030029296875
2.59228515625
2.7919921875
3.066162109375
3.11181640625
2.600341796875
3.09130859375
3.05322265625
3.0517578125
3.194580078125
3.181884765625
3.066650390625
3.057861328125
2.9853515625
3.148681640625
3.416015625
2.912353515625
3.31201171875
3.207275390625
2.986572265625
2.923583984375
3.2705078125
3.07421875
2.92578125
2.962890625
2.927001953125
3.268798828125
2.755615234375
3.12890625
2.748779296875
3.2412109375
3.054443359375
2.981201171875
3.228515625
2.96240234375
2.888427734375
2.891845703125
3.20458984375
3.241943359375
3.146728515625
2.97802734375
3.053955078125
3.119384765625
3.408935546875
2.7861328125
3.1796875
2.72705078125
2.87939453125
3.0283203125
2.976318359375
2.732177734375
3.0625
3.11572265625
3.1044921875
2.950439453125
3.1435546875
3.158935546875
2.8232421875
2.967041015625
2.69970703125
3.1728515625
3.18701171875
3.187255859375
3.094970703125
3.276123046875
2.9677734375
2.84619140625
3.18017578125
2.8642578125
3.04736328125
2.988525390625
3.21923828125
3.116943359375
3.341064453125
3.1669921875
3.310546875
3.1513671875
3.0419921875
3.227294921875
2.94775390625
3.008544921875
2.933837890625
3.314697265625
2.970703125
3.026123046875
2.9599609375
2.819091796875
3.140625
3.448486328125
2.9638671875
2.89599609375
2.81103515625
3.18896484375
3.047607421875
2.994140625
3.006103515625
3.171142578125
3.091796875
3.275390625
3.35302734375
3.108642578125
3.243408203125
3.061767578125
3.114013671875
2.957275390625
3.041015625
3.063720703125
3.254638671875
3.133544921875
2.959716796875
3.122314453125
3.28759765625
2.9833984375
2.94921875
3.00390625
3.240478515625
2.844970703125
2.70703125
3.14404296875
3.18115234375
2.743896484375
3.133056640625
3.182861328125
3.13134765625
3.08642578125
2.782470703125
2.91552734375
3.127685546875
3.179931640625
2.554931640625
2.936767578125
3.01025390625
2.9306640625
3.085205078125
2.9404296875
3.172607421875
2.843994140625
3.163818359375
3.1904296875
3.087158203125
3.14990234375
3.10498046875
3.26416015625
3.144775390625
2.58740234375
3.24853515625
3.06005859375
3.13623046875
3.195068359375
3.071044921875
3.160888671875
3.14306640625
3.048095703125
2.922607421875
3.045166015625
2.943603515625
3.260986328125
2.98583984375
3.1708984375
3.024169921875
2.822998046875
3.161376953125
3.20849609375
2.91455078125
3.192626953125
3.216796875
2.7197265625
3.324462890625
2.769287109375
3.51171875
2.924072265625
2.990966796875
3.08056640625
3.113037109375
2.959716796875
3.202880859375
3.33642578125
3.0146484375
2.9921875
3.1982421875
2.7529296875
2.950927734375
3.306640625
3.22216796875
2.81298828125
3.196044921875
2.93359375
3.030029296875
3.02783203125
2.855224609375
3.022216796875
2.783203125
2.84912109375
2.927001953125
3.36962890625
3.08984375
3.257080078125
3.140625
3.112548828125
2.88720703125
3.044921875
3.21875
3.36181640625
3.325439453125
3.067626953125
2.768310546875
3.04296875
3.156982421875
3.14208984375
2.9833984375
3.189208984375
2.73486328125
2.9931640625
3.10595703125
3.104736328125
3.31396484375
2.944091796875
3.058837890625
2.65576171875
3.019775390625
3.00390625
3.21044921875
3.155029296875
3.20556640625
3.04248046875
3.15576171875
2.9833984375
3.091796875
3.071044921875
3.09716796875
3.120849609375
3.13232421875
2.875244140625
3.06591796875
3.101806640625
2.78662109375
3.35595703125
3.32666015625
3.08935546875
3.099365234375
2.910888671875
2.990478515625
3.156494140625
3.055908203125
2.765869140625
2.920654296875
2.806396484375
2.96435546875
3.0771484375
2.993408203125
2.925537109375
3.15087890625
3.24365234375
3.37939453125
2.9580078125
2.819091796875
3.032958984375
2.872802734375
3.13623046875
2.939697265625
3.01513671875
3.13916015625
3.28857421875
3.158447265625
2.931396484375
3.14111328125
3.21484375
3.170166015625
2.80322265625
2.845458984375
2.873291015625
3.175048828125
2.943115234375
3.0361328125
3.001708984375
3.135498046875
3.0244140625
3.242919921875
3.030029296875
3.069091796875
2.944091796875
3.1923828125
3.171630859375
2.9873046875
3.161865234375
3.0771484375
3.09130859375
3.28564453125
3.0009765625
2.9541015625
3.006103515625
3.15185546875
3.099609375
2.67431640625
3.213623046875
2.8525390625
3.026123046875
2.99072265625
2.9580078125
2.74658203125
2.884521484375
3.09912109375
3.1767578125
2.974365234375
2.941162109375
2.669921875
3.07861328125
3.310302734375
3.4208984375
3.271728515625
3.199462890625
3.089599609375
3.2275390625
3.167236328125
3.151611328125
3.1767578125
2.8896484375
2.771484375
3.025634765625
3.00390625
3.072998046875
3.35498046875
2.7158203125
2.615478515625
2.919677734375
3.096435546875
3.004638671875
2.9345703125
2.879638671875
2.942138671875
2.863037109375
3.248046875
2.871826171875
2.74267578125
2.799072265625
3.177978515625
3.187255859375
3.311767578125
2.988037109375
3.052490234375
3.26318359375
3.013916015625
2.8154296875
3.022216796875
2.9482421875
2.9150390625
3.064697265625
2.810302734375
3.39404296875
3.008056640625
2.935302734375
3.06982421875
3.037353515625
3.073486328125
2.997802734375
2.9990234375
3.186767578125
3.1728515625
3.059814453125
3.190185546875
3.020751953125
2.9814453125
3.021484375
3.2001953125
3.1953125
2.965087890625
2.974853515625
3.2177734375
3.021484375
3.171142578125
3.13671875
3.23388671875
2.818603515625
2.957763671875
3.38037109375
3.358154296875
3.214111328125
3.158935546875
3.236083984375
2.946044921875
2.907958984375
3.111328125
3.055908203125
2.8916015625
2.911376953125
3.134765625
3.046875
3.217529296875
3.119384765625
3.015625
2.859130859375
3.30517578125
3.255126953125
3.160400390625
3.348876953125
2.88525390625
3.322998046875
3.1494140625
2.843505859375
3.053466796875
2.8203125
3.0830078125
2.849365234375
3.248046875
2.802490234375
2.911865234375
3.14111328125
3.178955078125
3.154296875
3.31640625
2.97509765625
3.13037109375
3.156494140625
2.9052734375
2.9130859375
3.0888671875
2.983642578125
3.31494140625
3.00244140625
3.274658203125
3.13427734375
3.24853515625
3.43896484375
3.36376953125
3.211669921875
3.26611328125
3.14111328125
3.1416015625
2.65087890625
2.89111328125
3.350830078125
2.963623046875
2.785400390625
3.1337890625
3.0048828125
3.208740234375
3.076904296875
2.91650390625
3.041259765625
2.95654296875
3.003662109375
3.135498046875
2.811279296875
3.139404296875
3.05078125
2.771484375
2.892822265625
3.1845703125
2.756591796875
2.9140625
2.891845703125
3.047607421875
2.98291015625
3.119140625
3.231689453125
2.64306640625
3.236083984375
3.125
2.99951171875
3.29638671875
3.116943359375
3.051025390625
3.364990234375
3.2744140625
3.20654296875
2.712890625
2.593505859375
2.979248046875
3.28466796875
3.026123046875
3.232666015625
2.99462890625
3.121826171875
3.054443359375
3.16162109375
3.0244140625
3.049072265625
3.128662109375
3.210693359375
3.06640625
3.05859375
3.015380859375
2.845458984375
3.09228515625
3.116455078125
2.9736328125
3.10888671875
3.21728515625
3.077880859375
3.312744140625
3.07275390625
3.119384765625
3.00439453125
2.9111328125
3.302001953125
3.236083984375
3.15087890625
2.772705078125
2.804443359375
3.27490234375
2.9365234375
2.99267578125
3.0087890625
3.192138671875
3.457763671875
2.851318359375
3.27587890625
2.7197265625
3.0869140625
3.044921875
3.078125
3.07373046875
3.4521484375
3.048583984375
3.059814453125
3.15478515625
3.00537109375
3.050048828125
3.110107421875
3.081787109375
2.906982421875
3.04443359375
2.926025390625
3.114013671875
2.830078125
3.09130859375
2.942138671875
3.064208984375
3.134765625
3.1181640625
3.2919921875
2.95361328125
2.910400390625
3.129638671875
3.22900390625
3.11962890625
3.11083984375
3.10888671875
3.088623046875
3.25
3.008056640625
3.0244140625
2.90283203125
2.8759765625
3.12646484375
2.818359375
2.992919921875
3.277099609375
3.04736328125
3.25244140625
3.282470703125
3.149658203125
3.24951171875
2.93896484375
2.931396484375
3.057373046875
3.23828125
3.2080078125
2.98583984375
3.1015625
3.195556640625
3.049072265625
3.336669921875
2.791015625
3.004150390625
3.17041015625
3.095458984375
3.084228515625
3.010986328125
2.97802734375
3.10302734375
3.2578125
2.8671875
3.1162109375
3.035400390625
3.27294921875
3.044677734375
3.104736328125
2.88427734375
3.14453125
3.14501953125
3.0634765625
2.804931640625
2.778076171875
2.90087890625
3.129638671875
2.999755859375
3.0888671875
2.91357421875
3.00048828125
2.685302734375
3.03857421875
3.219970703125
3.0439453125
3.12158203125
3.004638671875
3.06396484375
2.88818359375
3.198486328125
3.208740234375
2.888427734375
2.896728515625
2.9365234375
3.225830078125
3.090087890625
3.01025390625
3.0126953125
2.89208984375
2.887939453125
3.135986328125
3.177001953125
3.011474609375
3.115234375
2.753662109375
3.0
2.56494140625
2.9169921875
3.369140625
3.070068359375
2.824951171875
2.96240234375
2.933837890625
3.06640625
3.076416015625
3.17333984375
3.20068359375
2.79833984375
3.328125
3.213134765625
3.174560546875
3.17138671875
2.764404296875
3.239501953125
3.362548828125
3.171630859375
3.051025390625
3.0751953125
2.94873046875
3.255859375
2.632080078125
2.806640625
3.140625
2.832763671875
2.999755859375
3.07861328125
2.990478515625
2.794921875
3.075439453125
3.140869140625
3.007568359375
3.552490234375
3.38818359375
2.88525390625
3.059326171875
3.075927734375
2.6220703125
2.92138671875
3.072998046875
2.998779296875
2.993408203125
2.82861328125
3.013916015625
2.896240234375
2.93359375
2.964599609375
3.1376953125
3.2451171875
3.22509765625
2.873046875
2.943603515625
2.938232421875
3.01025390625
2.969482421875
3.115966796875
2.94189453125
3.145751953125
2.86767578125
3.11376953125
3.0048828125
3.15234375
2.87548828125
3.014892578125
3.158935546875
3.172607421875
3.228515625
3.21826171875
3.273681640625
3.03515625
2.88671875
2.989013671875
3.3271484375
3.1494140625
3.33642578125
2.9482421875
3.040771484375
3.29248046875
3.27490234375
3.0771484375
3.230224609375
3.210205078125
3.036376953125
2.865234375
3.232666015625
3.085693359375
3.23876953125
2.556884765625
3.060791015625
2.859375
2.9716796875
3.26611328125
3.0693359375
3.02392578125
3.033447265625
2.95947265625
3.232666015625
3.05517578125
3.332763671875
2.812255859375
2.847900390625
2.950927734375
2.78369140625
2.970947265625
3.189453125
3.1201171875
3.173095703125
3.07861328125
3.44873046875
2.48681640625
3.136962890625
3.478759765625
3.22265625
3.06689453125
3.31494140625
3.12353515625
2.884765625
3.278076171875
3.03857421875
3.111572265625
3.1220703125
2.9462890625
3.127685546875
3.146728515625
3.251708984375
2.760009765625
2.891845703125
3.228515625
3.02099609375
3.01123046875
3.081298828125
3.029296875
3.0791015625
2.874755859375
3.005126953125
2.94970703125
3.033447265625
3.094482421875
2.74755859375
2.97265625
2.86328125
3.15966796875
3.28564453125
3.08984375
3.236328125
3.1201171875
3.283935546875
2.54638671875
3.14599609375
3.1064453125
2.88623046875
3.113037109375
3.000244140625
3.010498046875
3.073486328125
2.969970703125
2.942138671875
2.80078125
3.109619140625
3.122314453125
2.997802734375
3.071044921875
2.867919921875
2.969482421875
3.009521484375
3.44873046875
3.04296875
3.127685546875
2.9775390625
3.07958984375
3.10009765625
3.0283203125
3.001220703125
3.18603515625
2.875244140625
2.824951171875
2.955322265625
3.22021484375
3.11865234375
3.100830078125
3.40625
2.946044921875
3.404541015625
3.212158203125
3.11865234375
2.955078125
3.1279296875
3.312744140625
3.064453125
3.167724609375
3.126953125
3.3046875
3.070556640625
3.265380859375
2.896484375
3.232177734375
3.01318359375
2.7333984375
2.75927734375
3.084228515625
3.146728515625
3.1708984375
3.147705078125
3.32080078125
3.031005859375
3.01611328125
3.051513671875
3.032470703125
3.17041015625
3.2119140625
3.228271484375
3.13232421875
3.13427734375
3.0126953125
3.18017578125
3.412353515625
3.06396484375
3.07958984375
3.03955078125
3.063720703125
3.132568359375
3.083251953125
2.621826171875
3.357666015625
2.863525390625
3.0146484375
3.18994140625
2.85302734375
3.017822265625
3.055908203125
2.9267578125
3.351318359375
3.13427734375
3.189697265625
2.95654296875
3.11962890625
3.1279296875
2.8740234375
3.011962890625
2.981201171875
3.13037109375
3.148193359375
2.826904296875
2.973388671875
3.4140625
3.0830078125
2.8828125
3.05029296875
3.128662109375
2.905517578125
3.174072265625
3.047607421875
3.03662109375
2.94091796875
2.986083984375
3.030029296875
3.151123046875
