0.166748046875
0.166748046875
0.1875
0.176513671875
0.248046875
0.195556640625
0.23095703125
0.309326171875
0.18212890625
0.289306640625
0.2509765625
0.260498046875
0.151123046875
0.197998046875
0.228759765625
0.270751953125
0.2783203125
0.215576171875
0.16845703125
0.209228515625
0.208984375
0.21240234375
0.309814453125
0.185791015625
0.15673828125
0.187744140625
0.247802734375
0.21240234375
0.146240234375
0.23876953125
0.232177734375
0.229736328125
0.22412109375
0.196533203125
0.243896484375
0.18701171875
0.17333984375
0.285400390625
0.206298828125
0.26416015625
0.24658203125
0.210205078125
0.20654296875
0.191162109375
0.206298828125
0.25634765625
0.209716796875
0.263427734375
0.190673828125
0.3095703125
0.267822265625
0.173828125
0.136962890625
0.2275390625
0.215087890625
0.177978515625
0.24658203125
0.244384765625
0.24560546875
0.186767578125
0.36181640625
0.2333984375
0.235595703125
0.172119140625
0.258544921875
0.192626953125
0.30517578125
0.220458984375
0.142333984375
0.199951171875
0.283935546875
0.22314453125
0.225341796875
0.177490234375
0.19970703125
0.213134765625
0.279541015625
0.303466796875
0.29736328125
0.144775390625
0.2265625
0.1484375
0.244140625
0.2314453125
0.24365234375
0.224609375
0.233642578125
0.32763671875
0.22900390625
0.2060546875
0.17724609375
0.28857421875
0.194580078125
0.239501953125
0.190185546875
0.23046875
0.19580078125
0.23291015625
0.160888671875
0.167236328125
0.148193359375
0.2099609375
0.220703125
0.204833984375
0.180908203125
0.196533203125
0.21875
0.208251953125
0.303955078125
0.195068359375
0.25439453125
0.191650390625
0.246337890625
0.165771484375
0.189453125
0.202392578125
0.301025390625
0.249267578125
0.313720703125
0.1611328125
0.162109375
0.189697265625
0.293212890625
0.20263671875
0.232421875
0.14404296875
0.232666015625
0.272216796875
0.236328125
0.235595703125
0.27197265625
0.240966796875
0.2333984375
0.275634765625
0.189453125
0.22265625
0.270263671875
0.213623046875
0.296630859375
0.189453125
0.243408203125
0.213134765625
0.266357421875
0.202392578125
0.319091796875
0.23046875
0.20166015625
0.18212890625
0.22705078125
0.2265625
0.207763671875
0.254150390625
0.1591796875
0.237548828125
0.189453125
0.269287109375
0.168701171875
0.178466796875
0.18359375
0.185302734375
0.1884765625
0.22412109375
0.244873046875
0.21337890625
0.18603515625
0.1923828125
0.234130859375
0.19287109375
0.281982421875
0.23876953125
0.1552734375
0.2177734375
0.191162109375
0.214111328125
0.195068359375
0.178466796875
0.173095703125
0.226318359375
0.189697265625
0.193603515625
0.344970703125
0.239501953125
0.21875
0.264404296875
0.41064453125
0.247314453125
0.165283203125
0.2978515625
0.36767578125
0.265380859375
0.188720703125
0.155029296875
0.315673828125
0.22314453125
0.14306640625
0.189208984375
0.161865234375
0.315185546875
0.28759765625
0.185791015625
0.241943359375
0.244384765625
0.2451171875
0.282958984375
0.197265625
0.240478515625
0.16650390625
0.197265625
0.1875
0.14794921875
0.16552734375
0.21826171875
0.248046875
0.29443359375
0.229736328125
0.224853515625
0.212890625
0.198974609375
0.218017578125
0.196044921875
0.171142578125
0.258056640625
0.2197265625
0.192626953125
0.239501953125
0.216064453125
0.26708984375
0.224609375
0.216552734375
0.210693359375
0.224365234375
0.220458984375
0.301025390625
0.21435546875
0.17919921875
0.169189453125
0.274658203125
0.2548828125
0.325439453125
0.17333984375
0.198974609375
0.21484375
0.2314453125
0.248046875
0.21923828125
0.201416015625
0.252685546875
0.159912109375
0.183349609375
0.197509765625
0.25927734375
0.254150390625
0.2626953125
0.159423828125
0.34423828125
0.2685546875
0.177978515625
0.1943359375
0.180908203125
0.1806640625
0.194580078125
0.16650390625
0.189697265625
0.1865234375
0.21923828125
0.320068359375
0.232421875
0.176025390625
0.187744140625
0.25830078125
0.21435546875
0.261474609375
0.221435546875
0.187255859375
0.250732421875
0.231201171875
0.26025390625
0.196533203125
0.28369140625
0.1748046875
0.31103515625
0.251708984375
0.21240234375
0.243408203125
0.199462890625
0.19921875
0.1484375
0.19189453125
0.1728515625
0.2666015625
0.2041015625
0.172119140625
0.197021484375
0.211669921875
0.246826171875
0.30908203125
0.177001953125
0.170166015625
0.32763671875
0.21240234375
0.297607421875
0.233642578125
0.2392578125
0.186767578125
0.18212890625
0.175537109375
0.220947265625
0.283447265625
0.185546875
0.1796875
0.216796875
0.208251953125
0.276611328125
0.34423828125
0.1796875
0.19189453125
0.1953125
0.22802734375
0.26318359375
0.228515625
0.206787109375
0.205078125
0.1953125
0.212646484375
0.1884765625
0.19775390625
0.19091796875
0.186767578125
0.31103515625
0.19091796875
0.262451171875
0.188232421875
0.155517578125
0.177734375
0.228271484375
0.22314453125
0.235107421875
0.21630859375
0.213623046875
0.24267578125
0.201171875
0.184326171875
0.2734375
0.162841796875
0.195556640625
0.279541015625
0.191650390625
0.182373046875
0.17041015625
0.269775390625
0.17138671875
0.183349609375
0.193359375
0.208251953125
0.16845703125
0.207763671875
0.199462890625
0.237548828125
0.203857421875
0.151611328125
0.317138671875
0.2666015625
0.389404296875
0.147705078125
0.2275390625
0.17822265625
0.170166015625
0.15478515625
0.242431640625
0.184326171875
0.208984375
0.179443359375
0.179443359375
0.290283203125
0.1904296875
0.252685546875
0.175048828125
0.258056640625
0.132568359375
0.20703125
0.265625
0.275146484375
0.19677734375
0.2783203125
0.2109375
0.211181640625
0.188720703125
0.3349609375
0.16650390625
0.19189453125
0.29443359375
0.242431640625
0.183837890625
0.230712890625
0.2236328125
0.1953125
0.193603515625
0.297607421875
0.17919921875
0.208740234375
0.3134765625
0.36767578125
0.178466796875
0.152099609375
0.31298828125
0.18896484375
0.212890625
0.2529296875
0.35888671875
0.347412109375
0.170166015625
0.225341796875
0.19873046875
0.1982421875
0.20458984375
0.17626953125
0.224609375
0.2060546875
0.189208984375
0.22607421875
0.276611328125
0.211669921875
0.21435546875
0.282958984375
0.1806640625
0.33349609375
0.217041015625
0.201416015625
0.197265625
0.28369140625
0.20458984375
0.25830078125
0.221923828125
0.14892578125
0.231201171875
0.20703125
0.18310546875
0.215576171875
0.191162109375
0.198974609375
0.236328125
0.209716796875
0.232177734375
0.209228515625
0.18798828125
0.1767578125
0.227783203125
0.21142578125
0.1962890625
0.2451171875
0.29150390625
0.170166015625
0.25732421875
0.267578125
0.2265625
0.16796875
0.213134765625
0.38232421875
0.233642578125
0.241455078125
0.15380859375
0.23095703125
0.2080078125
0.26708984375
0.32763671875
0.23779296875
0.206298828125
0.22119140625
0.174072265625
0.241455078125
0.240966796875
0.16748046875
0.1923828125
0.32275390625
0.279296875
0.20263671875
0.1865234375
0.224609375
0.155517578125
0.2080078125
0.256591796875
0.291748046875
0.3388671875
0.14111328125
0.252685546875
0.228515625
0.22998046875
0.20068359375
0.27880859375
0.158935546875
0.22265625
0.25439453125
0.24609375
0.26904296875
0.134521484375
0.221923828125
0.2275390625
0.239990234375
0.27490234375
0.258056640625
0.3017578125
0.14794921875
0.210693359375
0.15625
0.212646484375
0.16943359375
0.26611328125
0.323486328125
0.259765625
0.163818359375
0.18896484375
0.28271484375
0.19677734375
0.232421875
0.26171875
0.171630859375
0.22509765625
0.263916015625
0.196044921875
0.2080078125
0.28369140625
0.208984375
0.21728515625
0.224609375
0.218505859375
0.24267578125
0.150634765625
0.13818359375
0.21484375
0.234619140625
0.208740234375
0.255126953125
0.231201171875
0.264404296875
0.208984375
0.14599609375
0.229736328125
0.181884765625
0.215576171875
0.232666015625
0.192138671875
0.23193359375
0.225341796875
0.322998046875
0.30908203125
0.33837890625
0.2734375
0.24169921875
0.22412109375
0.19873046875
0.217041015625
0.215087890625
0.19970703125
0.16748046875
0.185546875
0.2265625
0.18359375
0.24462890625
0.313232421875
0.232421875
0.202392578125
0.17041015625
0.30615234375
0.226318359375
0.131591796875
0.2099609375
0.212646484375
0.2001953125
0.2255859375
0.196533203125
0.232177734375
0.3193359375
0.310791015625
0.195556640625
0.246826171875
0.1943359375
0.2978515625
0.200439453125
0.139892578125
0.244873046875
0.22509765625
0.152587890625
0.2880859375
0.163818359375
0.265380859375
0.2109375
0.22705078125
0.1357421875
0.21630859375
0.21875
0.197998046875
0.204345703125
0.189453125
0.247802734375
0.181884765625
0.254638671875
0.28955078125
0.22705078125
0.29345703125
0.192626953125
0.207763671875
0.270263671875
0.337158203125
0.18896484375
0.19287109375
0.17578125
0.283203125
0.228515625
0.213623046875
0.189453125
0.39794921875
0.241455078125
0.27685546875
0.217529296875
0.20947265625
0.187255859375
0.341796875
0.221435546875
0.15087890625
0.217529296875
0.2744140625
0.177978515625
0.183837890625
0.18701171875
0.19921875
0.124267578125
0.1708984375
0.333984375
0.197265625
0.240966796875
0.24755859375
0.169921875
0.256591796875
0.248291015625
0.32958984375
0.23583984375
0.2138671875
0.19873046875
0.239013671875
0.170166015625
0.215087890625
0.1796875
0.215576171875
0.205810546875
0.185791015625
0.205810546875
0.20947265625
0.1953125
0.18115234375
0.160888671875
0.224365234375
0.180419921875
0.31103515625
0.289306640625
0.2919921875
0.3056640625
0.259765625
0.23095703125
0.30029296875
0.292236328125
0.257080078125
0.175537109375
0.294921875
0.18994140625
0.16943359375
0.20703125
0.206298828125
0.17822265625
0.253173828125
0.1982421875
0.201171875
0.208251953125
0.16552734375
0.172607421875
0.159912109375
0.23046875
0.232421875
0.185791015625
0.191162109375
0.28857421875
0.189453125
0.35205078125
0.2138671875
0.219970703125
0.255615234375
0.24951171875
0.1953125
0.207763671875
0.171875
0.184814453125
0.20654296875
0.324951171875
0.156494140625
0.2685546875
0.273681640625
0.19482421875
0.221435546875
0.180908203125
0.16845703125
0.199462890625
0.2578125
0.250732421875
0.210205078125
0.22802734375
0.177490234375
0.260009765625
0.19677734375
0.18017578125
0.190185546875
0.21923828125
0.259765625
0.297607421875
0.21337890625
0.21875
0.24951171875
0.27197265625
0.223388671875
0.20751953125
0.2744140625
0.22607421875
0.243896484375
0.209228515625
0.22314453125
0.2041015625
0.28759765625
0.225341796875
0.2490234375
0.203857421875
0.212646484375
0.101318359375
0.24951171875
0.167724609375
0.18212890625
0.187744140625
0.26220703125
0.227294921875
0.1181640625
0.17724609375
0.144287109375
0.15478515625
0.3076171875
0.202392578125
0.333740234375
0.19970703125
0.18896484375
0.1923828125
0.2080078125
0.250732421875
0.187255859375
0.228271484375
0.20947265625
0.19287109375
0.186279296875
0.2177734375
0.322509765625
0.23095703125
0.236083984375
0.191650390625
0.18994140625
0.250732421875
0.190185546875
0.27490234375
0.194091796875
0.17529296875
0.22607421875
0.24365234375
0.224365234375
0.156494140625
0.22216796875
0.196044921875
0.23193359375
0.2080078125
0.289794921875
0.287353515625
0.30029296875
0.22802734375
0.208251953125
0.21337890625
0.234619140625
0.328125
0.2177734375
0.21337890625
0.314208984375
0.232421875
0.168212890625
0.302001953125
0.296630859375
0.23779296875
0.200439453125
0.239501953125
0.1767578125
0.25537109375
0.18603515625
0.297607421875
0.255615234375
0.178955078125
0.201416015625
0.214111328125
0.23095703125
0.23193359375
0.15869140625
0.26025390625
0.279296875
0.218505859375
0.15478515625
0.234619140625
0.1533203125
0.20458984375
0.173095703125
0.187744140625
0.198486328125
0.205322265625
0.205322265625
0.18994140625
0.28125
0.172119140625
0.187255859375
0.242919921875
0.320556640625
0.23974609375
0.18603515625
0.333740234375
0.193115234375
0.19873046875
0.18408203125
0.20361328125
0.236083984375
0.21875
0.240234375
0.274169921875
0.2744140625
0.21923828125
0.2158203125
0.246826171875
0.17041015625
0.191650390625
0.193115234375
0.164794921875
0.171875
0.292724609375
0.22021484375
0.22900390625
0.19775390625
0.205078125
0.228759765625
0.258056640625
0.171875
0.205322265625
0.315673828125
0.230712890625
0.1875
0.222900390625
0.17724609375
0.336669921875
0.205322265625
0.178955078125
0.2470703125
0.213134765625
0.172607421875
0.214599609375
0.22216796875
0.25830078125
0.233154296875
0.267578125
0.19091796875
0.30615234375
0.186767578125
0.197509765625
0.20947265625
0.306640625
0.1982421875
0.214111328125
0.220947265625
0.181884765625
0.311279296875
0.164794921875
0.237060546875
0.190185546875
0.272705078125
0.298095703125
0.2666015625
0.244873046875
0.330078125
0.21533203125
0.17919921875
0.20947265625
0.251220703125
0.193359375
0.2490234375
0.232421875
0.16943359375
0.117919921875
0.17041015625
0.185791015625
0.24951171875
0.27978515625
0.29931640625
0.174072265625
0.288818359375
0.1650390625
0.24658203125
0.255615234375
0.193115234375
0.164794921875
0.181884765625
0.16162109375
0.231201171875
0.2294921875
0.200927734375
0.1748046875
0.144287109375
0.305908203125
0.212158203125
0.231689453125
0.275146484375
0.162841796875
0.194091796875
0.17724609375
0.198486328125
0.12841796875
0.24560546875
0.23681640625
0.3232421875
0.196044921875
0.177978515625
0.276611328125
0.2177734375
0.22265625
0.220703125
0.255126953125
0.225830078125
0.194580078125
0.233154296875
0.190185546875
0.231201171875
0.23828125
0.15380859375
0.265625
0.216796875
0.390869140625
0.16455078125
0.186767578125
0.2021484375
0.11474609375
0.190673828125
0.180908203125
0.26513671875
0.216796875
0.23046875
0.17919921875
0.266845703125
0.267578125
0.19580078125
0.18701171875
0.2392578125
0.169189453125
0.18310546875
0.201416015625
0.19287109375
0.187744140625
0.17041015625
0.207763671875
0.186279296875
0.251708984375
0.21435546875
0.266357421875
0.31201171875
0.20751953125
0.22265625
0.216796875
0.23046875
0.212890625
0.312744140625
0.214599609375
0.204833984375
0.20654296875
0.2216796875
0.1796875
0.2041015625
