1.40185546875
1.40185546875
1.489990234375
1.3818359375
1.49169921875
1.18798828125
1.49951171875
1.3427734375
1.224609375
1.428955078125
1.41796875
1.478515625
1.398681640625
1.451416015625
1.50390625
1.3974609375
1.462158203125
1.27001953125
1.398681640625
1.581787109375
1.253173828125
1.505126953125
1.195556640625
1.258544921875
1.362060546875
1.428466796875
1.453125
1.424072265625
1.40966796875
1.503173828125
1.61962890625
1.385986328125
1.24560546875
1.274658203125
1.3369140625
1.418212890625
1.347900390625
1.51611328125
1.447265625
1.498046875
1.552001953125
1.43603515625
1.248291015625
1.550048828125
1.44970703125
1.3154296875
1.573486328125
1.5361328125
1.45947265625
1.226806640625
1.288818359375
1.41943359375
1.35546875
1.553466796875
1.517822265625
1.456298828125
1.451171875
1.26611328125
1.46826171875
1.30224609375
1.30908203125
1.24072265625
1.46044921875
1.325927734375
1.396728515625
1.493408203125
1.376708984375
1.40771484375
1.269775390625
1.43896484375
1.3623046875
1.31005859375
1.349853515625
1.363525390625
1.306640625
1.105224609375
1.441650390625
1.396484375
1.544921875
1.43310546875
1.541748046875
1.27001953125
1.541015625
1.335693359375
1.609619140625
1.3212890625
1.477783203125
1.54638671875
1.394287109375
1.32470703125
1.6513671875
1.34033203125
1.47509765625
1.501708984375
1.571533203125
1.535888671875
1.362548828125
1.26220703125
1.45361328125
1.442626953125
1.441650390625
1.302734375
1.3173828125
1.5146484375
1.49267578125
1.3720703125
1.49755859375
1.276123046875
1.480712890625
1.49560546875
1.28955078125
1.4873046875
1.52001953125
1.43115234375
1.297607421875
1.283203125
1.598388671875
1.611572265625
1.41162109375
1.498046875
1.445068359375
1.290283203125
1.46533203125
1.50732421875
1.594482421875
1.44287109375
1.563720703125
1.444580078125
1.44921875
1.460693359375
1.466064453125
1.57958984375
1.40185546875
1.29248046875
1.528076171875
1.399658203125
1.544189453125
1.51025390625
1.658447265625
1.650146484375
1.350830078125
1.693603515625
1.50634765625
1.52294921875
1.481201171875
1.306396484375
1.642822265625
1.457275390625
1.619873046875
1.493896484375
1.67236328125
1.4228515625
1.656005859375
1.390869140625
1.29345703125
1.623779296875
1.43798828125
1.24853515625
1.509033203125
1.68896484375
1.509765625
1.374755859375
1.40869140625
1.422607421875
1.3955078125
1.452392578125
1.41015625
1.349609375
1.306884765625
1.535888671875
1.315673828125
1.78466796875
1.447509765625
1.435791015625
1.4677734375
1.462890625
1.37353515625
1.31787109375
1.26416015625
1.481689453125
1.526123046875
1.384765625
1.52490234375
1.541015625
1.547119140625
1.536376953125
1.4990234375
1.400390625
1.533447265625
1.459228515625
1.05224609375
1.3193359375
1.552978515625
1.179931640625
1.545654296875
1.469482421875
1.20849609375
1.355712890625
1.194580078125
1.5341796875
1.55908203125
1.306640625
1.70947265625
1.486328125
1.514892578125
1.43701171875
1.34912109375
1.417236328125
1.372802734375
1.581298828125
1.365234375
1.404541015625
1.345947265625
1.579345703125
1.6572265625
1.29150390625
1.406005859375
1.64013671875
1.48046875
1.41650390625
1.271728515625
1.38525390625
1.556640625
1.34326171875
1.494873046875
1.414794921875
1.426513671875
1.349853515625
1.3994140625
1.341064453125
1.422119140625
1.15234375
1.40478515625
1.450927734375
1.39453125
1.395751953125
1.489501953125
1.54248046875
1.5234375
1.4658203125
1.60546875
1.365966796875
1.3330078125
1.30712890625
1.406005859375
1.442626953125
1.380615234375
1.490966796875
1.434326171875
1.401123046875
1.53857421875
1.480224609375
1.35986328125
1.35888671875
1.412109375
1.40478515625
1.487548828125
1.307861328125
1.296875
1.40380859375
1.391845703125
1.291748046875
1.432373046875
1.464111328125
1.351806640625
1.405029296875
1.396240234375
1.4482421875
1.34033203125
1.265869140625
1.523193359375
1.53515625
1.48046875
1.457763671875
1.42724609375
1.427734375
1.468017578125
1.515380859375
1.509765625
1.536865234375
1.37353515625
1.35595703125
1.552978515625
1.765869140625
1.637939453125
1.372802734375
1.475830078125
1.52490234375
1.4150390625
1.4296875
1.533935546875
1.46630859375
1.4091796875
1.429443359375
1.340576171875
1.4921875
1.390380859375
1.22314453125
1.516357421875
1.250244140625
1.4267578125
1.46044921875
1.502197265625
1.390625
1.36083984375
1.65283203125
1.39892578125
1.40966796875
1.571044921875
1.403564453125
1.33837890625
1.470703125
1.454833984375
1.441650390625
1.431396484375
1.4267578125
1.501708984375
1.515869140625
1.421875
1.374755859375
1.521484375
1.3408203125
1.41162109375
1.397705078125
1.366943359375
1.518798828125
1.369140625
1.25927734375
1.32958984375
1.5166015625
1.493896484375
1.3388671875
1.548583984375
1.403076171875
1.2626953125
1.157958984375
1.333984375
1.464111328125
1.260009765625
1.51123046875
1.50146484375
1.5888671875
1.455322265625
1.1533203125
1.59716796875
1.29248046875
1.489501953125
1.384033203125
1.490478515625
1.5166015625
1.4794921875
1.234375
1.471435546875
1.218994140625
1.583251953125
1.435791015625
1.395263671875
1.49365234375
1.570068359375
1.43115234375
1.576416015625
1.516845703125
1.341552734375
1.3935546875
1.40869140625
1.351318359375
1.5390625
1.404296875
1.384521484375
1.34033203125
1.453857421875
1.5048828125
1.353759765625
1.294677734375
1.46337890625
1.693115234375
1.3232421875
1.490478515625
1.61962890625
1.460205078125
1.348876953125
1.35888671875
1.36376953125
1.467041015625
1.207763671875
1.44677734375
1.414794921875
1.4892578125
1.495361328125
1.40966796875
1.692626953125
1.42236328125
1.36376953125
1.507568359375
1.292724609375
1.458984375
1.319091796875
1.627685546875
1.487060546875
1.416015625
1.597412109375
1.417724609375
1.50830078125
1.634521484375
1.316650390625
1.498779296875
1.4013671875
1.350830078125
1.2861328125
1.583740234375
1.506591796875
1.328369140625
1.26953125
1.38134765625
1.406005859375
1.46630859375
1.36767578125
1.488037109375
1.5341796875
1.48779296875
1.453125
1.169677734375
1.43408203125
1.278564453125
1.40673828125
1.54296875
1.587646484375
1.510009765625
1.472412109375
1.702392578125
1.582275390625
1.6708984375
1.314453125
1.426513671875
1.42529296875
1.391357421875
1.408203125
1.556884765625
1.364501953125
1.282470703125
1.542236328125
1.334716796875
1.63720703125
1.443603515625
1.506591796875
1.419921875
1.55419921875
1.2470703125
1.3916015625
1.51220703125
1.60546875
1.3701171875
1.2431640625
1.527099609375
1.59033203125
1.54443359375
1.388427734375
1.37646484375
1.388671875
1.24853515625
1.5673828125
1.415771484375
1.540771484375
1.243896484375
1.212158203125
1.351806640625
1.387939453125
1.458740234375
1.381591796875
1.7275390625
1.317626953125
1.021484375
1.45751953125
1.35693359375
1.44921875
1.5
1.328369140625
1.690673828125
1.524169921875
1.441650390625
1.399658203125
1.342041015625
1.484375
1.568603515625
1.237548828125
1.23291015625
1.383544921875
1.40478515625
1.218505859375
1.338623046875
1.404296875
1.594482421875
1.342041015625
1.541015625
1.445556640625
1.341064453125
1.31640625
1.468017578125
1.234619140625
1.766357421875
1.374267578125
1.320556640625
1.4521484375
1.509033203125
1.560302734375
1.322998046875
1.5732421875
1.567138671875
1.52001953125
1.28076171875
1.355224609375
1.61181640625
1.663818359375
1.43994140625
1.2802734375
1.526611328125
1.4306640625
1.445068359375
1.24951171875
1.614990234375
1.662353515625
1.31689453125
1.49462890625
1.3046875
1.49609375
1.381591796875
1.374267578125
1.434326171875
1.37744140625
1.533447265625
1.468994140625
1.306396484375
1.4072265625
1.343505859375
1.504638671875
1.49267578125
1.3740234375
1.344970703125
1.337158203125
1.583740234375
1.392578125
1.339599609375
1.326904296875
1.483154296875
1.646484375
1.43603515625
1.289794921875
1.65771484375
1.4892578125
1.430908203125
1.3955078125
1.3291015625
1.601806640625
1.380859375
1.52294921875
1.339599609375
1.52783203125
1.627197265625
1.4697265625
1.34375
1.470458984375
1.38525390625
1.3056640625
1.6298828125
1.499755859375
1.423828125
1.470703125
1.2626953125
1.4892578125
1.46044921875
1.12646484375
1.15625
1.477294921875
1.535400390625
1.539306640625
1.4794921875
1.437744140625
1.487060546875
1.5341796875
1.61328125
1.460205078125
1.593505859375
1.47802734375
1.486083984375
1.4208984375
1.2568359375
1.403076171875
1.53955078125
1.502197265625
1.37255859375
1.496826171875
1.376953125
1.653076171875
1.659423828125
1.419921875
1.426513671875
1.52880859375
1.287109375
1.383056640625
1.467041015625
1.439453125
1.353271484375
1.36962890625
1.35791015625
1.34375
1.266845703125
1.60205078125
1.3388671875
1.339599609375
1.4638671875
1.54150390625
1.444580078125
1.476806640625
1.3125
1.47802734375
1.5673828125
1.442626953125
1.459228515625
1.439208984375
1.53076171875
1.494384765625
1.63427734375
1.2666015625
1.51611328125
1.419189453125
1.424560546875
1.46044921875
1.439208984375
1.271728515625
1.490234375
1.47412109375
1.171630859375
1.292724609375
1.554443359375
1.400634765625
1.392578125
1.45458984375
1.37060546875
1.504638671875
1.314453125
1.3544921875
1.543212890625
1.331298828125
1.270263671875
1.458984375
1.416259765625
1.22265625
1.406494140625
1.304931640625
1.376953125
1.61181640625
1.415283203125
1.414306640625
1.51025390625
1.5703125
1.436767578125
1.37939453125
1.51611328125
1.425048828125
1.343994140625
1.19775390625
1.546630859375
1.32568359375
1.565673828125
1.6171875
1.4208984375
1.51708984375
1.3994140625
1.6787109375
1.403076171875
1.518798828125
1.59716796875
1.249267578125
1.310791015625
1.37841796875
1.26220703125
1.55078125
1.55712890625
1.504150390625
1.41748046875
1.50244140625
1.455078125
1.364990234375
1.318115234375
1.5029296875
1.49365234375
1.5009765625
1.57958984375
1.65185546875
1.357666015625
1.397216796875
1.39013671875
1.46484375
1.555419921875
1.670654296875
1.390625
1.34423828125
1.716796875
1.46728515625
1.36962890625
1.44873046875
1.428955078125
1.382568359375
1.456787109375
1.390869140625
1.282958984375
1.448486328125
1.530029296875
1.31982421875
1.4140625
1.419921875
1.409912109375
1.42919921875
1.3203125
1.264404296875
1.28076171875
1.274169921875
1.4267578125
1.45068359375
1.403564453125
1.35546875
1.596923828125
1.51513671875
1.55615234375
1.360595703125
1.58984375
1.3564453125
1.43359375
1.5947265625
1.327880859375
1.388671875
1.38330078125
1.478759765625
1.072998046875
1.719482421875
1.637939453125
1.473388671875
1.474609375
1.32861328125
1.423095703125
1.482177734375
1.3828125
1.5205078125
1.338134765625
1.418701171875
1.54638671875
1.640869140625
1.62060546875
1.606689453125
1.272216796875
1.355712890625
1.060546875
1.38623046875
1.69873046875
1.48974609375
1.32958984375
1.327880859375
1.443115234375
1.357666015625
1.516845703125
1.51123046875
1.30419921875
1.628173828125
1.602783203125
1.53662109375
1.2529296875
1.465087890625
1.46533203125
1.330078125
1.507568359375
1.277099609375
1.46875
1.48486328125
1.4033203125
1.482666015625
1.20751953125
1.62255859375
1.39111328125
1.45458984375
1.411865234375
1.398193359375
1.4765625
1.451904296875
1.488037109375
1.301513671875
1.441650390625
1.458984375
1.47900390625
1.39404296875
1.419921875
1.4091796875
1.519287109375
1.4384765625
1.336669921875
1.306396484375
1.528076171875
1.335205078125
1.462158203125
1.800537109375
1.36083984375
1.494384765625
1.190673828125
1.260986328125
1.543701171875
1.443115234375
1.533203125
1.507080078125
1.249755859375
1.258056640625
1.365478515625
1.50341796875
1.205078125
1.49609375
1.392578125
1.509765625
1.420166015625
1.39599609375
1.61962890625
1.51611328125
1.250732421875
1.4404296875
1.203125
1.5556640625
1.378662109375
1.435791015625
1.293212890625
1.381103515625
1.305908203125
1.62451171875
1.384765625
1.21435546875
1.41357421875
1.365234375
1.39990234375
1.27880859375
1.369140625
1.328125
1.2421875
1.53955078125
1.409912109375
1.381103515625
1.3759765625
1.56103515625
1.43017578125
1.47216796875
1.598388671875
1.579833984375
1.4345703125
1.34326171875
1.415283203125
1.472412109375
1.385009765625
1.5546875
1.322265625
1.319091796875
1.444091796875
1.498046875
1.368896484375
1.38525390625
1.365478515625
1.485595703125
1.455078125
1.501708984375
1.526611328125
1.675537109375
1.4306640625
1.249267578125
1.482421875
1.43701171875
1.54931640625
1.37744140625
1.25048828125
1.467529296875
1.38916015625
1.487060546875
1.528564453125
1.357666015625
1.18212890625
1.451904296875
1.5947265625
1.33544921875
1.4716796875
1.42236328125
1.43017578125
1.432373046875
1.330322265625
1.308837890625
1.400634765625
1.501220703125
1.11865234375
1.5625
1.48193359375
1.458740234375
1.43359375
1.30712890625
1.14013671875
1.555419921875
1.30517578125
1.57275390625
1.585693359375
1.324462890625
1.655029296875
1.41162109375
1.337646484375
1.404296875
1.643310546875
1.533203125
1.383544921875
1.519287109375
1.104736328125
1.54296875
1.599365234375
1.458984375
1.548095703125
1.490234375
1.281982421875
1.679931640625
1.31787109375
1.5322265625
1.69921875
1.320068359375
1.4970703125
1.349853515625
1.402099609375
1.4052734375
1.50146484375
1.524658203125
1.67041015625
1.400634765625
1.44287109375
1.483642578125
1.40283203125
1.33447265625
1.46337890625
1.52685546875
1.505859375
1.292236328125
1.616455078125
1.50390625
1.251708984375
1.253662109375
1.390625
1.448486328125
1.38427734375
1.40087890625
1.3720703125
1.3369140625
1.3046875
1.535888671875
1.2236328125
1.513427734375
1.31396484375
1.4892578125
1.37255859375
1.347412109375
1.40966796875
1.509765625
1.4267578125
1.405029296875
1.3701171875
