4.698486328125
4.698486328125
4.743896484375
4.7734375
4.83203125
4.2138671875
4.7265625
4.489501953125
4.5908203125
4.530517578125
4.66796875
4.77001953125
5.230224609375
4.78662109375
4.5849609375
5.197509765625
4.93798828125
4.728271484375
4.822509765625
4.80419921875
4.36279296875
4.537109375
4.408447265625
4.70556640625
4.600341796875
4.966064453125
4.93359375
4.773193359375
4.647705078125
5.0693359375
5.0419921875
4.52783203125
5.044189453125
4.5849609375
4.748779296875
4.64111328125
4.383056640625
4.58837890625
4.621826171875
4.57177734375
4.82958984375
4.57421875
4.88037109375
4.901123046875
4.810546875
5.072021484375
4.48828125
4.978271484375
4.877197265625
4.35302734375
4.794189453125
4.719970703125
4.82275390625
5.12744140625
4.657958984375
4.951904296875
4.746826171875
4.466796875
4.654052734375
4.607177734375
4.1171875
4.6611328125
4.806640625
4.789306640625
4.76220703125
5.005859375
4.85888671875
4.845947265625
4.754638671875
4.771240234375
4.77880859375
4.6884765625
4.27294921875
5.025634765625
4.65087890625
4.485595703125
4.33447265625
4.791015625
4.515625
4.5908203125
4.81884765625
4.81689453125
5.00732421875
4.300537109375
5.06298828125
4.45751953125
4.6865234375
4.956787109375
4.744384765625
4.719970703125
4.892333984375
4.82470703125
4.672119140625
4.88916015625
4.619384765625
4.474609375
4.6064453125
4.469482421875
4.49365234375
4.608642578125
4.93701171875
4.522216796875
5.03173828125
4.889892578125
4.4775390625
5.037109375
4.884765625
4.278076171875
4.89111328125
4.57177734375
4.557373046875
4.85400390625
4.548095703125
4.7578125
4.878173828125
4.3212890625
4.88916015625
4.511962890625
4.64501953125
4.50732421875
5.08544921875
4.78759765625
4.72216796875
4.73583984375
4.728759765625
4.77734375
4.404052734375
4.71826171875
4.953369140625
5.05126953125
4.729248046875
5.010986328125
4.7275390625
4.58544921875
4.400634765625
4.68798828125
4.7275390625
4.693359375
4.709716796875
5.07373046875
4.898193359375
4.529296875
4.72265625
5.07861328125
4.71826171875
4.579833984375
4.95703125
4.80517578125
4.648193359375
4.759521484375
4.417236328125
4.7412109375
4.92138671875
5.029052734375
5.01025390625
5.05078125
4.879150390625
4.478515625
4.67578125
5.145263671875
4.50390625
4.38134765625
4.635009765625
4.963134765625
4.41943359375
4.666259765625
4.784423828125
4.3525390625
4.565185546875
4.6611328125
4.55615234375
4.905517578125
4.9345703125
4.8349609375
4.8056640625
4.644775390625
4.858642578125
4.6279296875
4.876953125
4.7490234375
4.869873046875
4.698974609375
4.744873046875
4.79345703125
4.919189453125
4.634521484375
4.6962890625
4.91796875
4.74755859375
4.89208984375
4.28076171875
4.892578125
4.903564453125
4.48681640625
4.662109375
4.92822265625
4.624755859375
4.6435546875
4.714599609375
4.892333984375
4.708251953125
4.61865234375
4.75146484375
4.55224609375
4.72802734375
4.88330078125
4.802001953125
4.68212890625
4.755126953125
4.601318359375
4.56982421875
4.64892578125
4.802490234375
4.765380859375
4.956787109375
4.569091796875
4.7880859375
5.049560546875
4.41015625
4.775634765625
4.642333984375
4.71728515625
4.8818359375
4.716552734375
4.819580078125
5.075927734375
4.955078125
4.963623046875
4.730712890625
4.4560546875
4.82080078125
4.2724609375
5.148193359375
4.897705078125
4.465576171875
4.729248046875
4.745849609375
4.55908203125
4.97802734375
4.558349609375
4.825927734375
4.805419921875
5.161376953125
4.888671875
4.495849609375
4.935546875
4.5849609375
4.876220703125
4.790771484375
5.332763671875
4.937744140625
5.02197265625
4.893798828125
4.851806640625
4.62890625
4.963623046875
4.65234375
4.987060546875
4.48486328125
4.710205078125
4.82666015625
4.555419921875
5.109619140625
4.57080078125
4.55908203125
4.730224609375
4.55322265625
4.590087890625
4.865234375
4.769287109375
5.25634765625
5.070068359375
5.573486328125
5.022216796875
5.0068359375
4.533447265625
5.105712890625
4.718505859375
5.149658203125
5.072265625
4.6728515625
4.62841796875
5.0400390625
4.7451171875
4.64013671875
4.583740234375
4.63818359375
4.678466796875
4.806884765625
5.154296875
4.99658203125
4.783935546875
4.640869140625
5.024658203125
4.57275390625
4.674072265625
5.08544921875
4.9052734375
4.91064453125
4.255126953125
4.64892578125
4.534912109375
4.853271484375
4.84814453125
4.950439453125
5.2470703125
4.903564453125
4.82568359375
5.1337890625
5.02734375
4.8330078125
4.72265625
4.595947265625
4.694091796875
4.867919921875
4.67138671875
4.94677734375
4.89697265625
4.643798828125
4.699951171875
4.872314453125
4.45263671875
4.736572265625
4.783935546875
4.791748046875
4.913818359375
4.96044921875
4.50146484375
5.093505859375
4.751220703125
4.70654296875
4.51708984375
4.521728515625
4.71728515625
4.734375
4.423095703125
5.130859375
5.0556640625
4.907958984375
5.18115234375
4.733642578125
4.596923828125
4.6435546875
4.381103515625
5.22412109375
4.242919921875
5.012939453125
4.73193359375
4.673828125
4.696044921875
4.9775390625
4.864013671875
4.9580078125
4.761962890625
4.925048828125
4.7265625
4.884033203125
4.80712890625
4.629150390625
4.437744140625
4.791015625
4.72216796875
5.11279296875
4.496826171875
5.197998046875
4.67822265625
4.41162109375
4.527587890625
4.76025390625
4.999755859375
4.996337890625
4.482421875
4.73193359375
4.502685546875
4.7646484375
5.166259765625
4.773681640625
4.697021484375
4.96630859375
4.955078125
4.87060546875
4.91943359375
4.8642578125
4.58349609375
4.83642578125
4.51904296875
4.8212890625
4.629638671875
4.748291015625
4.644287109375
4.912841796875
4.96337890625
4.488037109375
4.63818359375
4.769775390625
4.6796875
4.732177734375
4.8828125
5.00927734375
4.89794921875
4.709716796875
4.9970703125
4.847412109375
4.94287109375
4.706298828125
4.833984375
4.487548828125
4.951171875
4.348876953125
4.6640625
4.69970703125
4.9013671875
4.66552734375
4.419677734375
4.333251953125
4.7275390625
4.511474609375
5.23291015625
4.8896484375
4.80322265625
4.7197265625
4.287109375
4.62841796875
4.421630859375
5.16162109375
5.277587890625
5.008544921875
4.899658203125
4.77294921875
4.961181640625
4.723876953125
4.435791015625
4.792236328125
4.82177734375
4.890869140625
4.447998046875
4.7421875
4.686767578125
4.61767578125
4.43359375
4.930419921875
4.738525390625
5.062255859375
4.9365234375
4.865966796875
4.872802734375
5.153564453125
4.63037109375
5.251220703125
5.189697265625
4.63818359375
4.708251953125
4.477783203125
5.050048828125
4.912109375
4.703369140625
4.85888671875
4.565673828125
4.691650390625
4.52978515625
4.7587890625
4.529052734375
4.972412109375
4.43701171875
4.51513671875
4.97265625
4.812255859375
4.52197265625
4.271484375
4.662109375
4.570068359375
4.641357421875
4.742431640625
4.759033203125
4.787109375
4.490478515625
4.6787109375
4.54443359375
4.704345703125
4.995849609375
5.049072265625
4.63818359375
4.978515625
4.412841796875
4.946044921875
4.38671875
4.292724609375
4.8271484375
4.5361328125
4.725341796875
4.3505859375
4.82470703125
4.3828125
4.74462890625
4.785888671875
4.509521484375
4.5810546875
4.525390625
4.341552734375
4.902587890625
4.736083984375
4.51318359375
4.8134765625
4.896484375
4.9921875
4.626708984375
4.641357421875
4.8369140625
4.669189453125
4.42529296875
4.847412109375
5.109619140625
4.447265625
4.860595703125
4.76953125
5.262451171875
5.191162109375
4.685546875
4.431396484375
4.432373046875
4.946044921875
4.552001953125
5.142822265625
4.6357421875
4.99560546875
4.7001953125
4.665771484375
4.57177734375
4.6591796875
4.982666015625
4.97900390625
4.768310546875
4.7451171875
4.393310546875
5.1162109375
4.653076171875
4.777587890625
4.66796875
4.8623046875
4.714599609375
4.708984375
4.83837890625
4.719970703125
4.870361328125
4.977294921875
4.79150390625
4.9541015625
4.529541015625
4.53564453125
4.713134765625
4.8916015625
4.82958984375
5.091796875
4.6806640625
4.813720703125
4.6201171875
4.877685546875
4.98193359375
4.69189453125
4.733642578125
4.75
4.61279296875
4.52392578125
4.92431640625
4.5888671875
4.604248046875
4.584228515625
4.89599609375
5.000732421875
5.00537109375
4.302490234375
4.772705078125
5.0869140625
4.865966796875
4.9208984375
4.783203125
4.16357421875
4.780517578125
5.118896484375
4.386474609375
4.467529296875
4.930419921875
4.9755859375
4.92041015625
4.244384765625
4.60595703125
4.95751953125
4.747314453125
4.78564453125
4.7197265625
4.78955078125
4.524169921875
4.87451171875
4.914306640625
4.193115234375
4.7392578125
5.165283203125
4.667236328125
4.587646484375
4.634765625
4.723388671875
4.843017578125
4.709228515625
4.38671875
4.709716796875
4.623046875
4.68115234375
4.644287109375
4.62451171875
4.618408203125
5.03759765625
4.64306640625
4.9677734375
4.875732421875
4.77294921875
4.767578125
4.908935546875
4.79150390625
4.6591796875
4.989501953125
4.89013671875
4.886962890625
4.745849609375
4.584228515625
4.516357421875
4.70947265625
4.676025390625
4.28564453125
4.693603515625
4.54443359375
5.137939453125
4.32861328125
4.93994140625
4.37890625
4.890380859375
4.561279296875
4.73291015625
4.275390625
5.159423828125
4.802734375
4.56982421875
4.775634765625
4.67626953125
4.546630859375
4.9208984375
4.89453125
4.805908203125
4.518310546875
4.09619140625
4.583251953125
5.061767578125
4.613525390625
4.657958984375
4.88623046875
5.072265625
4.68017578125
4.626220703125
4.92529296875
4.64306640625
4.8466796875
4.409423828125
4.8544921875
4.722900390625
4.82861328125
4.503662109375
4.671630859375
4.84521484375
4.725830078125
4.57666015625
4.901611328125
4.83642578125
4.873291015625
4.795166015625
4.678466796875
4.833251953125
4.678955078125
4.959228515625
5.22216796875
4.614013671875
4.96337890625
5.014892578125
4.8115234375
4.833251953125
4.639404296875
4.754638671875
4.813232421875
4.660888671875
5.0185546875
4.635498046875
4.763427734375
4.512451171875
5.119873046875
5.017578125
4.89697265625
4.80615234375
4.77099609375
4.567138671875
4.591796875
4.92919921875
4.68359375
4.49462890625
5.016845703125
4.716796875
4.989501953125
4.25
4.39990234375
4.907958984375
5.080078125
4.87890625
4.7763671875
4.97265625
4.9755859375
4.9501953125
4.763916015625
4.70947265625
4.73486328125
4.809326171875
4.28662109375
4.795166015625
4.74072265625
4.802001953125
4.446533203125
4.711669921875
4.80126953125
4.93505859375
4.829833984375
4.659423828125
4.667236328125
4.62841796875
4.772705078125
4.333984375
4.969482421875
4.984130859375
4.4287109375
4.681884765625
4.976806640625
4.783447265625
4.9228515625
4.576904296875
5.0185546875
4.8896484375
5.105712890625
4.746826171875
4.775634765625
4.740966796875
5.034423828125
4.95751953125
4.762451171875
4.904541015625
4.46044921875
4.3818359375
4.337890625
4.874755859375
4.37841796875
4.766357421875
4.6904296875
4.458740234375
5.09814453125
4.3857421875
4.949951171875
4.655029296875
4.860595703125
4.767578125
4.898681640625
4.830322265625
4.3759765625
4.884033203125
4.71923828125
4.788818359375
4.576171875
4.85498046875
4.877685546875
4.768310546875
4.7158203125
4.897216796875
4.349609375
4.82958984375
4.70947265625
4.4091796875
4.7958984375
4.574951171875
4.427001953125
4.621826171875
5.009033203125
4.654541015625
5.35400390625
5.33154296875
4.731201171875
4.7138671875
4.5458984375
4.755859375
4.68701171875
4.855224609375
4.522705078125
4.61083984375
4.881591796875
4.6953125
4.732421875
4.504150390625
5.182373046875
4.76416015625
4.35498046875
4.591796875
4.85888671875
4.816162109375
4.72119140625
4.732666015625
4.63818359375
4.68701171875
4.7412109375
5.059326171875
4.46728515625
4.498779296875
4.653564453125
4.859130859375
4.933837890625
4.847900390625
4.67041015625
4.510009765625
4.781005859375
4.9580078125
4.472900390625
4.99560546875
4.520263671875
5.00634765625
4.977294921875
5.08935546875
4.547119140625
4.483642578125
4.604736328125
4.868896484375
4.654296875
4.685791015625
5.022216796875
4.97216796875
4.7958984375
4.8359375
4.68310546875
4.72998046875
4.77685546875
4.634765625
5.107421875
4.95263671875
5.0068359375
4.918212890625
4.556884765625
5.295166015625
4.826904296875
4.50537109375
4.7431640625
4.650634765625
4.629638671875
5.10009765625
4.892822265625
4.77001953125
4.798095703125
4.949951171875
4.562255859375
4.87109375
4.801025390625
4.779052734375
4.22705078125
4.798583984375
4.78466796875
4.688232421875
5.11376953125
4.529052734375
4.917236328125
4.84423828125
4.775390625
4.7802734375
4.747802734375
5.002197265625
4.650634765625
4.86376953125
5.087646484375
4.6455078125
4.454345703125
4.703369140625
5.08056640625
4.78759765625
4.700439453125
5.05126953125
4.871337890625
5.1318359375
5.243896484375
4.930908203125
5.2802734375
4.531494140625
4.0009765625
5.045654296875
4.930908203125
4.778564453125
4.36767578125
4.66943359375
4.618408203125
4.5546875
4.747314453125
4.982177734375
4.575927734375
4.920166015625
4.84033203125
4.743896484375
4.336669921875
4.892578125
4.86474609375
4.88623046875
4.859130859375
4.749755859375
4.557373046875
4.621337890625
5.05322265625
4.771240234375
4.7236328125
4.666015625
4.75732421875
5.402099609375
4.6025390625
4.7802734375
5.20654296875
4.484130859375
4.686767578125
4.626953125
4.677490234375
4.56591796875
4.586669921875
4.98681640625
4.976806640625
4.744140625
4.793212890625
4.4306640625
4.931396484375
4.55419921875
5.038818359375
4.94775390625
5.031494140625
4.510009765625
4.7294921875
5.026611328125
4.916015625
4.93212890625
4.5751953125
4.6396484375
4.591552734375
4.439208984375
4.280517578125
4.814453125
4.791748046875
4.50146484375
4.7294921875
4.521484375
4.854736328125
4.640625
4.438720703125
4.607666015625
4.8251953125
4.4853515625
4.643310546875
5.05126953125
4.7783203125
