1.78125
1.78125
1.78125
1.78125
1.78125
1.78125
1.78125
1.593017578125
1.79345703125
1.93798828125
1.840087890625
1.9716796875
1.519287109375
1.59521484375
1.688720703125
1.66845703125
1.785888671875
1.884033203125
1.86328125
2.019775390625
1.75830078125
1.734130859375
1.810302734375
1.775390625
1.5322265625
1.8017578125
1.615966796875
1.956298828125
1.800048828125
1.91845703125
1.843994140625
1.687255859375
1.990234375
1.689453125
1.8037109375
2.067138671875
1.910888671875
1.857666015625
1.810546875
1.782470703125
1.53857421875
1.56103515625
1.80078125
1.76171875
1.9423828125
1.806884765625
1.843505859375
1.7119140625
1.84130859375
1.937744140625
1.876953125
1.786865234375
1.7763671875
1.980712890625
1.8271484375
1.970458984375
1.83251953125
1.65966796875
1.787109375
1.822509765625
1.928466796875
1.738525390625
1.596435546875
2.073974609375
1.5439453125
1.71826171875
1.865234375
1.7255859375
1.96240234375
1.945556640625
1.8486328125
2.04833984375
1.763427734375
1.77783203125
1.784423828125
1.9755859375
1.71630859375
2.031982421875
1.748291015625
1.94873046875
1.863525390625
1.985107421875
1.735107421875
1.888916015625
1.882080078125
1.69873046875
1.768798828125
1.767333984375
1.85205078125
1.887451171875
1.78173828125
1.925537109375
1.97216796875
2.1669921875
1.6171875
1.79443359375
1.405517578125
1.61669921875
1.699951171875
1.960205078125
1.398193359375
1.89990234375
1.8115234375
1.7373046875
1.95166015625
1.857421875
1.893310546875
1.753173828125
1.7724609375
1.75732421875
2.060791015625
1.964111328125
1.9326171875
1.860595703125
1.790283203125
1.61572265625
1.882568359375
1.913818359375
1.74658203125
1.8896484375
1.69140625
1.91162109375
1.565185546875
1.958740234375
1.63037109375
1.9072265625
1.778564453125
1.75830078125
2.0322265625
1.7255859375
1.7138671875
1.671875
1.8291015625
1.8330078125
2.035888671875
1.74462890625
1.7294921875
1.92529296875
1.95068359375
1.520751953125
1.756103515625
1.756103515625
1.763427734375
1.8359375
1.844482421875
1.69580078125
1.89013671875
1.747314453125
1.78271484375
1.7197265625
1.97021484375
1.751220703125
1.747802734375
1.734375
1.65380859375
1.818359375
1.95361328125
2.009765625
1.884033203125
2.046875
1.72509765625
1.762451171875
1.8720703125
1.65234375
1.713134765625
1.83203125
2.01220703125
1.76953125
1.907958984375
1.93603515625
1.895263671875
1.7666015625
1.689453125
1.84765625
1.74072265625
1.9765625
1.862548828125
1.91455078125
1.72265625
1.822265625
1.712158203125
1.76611328125
1.824462890625
2.0751953125
1.813720703125
1.788818359375
1.71826171875
1.9765625
1.748046875
1.73388671875
1.74169921875
1.871337890625
1.8271484375
1.888916015625
1.969482421875
1.851806640625
1.872802734375
1.86865234375
1.726318359375
1.814453125
1.884521484375
1.83251953125
1.92138671875
1.77880859375
1.64404296875
1.78759765625
1.865966796875
1.708984375
1.59228515625
1.849609375
1.87451171875
1.7646484375
1.5205078125
1.829833984375
1.97412109375
1.689453125
2.007568359375
1.757080078125
1.847412109375
1.93212890625
1.78759765625
1.67919921875
1.81640625
1.93359375
1.353515625
1.593994140625
1.770263671875
1.676025390625
1.787353515625
1.85986328125
1.8544921875
1.669921875
1.892578125
1.80712890625
1.832763671875
2.00537109375
1.935546875
1.863525390625
1.84326171875
1.426513671875
1.829345703125
1.74267578125
1.78369140625
1.833251953125
1.89404296875
1.963623046875
1.9169921875
1.829345703125
1.757568359375
1.76904296875
1.80517578125
1.9892578125
1.75244140625
1.977294921875
1.728515625
1.62158203125
1.834228515625
2.0625
1.5693359375
1.91259765625
1.914306640625
1.5361328125
2.01513671875
1.595947265625
1.928466796875
1.658935546875
1.711181640625
1.868896484375
1.8994140625
1.694091796875
1.814208984375
2.099365234375
1.7822265625
1.74853515625
1.94482421875
1.5625
1.743896484375
1.836181640625
1.834716796875
1.71142578125
1.7841796875
1.781982421875
1.7197265625
1.810302734375
1.7294921875
1.8017578125
1.6064453125
1.7080078125
1.72119140625
1.946044921875
1.8125
1.92041015625
1.868896484375
2.02978515625
1.8486328125
1.9345703125
1.903564453125
1.96484375
1.935546875
1.748779296875
1.6396484375
1.826416015625
1.93603515625
1.90625
1.615478515625
1.906982421875
1.507080078125
1.75390625
1.83447265625
1.771484375
1.818115234375
1.7451171875
1.7587890625
1.556396484375
1.80615234375
1.704345703125
1.93994140625
1.8388671875
1.9150390625
2.0498046875
1.841064453125
1.83251953125
1.7509765625
1.830078125
1.725830078125
1.869384765625
1.8037109375
1.700927734375
1.75146484375
1.817626953125
1.56494140625
1.86962890625
1.965576171875
1.941650390625
1.8798828125
1.702880859375
1.794921875
1.9443359375
1.827880859375
1.58837890625
1.602294921875
1.68603515625
1.68408203125
1.76416015625
1.773681640625
1.841552734375
1.909423828125
1.849609375
2.022705078125
1.85546875
1.71728515625
1.821533203125
1.67822265625
1.962158203125
1.8232421875
1.742431640625
1.8720703125
1.983642578125
1.91357421875
1.69873046875
1.75830078125
1.824462890625
1.84716796875
1.579345703125
1.56787109375
1.72998046875
1.761474609375
1.84765625
1.85009765625
1.635498046875
2.02392578125
1.843994140625
1.976318359375
1.767578125
1.812744140625
1.76318359375
1.930908203125
1.96533203125
1.695068359375
1.76513671875
1.954345703125
1.86865234375
1.9931640625
1.7421875
1.66455078125
1.8916015625
1.781982421875
1.9267578125
1.517822265625
2.106689453125
1.55419921875
1.941650390625
1.8466796875
1.84423828125
1.447265625
1.779052734375
1.828857421875
1.855712890625
1.649169921875
1.765625
1.521240234375
1.81298828125
1.8125
2.0517578125
2.006591796875
1.844970703125
1.841064453125
1.904052734375
1.833984375
1.90234375
1.863037109375
1.626953125
1.56201171875
1.867431640625
1.778076171875
1.76025390625
2.052734375
1.595458984375
1.630859375
1.7685546875
1.871826171875
2.00537109375
1.828857421875
1.589111328125
1.798583984375
1.71826171875
1.907958984375
1.688720703125
1.46875
1.60498046875
1.9072265625
1.924560546875
1.908447265625
1.706298828125
1.814208984375
1.906005859375
1.729736328125
1.6279296875
1.724853515625
1.670654296875
1.6328125
1.685791015625
1.6240234375
2.09130859375
1.770263671875
1.69140625
1.84326171875
1.7255859375
1.861083984375
1.846923828125
1.691650390625
1.890625
1.898193359375
1.7607421875
1.8935546875
1.8583984375
1.77099609375
1.77734375
2.010498046875
1.793212890625
1.8095703125
1.745849609375
1.77294921875
1.8330078125
1.970947265625
1.882080078125
1.9267578125
1.729736328125
1.745849609375
1.963623046875
2.00537109375
1.899169921875
1.88134765625
2.073486328125
1.683349609375
1.744140625
1.749267578125
1.9697265625
1.562744140625
1.8046875
2.043701171875
1.780029296875
1.940673828125
1.733154296875
1.71044921875
1.789306640625
1.939697265625
1.9091796875
1.976318359375
1.897705078125
1.858154296875
1.983642578125
1.984130859375
1.64990234375
1.75390625
1.652099609375
1.65576171875
1.73974609375
1.9091796875
1.736328125
1.673583984375
1.83740234375
1.9267578125
1.7041015625
1.935302734375
1.715576171875
1.8330078125
1.913330078125
1.625732421875
1.76513671875
1.801025390625
1.7197265625
1.86767578125
1.8515625
1.906005859375
1.826416015625
1.78466796875
2.061767578125
2.06298828125
1.87548828125
2.005615234375
1.816650390625
1.8994140625
1.405029296875
1.7822265625
2.107421875
1.67431640625
1.55810546875
1.889404296875
1.8037109375
1.937255859375
1.91455078125
1.705322265625
1.639404296875
1.726806640625
1.845458984375
1.89697265625
1.7216796875
1.81640625
1.8701171875
1.62109375
1.748291015625
1.919921875
1.71484375
1.760986328125
1.904052734375
1.782958984375
1.673095703125
1.906982421875
1.92333984375
1.450439453125
1.93896484375
1.77880859375
1.873779296875
1.962890625
1.923828125
1.88671875
2.064697265625
1.9619140625
1.9873046875
1.567138671875
1.42919921875
1.755859375
1.828125
1.7587890625
1.82666015625
1.7919921875
1.8330078125
1.709716796875
1.84326171875
1.956298828125
1.929931640625
1.7333984375
2.05224609375
1.7822265625
1.935546875
1.68896484375
1.771484375
1.7998046875
1.814208984375
1.709228515625
1.8046875
1.84619140625
1.892578125
1.941162109375
1.72314453125
1.873779296875
1.72265625
1.644287109375
1.832275390625
1.89306640625
2.027099609375
1.64990234375
1.627197265625
1.953125
1.596923828125
1.80859375
1.88232421875
1.856689453125
1.92236328125
1.726318359375
1.895263671875
1.593505859375
1.79296875
1.768798828125
1.763916015625
1.79345703125
2.06396484375
1.683349609375
1.72265625
1.95556640625
1.79296875
1.770751953125
1.80810546875
1.713623046875
1.660400390625
1.692626953125
1.782958984375
1.890869140625
1.730712890625
1.7744140625
1.706787109375
1.66259765625
1.953369140625
1.7939453125
1.943359375
1.717529296875
1.76416015625
1.892822265625
2.03857421875
1.694580078125
1.8955078125
1.81494140625
1.68408203125
1.826416015625
1.751220703125
1.828125
1.9091796875
1.790771484375
1.84716796875
1.815185546875
1.71337890625
1.850341796875
1.835205078125
1.898193359375
1.89501953125
1.997802734375
1.911376953125
1.76416015625
1.72412109375
1.80029296875
2.061767578125
1.849853515625
1.7080078125
1.969482421875
1.97314453125
1.87451171875
2.068115234375
1.484130859375
1.724853515625
1.80078125
1.866455078125
1.857177734375
1.77197265625
1.8544921875
1.83251953125
1.8212890625
1.765625
1.718505859375
1.88525390625
1.840087890625
1.798583984375
1.8525390625
1.780517578125
1.7626953125
2.115478515625
1.87646484375
1.612060546875
1.701171875
1.6572265625
1.93310546875
1.777587890625
1.84130859375
1.634033203125
1.625
1.525634765625
1.82958984375
1.970947265625
1.716064453125
1.751708984375
1.874755859375
1.78173828125
1.593994140625
1.852294921875
1.921630859375
1.78564453125
1.698974609375
1.75634765625
1.998291015625
1.763671875
1.766357421875
1.724365234375
1.60595703125
1.59326171875
1.910400390625
1.863037109375
1.849853515625
1.839599609375
1.609375
1.876953125
1.52880859375
1.81396484375
1.953125
1.809326171875
1.53515625
1.634521484375
1.777587890625
1.695068359375
1.801025390625
2.097412109375
1.915283203125
1.588134765625
1.98388671875
1.926025390625
1.79052734375
1.912109375
1.64599609375
1.9853515625
1.982177734375
1.951171875
1.777587890625
1.779541015625
1.765380859375
1.941650390625
1.56103515625
1.63330078125
1.85205078125
1.636962890625
1.8896484375
1.808837890625
1.929931640625
1.683349609375
1.86767578125
1.883544921875
1.835693359375
2.292236328125
2.117431640625
1.678955078125
1.750732421875
1.76904296875
1.566650390625
1.867431640625
1.82666015625
1.796875
1.803955078125
1.625244140625
1.801513671875
1.70849609375
1.779052734375
1.669677734375
1.869873046875
1.9404296875
1.92333984375
1.7060546875
1.691650390625
1.926025390625
1.73583984375
1.7900390625
1.961669921875
1.7392578125
1.830322265625
1.758544921875
1.920654296875
1.72119140625
1.69140625
1.673583984375
1.916748046875
1.814697265625
1.880126953125
1.9130859375
1.94287109375
1.98193359375
1.657958984375
1.75732421875
1.792236328125
1.949462890625
1.9033203125
2.056396484375
1.822265625
1.940673828125
1.899169921875
1.93701171875
1.99755859375
1.97509765625
1.82275390625
1.78662109375
1.522705078125
1.990478515625
1.748779296875
2.016357421875
1.4423828125
1.714111328125
1.62109375
1.6982421875
1.93896484375
1.952392578125
1.75537109375
1.808349609375
1.7783203125
1.973876953125
1.780517578125
2.105224609375
1.72216796875
1.69384765625
1.6181640625
1.627685546875
1.74560546875
1.851318359375
1.895263671875
1.92919921875
1.869140625
2.119873046875
1.43701171875
1.85595703125
2.084716796875
1.95166015625
1.750732421875
1.988037109375
1.866455078125
1.81884765625
2.0576171875
1.83935546875
1.791015625
1.787353515625
1.78076171875
1.836181640625
2.028564453125
1.73486328125
1.5654296875
1.718017578125
1.94677734375
1.926513671875
1.8251953125
1.9775390625
1.8330078125
1.86865234375
1.750732421875
1.669921875
1.747802734375
1.9873046875
1.963623046875
1.5927734375
1.853271484375
1.493896484375
1.9755859375
2.029296875
1.87451171875
2.01025390625
1.967529296875
1.9931640625
1.4716796875
2.0986328125
1.74658203125
1.822509765625
1.8515625
1.8076171875
1.815185546875
1.790283203125
1.943115234375
1.743896484375
1.7421875
2.0302734375
1.75341796875
1.807861328125
1.75927734375
1.68798828125
1.773193359375
2.034912109375
2.18115234375
1.80224609375
1.932861328125
1.718994140625
1.8818359375
1.788818359375
1.94873046875
1.85791015625
1.900146484375
1.587646484375
1.794921875
1.7333984375
2.0185546875
1.83740234375
1.85791015625
1.972412109375
1.665771484375
2.14794921875
2.009521484375
1.87353515625
1.7998046875
1.71533203125
2.086181640625
1.609130859375
1.916015625
1.923828125
1.908447265625
1.9072265625
2.081298828125
1.641357421875
1.82958984375
1.755615234375
1.68798828125
1.53662109375
1.9716796875
1.8203125
1.945068359375
1.904296875
1.876220703125
1.898681640625
1.703369140625
1.86083984375
1.868896484375
1.924560546875
1.865234375
1.96826171875
1.826904296875
1.962158203125
1.838134765625
1.882568359375
1.9462890625
1.74560546875
1.9150390625
1.7607421875
1.73388671875
1.797119140625
1.716796875
1.5244140625
2.013916015625
1.69873046875
1.872802734375
1.9423828125
1.605712890625
1.859130859375
1.80322265625
1.99853515625
1.9736328125
1.880859375
1.761474609375
1.8203125
1.863037109375
1.822998046875
1.634521484375
1.74267578125
1.85986328125
1.9560546875
1.789794921875
1.689697265625
1.6533203125
1.94287109375
1.9150390625
1.72998046875
1.634765625
1.918212890625
1.667236328125
1.955078125
1.736083984375
1.669677734375
1.74560546875
1.874755859375
1.755615234375
1.915771484375
