5.23388671875
5.23388671875
5.672607421875
5.139404296875
5.140380859375
5.418212890625
5.32080078125
5.206787109375
5.399169921875
5.25146484375
5.23876953125
5.4794921875
5.18798828125
5.24072265625
5.12158203125
4.791748046875
5.626220703125
5.363525390625
5.5244140625
5.56103515625
5.376953125
5.34814453125
5.111328125
5.17919921875
5.328857421875
5.18798828125
5.017822265625
5.087646484375
5.408447265625
5.36572265625
5.348388671875
5.171142578125
5.535400390625
5.563720703125
5.296630859375
5.174072265625
5.33447265625
5.375
5.41650390625
5.038330078125
5.187744140625
5.203369140625
5.100830078125
5.663818359375
4.955322265625
4.83642578125
5.69677734375
5.296142578125
5.217041015625
5.013427734375
5.377685546875
5.18359375
5.29833984375
5.270263671875
5.142333984375
5.74169921875
5.018798828125
5.091796875
5.082275390625
5.3212890625
5.3701171875
5.012939453125
5.237060546875
5.18603515625
5.336181640625
5.23193359375
5.486328125
5.236083984375
5.391845703125
5.330810546875
5.31005859375
5.161865234375
5.003662109375
5.447265625
5.3310546875
5.707275390625
5.516357421875
5.296142578125
5.01123046875
4.86376953125
4.91650390625
5.543701171875
5.30029296875
5.008056640625
5.67724609375
5.240478515625
5.098876953125
5.262451171875
5.5498046875
5.173828125
5.105712890625
5.38818359375
5.574462890625
5.0986328125
5.028076171875
5.386474609375
5.343994140625
4.79345703125
5.417724609375
5.236572265625
5.27880859375
4.971923828125
5.541015625
4.90380859375
5.329345703125
5.792724609375
5.16259765625
5.223876953125
5.322021484375
5.267578125
5.1796875
5.29931640625
5.08837890625
5.036376953125
5.630859375
5.455322265625
5.234130859375
5.366943359375
5.39599609375
4.888427734375
5.34423828125
5.513671875
5.08935546875
5.103271484375
5.283447265625
5.346923828125
5.10986328125
4.951171875
4.98681640625
5.226806640625
5.1279296875
5.775146484375
5.10693359375
4.927490234375
5.440673828125
5.2119140625
5.354248046875
5.35400390625
5.29736328125
4.975830078125
5.41552734375
5.256591796875
5.126953125
5.21630859375
5.351318359375
5.52294921875
5.110107421875
5.350341796875
5.512939453125
5.302978515625
5.2119140625
5.4365234375
5.532958984375
5.214111328125
5.380615234375
5.232666015625
5.21240234375
5.45556640625
5.4921875
5.289306640625
5.1357421875
4.86572265625
5.11865234375
5.34765625
5.316162109375
4.977783203125
5.055908203125
5.28466796875
5.133544921875
5.491943359375
5.426513671875
5.4716796875
5.118408203125
5.39599609375
5.637939453125
5.602783203125
5.416015625
4.94384765625
5.277099609375
5.028076171875
5.439208984375
5.517578125
5.17578125
5.1337890625
5.60986328125
5.26318359375
5.300048828125
5.1611328125
5.458251953125
5.34375
5.268798828125
5.5927734375
4.736328125
5.33203125
5.1376953125
5.3662109375
5.194091796875
5.237548828125
5.089111328125
4.998779296875
4.89892578125
5.3642578125
4.96533203125
4.824951171875
5.517578125
5.08544921875
5.0009765625
5.4306640625
5.152587890625
5.224609375
5.147705078125
5.45947265625
5.02685546875
4.99755859375
5.188232421875
5.3583984375
5.737548828125
5.271240234375
5.0322265625
5.2626953125
5.265625
5.064208984375
5.216064453125
5.528076171875
5.690185546875
5.552001953125
5.125
5.36328125
5.281982421875
5.625244140625
5.407958984375
4.904052734375
5.259521484375
5.113037109375
5.041015625
5.43896484375
4.871337890625
5.045654296875
5.228759765625
5.208984375
4.8994140625
4.8271484375
5.218505859375
5.177978515625
5.429931640625
5.21142578125
5.533447265625
5.01953125
5.35302734375
4.971435546875
5.474853515625
5.402099609375
5.361328125
5.212158203125
5.399169921875
5.04345703125
5.158447265625
5.629150390625
5.320068359375
5.339111328125
5.557861328125
5.010498046875
5.442626953125
5.019287109375
4.609375
5.411376953125
4.995361328125
4.97998046875
5.300048828125
5.5849609375
5.46923828125
4.65234375
5.254150390625
5.294189453125
5.225830078125
5.80126953125
5.222900390625
5.232666015625
5.350830078125
5.520751953125
4.807861328125
5.19970703125
5.47265625
5.313232421875
5.197998046875
5.63623046875
5.062744140625
5.18505859375
5.10986328125
4.9599609375
5.263671875
5.526611328125
5.408447265625
4.90283203125
4.989013671875
5.682861328125
5.12451171875
5.143310546875
5.0625
5.152587890625
5.107177734375
5.087890625
5.1982421875
5.24853515625
5.263916015625
4.891357421875
5.40380859375
5.2509765625
5.08251953125
5.31298828125
4.8359375
5.318359375
5.623779296875
5.2666015625
5.291259765625
5.38916015625
5.3388671875
5.4521484375
5.1064453125
4.972900390625
5.44677734375
5.26171875
5.3642578125
5.169921875
5.565673828125
5.10400390625
4.9326171875
5.414306640625
5.17041015625
5.14990234375
5.2451171875
5.30078125
5.051025390625
5.219482421875
5.1220703125
5.364013671875
5.334716796875
5.3447265625
5.13330078125
5.300048828125
4.96875
5.5869140625
5.49169921875
5.25634765625
5.224365234375
5.160888671875
5.744873046875
5.130615234375
5.01904296875
5.41943359375
5.386474609375
5.29736328125
5.195556640625
5.25439453125
5.267578125
5.343994140625
4.86181640625
5.5107421875
5.2900390625
5.16552734375
5.08984375
5.209716796875
5.591064453125
5.2177734375
5.28759765625
5.3525390625
5.284423828125
5.439697265625
5.634033203125
5.285400390625
5.26806640625
5.24658203125
5.17919921875
5.35888671875
5.533935546875
5.138427734375
5.235595703125
4.8701171875
5.460693359375
5.720947265625
5.110107421875
5.156494140625
5.225341796875
5.3310546875
4.696044921875
5.42626953125
5.22265625
4.81787109375
5.35302734375
5.17431640625
4.98291015625
4.749267578125
5.345703125
5.141357421875
5.4658203125
5.503662109375
4.828125
5.330810546875
5.3505859375
5.24658203125
5.1826171875
5.3486328125
5.404541015625
5.50537109375
4.988525390625
5.5791015625
5.111083984375
5.08203125
5.13427734375
5.228515625
4.974853515625
5.01708984375
5.210205078125
5.601806640625
5.7861328125
5.6552734375
5.106201171875
5.31884765625
5.365478515625
5.114990234375
5.384765625
5.50390625
5.34716796875
5.620849609375
5.192138671875
4.8662109375
5.68603515625
5.473388671875
5.16015625
5.43701171875
4.877685546875
5.230712890625
5.100830078125
5.295166015625
5.745849609375
5.14794921875
4.61669921875
5.703369140625
5.251708984375
5.060302734375
5.248291015625
5.2216796875
5.162353515625
5.337646484375
5.236083984375
5.2236328125
5.131591796875
5.105712890625
5.552001953125
5.552978515625
4.921630859375
5.2939453125
4.888916015625
5.341796875
5.13525390625
5.424072265625
5.314208984375
5.303466796875
5.384765625
5.40087890625
5.330078125
5.013427734375
5.529052734375
5.034423828125
5.35693359375
5.162353515625
5.224853515625
5.178955078125
5.2578125
5.44970703125
5.2724609375
5.153076171875
5.271240234375
5.449462890625
5.0888671875
5.393798828125
5.096923828125
5.38671875
5.35205078125
5.33544921875
5.874267578125
4.7470703125
5.593505859375
5.225341796875
5.487060546875
4.884521484375
5.297119140625
5.53759765625
5.549072265625
5.135986328125
5.082275390625
5.6357421875
5.122802734375
4.8955078125
4.8564453125
5.471923828125
5.332763671875
5.481201171875
5.591796875
5.2265625
5.409423828125
4.9423828125
5.5595703125
4.984619140625
5.39990234375
5.31494140625
4.77294921875
5.32421875
5.678466796875
5.175537109375
5.009521484375
5.21435546875
5.244384765625
5.477294921875
5.092529296875
5.4189453125
4.86572265625
5.328125
5.46875
5.669921875
5.233642578125
5.7353515625
5.287841796875
4.849609375
5.296142578125
5.158935546875
4.905029296875
5.223876953125
5.487060546875
4.988525390625
5.241943359375
5.391357421875
4.85546875
5.46826171875
5.040283203125
5.168212890625
5.12939453125
5.39404296875
5.09619140625
5.12939453125
5.39404296875
5.42041015625
5.3818359375
5.096435546875
5.228759765625
5.193603515625
5.2392578125
5.2001953125
5.197021484375
4.705078125
5.052978515625
4.6982421875
5.731201171875
5.11181640625
5.2255859375
5.191162109375
4.812744140625
5.169189453125
5.17822265625
5.155517578125
5.1787109375
5.4521484375
5.3173828125
5.05126953125
5.4482421875
5.11376953125
5.1484375
5.31640625
4.650634765625
5.6171875
5.256591796875
4.9521484375
5.27978515625
5.526123046875
5.3125
4.89208984375
5.33642578125
5.0546875
5.364013671875
5.24609375
4.98046875
5.083984375
5.407958984375
5.46728515625
5.227294921875
5.194091796875
5.335693359375
5.431884765625
5.24169921875
5.359130859375
4.9130859375
4.971923828125
5.061767578125
4.819580078125
5.396484375
5.10595703125
4.919677734375
4.866455078125
5.07421875
5.3154296875
5.881103515625
5.0576171875
5.169677734375
5.25244140625
5.082763671875
5.5302734375
5.410888671875
5.363037109375
5.647216796875
4.893798828125
5.212646484375
5.638427734375
5.595703125
5.302001953125
5.060546875
5.241943359375
5.597412109375
5.280517578125
5.322265625
5.213623046875
5.4853515625
5.244873046875
5.584228515625
4.923583984375
5.25146484375
5.175537109375
5.161376953125
4.749755859375
5.0556640625
5.355224609375
5.184326171875
5.434326171875
5.358154296875
5.540283203125
4.959228515625
5.246337890625
5.31201171875
5.3779296875
5.328857421875
5.42236328125
5.27978515625
5.36962890625
5.185302734375
5.359130859375
4.780517578125
5.19091796875
4.9462890625
5.368408203125
5.14697265625
5.43994140625
5.3056640625
5.438232421875
5.154296875
5.5361328125
5.08056640625
5.218994140625
5.23681640625
5.114501953125
5.4462890625
5.038818359375
5.102783203125
5.3154296875
5.166015625
4.938720703125
4.934814453125
5.133544921875
5.177490234375
5.002197265625
4.98583984375
5.56591796875
5.38037109375
5.271728515625
5.322998046875
5.388916015625
5.18310546875
4.87353515625
5.121337890625
5.20849609375
5.2861328125
5.431396484375
5.324462890625
4.867431640625
5.6015625
5.009033203125
5.193115234375
5.520751953125
5.556884765625
4.87841796875
4.876220703125
4.830322265625
5.098876953125
5.288818359375
5.74658203125
5.474609375
5.516357421875
5.294921875
5.51123046875
5.67919921875
5.02099609375
5.409912109375
5.51513671875
5.330322265625
5.62255859375
5.36572265625
5.510009765625
5.478759765625
5.142333984375
5.281005859375
5.136962890625
5.58447265625
5.201171875
5.13037109375
4.92626953125
5.2880859375
5.399658203125
5.21240234375
5.465087890625
5.13330078125
5.313720703125
5.263671875
5.10986328125
5.35888671875
5.44384765625
4.73876953125
5.08203125
5.031982421875
5.275390625
5.598388671875
5.41455078125
5.14599609375
4.974365234375
5.09326171875
5.26806640625
5.16796875
4.853515625
4.994384765625
5.267578125
5.18359375
5.1318359375
5.219482421875
5.296630859375
5.265869140625
5.44482421875
5.373779296875
5.288818359375
5.056640625
4.895263671875
5.513671875
5.0712890625
5.243408203125
5.5517578125
5.0419921875
4.95849609375
4.9365234375
4.731201171875
5.077392578125
5.390625
5.387451171875
5.03759765625
5.3583984375
5.11328125
5.488525390625
5.35546875
5.326904296875
5.7392578125
5.020263671875
5.212158203125
5.517822265625
5.265625
5.39794921875
4.87451171875
5.50830078125
5.52197265625
5.194091796875
5.192626953125
5.244384765625
5.20166015625
5.35205078125
4.761474609375
5.345947265625
4.815185546875
5.497802734375
5.10546875
5.37353515625
5.634521484375
5.481201171875
5.208984375
5.504638671875
5.095703125
5.4306640625
4.993408203125
5.490234375
5.113525390625
5.349853515625
5.03759765625
5.0947265625
5.206787109375
5.302734375
5.302978515625
4.85791015625
5.1572265625
5.439208984375
5.3603515625
5.134033203125
5.020263671875
5.5478515625
5.23486328125
5.231201171875
5.302001953125
5.0048828125
5.5791015625
4.77392578125
5.38720703125
5.38720703125
4.939453125
5.520263671875
5.385986328125
5.205322265625
5.6201171875
5.3623046875
5.114501953125
5.424560546875
5.288818359375
5.277099609375
5.12548828125
5.2138671875
5.406494140625
5.01708984375
5.425048828125
5.016357421875
5.66455078125
5.406005859375
5.1826171875
5.107421875
5.598388671875
5.558349609375
5.292236328125
4.9130859375
5.44384765625
5.607177734375
5.39501953125
5.03173828125
5.504638671875
5.283203125
5.365234375
4.838134765625
5.540283203125
5.13623046875
5.2138671875
5.05615234375
5.14990234375
5.38427734375
5.1689453125
5.12646484375
5.307861328125
5.203369140625
5.228759765625
5.14501953125
5.23779296875
4.937744140625
5.376953125
5.365234375
5.4462890625
5.158203125
5.22119140625
5.045654296875
5.3837890625
5.218994140625
5.447021484375
5.57470703125
5.107421875
5.025146484375
4.914306640625
5.430908203125
5.18408203125
5.3564453125
5.5302734375
5.30029296875
5.24951171875
4.860107421875
5.529296875
5.295166015625
5.38134765625
5.5634765625
5.157470703125
5.005859375
5.3662109375
5.425048828125
5.268798828125
5.16943359375
5.0205078125
5.431884765625
4.9853515625
5.33642578125
5.654541015625
5.027587890625
5.692138671875
5.418701171875
5.42578125
5.296142578125
5.017822265625
4.80810546875
5.353515625
5.28369140625
5.093505859375
5.2978515625
5.51611328125
5.5166015625
5.415283203125
5.3720703125
5.26708984375
5.009033203125
5.132080078125
5.277099609375
5.21923828125
5.572021484375
5.486083984375
5.680908203125
5.271728515625
5.188720703125
5.165283203125
5.17041015625
4.82568359375
5.19873046875
5.35205078125
5.1123046875
5.348876953125
5.155029296875
5.0791015625
5.060546875
5.091064453125
5.196044921875
5.2236328125
5.2607421875
4.9521484375
5.577392578125
5.3173828125
5.13818359375
5.195068359375
5.4521484375
5.29052734375
5.2509765625
5.331298828125
5.330810546875
5.392822265625
5.37646484375
5.57177734375
4.96435546875
5.21240234375
4.969482421875
5.287353515625
5.212646484375
5.246337890625
5.2998046875
5.576904296875
5.3271484375
4.996826171875
5.116943359375
5.524169921875
4.954833984375
4.99560546875
5.71337890625
5.3037109375
5.5361328125
5.30078125
5.322998046875
5.1845703125
5.118408203125
