0.4736328125
0.4736328125
0.4736328125
0.4736328125
0.738037109375
0.505615234375
0.566162109375
0.494873046875
0.49658203125
0.619873046875
0.624267578125
0.57470703125
0.544677734375
0.598388671875
0.66650390625
0.699462890625
0.727294921875
0.539306640625
0.505859375
0.63134765625
0.5849609375
0.6513671875
0.57763671875
0.514404296875
0.55859375
0.577880859375
0.681396484375
0.56689453125
0.599853515625
0.522705078125
0.508056640625
0.467041015625
0.526123046875
0.567138671875
0.520751953125
0.6484375
0.562255859375
0.539794921875
0.515869140625
0.528076171875
0.459716796875
0.66064453125
0.645751953125
0.5712890625
0.548828125
0.60791015625
0.487060546875
0.58740234375
0.508056640625
0.47314453125
0.5263671875
0.596435546875
0.6396484375
0.604736328125
0.5439453125
0.57958984375
0.5830078125
0.76513671875
0.4921875
0.6240234375
0.479736328125
0.522705078125
0.457763671875
0.613525390625
0.561279296875
0.47265625
0.574951171875
0.720947265625
0.396240234375
0.521484375
0.605224609375
0.620361328125
0.752685546875
0.6669921875
0.50634765625
0.496826171875
0.554443359375
0.6015625
0.511474609375
0.686279296875
0.51416015625
0.53125
0.594970703125
0.436279296875
0.5703125
0.4521484375
0.723876953125
0.608642578125
0.550537109375
0.46533203125
0.697265625
0.499267578125
0.507080078125
0.513427734375
0.570556640625
0.55517578125
0.5263671875
0.533203125
0.46728515625
0.4560546875
0.573486328125
0.4296875
0.538818359375
0.70849609375
0.519775390625
0.516357421875
0.5458984375
0.58251953125
0.46923828125
0.55322265625
0.541259765625
0.622314453125
0.666748046875
0.539794921875
0.51904296875
0.65234375
0.5458984375
0.570068359375
0.635498046875
0.66357421875
0.52001953125
0.460205078125
0.682373046875
0.478515625
0.600830078125
0.489013671875
0.57763671875
0.716552734375
0.478515625
0.455322265625
0.439697265625
0.54736328125
0.55615234375
0.5224609375
0.490234375
0.579345703125
0.527587890625
0.555419921875
0.71875
0.597412109375
0.49755859375
0.70849609375
0.4990234375
0.57470703125
0.630126953125
0.527099609375
0.6923828125
0.540771484375
0.633056640625
0.54443359375
0.639404296875
0.494140625
0.5390625
0.498779296875
0.616943359375
0.542236328125
0.612548828125
0.47705078125
0.536865234375
0.537841796875
0.47509765625
0.5478515625
0.605712890625
0.435302734375
0.5888671875
0.513671875
0.6474609375
0.579833984375
0.516357421875
0.48779296875
0.6396484375
0.60693359375
0.4775390625
0.59619140625
0.575439453125
0.542724609375
0.5869140625
0.5595703125
0.537841796875
0.598876953125
0.548828125
0.59228515625
0.698486328125
0.56396484375
0.463623046875
0.470947265625
0.625244140625
0.694580078125
0.634765625
0.42236328125
0.558837890625
0.493408203125
0.44775390625
0.55322265625
0.542236328125
0.55517578125
0.572265625
0.673583984375
0.576904296875
0.500244140625
0.767822265625
0.51904296875
0.53369140625
0.612548828125
0.499267578125
0.46875
0.5361328125
0.49658203125
0.469970703125
0.612060546875
0.55810546875
0.529296875
0.508056640625
0.488037109375
0.490966796875
0.53955078125
0.5322265625
0.609375
0.566162109375
0.4677734375
0.547607421875
0.6005859375
0.51953125
0.545654296875
0.512451171875
0.55322265625
0.57275390625
0.5107421875
0.519287109375
0.485107421875
0.47412109375
0.674560546875
0.572998046875
0.5361328125
0.498779296875
0.587158203125
0.464599609375
0.550048828125
0.564453125
0.5419921875
0.525634765625
0.44482421875
0.556396484375
0.62451171875
0.54833984375
0.693115234375
0.5419921875
0.73095703125
0.5341796875
0.55078125
0.527099609375
0.6572265625
0.701171875
0.60693359375
0.56982421875
0.613037109375
0.490234375
0.70068359375
0.600341796875
0.5634765625
0.595703125
0.511962890625
0.649658203125
0.45263671875
0.595703125
0.532958984375
0.435302734375
0.668701171875
0.514404296875
0.66796875
0.488525390625
0.656982421875
0.52197265625
0.746826171875
0.641845703125
0.64892578125
0.4697265625
0.5234375
0.47607421875
0.564697265625
0.67041015625
0.496826171875
0.694580078125
0.457275390625
0.61669921875
0.50927734375
0.580078125
0.52490234375
0.6943359375
0.635498046875
0.5078125
0.66357421875
0.580322265625
0.4853515625
0.44580078125
0.531005859375
0.66650390625
0.478759765625
0.48486328125
0.60986328125
0.461181640625
0.489990234375
0.578125
0.764404296875
0.650390625
0.49609375
0.62841796875
0.56494140625
0.7138671875
0.50927734375
0.523193359375
0.472900390625
0.509521484375
0.502685546875
0.58203125
0.546142578125
0.7880859375
0.589599609375
0.54052734375
0.599365234375
0.591064453125
0.42041015625
0.49853515625
0.606689453125
0.61865234375
0.587158203125
0.49169921875
0.477294921875
0.4677734375
0.531982421875
0.57080078125
0.5693359375
0.464599609375
0.473876953125
0.551025390625
0.587158203125
0.5478515625
0.52490234375
0.596923828125
0.602294921875
0.661376953125
0.615478515625
0.5478515625
0.74072265625
0.612548828125
0.51025390625
0.5595703125
0.73095703125
0.545654296875
0.44921875
0.570556640625
0.5986328125
0.6904296875
0.73046875
0.418701171875
0.551025390625
0.61328125
0.453857421875
0.551025390625
0.465576171875
0.5419921875
0.510986328125
0.529052734375
0.510498046875
0.636474609375
0.798583984375
0.488037109375
0.55615234375
0.62109375
0.571533203125
0.548828125
0.548095703125
0.5478515625
0.549560546875
0.456298828125
0.6337890625
0.632568359375
0.56591796875
0.48876953125
0.4619140625
0.634765625
0.59521484375
0.50537109375
0.458251953125
0.57958984375
0.631591796875
0.5859375
0.4619140625
0.555908203125
0.7265625
0.778564453125
0.548828125
0.729248046875
0.466552734375
0.590576171875
0.55029296875
0.486572265625
0.504638671875
0.572998046875
0.587646484375
0.65478515625
0.603759765625
0.55810546875
0.4853515625
0.57763671875
0.515869140625
0.749267578125
0.587158203125
0.564453125
0.482421875
0.522705078125
0.59619140625
0.461181640625
0.58447265625
0.57421875
0.51806640625
0.471435546875
0.6181640625
0.580078125
0.672607421875
0.605224609375
0.4794921875
0.53564453125
0.66845703125
0.65185546875
0.630859375
0.459716796875
0.628662109375
0.58251953125
0.637451171875
0.551513671875
0.4833984375
0.50244140625
0.685791015625
0.606689453125
0.576171875
0.537841796875
0.484619140625
0.49072265625
0.60595703125
0.481689453125
0.605224609375
0.759521484375
0.580322265625
0.529296875
0.556884765625
0.623291015625
0.559326171875
0.578125
0.465576171875
0.516357421875
0.54541015625
0.52197265625
0.509765625
0.6884765625
0.55029296875
0.527587890625
0.549560546875
0.622314453125
0.466064453125
0.609130859375
0.516845703125
0.52392578125
0.547119140625
0.5361328125
0.568359375
0.489990234375
0.6474609375
0.46484375
0.510498046875
0.4501953125
0.528076171875
0.4599609375
0.497802734375
0.529541015625
0.51611328125
0.519287109375
0.650634765625
0.541015625
0.4873046875
0.610595703125
0.61962890625
0.54931640625
0.576416015625
0.598876953125
0.57861328125
0.60302734375
0.61474609375
0.43359375
0.54443359375
0.730224609375
0.51904296875
0.63037109375
0.65087890625
0.54443359375
0.590087890625
0.45361328125
0.573486328125
0.467041015625
0.462158203125
0.56689453125
0.496826171875
0.424072265625
0.621826171875
0.445556640625
0.49072265625
0.722900390625
0.43115234375
0.585205078125
0.4814453125
0.692626953125
0.527099609375
0.48291015625
0.5556640625
0.555419921875
0.62255859375
0.480712890625
0.598876953125
0.458251953125
0.760986328125
0.62939453125
0.492431640625
0.56396484375
0.55810546875
0.62060546875
0.535400390625
0.60205078125
0.66259765625
0.580810546875
0.436279296875
0.61669921875
0.597900390625
0.63427734375
0.532470703125
0.603271484375
0.58544921875
0.485107421875
0.698486328125
0.546875
0.513427734375
0.51123046875
0.671142578125
0.47119140625
0.485107421875
0.507568359375
0.630615234375
0.548095703125
0.51123046875
0.486328125
0.613037109375
0.81884765625
0.546142578125
0.63525390625
0.529296875
0.613037109375
0.518310546875
0.5556640625
0.6171875
0.5400390625
0.62158203125
0.52294921875
0.589599609375
0.5654296875
0.5068359375
0.5283203125
0.65625
0.540283203125
0.49853515625
0.628662109375
0.573486328125
0.49609375
0.591552734375
0.619140625
0.69287109375
0.514892578125
0.458251953125
0.50390625
0.587890625
0.6171875
0.497314453125
0.500244140625
0.599365234375
0.630126953125
0.5322265625
0.70751953125
0.523193359375
0.483154296875
0.527099609375
0.39306640625
0.583984375
0.475341796875
0.685791015625
0.4755859375
0.523681640625
0.711181640625
0.653076171875
0.664306640625
0.513427734375
0.6162109375
0.64599609375
0.544677734375
0.537841796875
0.61767578125
0.597900390625
0.525146484375
0.57275390625
0.52783203125
0.735107421875
0.553466796875
0.547119140625
0.491455078125
0.622314453125
0.63818359375
0.54638671875
0.585693359375
0.493896484375
0.619384765625
0.524658203125
0.587646484375
0.60009765625
0.562744140625
0.4736328125
0.6572265625
0.5107421875
0.525390625
0.562255859375
0.456787109375
0.6376953125
0.404052734375
0.583251953125
0.52734375
0.5625
0.497802734375
0.528564453125
0.44384765625
0.52392578125
0.5234375
0.561767578125
0.46826171875
0.58984375
0.541748046875
0.603271484375
0.65234375
0.615478515625
0.60595703125
0.5908203125
0.532470703125
0.536865234375
0.5244140625
0.470703125
0.4580078125
0.6103515625
0.56787109375
0.50537109375
0.53955078125
0.442626953125
0.552490234375
0.521240234375
0.5107421875
0.517822265625
0.607177734375
0.5126953125
0.508056640625
0.462646484375
0.608642578125
0.53564453125
0.552978515625
0.5908203125
0.484375
0.45751953125
0.522705078125
0.534912109375
0.568603515625
0.613525390625
0.564208984375
0.472412109375
0.50146484375
0.61474609375
0.659912109375
0.468505859375
0.40673828125
0.562255859375
0.51123046875
0.5458984375
0.76416015625
0.529541015625
0.669189453125
0.60595703125
0.58642578125
0.510009765625
0.656005859375
0.555908203125
0.512451171875
0.60107421875
0.609375
0.698486328125
0.5849609375
0.505615234375
0.599365234375
0.56396484375
0.60205078125
0.6064453125
0.571044921875
0.561767578125
0.499755859375
0.559326171875
0.556640625
0.56591796875
0.552001953125
0.589599609375
0.46875
0.617919921875
0.666748046875
0.5625
0.63671875
0.511962890625
0.5546875
0.681884765625
0.488525390625
0.6240234375
0.6474609375
0.51171875
0.56396484375
0.584716796875
0.533935546875
0.458740234375
0.59716796875
0.566162109375
0.532958984375
0.472412109375
0.542236328125
0.5283203125
0.50927734375
0.537841796875
0.572998046875
0.519287109375
0.615966796875
0.560546875
0.50927734375
0.575439453125
0.59130859375
0.653076171875
0.644775390625
0.5830078125
0.565673828125
0.513427734375
0.5859375
0.5341796875
0.630126953125
0.5595703125
0.83056640625
0.69384765625
0.593017578125
0.58837890625
0.48681640625
0.405517578125
0.524658203125
0.60791015625
0.598876953125
0.43017578125
0.613525390625
0.575927734375
0.6259765625
0.49755859375
0.587646484375
0.4990234375
0.584228515625
0.484619140625
0.64306640625
0.498046875
0.418701171875
0.479736328125
0.44677734375
0.55322265625
0.60400390625
0.4677734375
0.5205078125
0.689208984375
0.62060546875
0.474853515625
0.4921875
0.613525390625
0.522705078125
0.60693359375
0.512939453125
0.556396484375
0.474609375
0.53515625
0.5859375
0.53466796875
0.591796875
0.51220703125
0.467041015625
0.587646484375
0.640380859375
0.6435546875
0.5078125
0.5302734375
0.533203125
0.541259765625
0.549560546875
0.54931640625
0.650390625
0.603515625
0.619384765625
0.525634765625
0.459716796875
0.57470703125
0.591552734375
0.539794921875
0.44189453125
0.662109375
0.55908203125
0.694580078125
0.60595703125
0.535400390625
0.5458984375
0.53271484375
0.539306640625
0.552734375
0.499267578125
0.585693359375
0.547119140625
0.540771484375
0.361083984375
0.54736328125
0.498779296875
0.579833984375
0.4873046875
0.565185546875
0.5791015625
0.618408203125
0.459716796875
0.493896484375
0.57421875
0.5029296875
0.434814453125
0.562744140625
0.496337890625
0.5087890625
0.589599609375
0.57177734375
0.561279296875
0.497314453125
0.55712890625
0.4423828125
0.682861328125
0.7138671875
0.46484375
0.5107421875
0.545166015625
0.5283203125
0.4658203125
0.54296875
0.44677734375
0.459716796875
0.4052734375
0.63427734375
0.572998046875
0.771728515625
0.528564453125
0.646728515625
0.555419921875
0.512451171875
0.5576171875
0.563720703125
0.6025390625
0.538330078125
0.596435546875
0.597412109375
0.565673828125
0.510009765625
0.58935546875
0.542724609375
0.503662109375
0.56591796875
0.385498046875
0.628662109375
0.524169921875
0.54052734375
0.52294921875
0.60302734375
0.59814453125
0.562744140625
0.57373046875
0.519775390625
0.46533203125
0.4814453125
0.521240234375
0.625732421875
0.47021484375
0.552490234375
0.4443359375
0.611328125
0.54931640625
0.53173828125
0.5869140625
0.404296875
0.5048828125
0.52197265625
0.770263671875
0.46826171875
0.504150390625
0.638427734375
0.581298828125
0.637451171875
0.628173828125
0.536865234375
0.849365234375
0.55810546875
0.64111328125
0.521484375
0.5947265625
0.61376953125
0.651123046875
0.566162109375
0.53955078125
0.48876953125
0.51123046875
0.543701171875
0.6943359375
0.574951171875
0.6376953125
0.704345703125
0.52978515625
0.56396484375
0.732421875
0.52099609375
0.5712890625
0.478271484375
0.51953125
0.593017578125
0.4990234375
0.635498046875
0.596923828125
0.502685546875
0.57177734375
0.6162109375
0.521240234375
0.4619140625
0.54345703125
0.4541015625
0.627197265625
0.666259765625
0.75390625
0.531494140625
0.59326171875
0.61083984375
0.578369140625
0.56103515625
0.551513671875
0.510009765625
0.485595703125
0.612548828125
0.517578125
0.4697265625
0.552734375
0.5087890625
0.5361328125
0.5078125
0.5849609375
0.551513671875
0.55224609375
0.546142578125
0.78515625
0.579345703125
0.53515625
0.419677734375
0.623291015625
0.455078125
0.52587890625
0.49267578125
0.55419921875
0.547119140625
0.513671875
