5.02001953125
5.02001953125
5.306640625
5.35546875
4.684814453125
5.217041015625
4.773193359375
4.533935546875
4.9873046875
4.865966796875
4.973388671875
4.586669921875
5.429443359375
5.141357421875
4.810546875
4.617431640625
4.842529296875
5.247314453125
4.885498046875
5.03564453125
4.808837890625
4.974365234375
4.947021484375
4.85546875
4.897705078125
5.249755859375
5.333740234375
4.912109375
5.191650390625
5.330322265625
4.984130859375
5.480712890625
4.82421875
5.498291015625
5.24609375
5.289306640625
4.92041015625
5.034912109375
5.140380859375
5.114501953125
4.9169921875
4.958740234375
5.17431640625
5.13330078125
5.267333984375
5.359375
4.97265625
4.581787109375
5.10595703125
5.55078125
4.6494140625
5.22802734375
5.44580078125
4.900390625
5.086181640625
4.7724609375
4.9306640625
4.813720703125
5.204345703125
5.057861328125
5.432373046875
5.292236328125
5.038330078125
4.966796875
4.755859375
5.217529296875
4.86279296875
5.311279296875
5.142822265625
5.00048828125
4.7509765625
5.249755859375
5.083740234375
5.08154296875
5.4130859375
4.906005859375
4.93212890625
5.14990234375
5.33203125
4.94189453125
5.2958984375
4.579345703125
4.765380859375
4.94140625
5.046142578125
5.078857421875
5.046875
5.1787109375
4.741455078125
5.27099609375
5.2490234375
4.84375
5.04638671875
5.303466796875
5.019287109375
5.23193359375
5.028564453125
4.81982421875
4.901123046875
5.24560546875
4.970947265625
5.17431640625
5.171142578125
5.185791015625
5.02685546875
4.8994140625
4.648193359375
5.004150390625
5.133056640625
5.065185546875
5.035888671875
5.200439453125
4.7763671875
4.5341796875
5.27783203125
4.86865234375
5.05419921875
5.079833984375
5.2392578125
5.2900390625
5.059326171875
4.9765625
4.75830078125
4.86083984375
4.89501953125
5.372314453125
5.118408203125
5.0166015625
5.11962890625
5.3935546875
4.8837890625
4.897216796875
5.378173828125
5.107177734375
5.042236328125
4.841552734375
5.178466796875
4.765625
5.197021484375
4.700927734375
4.961181640625
5.140625
4.782470703125
4.7353515625
4.95458984375
4.94873046875
4.744384765625
5.049560546875
5.193603515625
4.775146484375
4.866455078125
5.051025390625
5.520263671875
4.613037109375
5.20068359375
5.271484375
5.187744140625
5.110107421875
5.177978515625
5.323974609375
5.0791015625
4.926025390625
5.079833984375
4.767578125
4.92041015625
5.2099609375
4.97802734375
5.03515625
5.29638671875
5.086181640625
5.1162109375
4.92626953125
5.291259765625
4.846923828125
4.94775390625
5.23828125
5.50439453125
5.2607421875
5.369140625
5.16650390625
5.198486328125
5.52783203125
5.143310546875
5.109130859375
4.95263671875
5.125732421875
5.516845703125
4.965087890625
4.931640625
4.77490234375
5.325927734375
5.154541015625
4.62451171875
5.0654296875
4.57080078125
5.021484375
5.051513671875
5.1328125
5.0390625
5.047607421875
5.00244140625
5.107177734375
4.839111328125
5.1259765625
5.058349609375
5.0537109375
5.50830078125
5.363037109375
5.0556640625
4.434326171875
4.894287109375
5.4443359375
4.91015625
4.8759765625
5.25537109375
5.152587890625
5.138427734375
5.30859375
5.0537109375
5.103271484375
4.462890625
5.23095703125
4.939208984375
4.770263671875
5.287841796875
5.180419921875
4.92138671875
5.037109375
5.348388671875
5.282470703125
5.04931640625
5.045654296875
5.074951171875
4.8798828125
5.30029296875
5.273681640625
4.92236328125
4.94140625
4.696044921875
5.234130859375
5.28466796875
5.379150390625
4.9609375
4.90869140625
4.781982421875
5.2734375
4.86669921875
4.5751953125
4.987548828125
5.039794921875
4.96630859375
4.9609375
5.134765625
4.970458984375
4.293701171875
4.80517578125
5.33203125
5.244140625
5.069091796875
5.08203125
4.97900390625
5.220947265625
5.216796875
5.271728515625
5.129638671875
4.79150390625
4.9951171875
5.414794921875
5.1220703125
4.8212890625
5.423583984375
5.1904296875
4.8515625
5.3662109375
4.88916015625
4.71240234375
5.4609375
5.534423828125
5.056884765625
5.06201171875
5.0712890625
4.619384765625
5.204345703125
4.915283203125
5.068359375
5.025146484375
5.032470703125
5.014892578125
5.11279296875
5.1357421875
5.489501953125
5.30859375
5.044677734375
5.2001953125
5.089111328125
5.117919921875
4.739013671875
4.970703125
4.487548828125
5.150634765625
4.9423828125
5.115966796875
4.880615234375
4.615966796875
5.176025390625
5.25390625
5.094482421875
5.008056640625
5.064453125
5.136474609375
5.4453125
5.0654296875
4.810302734375
4.79296875
5.14404296875
5.32275390625
5.169677734375
5.40087890625
4.842529296875
5.11474609375
5.2294921875
5.268310546875
5.038818359375
5.261962890625
5.05712890625
4.93408203125
5.462158203125
5.063720703125
5.21923828125
5.136962890625
4.720703125
4.91015625
5.00146484375
4.635009765625
5.039794921875
4.870849609375
5.25732421875
4.867919921875
5.319580078125
4.748046875
4.940185546875
5.362548828125
4.846923828125
5.419921875
4.874755859375
5.123779296875
5.006591796875
5.453857421875
5.091796875
5.091064453125
4.9521484375
5.1953125
5.09765625
5.327880859375
5.29541015625
5.0693359375
5.194580078125
5.207275390625
4.964111328125
5.229248046875
4.94091796875
4.703125
4.721923828125
4.844970703125
5.258056640625
5.338623046875
5.186279296875
5.2841796875
4.695556640625
4.931884765625
5.07958984375
5.437255859375
4.86572265625
4.82958984375
4.810791015625
4.914306640625
5.196533203125
5.130126953125
5.0595703125
5.29052734375
5.30126953125
5.099853515625
5.11376953125
4.888916015625
5.6025390625
5.046875
5.2158203125
4.849365234375
4.59716796875
5.347412109375
5.0009765625
5.187744140625
5.327392578125
5.168212890625
5.2783203125
5.11328125
5.0869140625
5.097900390625
4.982421875
5.053466796875
4.66748046875
5.087646484375
5.231689453125
5.42138671875
5.28369140625
5.138427734375
5.210205078125
4.984619140625
4.712646484375
4.913330078125
5.112548828125
5.16552734375
5.172119140625
4.949462890625
4.90087890625
5.1884765625
5.22802734375
4.93115234375
5.416259765625
4.939208984375
5.36767578125
5.247314453125
5.48388671875
4.884521484375
5.013427734375
4.33544921875
5.513427734375
5.2490234375
4.742919921875
4.843017578125
4.805908203125
4.982421875
5.500732421875
5.233154296875
5.119873046875
5.06494140625
5.337158203125
4.797607421875
5.533935546875
4.875244140625
5.072509765625
4.9013671875
5.125244140625
4.995361328125
5.19140625
5.046875
4.786376953125
4.8212890625
5.045654296875
5.076171875
4.941162109375
5.27734375
5.21240234375
5.155029296875
5.146240234375
5.4580078125
4.88525390625
5.121826171875
4.453125
5.033203125
5.1142578125
4.824462890625
5.521240234375
5.0537109375
4.82177734375
4.743896484375
5.275146484375
5.2734375
4.3974609375
4.77978515625
5.151611328125
5.162841796875
5.07470703125
5.106689453125
4.697509765625
5.30126953125
5.361083984375
5.236083984375
4.636474609375
5.293701171875
5.056884765625
4.91552734375
5.0234375
4.759765625
5.086181640625
5.270751953125
5.09033203125
5.04541015625
4.535400390625
5.126953125
5.326416015625
5.171875
4.781005859375
4.797119140625
4.80126953125
5.235595703125
5.224365234375
4.912841796875
5.25244140625
4.8984375
4.792724609375
5.134765625
4.8046875
5.329345703125
5.3349609375
5.01904296875
4.856201171875
5.050537109375
4.964111328125
5.621337890625
5.1923828125
5.166015625
5.105712890625
4.931396484375
5.444091796875
5.27294921875
5.220458984375
4.94482421875
5.00634765625
4.73486328125
4.832275390625
5.313232421875
4.728759765625
5.093505859375
5.153076171875
5.523681640625
5.1123046875
4.8544921875
5.106689453125
4.97119140625
4.966064453125
4.86669921875
4.675048828125
4.7041015625
4.920166015625
5.087890625
5.050048828125
4.87158203125
5.1015625
5.12353515625
5.1220703125
4.80859375
4.979736328125
4.947998046875
4.9482421875
4.92333984375
4.995849609375
5.013671875
4.952880859375
5.095703125
5.334716796875
4.93310546875
5.09130859375
5.0703125
4.9375
5.265869140625
4.9150390625
5.195068359375
4.416259765625
5.12060546875
5.18115234375
5.60498046875
5.0537109375
5.244873046875
5.18896484375
5.230224609375
4.923095703125
4.6953125
5.141845703125
5.3154296875
5.2158203125
5.07568359375
5.0947265625
5.13330078125
5.333740234375
4.62158203125
4.650390625
5.325439453125
5.00634765625
4.5751953125
4.852783203125
5.134033203125
4.96240234375
4.573974609375
5.123046875
5.447265625
5.1064453125
5.3701171875
5.17041015625
5.252197265625
5.09619140625
5.170166015625
5.194091796875
4.866455078125
5.198974609375
4.99169921875
4.870849609375
5.010498046875
4.6171875
5.201171875
5.499267578125
5.189697265625
4.8720703125
5.29443359375
4.908447265625
5.0419921875
4.936279296875
5.143798828125
5.2373046875
5.062255859375
5.020263671875
5.054443359375
4.85546875
5.03173828125
5.056640625
4.890380859375
4.7568359375
4.98779296875
4.87255859375
4.68408203125
5.091064453125
5.139404296875
5.590087890625
5.2607421875
5.01025390625
4.557373046875
5.302001953125
4.6220703125
5.3037109375
4.841552734375
5.68505859375
5.313232421875
5.18798828125
4.817626953125
4.93115234375
4.8603515625
5.32421875
5.186279296875
5.190673828125
4.64990234375
4.51318359375
5.02685546875
5.245849609375
5.150146484375
4.77685546875
5.043701171875
5.384033203125
5.245849609375
4.823974609375
4.60986328125
4.95068359375
5.092529296875
5.136962890625
4.871337890625
4.915283203125
5.0673828125
4.951171875
4.841064453125
5.019287109375
4.71240234375
5.27392578125
4.9375
5.108154296875
5.323486328125
5.4169921875
5.225341796875
5.494384765625
5.242919921875
4.667236328125
4.967041015625
5.09423828125
4.560791015625
5.36474609375
5.13623046875
5.1123046875
5.252197265625
4.9404296875
5.3203125
5.319091796875
4.839111328125
5.1044921875
4.958251953125
5.17431640625
4.89208984375
5.109375
5.122314453125
5.155517578125
5.2490234375
4.674560546875
5.126220703125
4.847900390625
4.732421875
4.706787109375
4.906494140625
4.96044921875
5.110595703125
5.25439453125
5.323974609375
5.213623046875
4.634033203125
4.951416015625
4.866455078125
5.0791015625
5.268310546875
5.077392578125
4.771484375
4.749267578125
4.8115234375
4.8798828125
5.111572265625
4.69189453125
5.160888671875
5.09716796875
4.915283203125
4.81103515625
4.82861328125
4.98828125
5.2041015625
4.970947265625
5.2666015625
5.124755859375
4.623046875
4.995849609375
5.01953125
4.77734375
4.970458984375
5.05126953125
5.134033203125
5.075439453125
4.601318359375
5.13232421875
5.419677734375
5.331298828125
5.003173828125
4.998779296875
5.362060546875
5.019287109375
5.125732421875
5.60791015625
5.3974609375
5.250244140625
4.861083984375
5.144775390625
5.161865234375
5.544921875
5.314697265625
4.951416015625
5.163330078125
5.343505859375
5.020263671875
4.98095703125
4.91796875
5.270751953125
5.109130859375
4.658935546875
5.158935546875
4.8017578125
4.5869140625
5.16943359375
5.133056640625
4.91259765625
4.98828125
5.158935546875
5.037841796875
5.20654296875
5.074462890625
5.029541015625
5.550048828125
4.926025390625
5.35595703125
5.08837890625
5.162841796875
5.013671875
4.86962890625
4.859619140625
4.938232421875
4.87158203125
5.216064453125
5.02099609375
4.88623046875
4.637939453125
4.954833984375
4.845703125
4.97998046875
5.136474609375
5.27490234375
5.250732421875
5.055908203125
4.9697265625
5.165771484375
5.0107421875
4.91259765625
5.161376953125
5.070068359375
5.1005859375
4.67578125
5.00390625
5.189697265625
4.7890625
5.1845703125
5.332275390625
5.1005859375
5.4755859375
4.96533203125
5.089111328125
5.11279296875
4.979248046875
5.14892578125
5.144775390625
4.73486328125
5.113525390625
5.16552734375
5.05419921875
5.029296875
4.731201171875
5.310302734375
5.108154296875
5.213623046875
4.924072265625
4.886474609375
5.3974609375
4.95849609375
5.22119140625
5.23681640625
5.0791015625
4.887939453125
5.257080078125
5.5625
5.175048828125
4.9013671875
5.01123046875
5.0107421875
4.880126953125
5.09521484375
5.1494140625
5.24853515625
5.375732421875
5.1806640625
4.860595703125
5.03369140625
4.90380859375
5.12109375
4.925048828125
5.135986328125
5.1650390625
5.010986328125
5.117431640625
4.65576171875
4.6416015625
5.057373046875
5.11083984375
5.042724609375
4.999267578125
4.97119140625
5.107666015625
5.082763671875
4.88232421875
5.28466796875
5.212158203125
5.082763671875
5.159423828125
5.203369140625
4.968994140625
4.851806640625
5.057373046875
4.91748046875
5.231689453125
4.866943359375
5.1953125
5.005859375
5.09375
5.0146484375
5.052490234375
5.504638671875
4.78271484375
5.15185546875
5.230224609375
5.4345703125
4.980712890625
4.980712890625
4.99755859375
5.087158203125
4.91064453125
5.014404296875
5.27587890625
5.1357421875
4.879150390625
4.813232421875
5.08203125
4.5791015625
5.17529296875
5.003173828125
5.283935546875
5.2314453125
5.09765625
4.857177734375
4.921875
4.819091796875
5.01708984375
4.97216796875
4.716552734375
5.0400390625
5.182373046875
5.04736328125
5.0537109375
5.41796875
4.98291015625
5.113525390625
4.73388671875
5.0087890625
5.290771484375
5.1591796875
4.8974609375
5.341796875
4.8203125
4.963134765625
5.053466796875
5.002685546875
5.219970703125
4.524169921875
5.356689453125
4.843017578125
4.655029296875
5.059814453125
5.12353515625
4.803955078125
5.30322265625
5.24951171875
5.268310546875
5.039794921875
4.963134765625
5.240478515625
4.774169921875
5.44873046875
5.159423828125
4.806396484375
4.95849609375
4.918212890625
5.011962890625
4.89208984375
5.15185546875
5.31005859375
5.335693359375
4.64453125
5.123046875
5.191162109375
4.95361328125
5.0244140625
5.09619140625
5.287353515625
5.134033203125
4.90380859375
5.142333984375
5.4892578125
5.015380859375
5.127197265625
5.18603515625
4.780517578125
4.887939453125
5.1083984375
4.99755859375
5.10791015625
5.23974609375
4.997314453125
5.235595703125
5.076171875
4.859375
5.17822265625
5.156494140625
5.02783203125
4.96923828125
5.125244140625
5.22021484375
4.9951171875
5.068603515625
5.082275390625
4.83984375
5.45751953125
4.991455078125
