4.912841796875
4.547119140625
4.86083984375
5.203369140625
4.881591796875
5.049560546875
4.97998046875
5.024169921875
5.013916015625
4.874755859375
4.822998046875
4.970458984375
4.8984375
5.09033203125
5.148681640625
4.820068359375
4.88623046875
5.2373046875
5.153564453125
5.068115234375
4.96337890625
5.09619140625
4.509033203125
5.11279296875
5.2451171875
5.0439453125
4.969482421875
4.349853515625
5.289306640625
4.697509765625
4.786865234375
4.78857421875
5.517333984375
5.3056640625
4.79638671875
5.008544921875
4.896240234375
4.859375
4.76416015625
5.079345703125
5.167236328125
4.6103515625
5.33251953125
4.44580078125
4.913330078125
4.830810546875
5.1669921875
4.87548828125
5.42578125
4.473388671875
4.835693359375
4.9873046875
5.00341796875
4.9599609375
5.341552734375
5.046142578125
4.8564453125
4.781494140625
5.129150390625
4.974609375
4.883056640625
4.87548828125
5.2392578125
4.743896484375
4.671630859375
5.197509765625
5.040283203125
5.117431640625
5.17431640625
4.846435546875
5.288330078125
5.045166015625
5.244140625
5.121337890625
5.0439453125
4.75341796875
5.007568359375
5.44921875
4.865966796875
5.172119140625
5.38671875
4.5791015625
4.684814453125
5.13427734375
4.6552734375
5.037353515625
5.24755859375
4.736572265625
5.033447265625
4.82177734375
5.169677734375
4.747802734375
4.818359375
5.00634765625
4.81787109375
4.7841796875
4.959716796875
4.600341796875
5.33056640625
4.77294921875
5.077880859375
5.07568359375
4.96630859375
5.234130859375
5.30908203125
4.507080078125
4.754638671875
4.78271484375
4.693359375
4.7578125
5.4306640625
4.77978515625
4.936767578125
4.98193359375
5.277099609375
4.900146484375
5.27197265625
4.934326171875
5.189208984375
5.0029296875
5.339599609375
4.773681640625
4.560546875
4.8955078125
5.09130859375
4.944580078125
5.08154296875
5.05322265625
4.930908203125
5.167724609375
4.72021484375
4.794189453125
4.65087890625
5.007568359375
5.07080078125
4.714111328125
4.912353515625
4.81982421875
4.908447265625
4.961181640625
5.102294921875
5.15185546875
5.08740234375
4.96142578125
5.0068359375
5.114990234375
5.356689453125
4.853271484375
5.29248046875
5.096923828125
5.404296875
5.06005859375
4.760986328125
4.43212890625
4.81591796875
4.876220703125
4.857666015625
4.887451171875
5.30712890625
4.669677734375
4.93017578125
5.204345703125
5.233642578125
4.96435546875
4.37939453125
5.043701171875
4.763916015625
4.53271484375
4.996337890625
5.298583984375
4.989990234375
5.221435546875
4.786865234375
5.23876953125
4.813720703125
4.95166015625
4.944091796875
5.05859375
4.83984375
4.97802734375
4.754150390625
5.061279296875
4.965576171875
5.04833984375
5.0205078125
4.972900390625
5.0517578125
5.07763671875
4.532958984375
4.893310546875
4.92822265625
5.075927734375
4.458984375
4.361083984375
4.730712890625
4.909423828125
5.12255859375
4.824462890625
5.239990234375
5.068359375
4.779296875
4.958251953125
5.048583984375
5.163818359375
4.830078125
4.9873046875
5.12646484375
4.962646484375
4.744873046875
4.4619140625
4.865966796875
5.088134765625
5.169189453125
4.966796875
4.718994140625
4.966552734375
5.54638671875
4.602783203125
5.354736328125
4.830078125
4.986083984375
5.099853515625
4.73193359375
4.9267578125
4.617919921875
4.829345703125
4.985107421875
4.98193359375
5.150390625
4.71533203125
5.056640625
5.21484375
5.00390625
4.764404296875
4.93310546875
4.962158203125
4.850830078125
5.098876953125
5.03369140625
5.34033203125
4.88232421875
4.945068359375
4.6435546875
5.298095703125
4.488037109375
4.831787109375
4.96044921875
5.196533203125
4.762939453125
4.633544921875
4.663330078125
5.2666015625
5.3046875
4.929931640625
4.88623046875
5.263916015625
4.927978515625
5.388427734375
5.008544921875
5.107666015625
4.479248046875
5.2021484375
4.875732421875
5.04931640625
4.80859375
5.15087890625
5.0751953125
5.05859375
5.043212890625
4.783203125
5.10205078125
4.660888671875
5.030517578125
4.900634765625
4.931884765625
5.069091796875
4.3359375
4.871337890625
5.154541015625
5.06787109375
5.018310546875
5.14453125
5.062255859375
5.063232421875
4.991943359375
4.786865234375
4.50048828125
4.808837890625
4.72119140625
4.75048828125
4.65673828125
4.62451171875
4.76953125
4.81201171875
5.119384765625
4.55322265625
5.021484375
5.112060546875
5.08447265625
5.134521484375
5.24853515625
5.080810546875
5.27734375
5.508056640625
5.279541015625
4.6201171875
4.8662109375
5.02099609375
5.1279296875
5.555419921875
4.82958984375
4.5224609375
5.0
4.481201171875
4.822998046875
4.6142578125
5.053466796875
4.887939453125
5.047119140625
5.1123046875
5.144287109375
5.193115234375
4.822998046875
4.99951171875
4.83740234375
4.780517578125
5.191162109375
4.79248046875
5.22705078125
4.737060546875
5.29248046875
4.83056640625
5.264404296875
5.226806640625
5.114501953125
5.099609375
5.217529296875
5.146728515625
4.776123046875
5.287109375
5.0849609375
4.85107421875
4.9970703125
4.723388671875
4.994140625
4.927490234375
4.53564453125
4.91796875
5.172607421875
4.678466796875
4.637451171875
5.117431640625
5.071044921875
4.7578125
4.683349609375
4.854248046875
4.8515625
5.182373046875
4.82958984375
5.103759765625
5.082275390625
4.85400390625
5.10888671875
5.232177734375
5.278076171875
5.051513671875
4.51953125
5.3271484375
4.971435546875
4.801025390625
4.8623046875
4.572998046875
4.791259765625
4.89990234375
4.740234375
5.04931640625
5.139892578125
4.431640625
5.21923828125
4.7978515625
4.6923828125
4.62646484375
5.046630859375
4.8515625
5.115966796875
5.0478515625
4.895751953125
5.031494140625
4.897705078125
5.091796875
4.765869140625
4.972412109375
4.65234375
4.97900390625
5.016845703125
5.381103515625
4.862548828125
4.939697265625
5.542724609375
4.72021484375
4.57421875
4.72607421875
5.1240234375
4.941650390625
5.06103515625
4.787841796875
5.123291015625
4.604736328125
5.267333984375
5.16796875
4.8955078125
5.213134765625
4.59814453125
4.812744140625
4.891845703125
4.668212890625
4.769775390625
5.2255859375
5.177001953125
5.12939453125
5.213623046875
5.40576171875
4.792724609375
4.941650390625
5.15966796875
5.154296875
5.059326171875
4.80419921875
4.956298828125
5.32080078125
5.025634765625
4.98046875
5.16455078125
5.211181640625
5.228515625
4.7119140625
4.723388671875
4.888916015625
5.030517578125
5.11376953125
4.775390625
4.74267578125
4.768310546875
5.208740234375
4.81787109375
4.8603515625
4.98193359375
4.316162109375
4.99365234375
4.9580078125
4.817138671875
4.87109375
5.0029296875
5.10986328125
4.656982421875
5.341064453125
4.740234375
5.15966796875
5.0537109375
5.041748046875
4.702392578125
4.580810546875
5.32080078125
4.71533203125
5.020751953125
5.22119140625
4.649169921875
5.009765625
4.687255859375
4.86669921875
5.51171875
4.871826171875
4.970947265625
4.98486328125
5.05029296875
5.26904296875
4.71533203125
4.94873046875
4.900390625
5.207275390625
4.53076171875
4.985107421875
4.893798828125
5.013916015625
4.86376953125
4.893798828125
4.68798828125
4.9443359375
4.730224609375
5.115966796875
4.8232421875
4.86181640625
4.9189453125
4.938232421875
5.36474609375
4.75341796875
5.54638671875
4.837890625
4.79931640625
4.84130859375
4.87109375
4.76220703125
5.059814453125
5.195068359375
4.88916015625
4.595458984375
5.51025390625
4.831298828125
4.961669921875
5.04736328125
5.1298828125
4.681884765625
4.779296875
4.823486328125
5.03076171875
4.987060546875
4.65673828125
4.90771484375
4.962890625
5.2880859375
5.06689453125
4.919189453125
4.970458984375
5.365478515625
5.264404296875
4.69482421875
4.547607421875
4.96728515625
4.917724609375
5.07568359375
4.737060546875
4.670654296875
4.800048828125
4.903076171875
4.439697265625
5.0869140625
4.948486328125
5.126953125
4.718505859375
5.134765625
5.001220703125
5.047607421875
4.663330078125
5.267578125
4.955322265625
4.771484375
4.9814453125
4.943603515625
4.92822265625
4.9248046875
4.97021484375
4.427978515625
5.275146484375
4.936279296875
4.994873046875
4.885498046875
4.848388671875
5.15380859375
4.863037109375
5.00341796875
4.899658203125
4.855712890625
5.4296875
5.0498046875
4.991455078125
5.22607421875
5.392822265625
4.84716796875
5.077392578125
5.029541015625
5.16259765625
4.550537109375
4.785400390625
5.31640625
4.75390625
5.26318359375
5.109619140625
4.987060546875
4.953857421875
4.942138671875
5.2490234375
5.19775390625
5.011962890625
5.02587890625
4.91455078125
4.843994140625
4.907470703125
5.396728515625
5.115478515625
4.713623046875
5.017578125
5.23095703125
4.85498046875
4.890869140625
5.158447265625
5.14404296875
5.194091796875
4.978515625
5.371826171875
4.982666015625
4.515380859375
5.012451171875
5.1826171875
5.02880859375
4.921875
4.79541015625
5.0927734375
4.780517578125
4.91552734375
4.7626953125
4.836181640625
5.5087890625
4.84716796875
5.116943359375
5.058349609375
5.12158203125
5.1494140625
4.759033203125
5.236328125
5.302734375
5.216064453125
4.8681640625
5.307861328125
4.848388671875
4.747802734375
4.946044921875
5.155029296875
5.13037109375
5.053466796875
5.017578125
4.74365234375
5.1806640625
4.77587890625
4.895751953125
4.720458984375
4.7587890625
5.010009765625
4.796875
5.189697265625
4.862548828125
5.262451171875
5.141845703125
5.37890625
4.924560546875
4.660888671875
4.939697265625
4.926513671875
4.989013671875
4.5869140625
5.125
5.2490234375
4.774169921875
4.795166015625
4.9150390625
4.855224609375
4.65625
5.151611328125
4.95166015625
5.0673828125
4.6533203125
4.582275390625
5.274169921875
4.882568359375
4.753662109375
4.735107421875
5.0869140625
4.839111328125
5.01025390625
5.211669921875
5.000244140625
4.504150390625
5.16552734375
4.94775390625
5.202880859375
4.9072265625
5.34228515625
4.908935546875
5.0244140625
5.076904296875
4.992431640625
4.753173828125
4.9189453125
4.792236328125
5.072509765625
5.21923828125
4.7958984375
4.792724609375
5.080078125
5.045166015625
4.73388671875
4.700927734375
5.29638671875
4.673828125
4.930908203125
4.997802734375
4.965576171875
4.909423828125
5.068359375
4.877685546875
4.92626953125
5.186767578125
4.75390625
5.32373046875
4.920166015625
5.383056640625
4.84130859375
4.876953125
5.36083984375
4.671142578125
5.0859375
4.98291015625
5.0458984375
4.723876953125
5.02197265625
4.390380859375
5.194091796875
5.3017578125
5.083984375
5.05517578125
5.322021484375
4.73046875
5.076171875
4.867431640625
5.30419921875
5.435791015625
4.931884765625
4.723388671875
5.159423828125
5.0751953125
5.05224609375
4.989501953125
4.700439453125
5.147216796875
5.157958984375
5.02294921875
4.7470703125
5.008544921875
4.822021484375
4.782470703125
5.038818359375
4.88330078125
5.129150390625
5.29150390625
4.8251953125
4.7138671875
5.1025390625
4.6728515625
5.146240234375
4.56201171875
4.960205078125
5.05078125
5.1640625
5.1201171875
4.401123046875
4.863525390625
5.093017578125
5.206787109375
4.80517578125
5.376220703125
5.135009765625
5.20703125
5.034912109375
5.1103515625
5.474365234375
4.719482421875
5.05322265625
5.289306640625
5.075439453125
5.055419921875
5.179931640625
4.772705078125
4.571044921875
4.838623046875
5.198974609375
5.319091796875
4.857421875
4.802490234375
5.236328125
4.9482421875
5.076171875
4.976318359375
4.784912109375
4.69775390625
4.92236328125
4.86474609375
4.9755859375
5.176513671875
5.075927734375
5.28759765625
4.833740234375
4.823974609375
4.908447265625
4.8330078125
4.597900390625
4.762939453125
5.04052734375
4.804443359375
5.2890625
5.157958984375
4.954833984375
4.933837890625
5.281005859375
4.778564453125
5.174072265625
5.3818359375
5.053466796875
4.795166015625
5.165283203125
4.955322265625
5.008544921875
4.99951171875
4.80078125
4.947509765625
5.05029296875
4.827880859375
4.954345703125
4.676025390625
5.0126953125
4.972900390625
4.994140625
4.76513671875
5.283447265625
4.997802734375
4.75048828125
4.47021484375
5.255615234375
4.46533203125
4.984619140625
5.079833984375
5.081298828125
4.957763671875
4.60400390625
4.874755859375
5.190673828125
4.99609375
5.0556640625
4.468994140625
4.77783203125
4.881103515625
4.948974609375
5.45654296875
5.190673828125
5.115234375
5.181884765625
5.1005859375
4.858642578125
5.2783203125
5.314453125
5.275390625
4.967529296875
4.787353515625
4.6142578125
4.90771484375
5.00244140625
4.941162109375
4.856201171875
5.053955078125
4.98486328125
4.930908203125
5.268310546875
4.725341796875
4.706787109375
4.9658203125
4.97216796875
5.09521484375
5.06787109375
5.121337890625
4.884033203125
4.830810546875
5.30517578125
5.0087890625
4.973876953125
5.3076171875
4.9208984375
4.654052734375
5.098388671875
4.47119140625
5.588623046875
5.012939453125
4.866455078125
5.06494140625
4.78466796875
4.38134765625
4.964111328125
5.000244140625
4.903076171875
5.042236328125
4.730224609375
4.97021484375
4.756591796875
5.064697265625
4.95947265625
5.170166015625
4.848876953125
5.00537109375
5.14111328125
5.182373046875
4.903076171875
4.81396484375
5.189208984375
5.104248046875
4.833984375
4.866455078125
4.99072265625
5.45556640625
4.6103515625
5.1552734375
5.425048828125
4.945556640625
5.273681640625
4.825439453125
4.78564453125
5.1494140625
4.794677734375
5.141845703125
5.176025390625
5.11572265625
4.967529296875
5.203857421875
5.07177734375
5.0439453125
4.4833984375
4.944091796875
4.751953125
4.98974609375
4.939208984375
5.057861328125
5.197509765625
4.97314453125
4.91015625
4.54736328125
4.9775390625
4.91015625
5.21484375
5.231689453125
4.56396484375
4.831298828125
5.125732421875
5.00732421875
4.74169921875
4.85107421875
5.018310546875
5.428955078125
4.968994140625
5.07177734375
5.126220703125
5.40966796875
5.2734375
5.02587890625
4.833251953125
5.176513671875
4.9453125
4.951904296875
4.806396484375
5.144287109375
5.137939453125
4.6396484375
5.232666015625
4.699462890625
5.267822265625
4.988037109375
5.08251953125
4.717041015625
5.20556640625
4.918701171875
5.217529296875
5.120849609375
5.1162109375
5.02685546875
5.166259765625
5.187744140625
4.740966796875
5.142333984375
4.728271484375
5.16064453125
5.01220703125
4.817626953125
4.8662109375
5.1181640625
4.82080078125
4.64501953125
4.7109375
