0.21484375
0.565185546875
0.845458984375
0.3740234375
0.36328125
0.413818359375
0.121337890625
0.2705078125
0.314453125
0.406494140625
0.396240234375
0.23828125
0.388916015625
0.345703125
0.134765625
0.31396484375
0.9111328125
0.39990234375
0.327392578125
0.1962890625
0.42626953125
0.353759765625
0.854736328125
0.562744140625
0.31005859375
0.318359375
0.153564453125
0.7822265625
0.30517578125
0.8349609375
0.2490234375
0.334716796875
0.32080078125
0.346435546875
0.46484375
0.19873046875
0.57763671875
0.581298828125
0.413330078125
0.27197265625
0.405029296875
0.63916015625
0.379638671875
0.276123046875
1.217041015625
0.239501953125
0.294677734375
0.31787109375
0.437744140625
0.42138671875
0.279296875
0.18017578125
0.21533203125
0.1806640625
0.275634765625
0.353759765625
0.22998046875
0.206298828125
0.28564453125
0.12646484375
0.23193359375
0.615478515625
0.32568359375
0.22802734375
0.52197265625
0.31591796875
0.218505859375
0.580322265625
0.626708984375
0.231689453125
0.68408203125
0.5322265625
0.446044921875
0.374755859375
0.431396484375
0.14501953125
0.35205078125
0.4833984375
0.270751953125
0.083984375
0.294921875
0.470703125
0.316650390625
0.2060546875
0.31640625
0.055419921875
0.198486328125
0.4423828125
0.24951171875
0.481689453125
0.494140625
0.814208984375
0.276123046875
0.280029296875
0.386962890625
0.260498046875
0.261962890625
0.2509765625
0.5234375
0.345947265625
0.112548828125
0.412841796875
0.282470703125
0.76171875
0.518310546875
0.531982421875
0.4921875
0.301513671875
0.4599609375
0.564697265625
0.2236328125
0.2978515625
0.353271484375
0.4072265625
0.656005859375
0.220947265625
0.222412109375
0.22705078125
0.129150390625
0.347412109375
0.225830078125
0.35986328125
0.1396484375
0.3515625
0.21044921875
0.327392578125
0.332275390625
0.183837890625
0.33837890625
0.2705078125
0.227294921875
0.447509765625
0.083251953125
0.38427734375
0.177490234375
0.208251953125
0.21044921875
0.452880859375
0.4248046875
0.229736328125
0.328125
0.4033203125
0.305419921875
0.098876953125
0.27734375
0.262451171875
0.327880859375
0.269775390625
0.341796875
0.16259765625
0.171630859375
0.469970703125
0.282470703125
0.123291015625
0.235595703125
0.439697265625
0.5869140625
0.3017578125
0.3193359375
0.3134765625
0.17626953125
0.40185546875
0.1416015625
0.71142578125
0.24365234375
0.142578125
0.252197265625
0.376708984375
0.275390625
0.149658203125
0.238037109375
0.29541015625
0.060546875
0.37451171875
0.35009765625
0.232177734375
0.18115234375
0.769287109375
0.1533203125
0.317138671875
0.55078125
0.325927734375
0.402587890625
0.693359375
0.211669921875
0.157958984375
0.521728515625
0.56103515625
0.2783203125
0.328369140625
0.271484375
0.43505859375
0.333251953125
0.14892578125
0.13427734375
0.35888671875
0.2861328125
0.324951171875
0.194091796875
0.200927734375
0.603271484375
0.482421875
0.78076171875
0.6708984375
0.42529296875
0.233154296875
0.5556640625
0.305419921875
0.346923828125
0.47265625
0.1982421875
0.315185546875
0.419921875
0.4345703125
0.279052734375
0.2158203125
0.29638671875
0.68359375
0.52880859375
0.06884765625
0.293701171875
0.25830078125
0.07568359375
0.260009765625
0.105712890625
0.67626953125
0.5947265625
0.82666015625
0.531005859375
0.177978515625
0.299072265625
0.407470703125
0.41259765625
0.3828125
0.439697265625
0.28466796875
0.41796875
0.327392578125
0.2578125
0.27587890625
0.427490234375
0.244384765625
0.44482421875
0.410888671875
0.1748046875
0.58642578125
0.23486328125
0.330810546875
0.443603515625
0.32958984375
0.482421875
0.724609375
0.6357421875
0.305419921875
0.282470703125
0.443603515625
0.23974609375
0.5654296875
0.46826171875
0.5380859375
0.32861328125
0.6611328125
0.1689453125
0.279296875
0.2822265625
0.649658203125
0.231689453125
0.091796875
0.226806640625
0.160888671875
0.371826171875
0.200927734375
0.704345703125
0.401123046875
0.30908203125
0.449462890625
0.43994140625
0.573974609375
0.282958984375
0.216796875
0.23876953125
0.677001953125
0.466064453125
0.398193359375
0.315673828125
0.22265625
0.3291015625
0.42578125
0.224365234375
0.5556640625
0.500732421875
0.466552734375
0.44091796875
0.095947265625
0.217529296875
0.20947265625
0.43310546875
0.317626953125
0.248046875
0.112060546875
0.2685546875
0.4599609375
0.50537109375
0.268310546875
0.54150390625
0.15283203125
0.336669921875
0.76025390625
0.125
0.483642578125
0.09716796875
0.27734375
0.2626953125
0.41455078125
0.49658203125
0.481689453125
0.295166015625
0.177001953125
0.494140625
0.197265625
0.404052734375
0.493408203125
0.435791015625
0.306884765625
0.625244140625
0.439453125
0.23876953125
0.439697265625
0.263671875
0.681884765625
0.222900390625
0.41650390625
0.275634765625
0.357421875
0.451416015625
0.27490234375
0.313232421875
0.412353515625
0.31396484375
0.708984375
0.489501953125
0.162841796875
0.250732421875
0.2314453125
0.326416015625
0.3349609375
0.21728515625
0.412109375
0.6669921875
0.14013671875
0.45654296875
0.286865234375
0.3349609375
0.226318359375
0.364501953125
0.22265625
0.244873046875
0.197998046875
0.658447265625
0.484130859375
0.3271484375
0.21240234375
0.3603515625
0.3544921875
0.10595703125
0.5703125
0.31884765625
0.370849609375
0.3466796875
0.62353515625
0.237548828125
0.135986328125
0.118896484375
0.434814453125
0.27685546875
0.239501953125
0.278564453125
0.292724609375
0.449462890625
0.21826171875
0.274658203125
0.1611328125
0.654052734375
0.076171875
0.356201171875
0.181884765625
0.365234375
0.257568359375
0.27978515625
0.3271484375
0.271728515625
0.267333984375
0.323974609375
0.068359375
0.4560546875
0.125732421875
0.2939453125
0.325927734375
0.414794921875
0.290771484375
0.341796875
0.24560546875
0.124267578125
0.292236328125
0.293701171875
0.428955078125
0.337890625
0.596435546875
0.471923828125
0.340087890625
0.163330078125
0.276611328125
0.621337890625
0.06787109375
0.1572265625
0.366455078125
0.20068359375
0.498046875
0.284423828125
0.432373046875
0.616455078125
0.326416015625
0.523193359375
0.292236328125
0.3779296875
0.17822265625
0.35205078125
0.7177734375
0.3115234375
0.27978515625
0.41552734375
0.131103515625
0.641845703125
0.422607421875
0.255126953125
0.42236328125
0.3701171875
0.260009765625
0.11376953125
0.261962890625
0.1162109375
0.303955078125
0.573486328125
0.302001953125
0.34765625
0.40185546875
0.179931640625
0.1787109375
0.16796875
0.124755859375
0.326416015625
0.392822265625
0.21240234375
0.397216796875
0.2890625
0.582763671875
0.468505859375
0.482421875
0.221923828125
0.278564453125
0.424560546875
0.322265625
0.364990234375
0.236572265625
0.210693359375
0.3095703125
0.29736328125
0.135009765625
0.55322265625
0.428466796875
0.214111328125
0.4873046875
0.131591796875
0.377685546875
0.5283203125
0.268310546875
0.238037109375
0.582275390625
0.302978515625
0.296875
0.7353515625
0.225830078125
0.44189453125
0.46142578125
0.56982421875
0.555908203125
0.4326171875
0.649169921875
0.20458984375
0.287841796875
0.498046875
0.141845703125
0.334228515625
0.197998046875
0.70947265625
0.205078125
0.2685546875
0.18505859375
0.463134765625
0.81396484375
