0.13037109375
0.15673828125
0.138916015625
0.03173828125
0.06591796875
0.10888671875
0.05029296875
0.1904296875
0.0595703125
0.147705078125
0.188720703125
0.24462890625
0.0673828125
0.300537109375
0.15576171875
0.1259765625
0.14306640625
0.287353515625
0.113037109375
0.06494140625
0.04052734375
0.40966796875
0.082763671875
0.158935546875
0.126708984375
0.1044921875
0.0576171875
0.250732421875
0.09375
0.04833984375
0.1337890625
0.155517578125
0.09619140625
0.112060546875
0.13037109375
0.171875
0.064697265625
0.062744140625
0.3173828125
0.083984375
0.174560546875
0.265869140625
0.265625
0.092041015625
0.1025390625
0.287109375
0.059814453125
0.091064453125
0.041748046875
0.033203125
0.032470703125
0.1201171875
0.025390625
0.07568359375
0.326904296875
0.086669921875
0.106201171875
0.115478515625
0.115234375
0.19873046875
0.118408203125
0.069580078125
0.051025390625
0.077392578125
0.15771484375
0.02880859375
0.1474609375
0.0927734375
0.1005859375
0.272705078125
0.295166015625
0.078857421875
0.16748046875
0.0947265625
0.109619140625
0.15478515625
0.05810546875
0.04150390625
0.06640625
0.26220703125
0.101806640625
0.074462890625
0.125
0.03076171875
0.10595703125
0.301513671875
0.124755859375
0.029296875
0.15771484375
0.04833984375
0.04931640625
0.187255859375
0.077392578125
0.117431640625
0.385986328125
0.07958984375
0.129150390625
0.035888671875
0.166259765625
0.05615234375
0.080810546875
0.149169921875
0.318603515625
0.085205078125
0.271728515625
0.059326171875
0.251708984375
0.205078125
0.23046875
0.174560546875
0.069091796875
0.127197265625
0.06884765625
0.228271484375
0.32763671875
0.100341796875
0.089599609375
0.02685546875
0.202880859375
0.2265625
0.154052734375
0.071533203125
0.2373046875
0.049560546875
0.08984375
0.04638671875
0.1083984375
0.131103515625
0.739501953125
0.052001953125
0.3232421875
0.116455078125
0.03466796875
0.064208984375
0.079345703125
0.091796875
0.028564453125
0.02978515625
0.04248046875
0.171142578125
0.038818359375
0.093505859375
0.093017578125
0.1181640625
0.204345703125
0.203857421875
0.0556640625
0.322509765625
0.035888671875
0.15185546875
0.04833984375
0.185302734375
0.140869140625
0.03662109375
0.102294921875
0.095458984375
0.0517578125
0.101318359375
0.0966796875
0.147216796875
0.170654296875
0.087158203125
0.1943359375
0.107177734375
0.086669921875
0.292236328125
0.02880859375
0.01220703125
0.05908203125
0.1953125
0.112548828125
0.080078125
0.08837890625
0.180419921875
0.270751953125
0.110595703125
0.106689453125
0.26611328125
0.081298828125
0.20703125
0.056396484375
0.412841796875
0.075439453125
0.06787109375
0.093505859375
0.108154296875
0.03369140625
0.042724609375
0.0380859375
0.07666015625
0.076904296875
0.52587890625
0.078125
0.18310546875
0.147216796875
0.168212890625
0.122802734375
0.093505859375
0.08740234375
0.04296875
0.159912109375
0.05322265625
0.158203125
0.04833984375
0.200927734375
0.102783203125
0.13671875
0.16064453125
0.110595703125
0.229736328125
0.05029296875
0.086669921875
0.140869140625
0.08447265625
0.209228515625
0.128173828125
0.146484375
0.277587890625
0.058349609375
0.054443359375
0.06005859375
0.21923828125
0.203857421875
0.107666015625
0.0751953125
0.091552734375
0.086669921875
0.2763671875
0.15283203125
0.04736328125
0.37939453125
0.14990234375
0.12060546875
0.11181640625
0.079833984375
0.11279296875
0.042724609375
0.057373046875
0.205322265625
0.130859375
0.227783203125
0.21923828125
0.21533203125
0.084716796875
0.09423828125
0.2265625
0.04248046875
0.057373046875
0.190673828125
0.135986328125
0.142822265625
0.1435546875
0.048828125
0.0654296875
0.042724609375
0.0546875
0.135986328125
0.122314453125
0.106201171875
0.313720703125
0.076171875
0.1748046875
0.077880859375
0.05224609375
0.0869140625
0.064697265625
0.08056640625
0.11474609375
0.093017578125
0.227294921875
0.077880859375
0.2021484375
0.04150390625
0.051025390625
0.074462890625
0.193359375
0.1875
0.233642578125
0.133056640625
0.1044921875
0.24365234375
0.272216796875
0.058349609375
0.1787109375
0.130126953125
0.159912109375
0.02978515625
0.0927734375
0.036376953125
0.353271484375
0.030029296875
0.105712890625
0.0556640625
0.08349609375
0.468994140625
0.05322265625
0.07421875
0.232666015625
0.125244140625
0.136474609375
0.102294921875
0.073486328125
0.165283203125
0.2548828125
0.0556640625
0.123291015625
0.22607421875
0.037109375
0.21826171875
0.07373046875
0.067138671875
0.39599609375
0.10693359375
0.19580078125
0.074462890625
0.0869140625
0.211669921875
0.042724609375
0.08349609375
0.118408203125
0.06494140625
0.08935546875
0.30615234375
0.099365234375
0.1396484375
0.1552734375
0.2529296875
0.13671875
0.040283203125
0.165283203125
0.044921875
0.093017578125
0.0556640625
0.03662109375
0.153564453125
0.05712890625
0.055908203125
0.155517578125
0.0634765625
0.13720703125
0.25341796875
0.06298828125
0.034912109375
0.28759765625
0.288330078125
0.072265625
0.16455078125
0.041015625
0.13525390625
0.086669921875
0.03466796875
0.0859375
0.206787109375
0.223388671875
0.091552734375
0.152587890625
0.19677734375
0.12353515625
0.52734375
0.062744140625
0.500732421875
0.049072265625
0.158203125
0.1376953125
0.10888671875
0.269775390625
0.2021484375
0.049560546875
0.091064453125
0.04052734375
0.148681640625
0.060546875
0.07958984375
0.132080078125
0.093017578125
0.077880859375
0.06005859375
0.0234375
0.072509765625
0.111328125
0.15771484375
0.034912109375
0.06201171875
0.165283203125
0.1708984375
0.0625
0.088623046875
0.046875
0.112548828125
0.09375
0.0595703125
0.10986328125
0.184814453125
0.060791015625
0.179931640625
0.106689453125
0.033935546875
0.024658203125
0.195068359375
0.10546875
0.05615234375
0.03564453125
0.0380859375
0.03076171875
0.038818359375
0.102783203125
0.09033203125
0.09814453125
0.08056640625
0.109375
0.108642578125
0.07275390625
0.143310546875
0.1201171875
0.14404296875
0.11279296875
0.181884765625
0.0595703125
0.33642578125
0.182373046875
0.077392578125
0.19287109375
0.204345703125
0.087890625
0.04443359375
0.29638671875
0.193603515625
0.092529296875
0.10400390625
0.096435546875
0.27197265625
0.0947265625
0.07275390625
0.039306640625
0.105224609375
0.309814453125
0.012451171875
0.203369140625
0.1455078125
0.031005859375
0.02734375
0.167724609375
0.052001953125
0.159912109375
0.11572265625
0.102294921875
0.158203125
0.3056640625
0.190185546875
0.05615234375
0.07177734375
0.21923828125
0.078125
0.044921875
0.114501953125
0.049072265625
0.267578125
0.016845703125
0.034423828125
0.404052734375
0.282470703125
0.031494140625
0.158447265625
0.046875
0.082763671875
0.04052734375
0.10888671875
0.056640625
0.013671875
0.1650390625
0.239990234375
0.20263671875
0.072265625
0.154052734375
0.197265625
0.12939453125
0.193603515625
0.0888671875
0.08203125
0.08935546875
0.053955078125
0.02880859375
0.056640625
0.120849609375
0.330078125
0.129150390625
0.3505859375
0.0986328125
0.18994140625
0.2041015625
0.19921875
0.062744140625
0.09521484375
0.2275390625
0.037841796875
0.174072265625
0.146240234375
0.12158203125
0.08056640625
0.34033203125
