0.447998046875
0.588623046875
0.472900390625
0.66357421875
0.619140625
0.48095703125
0.61865234375
0.4169921875
0.4951171875
0.62158203125
0.62890625
0.986328125
0.665771484375
0.623779296875
0.423095703125
0.5166015625
0.64794921875
0.33251953125
0.665771484375
0.662353515625
0.468505859375
0.59033203125
0.749267578125
0.5439453125
0.46044921875
0.689697265625
0.75341796875
0.738525390625
0.689453125
0.6103515625
0.59521484375
0.343994140625
0.5712890625
0.578125
0.546142578125
0.433837890625
0.61767578125
0.66064453125
0.59326171875
0.647216796875
0.474365234375
0.666259765625
0.549560546875
0.671630859375
0.55029296875
0.649658203125
0.674072265625
0.763916015625
0.515869140625
0.5869140625
0.6708984375
0.861328125
0.640380859375
0.701171875
0.453857421875
0.5537109375
0.698974609375
0.781982421875
0.674560546875
0.597900390625
0.997802734375
0.50732421875
0.5224609375
0.447998046875
0.738525390625
0.46630859375
0.7138671875
0.686767578125
0.887451171875
0.740234375
0.765625
0.50341796875
0.466064453125
0.51416015625
0.67138671875
0.45166015625
0.570068359375
0.490234375
0.534912109375
0.630859375
0.97265625
0.6630859375
0.882080078125
0.710205078125
0.5703125
0.6572265625
0.829833984375
0.43408203125
0.376220703125
0.68310546875
0.42529296875
0.3271484375
0.59765625
0.48779296875
0.67578125
0.59228515625
0.443115234375
0.72412109375
0.767822265625
0.62158203125
0.573974609375
0.784423828125
0.612060546875
0.65771484375
0.85009765625
0.407958984375
0.903564453125
0.669189453125
0.79833984375
0.578369140625
0.591064453125
0.559326171875
0.685546875
0.391845703125
0.7490234375
0.7060546875
0.59716796875
0.774658203125
1.078857421875
0.353271484375
0.575927734375
0.52685546875
0.4765625
0.791748046875
0.358154296875
0.87060546875
0.72998046875
0.77099609375
0.699951171875
0.75439453125
0.688720703125
0.501708984375
0.55078125
0.5537109375
0.64111328125
0.7431640625
0.342529296875
0.694580078125
0.7900390625
0.559326171875
0.744140625
0.689453125
0.494140625
0.75927734375
0.726806640625
0.938232421875
0.7568359375
0.525390625
0.839599609375
0.748046875
0.55419921875
0.46337890625
0.73193359375
0.710205078125
0.909423828125
0.43603515625
0.60107421875
0.93701171875
0.6298828125
0.658203125
0.611328125
0.6171875
0.683837890625
0.60595703125
0.632568359375
0.456298828125
0.519287109375
0.507568359375
0.607177734375
0.4404296875
0.5458984375
0.50048828125
0.694580078125
0.78369140625
0.586181640625
0.517333984375
0.640625
0.6572265625
0.624267578125
0.614013671875
0.6201171875
0.5439453125
0.3935546875
0.423828125
0.675048828125
0.49072265625
0.476318359375
0.443359375
0.48681640625
0.783447265625
0.697021484375
0.7744140625
0.862060546875
0.458984375
0.773193359375
0.49365234375
0.475830078125
0.78369140625
0.64599609375
0.589111328125
0.4462890625
0.64794921875
0.510009765625
0.551513671875
0.53466796875
0.720947265625
0.87548828125
0.37890625
0.523193359375
0.464111328125
0.724609375
0.746337890625
0.617919921875
0.447021484375
0.5478515625
1.034423828125
0.51953125
0.68359375
0.69482421875
0.6513671875
0.4482421875
0.424560546875
1.00732421875
0.935302734375
0.701416015625
0.529296875
0.431396484375
0.504638671875
0.68798828125
0.7197265625
0.534912109375
0.397705078125
0.5126953125
0.52978515625
0.658203125
0.32763671875
0.716796875
0.592041015625
0.652099609375
0.528076171875
0.488037109375
0.7841796875
0.774658203125
0.6318359375
0.8818359375
0.758056640625
0.55029296875
0.69189453125
0.841552734375
0.523193359375
0.53173828125
0.963134765625
0.741943359375
0.73779296875
0.65869140625
0.47705078125
0.568359375
0.58544921875
0.474609375
0.47998046875
0.61474609375
0.28955078125
0.900390625
0.74560546875
0.572021484375
0.711669921875
0.471435546875
0.4873046875
0.9052734375
0.50390625
0.654052734375
0.591064453125
0.755859375
0.605224609375
0.47705078125
0.723388671875
0.57275390625
0.603515625
0.696044921875
0.848876953125
0.77490234375
0.53125
0.748291015625
0.61669921875
0.425048828125
0.685302734375
0.61474609375
0.668212890625
0.767822265625
0.6611328125
0.55908203125
0.845947265625
0.454345703125
0.407958984375
0.588623046875
0.626220703125
0.44775390625
0.56591796875
0.32421875
0.795654296875
0.75927734375
0.42236328125
0.67138671875
0.563232421875
0.801513671875
0.4990234375
0.654541015625
0.69091796875
0.46923828125
0.5849609375
0.84765625
0.45703125
0.521240234375
0.575439453125
0.368408203125
0.57958984375
0.869140625
0.673095703125
0.52587890625
0.488037109375
0.82666015625
0.651611328125
0.72509765625
0.75341796875
0.515625
0.6005859375
0.701416015625
0.738037109375
0.657958984375
0.675537109375
0.799072265625
0.89794921875
0.703369140625
0.547119140625
0.54541015625
0.63525390625
0.4716796875
0.60888671875
0.75927734375
0.36474609375
0.51904296875
0.68212890625
0.654052734375
0.379638671875
0.713134765625
0.550048828125
0.2529296875
0.734375
0.44482421875
0.75439453125
0.490478515625
0.55517578125
0.377197265625
0.7021484375
0.63916015625
0.7880859375
0.915283203125
0.462890625
0.62255859375
0.638916015625
0.185302734375
0.598876953125
0.51220703125
0.84326171875
0.5615234375
0.620849609375
0.9326171875
0.433349609375
0.461669921875
0.481201171875
0.331298828125
0.422119140625
0.416015625
0.35498046875
0.5869140625
0.493896484375
0.574462890625
0.50048828125
0.697998046875
0.660888671875
0.392578125
0.495361328125
0.5302734375
0.412353515625
0.887939453125
0.87255859375
0.484375
0.758056640625
0.3857421875
0.8369140625
0.497802734375
0.424560546875
0.61279296875
0.728759765625
0.674560546875
0.89892578125
0.834228515625
0.61767578125
0.5146484375
0.5166015625
0.45263671875
0.471923828125
0.384521484375
0.709716796875
0.775146484375
0.546875
0.720703125
0.866943359375
0.50634765625
0.485107421875
0.88427734375
0.50732421875
0.404052734375
0.80078125
0.703369140625
0.4736328125
0.53369140625
0.5244140625
0.6845703125
0.64453125
0.48876953125
0.372802734375
0.7431640625
0.860595703125
0.657958984375
0.687255859375
0.671630859375
0.587890625
0.4208984375
0.471435546875
0.507568359375
0.50390625
0.616943359375
0.471435546875
0.44580078125
0.30517578125
0.543212890625
0.880126953125
0.853515625
0.523193359375
0.71435546875
0.588134765625
0.55908203125
0.62060546875
0.50439453125
0.78173828125
1.0625
0.52685546875
0.37890625
0.74462890625
0.61181640625
0.361083984375
0.43359375
0.62158203125
0.434326171875
0.66455078125
0.46435546875
0.869873046875
0.43017578125
0.4580078125
0.348876953125
0.697509765625
0.8212890625
0.374267578125
0.6220703125
0.561279296875
0.643310546875
0.73193359375
0.453369140625
0.5126953125
0.57421875
0.633544921875
0.450439453125
0.470947265625
0.640625
0.376953125
0.7890625
0.861328125
0.7412109375
0.671875
0.5810546875
0.305419921875
0.39111328125
0.638671875
0.5888671875
0.655029296875
0.636962890625
0.662109375
0.557861328125
0.587890625
0.728271484375
0.636962890625
0.76904296875
0.697265625
0.3203125
0.524169921875
0.778076171875
0.41015625
0.687255859375
0.79931640625
