0.3359375
0.591552734375
0.919189453125
0.53369140625
0.769775390625
0.8291015625
0.31396484375
0.56005859375
0.619384765625
0.47802734375
0.708251953125
0.411376953125
0.56640625
0.570068359375
0.421630859375
0.56396484375
0.984619140625
0.59716796875
0.623291015625
0.3798828125
0.695556640625
0.54833984375
1.249755859375
0.893798828125
0.573486328125
0.680908203125
0.413818359375
0.6826171875
0.612548828125
0.85791015625
0.515380859375
0.72021484375
0.60693359375
0.583984375
0.72412109375
0.530029296875
0.66162109375
0.660400390625
0.780029296875
0.572509765625
0.807373046875
0.880615234375
0.596435546875
0.53271484375
1.01318359375
0.582763671875
0.549560546875
0.583984375
0.681884765625
0.629638671875
0.63623046875
0.44482421875
0.49755859375
0.52392578125
0.545654296875
0.35888671875
0.5634765625
0.4326171875
0.619384765625
0.443115234375
0.501220703125
0.816650390625
0.49755859375
0.563720703125
0.6376953125
0.538818359375
0.49951171875
0.590576171875
0.80029296875
0.533935546875
0.824951171875
0.738525390625
0.80859375
0.74853515625
0.59716796875
0.36181640625
0.597412109375
0.589111328125
0.512939453125
0.26025390625
0.636962890625
0.569091796875
0.75146484375
0.455810546875
0.706787109375
0.27001953125
0.476806640625
0.574951171875
0.423583984375
0.75048828125
0.767822265625
0.85546875
0.443115234375
0.542236328125
0.636474609375
0.464111328125
0.489990234375
0.688232421875
0.734130859375
0.45751953125
0.42919921875
0.53369140625
0.612060546875
0.59619140625
0.588134765625
0.7265625
0.59326171875
0.687255859375
0.77099609375
1.044921875
0.427734375
0.62451171875
1.011962890625
0.82080078125
0.875732421875
0.527587890625
0.4072265625
0.39990234375
0.3271484375
0.630859375
0.612060546875
0.51513671875
0.346923828125
0.67236328125
0.454345703125
0.7138671875
0.69287109375
0.466064453125
0.68505859375
0.513427734375
0.6650390625
0.68115234375
0.343017578125
0.5673828125
0.3330078125
0.27392578125
0.43798828125
0.5703125
0.548095703125
0.688720703125
0.51513671875
0.6181640625
0.534912109375
0.396484375
0.675537109375
0.423828125
0.59521484375
0.517333984375
0.69677734375
0.572021484375
0.5703125
0.9189453125
0.560791015625
0.453857421875
0.637451171875
0.4912109375
0.714111328125
0.671142578125
0.603759765625
0.60888671875
0.5341796875
0.684326171875
0.43359375
0.9208984375
0.521240234375
0.418212890625
0.67236328125
0.702392578125
0.548095703125
0.370361328125
0.404541015625
0.510009765625
0.20654296875
0.61865234375
0.543212890625
0.698974609375
0.44384765625
0.837158203125
0.369384765625
0.55517578125
0.88916015625
0.572021484375
0.705810546875
0.739013671875
0.461669921875
0.38427734375
0.94921875
0.80126953125
0.49365234375
0.528564453125
0.60400390625
0.50341796875
0.616455078125
0.467529296875
0.4326171875
0.5146484375
0.66943359375
0.580322265625
0.4423828125
0.567138671875
0.724609375
0.761962890625
0.90771484375
0.678466796875
0.71630859375
0.5068359375
0.691162109375
0.55810546875
0.4443359375
0.70068359375
0.41162109375
0.56103515625
0.9501953125
0.605224609375
0.54052734375
0.404296875
0.434326171875
0.869384765625
0.597412109375
0.315185546875
0.558837890625
0.621337890625
0.339111328125
0.53759765625
0.338623046875
0.793701171875
0.69775390625
0.96044921875
0.8505859375
0.521728515625
0.608642578125
0.76416015625
0.5693359375
0.71337890625
0.74072265625
0.603271484375
0.520751953125
0.5693359375
0.49658203125
0.55712890625
0.797119140625
0.48046875
0.718505859375
0.59912109375
0.40673828125
0.81201171875
0.442626953125
0.6357421875
0.818359375
0.477294921875
0.656982421875
0.843017578125
0.855224609375
0.3974609375
0.5908203125
0.750732421875
0.523681640625
0.86572265625
0.78466796875
0.745361328125
0.638671875
1.017578125
0.462890625
0.502197265625
0.538330078125
0.95947265625
0.50341796875
0.364013671875
0.52197265625
0.45703125
0.699951171875
0.33642578125
0.8486328125
0.78076171875
0.781005859375
0.57373046875
0.831787109375
0.84716796875
0.56494140625
0.406494140625
0.451416015625
0.822021484375
0.757568359375
0.622314453125
0.521728515625
0.670166015625
0.621826171875
0.46875
0.610595703125
0.84716796875
0.80859375
0.678955078125
0.660888671875
0.390380859375
0.564208984375
0.458984375
0.6796875
0.607421875
0.538818359375
0.347900390625
0.51904296875
0.842529296875
0.634521484375
0.5185546875
0.89697265625
0.595458984375
0.66357421875
0.923583984375
0.420166015625
0.80419921875
0.39697265625
0.64892578125
0.644287109375
0.676513671875
0.693359375
0.65087890625
0.605224609375
0.525634765625
0.63818359375
0.630126953125
0.568115234375
0.4638671875
0.586669921875
0.5283203125
0.727294921875
0.819091796875
0.532470703125
0.8388671875
0.51318359375
1.005615234375
0.59326171875
0.669189453125
0.498779296875
0.57470703125
0.90966796875
0.62255859375
0.51611328125
0.86669921875
0.523681640625
0.924072265625
0.76708984375
0.25
0.627197265625
0.450927734375
0.644775390625
0.5849609375
0.537841796875
0.555419921875
0.800048828125
0.403076171875
0.68212890625
0.764404296875
0.546875
0.616943359375
0.63037109375
0.43994140625
0.522216796875
0.514404296875
0.690673828125
0.80859375
0.682861328125
0.80126953125
0.671630859375
0.760986328125
0.396240234375
0.911376953125
0.56103515625
0.625244140625
0.54052734375
0.744384765625
0.61474609375
0.4423828125
0.377197265625
0.659423828125
0.575439453125
0.57421875
0.57861328125
0.48974609375
0.654052734375
0.435546875
0.41259765625
0.22119140625
0.707763671875
0.3349609375
0.55029296875
0.512939453125
0.6728515625
0.539794921875
0.335205078125
0.624755859375
0.4658203125
0.47705078125
0.49853515625
0.253173828125
0.517333984375
0.44091796875
0.447021484375
0.61279296875
0.71240234375
0.486083984375
0.5283203125
0.489013671875
0.37646484375
0.5712890625
0.500244140625
0.69482421875
0.73974609375
0.958740234375
0.6328125
0.7607421875
0.480712890625
0.645751953125
1.0419921875
0.32861328125
0.4052734375
0.534423828125
0.4833984375
0.89599609375
0.53369140625
0.568603515625
0.537353515625
0.565673828125
0.673095703125
0.67578125
0.60546875
0.4072265625
0.490966796875
0.962646484375
0.607177734375
0.4951171875
0.76611328125
0.402099609375
0.77783203125
0.88916015625
0.572998046875
0.670654296875
0.619140625
0.885986328125
0.40283203125
0.556640625
0.39013671875
0.504150390625
0.697021484375
0.49365234375
0.718994140625
0.45068359375
0.408935546875
0.398681640625
0.375
0.35498046875
0.494384765625
0.529296875
0.4248046875
0.7685546875
0.3564453125
0.765869140625
0.7470703125
0.76708984375
0.422119140625
0.528076171875
0.537353515625
0.5302734375
0.5029296875
0.564453125
0.4033203125
0.790283203125
0.841552734375
0.463623046875
0.864501953125
0.41259765625
0.243408203125
0.594482421875
0.424560546875
0.62841796875
0.777587890625
0.462890625
0.812255859375
0.777099609375
0.376220703125
0.663330078125
0.792236328125
0.549560546875
0.80859375
0.704345703125
0.843017578125
0.73779296875
0.6708984375
1.030029296875
0.676025390625
0.5341796875
0.75634765625
0.52880859375
0.507568359375
0.47265625
0.941162109375
0.553466796875
0.66259765625
0.414306640625
0.680908203125
1.020263671875
0.3359375
0.591552734375
0.919189453125
0.53369140625
0.769775390625
0.8291015625
0.31396484375
0.56005859375
0.619384765625
0.47802734375
0.708251953125
0.411376953125
0.56640625
0.570068359375
0.421630859375
0.56396484375
0.984619140625
0.59716796875
0.623291015625
0.3798828125
0.695556640625
0.54833984375
1.249755859375
0.893798828125
0.573486328125
0.680908203125
0.413818359375
0.6826171875
0.612548828125
0.85791015625
0.515380859375
0.72021484375
0.60693359375
0.583984375
0.72412109375
0.530029296875
0.66162109375
0.660400390625
0.780029296875
0.572509765625
0.807373046875
0.880615234375
0.596435546875
0.53271484375
1.01318359375
0.582763671875
0.549560546875
0.583984375
0.681884765625
0.629638671875
0.63623046875
0.44482421875
0.49755859375
0.52392578125
0.545654296875
0.35888671875
0.5634765625
0.4326171875
0.619384765625
0.443115234375
0.501220703125
0.816650390625
0.49755859375
0.563720703125
0.6376953125
0.538818359375
0.49951171875
0.590576171875
0.80029296875
0.533935546875
0.824951171875
0.738525390625
0.80859375
0.74853515625
0.59716796875
0.36181640625
0.597412109375
0.589111328125
0.512939453125
0.26025390625
0.636962890625
0.569091796875
0.75146484375
0.455810546875
0.706787109375
0.27001953125
0.476806640625
0.574951171875
0.423583984375
0.75048828125
0.767822265625
0.85546875
0.443115234375
0.542236328125
0.636474609375
0.464111328125
0.489990234375
0.688232421875
0.734130859375
0.45751953125
0.42919921875
0.53369140625
0.612060546875
0.59619140625
0.588134765625
0.7265625
0.59326171875
0.687255859375
0.77099609375
1.044921875
0.427734375
0.62451171875
1.011962890625
0.82080078125
0.875732421875
0.527587890625
0.4072265625
0.39990234375
0.3271484375
0.630859375
0.612060546875
0.51513671875
0.346923828125
0.67236328125
0.454345703125
0.7138671875
0.69287109375
0.466064453125
0.68505859375
0.513427734375
0.6650390625
0.68115234375
0.343017578125
0.5673828125
0.3330078125
0.27392578125
0.43798828125
0.5703125
0.548095703125
0.688720703125
0.51513671875
0.6181640625
0.534912109375
0.396484375
0.675537109375
0.423828125
0.59521484375
0.517333984375
0.69677734375
0.572021484375
0.5703125
0.9189453125
0.560791015625
0.453857421875
0.637451171875
0.4912109375
0.714111328125
0.671142578125
0.603759765625
0.60888671875
0.5341796875
0.684326171875
0.43359375
0.9208984375
0.521240234375
0.418212890625
0.67236328125
0.702392578125
0.548095703125
0.370361328125
0.404541015625
0.510009765625
0.20654296875
0.61865234375
0.543212890625
0.698974609375
0.44384765625
0.837158203125
0.369384765625
0.55517578125
0.88916015625
0.572021484375
0.705810546875
0.739013671875
0.461669921875
0.38427734375
0.94921875
0.80126953125
0.49365234375
0.528564453125
0.60400390625
0.50341796875
0.616455078125
0.467529296875
0.4326171875
0.5146484375
0.66943359375
0.580322265625
0.4423828125
0.567138671875
0.724609375
0.761962890625
0.90771484375
0.678466796875
0.71630859375
0.5068359375
0.691162109375
0.55810546875
0.4443359375
0.70068359375
0.41162109375
0.56103515625
0.9501953125
0.605224609375
0.54052734375
0.404296875
0.434326171875
0.869384765625
0.597412109375
0.315185546875
0.558837890625
0.621337890625
0.339111328125
0.53759765625
0.338623046875
0.793701171875
0.69775390625
0.96044921875
0.8505859375
0.521728515625
0.608642578125
0.76416015625
0.5693359375
0.71337890625
0.74072265625
0.603271484375
0.520751953125
0.5693359375
0.49658203125
0.55712890625
0.797119140625
0.48046875
0.718505859375
0.59912109375
0.40673828125
0.81201171875
0.442626953125
0.6357421875
0.818359375
0.477294921875
0.656982421875
0.843017578125
0.855224609375
0.3974609375
0.5908203125
0.750732421875
0.523681640625
0.86572265625
0.78466796875
0.745361328125
0.638671875
1.017578125
0.462890625
0.502197265625
0.538330078125
0.95947265625
0.50341796875
0.364013671875
0.52197265625
0.45703125
0.699951171875
0.33642578125
0.8486328125
0.78076171875
0.781005859375
0.57373046875
0.831787109375
0.84716796875
0.56494140625
0.406494140625
0.451416015625
0.822021484375
0.757568359375
0.622314453125
0.521728515625
0.670166015625
0.621826171875
0.46875
0.610595703125
0.84716796875
0.80859375
0.678955078125
0.660888671875
0.390380859375
0.564208984375
0.458984375
0.6796875
0.607421875
0.538818359375
0.347900390625
0.51904296875
0.842529296875
0.634521484375
0.5185546875
0.89697265625
0.595458984375
0.66357421875
0.923583984375
0.420166015625
0.80419921875
0.39697265625
0.64892578125
0.644287109375
0.676513671875
0.693359375
0.65087890625
0.605224609375
0.525634765625
0.63818359375
0.630126953125
0.568115234375
0.4638671875
0.586669921875
0.5283203125
0.727294921875
0.819091796875
0.532470703125
0.8388671875
0.51318359375
1.005615234375
0.59326171875
0.669189453125
0.498779296875
0.57470703125
0.90966796875
0.62255859375
0.51611328125
0.86669921875
0.523681640625
0.924072265625
0.76708984375
0.25
0.627197265625
0.450927734375
0.644775390625
0.5849609375
0.537841796875
0.555419921875
0.800048828125
0.403076171875
0.68212890625
0.764404296875
0.546875
0.616943359375
0.63037109375
0.43994140625
0.522216796875
0.514404296875
0.690673828125
0.80859375
0.682861328125
0.80126953125
0.671630859375
0.760986328125
0.396240234375
0.911376953125
0.56103515625
0.625244140625
0.54052734375
0.744384765625
0.61474609375
0.4423828125
0.377197265625
0.659423828125
0.575439453125
0.57421875
0.57861328125
0.48974609375
0.654052734375
0.435546875
0.41259765625
0.22119140625
0.707763671875
0.3349609375
0.55029296875
0.512939453125
0.6728515625
0.539794921875
0.335205078125
0.624755859375
0.4658203125
0.47705078125
0.49853515625
0.253173828125
0.517333984375
0.44091796875
0.447021484375
0.61279296875
0.71240234375
0.486083984375
0.5283203125
0.489013671875
0.37646484375
0.5712890625
0.500244140625
0.69482421875
0.73974609375
0.958740234375
0.6328125
0.7607421875
0.480712890625
0.645751953125
1.0419921875
0.32861328125
0.4052734375
0.534423828125
0.4833984375
0.89599609375
0.53369140625
0.568603515625
0.537353515625
0.565673828125
0.673095703125
0.67578125
0.60546875
0.4072265625
0.490966796875
0.962646484375
0.607177734375
0.4951171875
0.76611328125
0.402099609375
0.77783203125
0.88916015625
0.572998046875
0.670654296875
0.619140625
0.885986328125
0.40283203125
0.556640625
0.39013671875
0.504150390625
0.697021484375
0.49365234375
0.718994140625
0.45068359375
0.408935546875
0.398681640625
0.375
0.35498046875
0.494384765625
0.529296875
0.4248046875
0.7685546875
0.3564453125
0.765869140625
0.7470703125
0.76708984375
0.422119140625
0.528076171875
0.537353515625
0.5302734375
0.5029296875
0.564453125
0.4033203125
0.790283203125
0.841552734375
0.463623046875
0.864501953125
0.41259765625
0.243408203125
0.594482421875
0.424560546875
0.62841796875
0.777587890625
0.462890625
0.812255859375
0.777099609375
0.376220703125
0.663330078125
0.792236328125
0.549560546875
0.80859375
0.704345703125
0.843017578125
0.73779296875
0.6708984375
1.030029296875
0.676025390625
0.5341796875
0.75634765625
0.52880859375
0.507568359375
0.47265625
0.941162109375
0.553466796875
0.66259765625
0.414306640625
0.680908203125
1.020263671875
