0.508056640625
0.41064453125
0.54248046875
0.8134765625
0.461181640625
0.676025390625
0.69580078125
0.830810546875
0.86669921875
0.563232421875
0.7568359375
0.552490234375
0.928955078125
0.588134765625
0.520263671875
0.785888671875
0.808837890625
0.71142578125
0.597900390625
0.461669921875
0.621337890625
0.507080078125
0.8916015625
0.68603515625
0.756591796875
0.39306640625
0.97900390625
0.475830078125
0.69580078125
0.507568359375
0.701171875
0.600341796875
0.519287109375
0.9814453125
0.87548828125
0.31982421875
0.5263671875
0.60400390625
0.55322265625
0.650146484375
0.514892578125
0.362548828125
0.769287109375
0.561279296875
0.520263671875
0.6845703125
0.6689453125
0.98876953125
0.546142578125
0.4990234375
0.565673828125
0.656982421875
0.643310546875
0.614990234375
0.461669921875
0.435791015625
0.35009765625
0.575439453125
0.979736328125
0.61865234375
0.783935546875
0.509033203125
0.60546875
0.67333984375
0.637939453125
0.624755859375
0.716064453125
0.67236328125
0.561767578125
0.5126953125
0.5517578125
0.52587890625
0.791015625
0.544189453125
1.016357421875
0.83349609375
0.673095703125
0.5546875
0.576416015625
0.764404296875
0.3251953125
0.8017578125
0.49365234375
0.63134765625
0.692626953125
0.4931640625
0.543701171875
0.983154296875
0.60986328125
0.588623046875
0.447998046875
0.317626953125
0.750244140625
0.649658203125
0.447021484375
1.031005859375
0.5107421875
0.788330078125
0.51416015625
0.75830078125
0.478515625
0.430419921875
0.510009765625
0.21875
0.72314453125
0.618896484375
0.733642578125
0.646728515625
0.573486328125
0.466552734375
0.935791015625
0.6064453125
0.557861328125
0.583251953125
0.450439453125
0.30517578125
0.392333984375
0.400390625
0.50537109375
0.369140625
0.993896484375
0.680419921875
0.772705078125
0.86767578125
0.697509765625
0.73388671875
0.507080078125
0.64794921875
0.787841796875
0.494384765625
0.684326171875
0.46875
0.517333984375
0.510498046875
0.484619140625
0.666748046875
0.64111328125
0.398193359375
0.6025390625
0.525390625
0.7216796875
0.727294921875
0.59228515625
0.41552734375
0.43115234375
0.537841796875
0.350341796875
0.66650390625
0.6044921875
0.6962890625
0.84130859375
0.5419921875
0.59033203125
0.572998046875
0.466064453125
0.512939453125
0.682861328125
0.522216796875
0.683837890625
0.27099609375
0.36669921875
0.4560546875
0.537353515625
0.72900390625
0.451171875
0.434814453125
0.712158203125
0.418212890625
0.816162109375
0.566650390625
0.533447265625
0.78759765625
0.53466796875
0.624267578125
0.645263671875
0.608154296875
0.9990234375
0.410888671875
0.642333984375
0.861328125
0.571044921875
0.51220703125
1.017822265625
0.574462890625
0.54931640625
0.72607421875
0.507568359375
0.5263671875
0.822509765625
0.83154296875
0.829345703125
0.668701171875
0.67041015625
0.603515625
0.77294921875
0.603271484375
0.55615234375
0.484130859375
0.550048828125
0.74560546875
0.816162109375
0.372314453125
0.4873046875
0.744140625
0.504150390625
0.309814453125
0.6787109375
0.93603515625
0.683349609375
0.488525390625
0.720458984375
0.569580078125
0.750244140625
0.36962890625
0.712158203125
0.32861328125
0.7138671875
0.486083984375
0.671142578125
0.325439453125
0.569580078125
0.664306640625
0.64404296875
0.5087890625
0.607177734375
0.64306640625
0.529052734375
0.58837890625
0.5341796875
0.500244140625
0.551513671875
0.479248046875
0.719482421875
0.6103515625
0.640625
0.63818359375
0.64404296875
0.6494140625
0.53076171875
0.760498046875
0.889404296875
0.33056640625
0.376220703125
0.6689453125
0.46728515625
0.503173828125
0.7333984375
0.3662109375
0.50048828125
0.66748046875
0.781982421875
0.538818359375
0.571044921875
0.56982421875
0.514892578125
0.66162109375
0.546630859375
0.37548828125
0.60400390625
0.705322265625
0.562255859375
0.98193359375
0.59619140625
0.737548828125
0.588134765625
0.63134765625
0.563720703125
0.519287109375
0.669189453125
0.75
0.44775390625
0.61474609375
0.656494140625
0.45166015625
0.701904296875
0.419677734375
0.53466796875
0.553955078125
0.843505859375
0.468505859375
0.63525390625
0.66162109375
0.719970703125
0.646728515625
0.658935546875
0.565673828125
0.3173828125
0.51953125
0.608642578125
0.336181640625
0.681640625
0.6005859375
0.58251953125
0.599365234375
0.660888671875
0.832763671875
0.77978515625
0.565673828125
0.708984375
0.337646484375
0.6396484375
0.688232421875
0.6318359375
0.55419921875
0.534912109375
0.623291015625
0.52734375
0.77197265625
0.966796875
0.77880859375
0.48486328125
0.732666015625
0.67138671875
0.57763671875
0.77587890625
0.445068359375
0.566650390625
0.52587890625
0.7548828125
0.549072265625
0.57373046875
0.6650390625
0.893798828125
0.65576171875
0.499755859375
0.482177734375
0.45947265625
0.63623046875
0.812744140625
0.48876953125
0.548583984375
0.5419921875
0.61328125
0.809814453125
0.69287109375
0.58544921875
0.649658203125
0.51806640625
0.575439453125
0.8466796875
0.636474609375
0.60107421875
0.591552734375
0.671630859375
0.652099609375
0.7294921875
0.6376953125
0.886962890625
0.781494140625
0.616455078125
0.645263671875
0.697265625
0.488037109375
0.724609375
0.574462890625
0.6689453125
0.491943359375
0.679931640625
0.41015625
0.715576171875
0.629150390625
0.691650390625
0.48876953125
0.8544921875
0.76025390625
0.716064453125
0.688232421875
0.764892578125
0.484619140625
0.71240234375
0.806884765625
0.37451171875
0.758056640625
0.5263671875
0.5048828125
0.70556640625
0.7119140625
0.857421875
0.63525390625
0.957275390625
0.302978515625
0.478515625
0.361328125
0.697265625
0.468994140625
0.439697265625
0.54833984375
0.591064453125
0.517822265625
0.299072265625
0.48095703125
0.5419921875
0.60791015625
0.5859375
0.730712890625
0.803955078125
0.94921875
0.561767578125
0.522216796875
0.64208984375
0.532958984375
0.718017578125
0.634765625
0.5146484375
0.697265625
0.72216796875
0.72412109375
0.580810546875
0.4267578125
0.498291015625
0.837158203125
0.646240234375
0.5703125
0.4697265625
0.57177734375
0.68896484375
0.93505859375
0.892578125
0.82275390625
0.9443359375
1.111083984375
0.629150390625
0.544677734375
0.6845703125
0.8408203125
0.6142578125
0.80126953125
0.7236328125
0.798095703125
0.789794921875
0.39013671875
0.55322265625
0.5625
0.467529296875
0.69580078125
0.767822265625
0.720458984375
0.66357421875
0.650634765625
0.553466796875
0.36865234375
0.744384765625
0.505615234375
0.59716796875
0.489990234375
0.89208984375
0.7939453125
0.472412109375
0.564697265625
0.60009765625
0.538330078125
0.790283203125
0.7568359375
0.676513671875
0.430908203125
0.495361328125
0.594970703125
0.54248046875
0.95849609375
0.523681640625
0.5546875
0.64892578125
0.54052734375
0.484619140625
0.552490234375
0.53076171875
0.466552734375
0.482177734375
0.703369140625
0.790283203125
0.520751953125
0.63330078125
0.59228515625
0.6552734375
0.407958984375
0.787109375
0.666015625
0.58154296875
0.673583984375
0.696044921875
0.50146484375
0.70068359375
0.753173828125
0.488525390625
0.437744140625
0.629150390625
0.80078125
0.335205078125
0.744140625
0.687255859375
0.6787109375
0.49072265625
0.501708984375
0.959228515625
0.4423828125
0.577880859375
0.75341796875
0.582763671875
0.80419921875
0.67529296875
