0.44677734375
0.582763671875
0.484375
0.682373046875
0.63916015625
0.482421875
0.6201171875
0.412109375
0.498291015625
0.63037109375
0.643798828125
0.95654296875
0.65478515625
0.63623046875
0.457763671875
0.548583984375
0.682373046875
0.3505859375
0.658935546875
0.64306640625
0.4736328125
0.62451171875
0.73681640625
0.54345703125
0.4638671875
0.66845703125
0.780029296875
0.73583984375
0.696044921875
0.621337890625
0.57861328125
0.333251953125
0.551025390625
0.57763671875
0.560302734375
0.44580078125
0.628662109375
0.67236328125
0.6357421875
0.6884765625
0.48828125
0.696533203125
0.520751953125
0.668701171875
0.568359375
0.66162109375
0.665771484375
0.782470703125
0.537841796875
0.617919921875
0.678466796875
0.859130859375
0.623046875
0.699462890625
0.46337890625
0.575927734375
0.678466796875
0.796630859375
0.693603515625
0.6103515625
0.949951171875
0.484130859375
0.499755859375
0.47607421875
0.712158203125
0.476318359375
0.74853515625
0.683349609375
0.870849609375
0.746826171875
0.739501953125
0.5234375
0.497802734375
0.5224609375
0.654296875
0.437255859375
0.585205078125
0.498291015625
0.534912109375
0.6357421875
0.95703125
0.67724609375
0.839599609375
0.706298828125
0.589111328125
0.637451171875
0.80078125
0.445556640625
0.392578125
0.666748046875
0.43310546875
0.32958984375
0.625
0.49560546875
0.684814453125
0.60205078125
0.460205078125
0.715576171875
0.77587890625
0.63916015625
0.5791015625
0.7744140625
0.59375
0.634521484375
0.862548828125
0.45556640625
0.876953125
0.656982421875
0.80712890625
0.579833984375
0.63623046875
0.60009765625
0.68017578125
0.41162109375
0.76953125
0.72607421875
0.611083984375
0.75927734375
1.012939453125
0.36474609375
0.589111328125
0.535400390625
0.451171875
0.760009765625
0.3662109375
0.856201171875
0.68408203125
0.77880859375
0.6669921875
0.7724609375
0.693115234375
0.529541015625
0.5244140625
0.528076171875
0.630615234375
0.71923828125
0.352294921875
0.689208984375
0.760986328125
0.5869140625
0.755126953125
0.67724609375
0.5146484375
0.7431640625
0.727783203125
0.903076171875
0.75927734375
0.521240234375
0.839599609375
0.764892578125
0.575927734375
0.46923828125
0.6845703125
0.71142578125
0.89306640625
0.462646484375
0.58056640625
0.881591796875
0.62939453125
0.634521484375
0.579833984375
0.622314453125
0.681396484375
0.59814453125
0.634765625
0.432373046875
0.539794921875
0.5283203125
0.60107421875
0.4384765625
0.560546875
0.486572265625
0.701904296875
0.8173828125
0.5830078125
0.567626953125
0.66748046875
0.689697265625
0.63720703125
0.628662109375
0.62255859375
0.5361328125
0.391357421875
0.432861328125
0.68115234375
0.493408203125
0.49755859375
0.465576171875
0.463134765625
0.794921875
0.69677734375
0.75390625
0.850830078125
0.448486328125
0.769287109375
0.50390625
0.524169921875
0.75146484375
0.673095703125
0.5888671875
0.4794921875
0.64453125
0.50537109375
0.58203125
0.552490234375
0.725830078125
0.89501953125
0.396240234375
0.512451171875
0.458740234375
0.7216796875
0.718505859375
0.628662109375
0.46142578125
0.5673828125
1.01318359375
0.519775390625
0.665283203125
0.7021484375
0.651123046875
0.4619140625
0.447021484375
1.00341796875
0.893798828125
0.69921875
0.531982421875
0.4169921875
0.5322265625
0.705322265625
0.703857421875
0.517822265625
0.431396484375
0.507080078125
0.516845703125
0.693115234375
0.357421875
0.712890625
0.572998046875
0.63623046875
0.53076171875
0.503173828125
0.727294921875
0.76318359375
0.6357421875
0.87353515625
0.79345703125
0.527587890625
0.676025390625
0.818115234375
0.54443359375
0.545654296875
0.964599609375
0.73876953125
0.765625
0.634521484375
0.495361328125
0.584228515625
0.571044921875
0.48779296875
0.49658203125
0.62109375
0.32080078125
0.898193359375
0.72705078125
0.56103515625
0.709716796875
0.4951171875
0.47900390625
0.88525390625
0.534912109375
0.656494140625
0.639892578125
0.759033203125
0.626708984375
0.49755859375
0.72265625
0.59228515625
0.613525390625
0.70166015625
0.831787109375
0.77587890625
0.513427734375
0.750732421875
0.584228515625
0.446044921875
0.71142578125
0.6279296875
0.681640625
0.763916015625
0.660888671875
0.576416015625
0.79541015625
0.45703125
0.41259765625
0.6162109375
0.6220703125
0.447998046875
0.587158203125
0.317626953125
0.7998046875
0.757080078125
0.440185546875
0.728271484375
0.5380859375
0.79345703125
0.524658203125
0.65185546875
0.6513671875
0.491943359375
0.57861328125
0.864990234375
0.44287109375
0.5537109375
0.580810546875
0.393310546875
0.610595703125
0.864990234375
0.6376953125
0.541015625
0.49072265625
0.81640625
0.627685546875
0.721435546875
0.720458984375
0.5166015625
0.567626953125
0.710205078125
0.728759765625
0.6494140625
0.7001953125
0.7900390625
0.88623046875
0.697265625
0.53173828125
0.56005859375
0.59130859375
0.44189453125
0.591064453125
0.79833984375
0.35888671875
0.52197265625
0.65869140625
0.6318359375
0.38818359375
0.69921875
0.55517578125
0.270751953125
0.75390625
0.462158203125
0.77392578125
0.49169921875
0.56689453125
0.40673828125
0.72509765625
0.66552734375
0.775634765625
0.93798828125
0.47021484375
0.636474609375
0.670654296875
0.209228515625
0.609619140625
0.51513671875
0.837646484375
0.583984375
0.591796875
0.9091796875
0.442138671875
0.464111328125
0.5009765625
0.3583984375
0.454345703125
0.41943359375
0.39990234375
0.558837890625
0.507568359375
0.5712890625
0.52587890625
0.690673828125
0.65087890625
0.406005859375
0.515625
0.525634765625
0.447509765625
0.888671875
0.84033203125
0.507080078125
0.754638671875
0.403564453125
0.824462890625
0.470947265625
0.4208984375
0.65380859375
0.743408203125
0.702880859375
0.871826171875
0.83984375
0.607177734375
0.535400390625
0.50390625
0.48828125
0.47021484375
0.404052734375
0.694580078125
0.761474609375
0.5439453125
0.724853515625
0.84033203125
0.544189453125
0.50732421875
0.869384765625
0.51025390625
0.41845703125
0.7900390625
0.702392578125
0.4736328125
0.541015625
0.566650390625
0.690185546875
0.64404296875
0.497314453125
0.3818359375
0.751220703125
0.85400390625
0.6904296875
0.68701171875
0.687255859375
0.62109375
0.473388671875
0.5126953125
0.51025390625
0.529052734375
0.594482421875
0.484130859375
0.469970703125
0.3505859375
0.538818359375
0.80712890625
0.8154296875
0.509765625
0.71875
0.642822265625
0.55322265625
0.603515625
0.490966796875
0.789306640625
1.061279296875
0.517822265625
0.367919921875
0.71923828125
0.609619140625
0.36865234375
0.444580078125
0.647216796875
0.423095703125
0.673828125
0.47705078125
0.80615234375
0.439208984375
0.47607421875
0.343994140625
0.67578125
0.823486328125
0.40380859375
0.61669921875
0.546142578125
0.65185546875
0.717529296875
0.46630859375
0.5361328125
0.574462890625
0.6015625
0.460693359375
0.452880859375
0.644775390625
0.38720703125
0.766357421875
0.838134765625
0.71728515625
0.69580078125
0.573486328125
0.30712890625
0.40087890625
0.621337890625
0.6083984375
0.664794921875
0.6533203125
0.702880859375
0.564453125
0.603759765625
0.72265625
0.65673828125
0.732421875
0.669189453125
0.3427734375
0.5576171875
0.80224609375
0.4150390625
0.6865234375
0.78125
