0.38720703125
0.55810546875
0.58984375
0.69140625
0.829833984375
0.853515625
0.77294921875
0.488037109375
0.597900390625
0.252685546875
0.212646484375
0.40673828125
0.4208984375
0.38037109375
0.54248046875
0.423583984375
0.416259765625
0.680419921875
0.623779296875
0.69482421875
0.874267578125
0.742431640625
0.3681640625
0.574951171875
0.892333984375
0.374755859375
0.281005859375
0.4287109375
0.690673828125
0.4833984375
0.34765625
0.5634765625
0.329833984375
0.383056640625
0.5810546875
0.426513671875
0.412841796875
0.5205078125
0.396484375
0.57421875
0.610107421875
0.247802734375
0.59814453125
0.422119140625
0.7080078125
0.580322265625
0.795654296875
0.56103515625
0.46044921875
0.35693359375
0.309326171875
0.55126953125
0.301025390625
0.69677734375
0.584716796875
0.367919921875
0.606689453125
0.4287109375
0.31982421875
0.529052734375
0.558349609375
0.591064453125
0.452880859375
0.45751953125
0.726318359375
0.47802734375
0.44140625
0.563232421875
0.356689453125
0.882568359375
0.4892578125
0.35693359375
0.513427734375
0.43359375
0.838623046875
0.438232421875
0.68603515625
0.824951171875
0.3896484375
0.404296875
0.597900390625
0.511962890625
0.428955078125
0.582275390625
0.6240234375
0.666259765625
0.37255859375
0.570068359375
0.638916015625
0.770751953125
0.3623046875
0.511962890625
0.562255859375
0.509521484375
0.805419921875
0.48974609375
0.484619140625
0.3115234375
0.55322265625
0.518798828125
0.532470703125
0.5517578125
0.31982421875
0.7451171875
0.364501953125
0.552978515625
0.6787109375
0.4873046875
0.755615234375
0.427490234375
0.349853515625
0.5517578125
0.363525390625
0.42578125
0.890869140625
0.917236328125
0.59375
0.4521484375
0.5712890625
0.41015625
0.824951171875
0.665283203125
0.53466796875
0.8974609375
0.5107421875
0.429931640625
0.39208984375
0.775634765625
0.5537109375
1.18505859375
0.60693359375
0.583740234375
0.385009765625
0.537353515625
0.3671875
0.55029296875
0.547119140625
0.71044921875
0.630859375
0.3916015625
0.65380859375
0.48779296875
0.420654296875
0.5869140625
0.963134765625
0.508056640625
0.546142578125
0.538818359375
0.847900390625
0.39453125
0.708251953125
0.447021484375
0.4794921875
0.37841796875
0.428466796875
0.552490234375
0.45947265625
0.81005859375
0.741943359375
0.576416015625
0.42431640625
0.7919921875
0.840087890625
0.7265625
0.53466796875
0.538330078125
0.45654296875
0.605712890625
0.577392578125
0.705810546875
0.483154296875
0.659423828125
0.43212890625
0.389404296875
0.5029296875
0.64306640625
0.661376953125
0.328125
0.3798828125
0.841796875
0.489990234375
0.75146484375
0.538818359375
0.625244140625
0.389404296875
0.378173828125
0.860595703125
0.3798828125
0.470703125
0.459228515625
0.499267578125
0.828369140625
0.62646484375
0.879638671875
0.782958984375
0.4189453125
0.28125
0.688232421875
0.8916015625
0.624267578125
0.589599609375
0.466552734375
0.734130859375
0.272216796875
0.729248046875
0.497314453125
0.928955078125
0.579833984375
0.432861328125
0.628662109375
0.689208984375
0.43603515625
0.427001953125
0.71826171875
0.25
0.6552734375
0.395751953125
0.861572265625
0.53857421875
0.515380859375
0.61181640625
0.53466796875
0.416015625
0.4716796875
0.509765625
0.3740234375
0.73974609375
0.5224609375
0.684814453125
0.56396484375
0.439208984375
0.709228515625
0.627685546875
0.81201171875
0.31884765625
0.586669921875
0.561767578125
0.527587890625
0.594970703125
0.961669921875
0.645263671875
0.44970703125
0.73193359375
0.720458984375
0.679931640625
0.498779296875
0.62060546875
0.66748046875
0.369873046875
0.62158203125
0.35546875
0.23974609375
0.6416015625
0.420166015625
0.42919921875
0.783935546875
0.830810546875
0.596923828125
0.536376953125
0.4140625
0.686279296875
0.756103515625
0.52490234375
0.380859375
0.463623046875
0.501708984375
0.797119140625
0.716796875
0.68359375
0.39892578125
0.86767578125
0.69091796875
0.38037109375
0.518310546875
0.57373046875
0.6005859375
0.562255859375
0.673583984375
0.481201171875
0.465087890625
0.51220703125
0.5478515625
0.336669921875
0.48681640625
0.43310546875
0.41796875
0.455078125
0.39990234375
0.5419921875
0.646484375
0.46630859375
0.76611328125
0.510498046875
0.762451171875
0.416748046875
0.74267578125
0.599365234375
0.605224609375
0.520751953125
0.53515625
0.55419921875
0.598876953125
0.367431640625
0.307861328125
0.552001953125
0.654296875
0.65966796875
0.60986328125
0.406494140625
0.4033203125
0.5107421875
0.50830078125
0.355712890625
0.498046875
0.60009765625
0.45703125
0.5205078125
0.797607421875
0.675537109375
0.683837890625
0.56982421875
0.90087890625
0.32666015625
0.843994140625
0.68603515625
0.760498046875
0.796142578125
0.540771484375
0.51123046875
0.635009765625
0.516357421875
0.646240234375
0.926513671875
0.5146484375
0.601318359375
0.491455078125
0.811279296875
0.5263671875
0.800537109375
0.580810546875
0.4091796875
0.48193359375
0.5673828125
0.487060546875
0.56201171875
0.614501953125
0.635986328125
0.699462890625
1.10107421875
0.659423828125
0.429443359375
0.81787109375
0.41259765625
0.3046875
0.53564453125
0.50341796875
0.49462890625
0.384033203125
0.57666015625
0.36474609375
0.522705078125
0.423583984375
0.455078125
0.794921875
0.434814453125
0.440673828125
0.37841796875
0.63818359375
0.412841796875
0.825927734375
0.624755859375
0.398193359375
0.72900390625
0.283203125
0.236572265625
0.619384765625
0.627685546875
0.642578125
0.630859375
0.73681640625
0.6533203125
0.596435546875
0.60986328125
0.286376953125
0.538330078125
0.4306640625
0.369140625
0.56787109375
0.568115234375
0.58544921875
0.2294921875
0.534423828125
0.684814453125
0.599365234375
0.36474609375
0.4580078125
0.444580078125
0.418701171875
0.4560546875
0.7919921875
0.51708984375
0.67578125
0.46923828125
0.766845703125
0.59326171875
0.667236328125
0.4443359375
0.727783203125
0.393798828125
0.3955078125
0.73876953125
0.3271484375
0.38720703125
0.739501953125
0.475341796875
0.348388671875
0.422607421875
0.60888671875
0.515625
0.439208984375
0.397216796875
0.62451171875
0.6591796875
0.476806640625
0.8056640625
0.716064453125
0.2978515625
0.49169921875
0.5625
0.537841796875
0.5771484375
0.50146484375
1.0107421875
0.296630859375
0.57177734375
0.72412109375
0.77099609375
0.476806640625
0.283447265625
0.533447265625
0.8818359375
0.552490234375
0.471435546875
0.852294921875
0.505615234375
0.292724609375
0.494873046875
0.614013671875
0.977294921875
0.634033203125
0.7158203125
0.394287109375
0.51806640625
0.39306640625
0.7373046875
0.267822265625
0.3076171875
0.597900390625
0.6533203125
0.658203125
0.364501953125
0.497802734375
0.760009765625
0.522705078125
0.8017578125
0.3896484375
0.52978515625
0.614501953125
0.58984375
0.51025390625
0.6044921875
0.335693359375
0.368896484375
0.376220703125
0.80078125
0.635009765625
0.520263671875
0.309326171875
0.6083984375
0.697265625
0.55419921875
0.610107421875
0.94580078125
0.537841796875
0.696044921875
0.670654296875
0.646240234375
0.23828125
0.50537109375
0.376953125
0.562255859375
0.45166015625
0.56005859375
0.640869140625
0.291259765625
0.5810546875
0.40087890625
0.56689453125
0.536376953125
0.31689453125
