0.182373046875
0.02734375
0.0966796875
0.11376953125
0.150634765625
0.039306640625
0.067626953125
0.044677734375
0.0517578125
0.293212890625
0.183349609375
0.162841796875
0.2685546875
0.105224609375
0.0966796875
0.134521484375
0.262451171875
0.06884765625
0.051513671875
0.061767578125
0.114013671875
0.181884765625
0.12890625
0.135009765625
0.10205078125
0.110107421875
0.050048828125
0.3642578125
0.072509765625
0.078125
0.115478515625
0.098876953125
0.078857421875
0.081298828125
0.056884765625
0.3095703125
0.138671875
0.104248046875
0.02734375
0.10595703125
0.043212890625
0.069580078125
0.19873046875
0.213623046875
0.0947265625
0.068603515625
0.30419921875
0.038818359375
0.14697265625
0.209716796875
0.096435546875
0.067626953125
0.324462890625
0.033935546875
0.099853515625
0.130615234375
0.098876953125
0.199951171875
0.322509765625
0.11279296875
0.093505859375
0.033447265625
0.22314453125
0.085205078125
0.06005859375
0.143798828125
0.1259765625
0.09912109375
0.065185546875
0.06884765625
0.0478515625
0.19287109375
0.109375
0.115966796875
0.099609375
0.15673828125
0.07373046875
0.3359375
0.148681640625
0.094970703125
0.130126953125
0.0390625
0.154541015625
0.116943359375
0.11474609375
0.181396484375
0.037109375
0.128173828125
0.046630859375
0.205322265625
0.061767578125
0.0771484375
0.0927734375
0.0830078125
0.19189453125
0.1005859375
0.15771484375
0.032958984375
0.10302734375
0.1298828125
0.38818359375
0.15234375
0.12841796875
0.1943359375
0.10791015625
0.230712890625
0.02880859375
0.1240234375
0.050537109375
0.069580078125
0.04443359375
0.039794921875
0.21044921875
0.1376953125
0.07080078125
0.162109375
0.13134765625
0.12744140625
0.086181640625
0.130126953125
0.12060546875
0.037109375
0.185302734375
0.045166015625
0.0908203125
0.169921875
0.0732421875
0.051025390625
0.0986328125
0.30810546875
0.115966796875
0.17333984375
0.1103515625
0.027587890625
0.09423828125
0.0546875
0.070068359375
0.05859375
0.026123046875
0.02978515625
0.0751953125
0.045654296875
0.15234375
0.075927734375
0.240966796875
0.187255859375
0.16455078125
0.16259765625
0.094970703125
0.0498046875
0.138916015625
0.115478515625
0.031982421875
0.122314453125
0.082763671875
0.060546875
0.04931640625
0.197265625
0.099853515625
0.055419921875
0.132568359375
0.201171875
0.029052734375
0.12744140625
0.1142578125
0.10107421875
0.061279296875
0.22314453125
0.056396484375
0.04248046875
0.0634765625
0.1142578125
0.1005859375
0.039306640625
0.14501953125
0.14501953125
0.061279296875
0.159423828125
0.089111328125
0.260986328125
0.203369140625
0.104248046875
0.079345703125
0.0478515625
0.131103515625
0.24365234375
0.04931640625
0.060302734375
0.148193359375
0.176513671875
0.17138671875
0.093017578125
0.147705078125
0.227783203125
0.050048828125
0.07275390625
0.141357421875
0.089599609375
0.174072265625
0.20068359375
0.055419921875
0.270263671875
0.059814453125
0.1435546875
0.1015625
0.12451171875
0.228271484375
0.0205078125
0.208740234375
0.080322265625
0.142822265625
0.19140625
0.23583984375
0.210693359375
0.033447265625
0.177978515625
0.03076171875
0.076416015625
0.08349609375
0.059326171875
0.07373046875
0.058837890625
0.09814453125
0.076416015625
0.100341796875
0.03271484375
0.51611328125
0.105712890625
0.060302734375
0.06591796875
0.11669921875
0.12841796875
0.22900390625
0.09326171875
0.072509765625
0.2451171875
0.0966796875
0.179931640625
0.22998046875
0.06640625
0.22314453125
0.025390625
0.1396484375
0.176025390625
0.1708984375
0.0576171875
0.091552734375
0.08837890625
0.21044921875
0.091796875
0.123291015625
0.071533203125
0.139404296875
0.1796875
0.25927734375
0.07666015625
0.235595703125
0.148193359375
0.072021484375
0.04638671875
0.136962890625
0.05322265625
0.2578125
0.036376953125
0.1162109375
0.063720703125
0.040771484375
0.042724609375
0.1298828125
0.302734375
0.148681640625
0.10986328125
0.2265625
0.104736328125
0.063720703125
0.12841796875
0.278564453125
0.093505859375
0.086181640625
0.171142578125
0.2255859375
0.058349609375
0.05859375
0.093505859375
0.1845703125
0.14208984375
0.141357421875
0.0390625
0.048828125
0.093994140625
0.044189453125
0.290771484375
0.03369140625
0.026611328125
0.077880859375
0.279052734375
0.07861328125
0.1318359375
0.16796875
0.097900390625
0.073486328125
0.072265625
0.157470703125
0.197509765625
0.08837890625
0.05810546875
0.20166015625
0.1787109375
0.2353515625
0.138916015625
0.248046875
0.05126953125
0.041748046875
0.178955078125
0.09814453125
0.0947265625
0.0400390625
0.140380859375
0.118896484375
0.1005859375
0.23193359375
0.113037109375
0.091552734375
0.440185546875
0.130615234375
0.157958984375
0.097412109375
0.03759765625
0.1748046875
0.116943359375
0.0380859375
0.131591796875
0.191162109375
0.17724609375
0.097900390625
0.145751953125
0.10791015625
0.06005859375
0.151123046875
0.04833984375
0.193359375
0.05224609375
0.068359375
0.031005859375
0.15869140625
0.196044921875
0.10302734375
0.149169921875
0.273681640625
0.07861328125
0.099853515625
0.23193359375
0.03955078125
0.11669921875
0.1826171875
0.13916015625
0.02978515625
0.101806640625
0.041748046875
0.352783203125
0.0380859375
0.402099609375
0.17431640625
0.06640625
0.17626953125
0.1064453125
0.146728515625
0.099853515625
0.1044921875
0.06103515625
0.109375
0.0732421875
0.044189453125
0.173095703125
0.21337890625
0.0400390625
0.195556640625
0.120849609375
0.277099609375
0.087890625
0.025390625
0.082275390625
0.0380859375
0.160888671875
0.148193359375
0.115234375
0.25732421875
0.14501953125
0.140380859375
0.0986328125
0.036865234375
0.114990234375
0.3115234375
0.1318359375
0.050537109375
0.180419921875
0.134521484375
0.134765625
0.095703125
0.093994140625
0.20458984375
0.052490234375
0.047607421875
0.166259765625
0.2607421875
0.061767578125
0.043701171875
0.197998046875
0.103759765625
0.34765625
0.07275390625
0.13623046875
0.03466796875
0.2265625
0.0478515625
0.04736328125
0.10498046875
0.0947265625
0.03955078125
0.22705078125
0.08544921875
0.031494140625
0.046142578125
0.078857421875
0.166015625
0.101318359375
0.094970703125
0.14404296875
0.065185546875
0.06103515625
0.098876953125
0.09130859375
0.079833984375
0.125
0.1572265625
0.087158203125
0.2080078125
0.03369140625
0.071533203125
0.03369140625
0.05810546875
0.144287109375
0.128173828125
0.15966796875
0.3857421875
0.078857421875
0.444091796875
0.310546875
0.1064453125
0.247314453125
0.16796875
0.205322265625
0.0546875
0.04931640625
0.135009765625
0.19775390625
0.085205078125
0.099609375
0.290771484375
0.04296875
0.106201171875
0.06591796875
0.118896484375
0.1162109375
0.212158203125
0.067626953125
0.06591796875
0.296875
0.050048828125
0.428955078125
0.1220703125
0.083251953125
0.044189453125
0.073974609375
0.038818359375
0.156494140625
0.075927734375
0.1298828125
0.140380859375
0.274658203125
0.114990234375
0.095947265625
0.021484375
0.121826171875
0.047119140625
0.1455078125
0.04150390625
0.1162109375
0.07275390625
0.06298828125
0.154052734375
0.0419921875
0.13623046875
0.068603515625
0.09912109375
0.060791015625
0.229736328125
0.0673828125
0.02685546875
0.181640625
