0.220947265625
0.451416015625
0.515625
0.484375
0.30078125
0.577880859375
0.3212890625
0.568359375
0.743896484375
0.50048828125
0.7041015625
0.284423828125
0.4130859375
0.33251953125
0.622802734375
0.3212890625
0.450927734375
0.61181640625
0.15478515625
0.61767578125
0.25439453125
0.26123046875
0.638916015625
0.638427734375
0.281494140625
0.474609375
0.4580078125
0.34228515625
0.431884765625
0.507568359375
0.421142578125
0.40185546875
0.326904296875
0.375732421875
0.69189453125
0.388916015625
0.63916015625
0.358154296875
0.352294921875
0.50732421875
0.7587890625
0.55615234375
0.833251953125
0.53173828125
0.595947265625
0.170166015625
0.41796875
0.258544921875
0.541748046875
0.4462890625
0.463134765625
0.48291015625
0.481201171875
0.292236328125
0.92138671875
0.72216796875
0.37548828125
0.516845703125
0.833740234375
0.63916015625
0.409423828125
0.43115234375
0.3154296875
0.622802734375
0.599365234375
0.402587890625
0.401611328125
0.5927734375
0.507568359375
0.260498046875
0.4130859375
0.739501953125
0.47509765625
0.439697265625
0.346923828125
0.3427734375
0.296630859375
0.660400390625
0.448974609375
0.54541015625
0.72802734375
0.41162109375
0.413330078125
0.619873046875
0.51318359375
0.575927734375
0.57763671875
0.439697265625
0.92919921875
0.52734375
0.528564453125
0.605712890625
0.709716796875
0.50341796875
0.435791015625
0.323974609375
0.412841796875
0.78125
0.32275390625
0.81787109375
0.688720703125
0.35546875
0.385009765625
0.3544921875
0.627685546875
0.444091796875
0.420166015625
0.43505859375
0.34228515625
0.50634765625
0.50390625
0.7119140625
0.429931640625
0.682861328125
0.2587890625
0.57275390625
0.531494140625
0.47216796875
0.49609375
0.569580078125
0.59033203125
0.486328125
0.91748046875
0.44580078125
0.34619140625
0.345947265625
0.38134765625
0.6875
0.400146484375
0.5908203125
0.58251953125
0.3447265625
0.280517578125
0.41845703125
0.31787109375
0.489990234375
0.454345703125
0.4765625
0.51611328125
0.57861328125
0.6884765625
0.388427734375
0.436767578125
0.23681640625
0.267333984375
0.66845703125
0.52587890625
0.479736328125
0.53857421875
0.24365234375
0.308349609375
0.37451171875
0.639404296875
0.395751953125
0.604248046875
0.467529296875
0.26318359375
0.510986328125
0.61669921875
0.48046875
1.266845703125
0.481689453125
0.504638671875
0.509521484375
1.062255859375
0.315673828125
0.756591796875
0.34130859375
0.585693359375
0.270751953125
0.33349609375
0.548583984375
0.2880859375
0.42822265625
0.384521484375
0.62744140625
0.481201171875
0.9853515625
0.546630859375
0.342529296875
0.175537109375
0.2265625
0.476318359375
0.1806640625
0.33544921875
0.603271484375
0.6484375
0.52099609375
0.603515625
0.373779296875
0.84765625
0.48095703125
0.423828125
0.579833984375
0.428955078125
0.75341796875
0.635986328125
0.154541015625
0.630615234375
0.3740234375
0.490478515625
0.64453125
0.484375
1.31591796875
0.33203125
0.484130859375
0.468994140625
0.52294921875
0.29541015625
0.264404296875
0.44287109375
0.464599609375
0.717529296875
0.395751953125
0.3740234375
0.7841796875
0.486083984375
0.335693359375
0.85205078125
0.39794921875
0.326171875
0.610595703125
0.618896484375
0.318603515625
0.408203125
0.6259765625
0.70458984375
0.531494140625
0.1884765625
0.775634765625
0.286376953125
0.64453125
0.223876953125
0.6669921875
0.497802734375
0.527099609375
0.62646484375
0.720703125
0.46142578125
0.3134765625
0.621337890625
0.652587890625
0.474609375
0.34814453125
0.679443359375
0.61865234375
0.399658203125
0.471435546875
0.49853515625
0.43798828125
0.458740234375
0.412841796875
0.521728515625
0.39404296875
0.55322265625
0.33349609375
0.410888671875
0.351318359375
0.358154296875
0.44140625
0.477294921875
0.4091796875
0.899169921875
0.60986328125
0.330322265625
0.498779296875
0.764404296875
0.520263671875
0.474609375
0.55224609375
0.507080078125
0.900390625
0.247802734375
0.305419921875
0.2978515625
0.48388671875
0.501708984375
0.67431640625
0.488525390625
0.24658203125
0.781005859375
0.554931640625
0.34521484375
0.5205078125
0.47119140625
0.625
0.3974609375
0.434326171875
0.736572265625
0.298095703125
0.512451171875
0.277099609375
0.688232421875
0.781005859375
0.549072265625
0.419189453125
0.5810546875
0.40576171875
0.689208984375
0.60302734375
0.344482421875
0.395751953125
0.289794921875
0.389892578125
0.459228515625
0.311767578125
0.480224609375
0.307861328125
0.836181640625
0.55517578125
0.404541015625
0.398193359375
0.468505859375
0.291748046875
0.176513671875
0.9013671875
0.21923828125
0.51318359375
0.51708984375
0.3095703125
0.483642578125
0.50732421875
0.650390625
0.64501953125
0.212646484375
0.130126953125
0.440185546875
0.512939453125
0.438232421875
0.65869140625
0.5205078125
0.652587890625
0.580810546875
0.58740234375
0.351318359375
0.403564453125
0.431396484375
0.327880859375
0.50830078125
0.338134765625
0.105224609375
0.232666015625
0.6943359375
0.59521484375
0.492431640625
0.537353515625
0.512939453125
0.399169921875
0.280029296875
0.409423828125
0.333251953125
0.58447265625
0.274658203125
0.33447265625
0.295166015625
0.526611328125
0.381591796875
0.385498046875
0.3203125
0.734619140625
0.56640625
0.493408203125
0.2744140625
0.310791015625
0.156982421875
0.676025390625
1.029541015625
0.50732421875
0.62890625
0.41748046875
0.4697265625
0.7646484375
0.297119140625
0.892333984375
0.132080078125
0.4052734375
0.403564453125
0.59814453125
0.240234375
0.50439453125
0.6689453125
0.551513671875
0.552490234375
0.28076171875
0.292236328125
0.343994140625
0.75439453125
0.410400390625
0.368896484375
0.293701171875
0.382568359375
0.490234375
0.480712890625
0.391845703125
0.40966796875
0.33154296875
0.396484375
0.7119140625
0.374267578125
0.395751953125
0.43603515625
0.442626953125
0.448486328125
0.5185546875
0.61865234375
0.488525390625
0.630126953125
0.177978515625
0.37939453125
0.5087890625
0.462890625
0.46826171875
0.49462890625
0.3271484375
0.660888671875
0.571533203125
0.701904296875
0.271484375
0.689208984375
0.6845703125
0.66650390625
0.570068359375
0.389892578125
0.697998046875
0.505615234375
0.289794921875
0.372802734375
0.282958984375
0.58447265625
0.427978515625
0.352783203125
0.693359375
0.9716796875
0.3125
0.354248046875
0.31640625
0.402099609375
0.4091796875
0.358642578125
0.409912109375
0.6650390625
0.6875
0.2119140625
0.43017578125
0.610595703125
0.805419921875
0.343994140625
0.40625
0.558837890625
0.25634765625
0.483154296875
0.622314453125
0.493408203125
0.433837890625
0.336669921875
0.3623046875
1.196044921875
0.73388671875
0.475830078125
0.44384765625
0.2197265625
0.42236328125
0.373779296875
0.35595703125
0.431640625
0.424072265625
0.6103515625
0.759033203125
0.819580078125
0.22509765625
0.563232421875
0.516357421875
0.426513671875
0.389892578125
0.445556640625
0.61279296875
0.279296875
0.3125
0.79345703125
0.677734375
0.1904296875
0.567138671875
0.477783203125
0.743896484375
0.775634765625
0.5751953125
0.313232421875
0.963623046875
0.374755859375
0.366455078125
0.66162109375
0.6845703125
0.525634765625
0.46435546875
0.68359375
0.4140625
0.283203125
0.340576171875
0.78076171875
0.5830078125
