0.10302734375
0.0732421875
0.138916015625
0.4384765625
0.18212890625
0.419677734375
0.146728515625
0.39990234375
0.364990234375
0.3232421875
0.28076171875
0.212890625
0.32080078125
0.1669921875
0.504150390625
0.425048828125
0.18701171875
0.15771484375
0.26416015625
0.20947265625
0.14111328125
0.276611328125
0.422607421875
0.296630859375
0.282470703125
0.08251953125
0.380615234375
0.100830078125
0.36962890625
0.210205078125
0.248046875
0.155029296875
0.0888671875
0.43408203125
0.260498046875
0.044921875
0.124755859375
0.12548828125
0.130615234375
0.26953125
0.16796875
0.056640625
0.139404296875
0.175537109375
0.209716796875
0.181884765625
0.254150390625
0.36376953125
0.213623046875
0.1240234375
0.173095703125
0.3271484375
0.126220703125
0.31689453125
0.07568359375
0.104736328125
0.09326171875
0.0908203125
0.677978515625
0.136962890625
0.360107421875
0.191162109375
0.15673828125
0.187744140625
0.14990234375
0.169189453125
0.2880859375
0.139404296875
0.320556640625
0.157470703125
0.207763671875
0.158447265625
0.290283203125
0.16015625
0.778076171875
0.307373046875
0.175048828125
0.390380859375
0.169677734375
0.118408203125
0.056884765625
0.178955078125
0.1708984375
0.23486328125
0.148193359375
0.0791015625
0.138671875
0.30908203125
0.106201171875
0.08740234375
0.078857421875
0.052978515625
0.216552734375
0.2265625
0.102783203125
0.43115234375
0.110595703125
0.34326171875
0.29345703125
0.41015625
0.1005859375
0.136474609375
0.077392578125
0.0283203125
0.540283203125
0.204833984375
0.29833984375
0.41943359375
0.156982421875
0.100341796875
0.578369140625
0.267333984375
0.119140625
0.222900390625
0.063232421875
0.121826171875
0.043701171875
0.162109375
0.06640625
0.0673828125
0.507568359375
0.236572265625
0.255859375
0.381103515625
0.29296875
0.323486328125
0.112060546875
0.215576171875
0.26806640625
0.065185546875
0.1884765625
0.10498046875
0.398193359375
0.192138671875
0.068359375
0.35400390625
0.36083984375
0.14208984375
0.216796875
0.125732421875
0.200927734375
0.207763671875
0.341064453125
0.237548828125
0.178955078125
0.159423828125
0.121337890625
0.20263671875
0.163818359375
0.229736328125
0.164306640625
0.079833984375
0.3515625
0.1640625
0.244140625
0.0888671875
0.113037109375
0.114013671875
0.2119140625
0.051513671875
0.04150390625
0.126220703125
0.34619140625
0.177978515625
0.14697265625
0.120849609375
0.22216796875
0.060791015625
0.325927734375
0.110107421875
0.285400390625
0.388916015625
0.098876953125
0.243408203125
0.330078125
0.228515625
0.458251953125
0.130615234375
0.3203125
0.290771484375
0.291259765625
0.40185546875
0.32763671875
0.259033203125
0.069091796875
0.229736328125
0.1953125
0.314453125
0.34228515625
0.20458984375
0.60302734375
0.156982421875
0.36328125
0.243896484375
0.310791015625
0.360595703125
0.289794921875
0.092529296875
0.22412109375
0.160400390625
0.2685546875
0.064208984375
0.236328125
0.297607421875
0.15576171875
0.047119140625
0.156982421875
0.373779296875
0.381103515625
0.149658203125
0.2490234375
0.216796875
0.282958984375
0.14453125
0.445068359375
0.093994140625
0.213623046875
0.08740234375
0.284423828125
0.1357421875
0.09033203125
0.106689453125
0.140869140625
0.165771484375
0.100341796875
0.157958984375
0.0908203125
0.2822265625
0.11767578125
0.164794921875
0.18701171875
0.121337890625
0.32177734375
0.253173828125
0.312255859375
0.16845703125
0.171630859375
0.14892578125
0.255126953125
0.160400390625
0.251220703125
0.0693359375
0.14501953125
0.3359375
0.213623046875
0.117431640625
0.155517578125
0.078857421875
0.14111328125
0.37255859375
0.277587890625
0.414306640625
0.16552734375
0.270751953125
0.112060546875
0.253662109375
0.185791015625
0.079833984375
0.21044921875
0.233154296875
0.151123046875
0.61572265625
0.3203125
0.28955078125
0.118896484375
0.353759765625
0.31884765625
0.2001953125
0.242431640625
0.2685546875
0.102783203125
0.1962890625
0.31982421875
0.13671875
0.13720703125
0.085205078125
0.08984375
0.0810546875
0.41259765625
0.14892578125
0.16015625
0.216552734375
0.371337890625
0.229248046875
0.259765625
0.12109375
0.052001953125
0.189697265625
0.174072265625
0.0302734375
0.10107421875
0.2001953125
0.344482421875
0.12939453125
0.139404296875
0.356201171875
0.130859375
0.1416015625
0.3125
0.06201171875
0.18408203125
0.308349609375
0.166015625
0.257080078125
0.308837890625
0.17724609375
0.097412109375
0.485107421875
0.39208984375
0.456787109375
0.36669921875
0.304443359375
0.13037109375
0.2646484375
0.333984375
0.1494140625
0.24072265625
0.167724609375
0.362548828125
0.177001953125
0.325927734375
0.218994140625
0.27490234375
0.246826171875
0.169677734375
0.072509765625
0.147705078125
0.173095703125
0.328369140625
0.08251953125
0.082275390625
0.108642578125
0.385498046875
0.57470703125
0.159423828125
0.389892578125
0.344970703125
0.18310546875
0.191162109375
0.30615234375
0.29638671875
0.361328125
0.223388671875
0.182861328125
0.2900390625
0.509765625
0.29052734375
0.19580078125
0.375244140625
0.232177734375
0.199462890625
0.131591796875
0.189453125
0.397216796875
0.31201171875
0.181640625
0.10302734375
0.228271484375
0.088623046875
0.357666015625
0.182861328125
0.216796875
0.093994140625
0.28857421875
0.40869140625
0.184326171875
0.1953125
0.212890625
0.16064453125
0.224853515625
0.14794921875
0.111083984375
0.332275390625
0.10791015625
0.209228515625
0.269775390625
0.348388671875
0.70263671875
0.244873046875
0.457275390625
0.150146484375
0.149169921875
0.125
0.390869140625
0.089111328125
0.055419921875
0.350830078125
0.3212890625
0.122314453125
0.0654296875
0.194580078125
0.18212890625
0.22705078125
0.24267578125
0.32275390625
0.291748046875
0.39013671875
0.23095703125
0.21923828125
0.385986328125
0.084228515625
0.209716796875
0.188720703125
0.117919921875
0.27734375
0.283935546875
0.277587890625
0.150634765625
0.068603515625
0.096923828125
0.296630859375
0.275146484375
0.073974609375
0.091064453125
0.178466796875
0.20849609375
0.33740234375
0.3388671875
0.126708984375
0.29150390625
0.658447265625
0.29541015625
0.080810546875
0.23779296875
0.4853515625
0.13232421875
0.326416015625
0.187255859375
0.264404296875
0.37939453125
0.155517578125
0.400146484375
0.073486328125
0.173095703125
0.241455078125
0.40673828125
0.42578125
0.183349609375
0.1669921875
0.15283203125
0.064453125
0.330322265625
0.068115234375
0.197021484375
0.1552734375
0.4765625
0.43505859375
0.144775390625
0.081787109375
0.094970703125
0.281982421875
0.421142578125
0.2548828125
0.622314453125
0.162109375
0.153564453125
0.414794921875
0.12109375
0.4755859375
0.22412109375
0.1650390625
0.1611328125
0.31494140625
0.06787109375
0.1357421875
0.22705078125
0.106201171875
0.08642578125
0.25
0.384033203125
0.10400390625
0.320556640625
0.253662109375
0.259521484375
0.109130859375
0.58544921875
0.208251953125
0.25390625
0.436279296875
0.11328125
0.4052734375
0.543701171875
0.27392578125
0.370361328125
0.09033203125
0.26318359375
0.515625
0.06494140625
0.394287109375
0.3115234375
0.118896484375
0.1103515625
0.2509765625
0.420166015625
0.08447265625
0.15283203125
0.145751953125
0.655517578125
0.181396484375
0.124267578125
