0.4189453125
0.569580078125
0.4326171875
0.607421875
0.546142578125
0.4384765625
0.532958984375
0.415283203125
0.519775390625
0.50830078125
0.61279296875
1.04150390625
0.673828125
0.563720703125
0.284912109375
0.45361328125
0.597412109375
0.247802734375
0.68359375
0.60693359375
0.429931640625
0.54345703125
0.72119140625
0.459716796875
0.46337890625
0.658935546875
0.705078125
0.75146484375
0.571044921875
0.571044921875
0.563232421875
0.3154296875
0.581298828125
0.508544921875
0.473876953125
0.3359375
0.516845703125
0.58056640625
0.506103515625
0.540283203125
0.443603515625
0.595947265625
0.51953125
0.639404296875
0.47900390625
0.625244140625
0.68310546875
0.775390625
0.46728515625
0.53662109375
0.659912109375
0.834228515625
0.6337890625
0.611572265625
0.425537109375
0.52392578125
0.7216796875
0.6826171875
0.641845703125
0.618896484375
1.090576171875
0.505615234375
0.523681640625
0.4267578125
0.75146484375
0.445068359375
0.55859375
0.606689453125
0.88818359375
0.671630859375
0.873291015625
0.49755859375
0.432373046875
0.478271484375
0.635009765625
0.474853515625
0.534912109375
0.43017578125
0.509765625
0.57177734375
0.964599609375
0.599609375
0.892333984375
0.635986328125
0.513427734375
0.6650390625
0.919677734375
0.40478515625
0.3447265625
0.67041015625
0.372802734375
0.315673828125
0.526611328125
0.484375
0.656005859375
0.591064453125
0.355712890625
0.730224609375
0.688720703125
0.5595703125
0.493896484375
0.744384765625
0.5546875
0.6708984375
0.78662109375
0.3310546875
0.95263671875
0.629150390625
0.786865234375
0.49853515625
0.48828125
0.47900390625
0.67041015625
0.3701171875
0.64990234375
0.669921875
0.6142578125
0.772216796875
1.071533203125
0.2861328125
0.498291015625
0.482666015625
0.5546875
0.7666015625
0.30224609375
0.8603515625
0.7822265625
0.77197265625
0.743408203125
0.654541015625
0.637451171875
0.466552734375
0.550048828125
0.58154296875
0.58837890625
0.81591796875
0.30859375
0.673095703125
0.78857421875
0.49951171875
0.69091796875
0.707275390625
0.4365234375
0.729248046875
0.662109375
1.011474609375
0.71826171875
0.50537109375
0.7294921875
0.69482421875
0.52294921875
0.4697265625
0.73486328125
0.70556640625
0.87109375
0.36767578125
0.572509765625
1.063720703125
0.62548828125
0.62939453125
0.623046875
0.5947265625
0.602294921875
0.5830078125
0.60400390625
0.472900390625
0.470947265625
0.46044921875
0.597900390625
0.396728515625
0.521240234375
0.455078125
0.655029296875
0.719970703125
0.611083984375
0.4189453125
0.591552734375
0.572021484375
0.639404296875
0.61328125
0.5791015625
0.4833984375
0.349365234375
0.398193359375
0.643310546875
0.446533203125
0.39306640625
0.359375
0.449951171875
0.720458984375
0.679443359375
0.840576171875
0.876708984375
0.478271484375
0.701904296875
0.432373046875
0.398681640625
0.78076171875
0.602783203125
0.55029296875
0.39208984375
0.60205078125
0.5
0.4775390625
0.454833984375
0.704833984375
0.769287109375
0.303466796875
0.44970703125
0.4365234375
0.733642578125
0.80517578125
0.589111328125
0.407958984375
0.466796875
1.02587890625
0.47412109375
0.70556640625
0.631591796875
0.646240234375
0.4189453125
0.395751953125
0.9501953125
0.931884765625
0.65380859375
0.531005859375
0.39599609375
0.387451171875
0.703857421875
0.7470703125
0.5380859375
0.320556640625
0.54736328125
0.51318359375
0.501220703125
0.263427734375
0.768310546875
0.530517578125
0.659912109375
0.475830078125
0.439697265625
0.760009765625
0.684326171875
0.534423828125
0.84765625
0.6689453125
0.575927734375
0.633544921875
0.789306640625
0.435302734375
0.49365234375
0.9453125
0.726318359375
0.655517578125
0.646728515625
0.46435546875
0.551513671875
0.564453125
0.473388671875
0.444091796875
0.52587890625
0.224365234375
0.87939453125
0.725830078125
0.573486328125
0.689208984375
0.40478515625
0.4609375
0.965576171875
0.47607421875
0.665771484375
0.478271484375
0.63720703125
0.525390625
0.442626953125
0.686279296875
0.493896484375
0.623291015625
0.693115234375
0.765380859375
0.779052734375
0.531982421875
0.735595703125
0.61181640625
0.369873046875
0.619140625
0.538330078125
0.63232421875
0.779296875
0.634521484375
0.525634765625
0.88330078125
0.46923828125
0.38232421875
0.49365234375
0.56494140625
0.429931640625
0.468017578125
0.308837890625
0.713134765625
0.776611328125
0.377197265625
0.4951171875
0.585693359375
0.6865234375
0.450439453125
0.654296875
0.7294921875
0.390625
0.568115234375
0.81396484375
0.42626953125
0.463623046875
0.53125
0.302001953125
0.519287109375
0.788818359375
0.741943359375
0.509033203125
0.4794921875
0.867431640625
0.676513671875
0.740966796875
0.791015625
0.47314453125
0.607666015625
0.62646484375
0.7275390625
0.674560546875
0.614501953125
0.7333984375
0.8671875
0.615478515625
0.55615234375
0.460693359375
0.646240234375
0.505615234375
0.580322265625
0.666748046875
0.34375
0.5029296875
0.6826171875
0.611083984375
0.352294921875
0.68994140625
0.51806640625
0.189453125
0.718505859375
0.40625
0.707763671875
0.415283203125
0.52490234375
0.320068359375
0.635498046875
0.585693359375
0.8330078125
0.844482421875
0.41650390625
0.548828125
0.567138671875
0.148193359375
0.579833984375
0.472412109375
0.791259765625
0.457275390625
0.655517578125
0.964111328125
0.370361328125
0.447265625
0.398193359375
0.237060546875
0.369384765625
0.377197265625
0.27978515625
0.554443359375
0.425048828125
0.56640625
0.435302734375
0.7109375
0.63916015625
0.351318359375
0.432861328125
0.54150390625
0.2998046875
0.86083984375
0.8994140625
0.40869140625
0.757080078125
0.388671875
0.800537109375
0.474853515625
0.398193359375
0.5234375
0.685546875
0.574462890625
0.909423828125
0.8623046875
0.477294921875
0.40185546875
0.475341796875
0.388671875
0.420654296875
0.34375
0.659423828125
0.7451171875
0.5947265625
0.693115234375
0.943603515625
0.358642578125
0.481201171875
0.9072265625
0.505126953125
0.331787109375
0.7529296875
0.632568359375
0.4521484375
0.533203125
0.4306640625
0.66259765625
0.618408203125
0.483154296875
0.33251953125
0.703125
0.903564453125
0.556884765625
0.633056640625
0.594970703125
0.496826171875
0.364013671875
0.413330078125
0.426513671875
0.35888671875
0.63427734375
0.4638671875
0.3310546875
0.214599609375
0.510986328125
1.010498046875
0.851318359375
0.432373046875
0.563232421875
0.517822265625
0.56591796875
0.591064453125
0.4580078125
0.750244140625
1.05810546875
0.49755859375
0.4111328125
0.73291015625
0.556640625
0.35302734375
0.355224609375
0.55859375
0.4140625
0.597900390625
0.426513671875
0.88671875
0.40576171875
0.453125
0.360107421875
0.70166015625
0.776611328125
0.29345703125
0.552734375
0.50732421875
0.5869140625
0.723876953125
0.39208984375
0.47900390625
0.48486328125
0.71875
0.44384765625
0.457275390625
0.656982421875
0.36376953125
0.7978515625
0.8623046875
0.800537109375
0.618408203125
0.576904296875
0.2783203125
0.367919921875
0.6513671875
0.577880859375
0.652587890625
0.591796875
0.5751953125
0.49462890625
0.528564453125
0.689697265625
0.58935546875
0.76171875
0.701416015625
0.24072265625
0.446533203125
0.763916015625
0.388427734375
0.620361328125
0.798828125
