0.20263671875
0.252685546875
0.300537109375
0.04736328125
0.12744140625
0.2119140625
0.10986328125
0.274658203125
0.0966796875
0.285400390625
0.252685546875
0.5302734375
0.09765625
0.651123046875
0.249755859375
0.197998046875
0.3203125
0.340576171875
0.224609375
0.123779296875
0.094482421875
0.549560546875
0.06591796875
0.3759765625
0.279052734375
0.182373046875
0.146240234375
0.46240234375
0.229248046875
0.094970703125
0.208740234375
0.228515625
0.193603515625
0.200927734375
0.279541015625
0.331787109375
0.1259765625
0.10595703125
0.550537109375
0.166748046875
0.247802734375
0.5927734375
0.4716796875
0.176513671875
0.192138671875
0.488037109375
0.124267578125
0.1455078125
0.0703125
0.068115234375
0.062255859375
0.124755859375
0.05419921875
0.115966796875
0.357177734375
0.114013671875
0.129638671875
0.260986328125
0.185302734375
0.390625
0.287353515625
0.14794921875
0.103759765625
0.140625
0.28759765625
0.04736328125
0.23388671875
0.202880859375
0.194580078125
0.31494140625
0.505859375
0.13525390625
0.3984375
0.170166015625
0.188232421875
0.29443359375
0.097412109375
0.091796875
0.117919921875
0.367431640625
0.1806640625
0.185546875
0.301025390625
0.08203125
0.229248046875
0.49609375
0.3447265625
0.045654296875
0.287841796875
0.11376953125
0.13037109375
0.395751953125
0.14599609375
0.204833984375
0.619873046875
0.171142578125
0.286376953125
0.05322265625
0.261474609375
0.114501953125
0.106689453125
0.2861328125
0.534912109375
0.15673828125
0.515625
0.125244140625
0.39404296875
0.25
0.259521484375
0.3125
0.147705078125
0.172119140625
0.157958984375
0.410888671875
0.54052734375
0.240966796875
0.1494140625
0.05419921875
0.280517578125
0.407958984375
0.297119140625
0.11767578125
0.34033203125
0.099609375
0.1826171875
0.08642578125
0.15087890625
0.23095703125
0.773681640625
0.11572265625
0.57763671875
0.10546875
0.095703125
0.09716796875
0.1396484375
0.16748046875
0.058837890625
0.054931640625
0.116455078125
0.2978515625
0.0771484375
0.2470703125
0.144775390625
0.261474609375
0.318115234375
0.3623046875
0.085693359375
0.41552734375
0.07470703125
0.241943359375
0.110595703125
0.23486328125
0.185791015625
0.07958984375
0.168701171875
0.192626953125
0.094482421875
0.15087890625
0.225341796875
0.279052734375
0.237548828125
0.173828125
0.357177734375
0.18359375
0.19091796875
0.40966796875
0.056640625
0.02099609375
0.109375
0.32421875
0.161376953125
0.187744140625
0.1865234375
0.207275390625
0.462890625
0.191162109375
0.193359375
0.391357421875
0.145751953125
0.2685546875
0.106201171875
0.82763671875
0.16845703125
0.124267578125
0.2177734375
0.108154296875
0.0615234375
0.088134765625
0.101318359375
0.129150390625
0.16748046875
0.84912109375
0.18798828125
0.233154296875
0.267822265625
0.25830078125
0.181640625
0.1845703125
0.199951171875
0.0693359375
0.33544921875
0.143798828125
0.319580078125
0.080078125
0.278564453125
0.275146484375
0.16064453125
0.297607421875
0.208251953125
0.395263671875
0.12646484375
0.18310546875
0.356689453125
0.171875
0.403076171875
0.219970703125
0.268310546875
0.43212890625
0.10302734375
0.119384765625
0.122314453125
0.408447265625
0.338134765625
0.246337890625
0.169677734375
0.189453125
0.153076171875
0.349609375
0.23486328125
0.068603515625
0.527587890625
0.330810546875
0.21728515625
0.181396484375
0.10888671875
0.195068359375
0.092041015625
0.140869140625
0.219482421875
0.171142578125
0.271484375
0.294921875
0.454833984375
0.156005859375
0.2236328125
0.344482421875
0.090087890625
0.140380859375
0.253662109375
0.18603515625
0.24658203125
0.287841796875
0.107666015625
0.128662109375
0.0849609375
0.0986328125
0.279541015625
0.21875
0.19580078125
0.466552734375
0.237548828125
0.339111328125
0.177490234375
0.114013671875
0.152099609375
0.176025390625
0.202880859375
0.3046875
0.218505859375
0.371826171875
0.19287109375
0.4794921875
0.09130859375
0.10400390625
0.13720703125
0.34033203125
0.315673828125
0.4111328125
0.216796875
0.147705078125
0.378662109375
0.49658203125
0.10205078125
0.206787109375
0.252197265625
0.211669921875
0.05322265625
0.18408203125
0.09033203125
0.57421875
0.057373046875
0.26220703125
0.126953125
0.18408203125
0.74755859375
0.1064453125
0.13671875
0.323486328125
0.166015625
0.259033203125
0.14453125
0.16015625
0.137451171875
0.34619140625
0.10498046875
0.244873046875
0.27587890625
0.0927734375
0.348388671875
0.155029296875
0.103271484375
0.489990234375
0.220947265625
0.180419921875
0.20263671875
0.159423828125
0.205810546875
0.080810546875
0.084716796875
0.203125
0.134521484375
0.19140625
0.5400390625
0.1552734375
0.253173828125
0.252685546875
0.400390625
0.30419921875
0.08837890625
0.29296875
0.094970703125
0.19873046875
0.084716796875
0.06982421875
0.238525390625
0.126953125
0.115966796875
0.320556640625
0.136962890625
0.27197265625
0.282470703125
0.158447265625
0.10107421875
0.257568359375
0.307373046875
0.1572265625
0.306640625
0.07666015625
0.19873046875
0.1953125
0.0947265625
0.13134765625
0.40087890625
0.388916015625
0.16943359375
0.21044921875
0.34228515625
0.380859375
0.523193359375
0.12841796875
0.777587890625
0.14697265625
0.257080078125
0.278076171875
0.1904296875
0.34423828125
0.337890625
0.11865234375
0.2216796875
0.072509765625
0.283935546875
0.11865234375
0.181884765625
0.24267578125
0.193603515625
0.136474609375
0.11962890625
0.05224609375
0.144287109375
0.24267578125
0.37841796875
0.093994140625
0.1484375
0.3232421875
0.30859375
0.1484375
0.22216796875
0.078857421875
0.215576171875
0.17333984375
0.124755859375
0.271240234375
0.35302734375
0.11328125
0.318115234375
0.2060546875
0.079345703125
0.041748046875
0.38818359375
0.14599609375
0.12158203125
0.083740234375
0.079833984375
0.0390625
0.06591796875
0.17431640625
0.1826171875
0.2001953125
0.235595703125
0.1591796875
0.23681640625
0.135986328125
0.239990234375
0.15283203125
0.26611328125
0.203125
0.246337890625
0.089111328125
0.545654296875
0.30029296875
0.12255859375
0.35498046875
0.318115234375
0.157470703125
0.0869140625
0.37548828125
0.18017578125
0.185791015625
0.161376953125
0.20654296875
0.404052734375
0.20703125
0.1474609375
0.085693359375
0.284423828125
0.64404296875
0.02685546875
0.35595703125
0.386962890625
0.061767578125
0.060546875
0.3447265625
0.088623046875
0.29150390625
0.204833984375
0.212646484375
0.173583984375
0.336181640625
0.308837890625
0.149658203125
0.129150390625
0.398193359375
0.154052734375
0.08984375
0.34326171875
0.09716796875
0.483154296875
0.05126953125
0.065185546875
0.5517578125
0.36328125
0.070556640625
0.125244140625
0.104736328125
0.167236328125
0.0830078125
0.1865234375
0.140380859375
0.02587890625
0.21142578125
0.48046875
0.157958984375
0.118896484375
0.306640625
0.276123046875
0.179931640625
0.302734375
0.1904296875
0.124267578125
0.175537109375
0.15380859375
0.05322265625
0.092529296875
0.320068359375
0.468017578125
0.205322265625
0.562255859375
0.1484375
0.234619140625
0.373046875
0.3203125
0.157470703125
0.19384765625
0.349853515625
0.072998046875
0.332763671875
0.272705078125
0.22021484375
0.131103515625
0.446044921875
