0.875
0.875
0.875
0.875
0.875
0.875
0.875
0.875
0.875
1.1588134765625
0.88812255859375
1.0606689453125
0.97979736328125
0.8660888671875
1.137451171875
0.86334228515625
1.008544921875
1.0286865234375
0.91168212890625
0.80194091796875
0.736328125
0.92449951171875
0.9866943359375
1.05316162109375
0.89385986328125
0.83477783203125
0.99560546875
0.9366455078125
0.965576171875
0.8787841796875
0.97796630859375
1.0147705078125
0.905029296875
0.89898681640625
1.0162353515625
0.76092529296875
0.91796875
0.94384765625
0.94921875
0.941650390625
1.00933837890625
1.0244140625
0.915771484375
0.94708251953125
0.941162109375
1.2322998046875
1.0755615234375
1.03106689453125
0.889892578125
0.93365478515625
0.776611328125
0.85040283203125
0.94049072265625
0.998046875
1.0411376953125
0.94049072265625
1.0028076171875
0.94866943359375
1.1441650390625
0.87860107421875
0.9364013671875
0.912353515625
1.03021240234375
0.9422607421875
0.94012451171875
0.77056884765625
0.81536865234375
1.06109619140625
1.1361083984375
1.061279296875
1.01495361328125
1.02899169921875
0.97735595703125
0.87322998046875
1.11285400390625
0.768798828125
0.96881103515625
0.87396240234375
0.97674560546875
0.81005859375
1.02587890625
0.81854248046875
0.95745849609375
0.9071044921875
0.860595703125
1.0196533203125
0.91473388671875
1.0372314453125
0.9105224609375
0.883056640625
0.8233642578125
0.97509765625
0.96014404296875
0.89422607421875
1.16546630859375
1.02923583984375
0.88153076171875
0.8560791015625
0.79046630859375
1.041748046875
0.88043212890625
0.79388427734375
0.8587646484375
0.983642578125
0.91937255859375
1.00457763671875
1.0242919921875
0.93817138671875
1.0142822265625
0.9354248046875
0.9169921875
1.034423828125
0.95489501953125
0.89434814453125
0.9285888671875
0.85205078125
0.82330322265625
1.020751953125
0.8695068359375
1.0616455078125
0.97625732421875
0.929443359375
0.8236083984375
0.99212646484375
0.99468994140625
1.156005859375
0.78265380859375
0.7564697265625
0.89617919921875
0.8604736328125
0.99932861328125
0.8782958984375
0.8399658203125
0.95947265625
0.97808837890625
0.91900634765625
1.07940673828125
0.8472900390625
1.027587890625
1.07330322265625
0.8709716796875
1.0633544921875
0.86199951171875
0.80645751953125
0.80389404296875
0.843017578125
1.044189453125
0.816162109375
0.95233154296875
1.09832763671875
0.90203857421875
0.89520263671875
0.92938232421875
0.88397216796875
0.8958740234375
1.09722900390625
0.85833740234375
0.942626953125
0.83721923828125
0.9365234375
1.04486083984375
1.00836181640625
1.01605224609375
1.033203125
0.9697265625
0.86480712890625
1.03192138671875
1.002685546875
1.005615234375
1.0111083984375
0.8516845703125
0.91033935546875
0.97088623046875
1.12640380859375
1.01007080078125
1.07061767578125
1.03802490234375
0.947021484375
1.17193603515625
0.987060546875
0.78271484375
0.91571044921875
0.97882080078125
0.99609375
0.97491455078125
0.88677978515625
0.97161865234375
0.9490966796875
0.92041015625
0.92156982421875
0.9962158203125
0.98883056640625
0.947265625
0.93463134765625
0.9261474609375
0.84405517578125
1.15423583984375
1.06488037109375
0.87261962890625
0.90594482421875
1.01873779296875
0.9090576171875
0.95831298828125
0.949462890625
0.95782470703125
1.00506591796875
0.86981201171875
0.94464111328125
0.904052734375
0.94384765625
0.75567626953125
0.83209228515625
0.888427734375
0.9698486328125
0.9615478515625
0.72747802734375
0.7923583984375
0.972412109375
0.96807861328125
0.88568115234375
1.11114501953125
0.97509765625
1.047607421875
0.78765869140625
0.98992919921875
0.91986083984375
1.0184326171875
0.88336181640625
0.88623046875
1.02947998046875
0.94769287109375
0.870361328125
0.9278564453125
0.93792724609375
0.95965576171875
0.929443359375
0.9803466796875
0.9197998046875
0.87750244140625
0.92254638671875
0.9683837890625
1.00848388671875
1.0224609375
0.8333740234375
1.0054931640625
0.9813232421875
0.98150634765625
0.99884033203125
0.92626953125
0.9266357421875
0.990966796875
0.98602294921875
0.945556640625
1.09112548828125
0.9219970703125
0.938720703125
1.01904296875
1.00958251953125
0.837890625
0.84820556640625
0.9932861328125
0.9327392578125
1.00750732421875
0.837158203125
1.071533203125
0.91253662109375
1.0758056640625
0.9178466796875
0.8150634765625
0.99664306640625
0.8057861328125
0.8131103515625
0.82470703125
0.9483642578125
1.06866455078125
1.118408203125
0.93524169921875
0.96539306640625
0.96978759765625
1.023193359375
0.97894287109375
1.03729248046875
0.97528076171875
1.0263671875
0.9400634765625
0.89599609375
1.03997802734375
1.038330078125
1.02154541015625
0.7772216796875
1.0538330078125
0.95123291015625
1.02447509765625
0.90765380859375
0.8480224609375
0.87493896484375
0.9735107421875
0.8465576171875
0.97723388671875
0.9869384765625
0.97210693359375
1.11785888671875
0.81292724609375
1.00665283203125
0.98529052734375
1.02691650390625
1.01416015625
0.96722412109375
1.03558349609375
0.82232666015625
0.86773681640625
0.9573974609375
0.89056396484375
0.88800048828125
0.99041748046875
1.05963134765625
0.89251708984375
1.0904541015625
1.0186767578125
0.8544921875
0.8275146484375
0.991943359375
1.00634765625
0.87799072265625
0.9937744140625
0.82244873046875
1.09228515625
1.02142333984375
1.09820556640625
1.05450439453125
1.03076171875
0.9637451171875
0.9993896484375
0.91473388671875
1.0321044921875
1.1500244140625
0.77490234375
0.9437255859375
0.90679931640625
1.0899658203125
0.83447265625
1.07757568359375
0.910400390625
0.9677734375
0.9940185546875
1.0784912109375
1.04302978515625
1.0228271484375
0.94769287109375
1.09259033203125
0.951171875
0.99798583984375
0.9051513671875
0.79302978515625
0.9364013671875
0.9691162109375
0.88519287109375
0.85614013671875
1.01080322265625
0.9410400390625
1.06378173828125
1.14324951171875
0.99273681640625
0.87591552734375
1.1240234375
1.0430908203125
0.8809814453125
0.8538818359375
0.8128662109375
0.95428466796875
0.904541015625
0.884521484375
1.17828369140625
0.92608642578125
0.891845703125
1.0079345703125
1.00958251953125
0.886474609375
0.97174072265625
0.75201416015625
0.8887939453125
1.01202392578125
0.8106689453125
0.89959716796875
0.9720458984375
0.933837890625
1.0205078125
0.92034912109375
0.9652099609375
1.03680419921875
0.84356689453125
0.8216552734375
0.8819580078125
0.8282470703125
1.00225830078125
0.962890625
1.07952880859375
0.88385009765625
0.9068603515625
0.98956298828125
1.1171875
0.94635009765625
0.93670654296875
1.06268310546875
1.0904541015625
1.03839111328125
0.8892822265625
0.9462890625
1.02825927734375
0.90155029296875
0.8929443359375
0.95611572265625
0.91717529296875
0.84222412109375
0.98992919921875
0.93914794921875
0.9197998046875
0.95831298828125
0.8734130859375
1.0802001953125
1.06011962890625
1.0576171875
1.02923583984375
0.9510498046875
0.924560546875
0.94818115234375
1.0062255859375
0.9930419921875
0.8438720703125
0.93896484375
0.823974609375
1.036865234375
1.070068359375
1.01513671875
1.02459716796875
0.99652099609375
1.0751953125
0.908935546875
0.9039306640625
0.92083740234375
1.0576171875
0.7969970703125
0.84002685546875
0.77838134765625
0.94244384765625
1.02667236328125
0.96875
0.98211669921875
0.94476318359375
0.8267822265625
0.93243408203125
0.9150390625
1.09063720703125
0.928955078125
1.0584716796875
0.89208984375
0.90093994140625
0.9765625
1.037841796875
1.095458984375
0.91204833984375
1.04998779296875
1.08074951171875
0.8856201171875
1.06646728515625
0.9688720703125
0.90191650390625
0.93804931640625
0.9771728515625
0.84222412109375
0.80731201171875
0.93206787109375
0.77496337890625
1.04840087890625
0.97467041015625
0.80059814453125
0.88775634765625
0.7769775390625
0.89947509765625
1.00042724609375
0.90240478515625
0.8812255859375
0.9244384765625
0.8404541015625
0.96270751953125
0.8472900390625
1.0111083984375
0.8203125
0.96282958984375
0.88531494140625
1.05194091796875
0.95794677734375
0.86279296875
0.94317626953125
0.9281005859375
0.79522705078125
0.92999267578125
0.71942138671875
0.79248046875
1.06768798828125
0.97882080078125
0.86651611328125
1.12335205078125
0.93731689453125
0.79339599609375
0.80560302734375
0.88006591796875
0.86920166015625
1.1278076171875
0.884765625
0.84417724609375
0.890380859375
1.00787353515625
0.8466796875
1.0208740234375
0.9884033203125
0.800537109375
0.81842041015625
0.9072265625
0.95733642578125
0.99945068359375
1.08587646484375
0.97344970703125
0.8021240234375
0.9395751953125
0.96820068359375
0.8148193359375
0.773681640625
0.759033203125
0.979248046875
0.79486083984375
1.11798095703125
0.85614013671875
0.67401123046875
0.93878173828125
0.81494140625
0.84405517578125
0.96514892578125
1.03558349609375
0.98394775390625
0.9306640625
1.03692626953125
0.94635009765625
0.896240234375
1.02520751953125
0.91326904296875
0.95806884765625
1.04376220703125
1.1236572265625
0.943115234375
0.7783203125
0.9912109375
0.85601806640625
1.05706787109375
0.87701416015625
0.972412109375
0.78851318359375
0.9268798828125
1.08953857421875
0.84002685546875
0.8988037109375
0.8497314453125
0.72406005859375
0.85400390625
0.9705810546875
0.9591064453125
0.992919921875
0.9840087890625
0.8333740234375
0.90521240234375
0.9063720703125
1.00775146484375
0.96649169921875
0.81768798828125
0.9581298828125
0.87445068359375
0.92974853515625
0.94708251953125
0.97613525390625
1.0745849609375
0.7430419921875
0.9439697265625
1.06768798828125
0.965087890625
0.85455322265625
1.013671875
0.88446044921875
0.87725830078125
0.969482421875
0.95111083984375
0.9521484375
1.00494384765625
1.04266357421875
0.84716796875
1.14208984375
0.82830810546875
0.959228515625
1.0245361328125
0.9879150390625
0.88519287109375
1.020263671875
1.0076904296875
0.851318359375
0.8690185546875
1.018798828125
1.01422119140625
0.96600341796875
0.96307373046875
0.8616943359375
0.83258056640625
1.0152587890625
0.84637451171875
1.06787109375
0.96978759765625
0.9200439453125
0.82489013671875
1.04638671875
1.01141357421875
1.10699462890625
0.881103515625
0.9547119140625
1.14703369140625
1.04541015625
0.9468994140625
1.01361083984375
0.98876953125
0.8504638671875
1.03094482421875
0.92669677734375
1.0709228515625
0.9869384765625
0.93603515625
1.086181640625
0.95538330078125
0.985107421875
0.76824951171875
0.7135009765625
0.91375732421875
0.965087890625
0.920166015625
0.945556640625
1.04248046875
0.8616943359375
0.97662353515625
1.10546875
0.9771728515625
0.93389892578125
1.18756103515625
0.945556640625
1.008544921875
1.056884765625
0.9661865234375
0.87432861328125
0.99346923828125
0.8387451171875
0.95843505859375
0.78619384765625
0.946533203125
0.834228515625
1.02459716796875
0.9757080078125
0.83050537109375
0.7904052734375
0.9136962890625
1.036865234375
1.0606689453125
0.94781494140625
0.93865966796875
0.98602294921875
0.97540283203125
0.92755126953125
1.00665283203125
0.951904296875
0.86572265625
0.81683349609375
0.95416259765625
0.932373046875
1.00628662109375
1.03173828125
0.93878173828125
0.9293212890625
0.9183349609375
1.09765625
1.09136962890625
0.9866943359375
0.8870849609375
1.032470703125
1.22601318359375
0.9869384765625
1.03009033203125
0.88250732421875
0.90673828125
0.8828125
0.84869384765625
0.93548583984375
0.963134765625
0.976318359375
0.94830322265625
0.90582275390625
0.74017333984375
0.7794189453125
1.1761474609375
0.947021484375
0.798095703125
1.06903076171875
0.93353271484375
1.09112548828125
0.86663818359375
0.9605712890625
0.65167236328125
1.0999755859375
0.95751953125
0.83795166015625
0.957763671875
0.93316650390625
0.8846435546875
0.879150390625
0.9588623046875
0.99853515625
1.06304931640625
0.90264892578125
0.96417236328125
1.03692626953125
0.88543701171875
0.97369384765625
1.01885986328125
0.884033203125
0.8663330078125
0.982177734375
0.80548095703125
1.15374755859375
0.8436279296875
0.87347412109375
0.89801025390625
0.986083984375
0.7275390625
1.0460205078125
0.808837890625
0.9564208984375
0.97015380859375
0.78778076171875
1.03363037109375
0.907470703125
0.93212890625
1.01123046875
0.8885498046875
0.91632080078125
0.9437255859375
0.9324951171875
0.89453125
0.7928466796875
0.92962646484375
0.97308349609375
0.8916015625
0.9251708984375
0.91412353515625
0.9906005859375
0.98284912109375
0.9425048828125
0.96173095703125
1.08184814453125
1.05419921875
0.8741455078125
0.99072265625
1.02410888671875
0.92462158203125
0.86163330078125
0.84259033203125
0.81103515625
1.04046630859375
0.74359130859375
1.02337646484375
0.875244140625
0.711669921875
0.9268798828125
0.86669921875
0.902587890625
1.01068115234375
0.98443603515625
1.02276611328125
0.98834228515625
1.0015869140625
1.11358642578125
0.84564208984375
0.9727783203125
0.84381103515625
0.88726806640625
0.97698974609375
0.7955322265625
0.95269775390625
1.03338623046875
0.88824462890625
1.12200927734375
1.03790283203125
0.89569091796875
0.9306640625
0.92242431640625
1.05633544921875
1.01934814453125
0.884033203125
0.93243408203125
0.9635009765625
0.908935546875
0.86590576171875
0.86138916015625
0.8447265625
0.8671875
1.00091552734375
0.882080078125
1.0093994140625
0.97784423828125
0.87030029296875
0.9632568359375
0.87750244140625
0.95013427734375
0.9105224609375
0.84539794921875
0.953125
0.9664306640625
0.9766845703125
0.8345947265625
0.82080078125
0.97613525390625
1.00970458984375
0.87786865234375
1.0562744140625
0.93963623046875
0.97625732421875
0.91607666015625
0.9383544921875
1.02471923828125
0.99285888671875
1.07623291015625
0.92828369140625
0.7901611328125
0.82574462890625
0.94024658203125
1.0
0.8140869140625
0.87103271484375
1.01025390625
0.89862060546875
1.03045654296875
1.01812744140625
0.82073974609375
0.94677734375
0.9027099609375
1.017333984375
0.96954345703125
0.971923828125
1.02471923828125
1.02923583984375
1.022216796875
0.86822509765625
1.0338134765625
0.85357666015625
0.95806884765625
1.1123046875
0.9913330078125
1.1832275390625
1.04461669921875
0.9600830078125
1.03790283203125
0.96759033203125
0.94891357421875
0.9991455078125
0.85089111328125
0.83929443359375
1.001220703125
1.01788330078125
0.8067626953125
1.0589599609375
0.9129638671875
0.981689453125
1.06561279296875
0.864501953125
0.8779296875
0.97528076171875
0.80938720703125
0.78033447265625
0.7054443359375
0.8941650390625
0.913330078125
1.05352783203125
1.04132080078125
0.87628173828125
1.0546875
0.88470458984375
0.9219970703125
0.97015380859375
1.0526123046875
0.93414306640625
1.0946044921875
0.84490966796875
0.866455078125
0.9539794921875
0.95269775390625
0.92913818359375
1.12664794921875
0.9632568359375
0.920166015625
1.0504150390625
1.028564453125
0.84783935546875
0.903564453125
0.830810546875
1.0267333984375
0.91156005859375
1.16241455078125
1.02880859375
0.9285888671875
0.96075439453125
1.02764892578125
0.93035888671875
1.0252685546875
0.98443603515625
0.92578125
1.12628173828125
0.6602783203125
1.10400390625
0.87432861328125
1.0023193359375
0.8673095703125
0.87152099609375
0.9820556640625
0.9442138671875
1.0267333984375
1.06646728515625
1.01458740234375
0.8695068359375
0.85723876953125
0.9913330078125
0.847900390625
0.880126953125
1.0997314453125
0.946044921875
1.06744384765625
0.85296630859375
0.9080810546875
0.94830322265625
1.0712890625
0.89501953125
0.843017578125
0.8480224609375
0.759765625
0.95745849609375
0.89453125
1.075927734375
0.89849853515625
0.9696044921875
1.10943603515625
1.02166748046875
0.81103515625
0.84808349609375
1.13494873046875
0.8936767578125
1.00543212890625
0.9635009765625
1.0145263671875
0.8773193359375
1.01788330078125
0.93414306640625
0.89495849609375
1.0645751953125
1.0172119140625
0.94580078125
1.11065673828125
0.78973388671875
0.93792724609375
0.937744140625
1.0133056640625
0.96142578125
0.967529296875
1.078369140625
1.061279296875
0.97802734375
0.934326171875
0.87298583984375
0.95989990234375
0.89984130859375
0.968017578125
0.93487548828125
1.17681884765625
0.83184814453125
1.01690673828125
0.98565673828125
0.85791015625
1.0118408203125
0.9422607421875
0.90826416015625
0.9239501953125
1.0501708984375
0.920654296875
0.8936767578125
0.93701171875
0.87176513671875
0.9056396484375
