0.0
0.0
0.0
0.0
1.1201171875
1.17681884765625
0.98443603515625
1.1129150390625
1.2337646484375
1.1376953125
0.0
0.0
0.0
0.0
1.2357177734375
0.8958740234375
1.1473388671875
1.0616455078125
1.2908935546875
0.0
0.0
0.0
1.158447265625
0.96612548828125
1.027587890625
0.97735595703125
1.05413818359375
1.1490478515625
1.08734130859375
0.0
0.0
0.0
1.10223388671875
1.26983642578125
0.0
0.0
1.11810302734375
1.138427734375
1.04486083984375
1.2164306640625
0.0
0.0
0.0
0.0
0.0
0.0
0.0
1.11614990234375
1.2203369140625
1.14544677734375
0.0
0.0
0.0
0.0
0.0
0.0
1.4134521484375
0.987548828125
1.21929931640625
0.0
0.0
0.0
0.0
0.99212646484375
1.10833740234375
1.160888671875
1.04595947265625
1.2379150390625
0.0
0.0
0.0
0.0
1.02349853515625
1.17645263671875
0.93670654296875
1.0084228515625
0.0
0.0
0.0
1.211669921875
1.1168212890625
0.9676513671875
0.0
0.0
0.0
0.0
0.9715576171875
1.00592041015625
1.17510986328125
1.076904296875
0.0
0.0
0.0
0.0
0.0
1.14141845703125
1.0625
0.867919921875
1.18017578125
0.966064453125
1.05108642578125
0.0
0.0
0.0
0.0
0.0
0.0
1.20050048828125
1.09808349609375
1.08978271484375
0.0
0.0
0.0
0.0
0.0
0.0
0.0
1.07855224609375
0.819091796875
0.997802734375
0.9970703125
0.0
0.0
0.0
1.01104736328125
0.0
0.0
0.0
0.0
0.0
0.0
1.0281982421875
0.92791748046875
0.9107666015625
0.0
0.0
1.04718017578125
1.04669189453125
0.0
0.0
1.07080078125
1.07562255859375
0.0
0.0
0.0
0.0
0.0
0.0
1.1917724609375
1.06243896484375
1.19427490234375
0.0
0.0
1.1099853515625
1.0650634765625
0.0
0.0
0.0
0.0
0.0
0.0
0.0
1.13922119140625
1.048583984375
1.06463623046875
0.0
0.0
0.0
1.05511474609375
0.92645263671875
0.0
0.0
0.0
0.0
0.0
1.05194091796875
1.0322265625
1.0484619140625
0.0
0.0
1.21307373046875
1.147216796875
1.12847900390625
1.14111328125
1.1339111328125
0.90472412109375
1.0841064453125
1.16168212890625
0.0
0.0
0.0
0.0
0.0
0.0
1.133544921875
1.33221435546875
1.0433349609375
1.02777099609375
1.0927734375
0.0
0.0
0.0
0.0
0.0
0.0
0.0
1.20806884765625
1.1002197265625
1.13330078125
1.1378173828125
0.0
0.0
0.0
0.96832275390625
1.145263671875
0.9443359375
1.14813232421875
1.00262451171875
0.0
0.0
0.99859619140625
1.0140380859375
0.0
1.00177001953125
1.0419921875
0.0
0.0
0.0
1.12945556640625
1.00927734375
1.02337646484375
0.0
0.0
0.0
0.0
1.0726318359375
1.127197265625
1.01556396484375
1.12176513671875
0.0
0.0
0.0
0.0
0.0
1.10284423828125
1.04229736328125
1.0306396484375
1.0811767578125
0.96380615234375
1.06732177734375
0.0
0.0
0.0
0.0
0.0
1.043701171875
1.06646728515625
1.02606201171875
0.0
0.0
1.06011962890625
1.02545166015625
1.02606201171875
0.97357177734375
1.23944091796875
1.0833740234375
1.09259033203125
0.0
0.0
0.0
0.0
1.08782958984375
1.15753173828125
1.080322265625
1.0205078125
1.0396728515625
0.0
0.0
0.0
0.0
0.0
0.0
0.0
1.09735107421875
1.20196533203125
1.0950927734375
0.0
0.0
0.0
0.0
0.0
0.0
1.16851806640625
0.0
0.0
0.0
0.0
1.09539794921875
1.10198974609375
1.00836181640625
0.0
0.0
0.0
0.0
0.0
0.0
0.0
1.06292724609375
1.15460205078125
0.0
0.0
0.0
1.052978515625
1.0115966796875
1.041259765625
0.98553466796875
1.07305908203125
0.0
0.0
0.0
1.1036376953125
1.11981201171875
1.17022705078125
0.0
0.0
0.0
0.0
0.0
0.0
1.0723876953125
1.109375
1.08709716796875
0.0
0.0
0.0
1.05523681640625
0.0
0.0
0.0
0.0
0.0
0.0
0.0
1.1400146484375
0.957763671875
1.2177734375
1.04473876953125
1.0372314453125
0.0
0.0
0.0
1.10723876953125
1.0386962890625
1.199951171875
1.15814208984375
0.0
0.0
0.0
0.0
1.11907958984375
1.11260986328125
1.1844482421875
1.17962646484375
0.0
0.0
1.09381103515625
1.08074951171875
0.0
0.0
1.11962890625
0.9859619140625
1.23675537109375
0.0
0.0
1.2171630859375
0.0
0.0
0.0
0.0
0.0
0.0
0.0
1.0772705078125
1.12689208984375
1.03704833984375
0.0
0.0
0.0
0.0
1.05426025390625
0.99029541015625
1.1845703125
1.06805419921875
0.0
0.0
0.0
1.0465087890625
0.92059326171875
1.14691162109375
0.0
0.0
0.0
0.0
0.0
0.0
1.21478271484375
1.28302001953125
1.06781005859375
1.10272216796875
0.0
0.0
0.0
0.0
0.0
0.0
1.1424560546875
1.196533203125
1.00726318359375
0.0
0.0
0.0
0.0
0.0
0.0
1.0281982421875
1.002685546875
1.01434326171875
1.072265625
1.30218505859375
0.0
0.0
0.0
0.0
0.0
0.0
0.0
0.0
0.0
1.000244140625
1.02197265625
0.97796630859375
1.2347412109375
1.1341552734375
1.1278076171875
1.191650390625
1.07611083984375
1.15478515625
1.07379150390625
0.0
0.0
0.0
0.0
0.0
0.0
1.1380615234375
0.9805908203125
1.10107421875
1.07098388671875
0.9285888671875
0.0
1.2784423828125
0.8902587890625
1.12786865234375
0.95220947265625
1.12091064453125
1.15838623046875
1.00189208984375
0.0
0.0
0.0
0.0
0.0
0.0
0.0
1.01019287109375
1.18914794921875
1.19573974609375
1.07989501953125
0.0
0.0
0.0
0.0
0.0
0.0
0.0
1.1055908203125
1.0880126953125
1.09381103515625
0.0
0.0
0.0
1.11187744140625
1.10711669921875
1.03131103515625
1.22021484375
1.08197021484375
1.08087158203125
0.0
0.0
0.0
0.0
0.97528076171875
1.11663818359375
1.0721435546875
1.04998779296875
1.1473388671875
1.09820556640625
0.0
0.0
0.0
1.230712890625
1.116455078125
1.0775146484375
0.0
0.0
0.0
0.0
0.0
0.0
1.101318359375
1.181884765625
1.15057373046875
1.30377197265625
1.223388671875
1.1337890625
1.19244384765625
0.0
0.0
1.13330078125
1.18096923828125
1.04150390625
1.09466552734375
0.0
0.0
0.0
0.0
1.07489013671875
1.00152587890625
1.1201171875
0.86370849609375
1.37200927734375
0.0
0.0
0.0
0.98345947265625
1.16497802734375
1.05181884765625
0.9892578125
0.0
0.0
0.0
0.0
0.0
0.0
1.044189453125
0.0
0.0
0.0
0.0
0.0
0.0
0.0
1.0445556640625
1.16259765625
1.053955078125
0.98248291015625
0.0
0.0
0.0
0.0
1.13177490234375
0.9183349609375
1.13226318359375
1.1534423828125
1.09747314453125
1.04315185546875
0.0
0.0
0.0
1.02655029296875
0.0
0.0
0.0
1.02178955078125
1.1109619140625
1.05718994140625
0.0
0.0
0.0
0.0
0.0
0.0
0.0
0.0
1.10858154296875
1.02264404296875
1.0147705078125
1.11505126953125
1.00396728515625
1.08148193359375
0.0
0.0
0.0
0.0
0.0
0.0
1.0040283203125
1.11627197265625
0.0
0.0
0.0
0.0
0.0
0.0
0.96685791015625
1.113037109375
0.0
0.0
1.18072509765625
0.95501708984375
1.00634765625
1.3192138671875
1.071533203125
1.04400634765625
1.08673095703125
0.0
0.0
0.0
0.99871826171875
1.14837646484375
1.01031494140625
1.0762939453125
1.07977294921875
0.0
0.0
0.0
0.0
1.12286376953125
0.98846435546875
1.04681396484375
1.1534423828125
0.0
0.0
0.0
0.0
0.0
1.0845947265625
1.07781982421875
1.0596923828125
1.05096435546875
0.0
0.0
0.0
0.0
0.0
1.173095703125
0.986328125
1.1978759765625
0.0
0.0
0.0
0.0
1.12060546875
0.0
0.0
0.0
0.0
0.0
0.0
1.22369384765625
1.19012451171875
1.14056396484375
0.990966796875
1.16412353515625
1.21295166015625
0.0
0.0
0.0
0.0
1.1273193359375
0.8927001953125
1.08026123046875
0.0
0.0
0.0
1.11798095703125
1.119140625
0.9156494140625
1.147216796875
1.21099853515625
0.0
0.0
0.0
1.0430908203125
0.906494140625
0.0
0.0
0.0
0.0
0.92431640625
1.02984619140625
0.997314453125
0.0
0.0
0.0
0.0
0.0
1.18438720703125
1.1458740234375
1.01202392578125
1.0076904296875
1.0087890625
1.151123046875
0.0
0.0
0.0
0.0
0.90899658203125
0.962158203125
0.0
0.0
0.0
0.0
0.0
0.0
0.0
0.0
0.0
0.0
0.0
1.0877685546875
0.92340087890625
1.02783203125
1.20391845703125
1.107666015625
0.0
0.0
0.0
1.0958251953125
1.17138671875
0.0
0.0
0.0
0.0
1.19329833984375
1.0096435546875
1.16265869140625
0.0
0.0
0.0
0.0
1.12384033203125
0.9783935546875
1.00823974609375
1.0299072265625
0.92218017578125
1.02044677734375
0.0
0.0
1.18511962890625
0.98199462890625
0.946533203125
0.0
0.0
0.0
0.0
0.0
1.0057373046875
1.07305908203125
1.11688232421875
1.12603759765625
1.20404052734375
0.0
0.0
0.0
0.0
0.0
0.0
0.0
1.1190185546875
1.283447265625
1.08843994140625
0.0
0.0
0.0
0.0
0.0
1.18896484375
1.21673583984375
0.97882080078125
1.1585693359375
0.0
0.0
0.0
0.0
1.05743408203125
0.0
0.0
0.0
0.0
0.0
1.075927734375
0.89398193359375
1.03436279296875
1.2044677734375
0.93707275390625
0.95458984375
1.09149169921875
0.0
0.0
0.0
0.0
0.0
0.0
0.0
0.0
1.0469970703125
1.1221923828125
1.166259765625
0.0
0.0
0.0
1.099609375
0.0
0.0
0.0
0.0
1.249267578125
0.99029541015625
1.22381591796875
0.0
0.0
0.0
0.0
0.0
0.0
0.0
1.19598388671875
1.29949951171875
1.02996826171875
1.02288818359375
0.0
0.0
0.0
0.0
1.027587890625
0.0
0.0
0.0
1.08465576171875
0.963623046875
1.06817626953125
0.0
0.0
0.0
0.0
0.0
0.0
0.0
0.0
1.02471923828125
1.0430908203125
1.0570068359375
1.21990966796875
0.0
1.22381591796875
1.0322265625
1.0032958984375
0.0
0.0
1.02630615234375
0.98284912109375
1.17291259765625
0.9405517578125
0.0
0.0
1.1898193359375
1.1009521484375
1.107666015625
1.0059814453125
1.00360107421875
0.0
0.0
0.98248291015625
1.00396728515625
1.1519775390625
0.0
0.0
1.06390380859375
1.2030029296875
1.23870849609375
1.19580078125
1.06463623046875
0.0
0.0
0.0
0.0
1.269775390625
1.21148681640625
1.040771484375
1.0892333984375
1.234619140625
1.0650634765625
0.0
0.0
0.0
1.1058349609375
1.14886474609375
1.02764892578125
1.10858154296875
0.0
0.0
0.0
0.0
0.0
0.0
1.0706787109375
0.0
0.0
0.0
0.0
0.0
0.0
0.95166015625
0.9627685546875
0.958251953125
0.0
0.0
1.07379150390625
1.11395263671875
1.076416015625
0.0
0.0
0.0
0.0
0.0
0.0
1.17742919921875
1.1502685546875
1.23388671875
1.2266845703125
1.2677001953125
0.0
0.0
0.0
0.0
1.09002685546875
1.11077880859375
1.202392578125
0.0
0.0
0.0
0.0
0.0
1.03094482421875
0.9879150390625
1.1138916015625
0.0
0.0
0.0
0.0
0.0
0.0
1.1298828125
1.0655517578125
1.03045654296875
0.0
0.0
0.0
0.0
1.2032470703125
1.20697021484375
1.16998291015625
0.0
0.0
0.0
0.0
0.0
0.0
1.022705078125
1.06591796875
1.20111083984375
1.090576171875
0.0
0.0
0.0
0.0
1.00927734375
1.0911865234375
0.9554443359375
0.0
0.0
0.0
0.0
