0.0
0.902587890625
0.902587890625
0.97833251953125
1.05975341796875
1.02410888671875
1.02996826171875
1.1177978515625
1.0714111328125
1.06781005859375
0.86456298828125
0.0
0.0
0.97314453125
0.939697265625
0.97540283203125
0.9490966796875
0.96099853515625
0.9344482421875
0.0
0.0
0.80523681640625
1.0704345703125
0.8212890625
1.0404052734375
1.1041259765625
0.8851318359375
1.0987548828125
1.009521484375
0.89398193359375
1.0396728515625
0.0
1.1695556640625
1.05364990234375
0.91094970703125
0.9691162109375
0.99774169921875
0.9530029296875
0.0
0.0
0.9188232421875
1.0869140625
0.904541015625
0.95086669921875
1.15185546875
1.04803466796875
0.92425537109375
1.058349609375
0.0
0.0
0.94268798828125
1.03662109375
1.0628662109375
1.00067138671875
1.1026611328125
0.9002685546875
0.0
0.0
0.0
0.0
0.95635986328125
0.855712890625
1.0367431640625
0.97540283203125
1.0809326171875
0.94122314453125
0.846435546875
0.0
0.0
0.89556884765625
0.93438720703125
1.0213623046875
0.9134521484375
0.95697021484375
1.0687255859375
0.95458984375
0.9278564453125
1.02337646484375
0.94171142578125
1.06939697265625
0.9263916015625
1.08477783203125
0.82769775390625
1.02044677734375
1.0628662109375
1.050048828125
0.95318603515625
1.00225830078125
1.26580810546875
0.9344482421875
1.0592041015625
1.13909912109375
0.9510498046875
1.04241943359375
1.02978515625
1.016357421875
0.0
1.06158447265625
0.874267578125
1.0084228515625
1.0821533203125
1.05926513671875
0.96551513671875
0.95196533203125
0.9639892578125
0.978515625
0.8116455078125
0.0
0.96746826171875
0.88824462890625
1.11090087890625
0.90948486328125
0.98675537109375
0.99951171875
1.015380859375
1.13134765625
0.0
1.03240966796875
1.0609130859375
0.82720947265625
1.03350830078125
1.10675048828125
0.96856689453125
0.978759765625
1.00897216796875
1.08551025390625
0.0
1.08551025390625
1.035888671875
0.843017578125
0.0
1.0921630859375
0.82476806640625
0.93621826171875
0.0
1.04888916015625
0.8856201171875
0.8350830078125
0.89959716796875
1.0482177734375
0.9796142578125
0.9503173828125
0.9864501953125
0.93914794921875
1.05352783203125
0.92095947265625
0.0
0.0
0.0
0.9202880859375
1.0592041015625
0.96661376953125
0.9268798828125
1.03045654296875
0.9287109375
1.002197265625
1.0029296875
1.00750732421875
0.92041015625
0.9140625
0.94927978515625
1.04443359375
0.998046875
1.052490234375
1.04412841796875
0.837158203125
0.0
0.0
0.9918212890625
1.03729248046875
1.0504150390625
0.0
0.0
1.06805419921875
0.98309326171875
1.25469970703125
0.92950439453125
1.014892578125
1.04498291015625
0.96661376953125
0.9742431640625
1.05078125
0.99102783203125
0.0
0.0
0.0
0.96484375
0.953369140625
1.0550537109375
1.058837890625
0.92449951171875
0.93536376953125
0.0
0.0
0.0
0.87591552734375
0.966064453125
1.00146484375
1.03948974609375
0.89349365234375
1.15606689453125
1.00091552734375
1.06439208984375
1.041015625
0.95635986328125
1.003173828125
0.97698974609375
0.88336181640625
1.10821533203125
0.99273681640625
0.98724365234375
0.978759765625
0.0
0.0
0.91357421875
1.17498779296875
0.9652099609375
1.05072021484375
0.77001953125
1.00732421875
0.8887939453125
0.96954345703125
0.0
0.0
0.0
1.00103759765625
0.865478515625
1.0904541015625
0.933349609375
0.7857666015625
0.97216796875
0.97821044921875
0.81915283203125
0.81951904296875
0.94036865234375
0.8524169921875
1.10308837890625
0.9866943359375
0.0
0.0
1.07305908203125
0.97283935546875
0.960693359375
0.899169921875
0.9573974609375
0.8603515625
1.08984375
0.0
0.94671630859375
1.21270751953125
0.835205078125
0.94091796875
0.795166015625
0.0
0.0
0.91192626953125
0.9910888671875
1.04693603515625
0.943115234375
0.9359130859375
0.90985107421875
0.91351318359375
0.9107666015625
0.0
0.0
0.0
0.0
0.0
0.97430419921875
1.03179931640625
1.0262451171875
0.86553955078125
0.84100341796875
0.959228515625
0.941650390625
1.03448486328125
0.0
0.0
1.07464599609375
1.1109619140625
0.96875
0.98681640625
0.0
0.0
0.0
1.07672119140625
0.89398193359375
0.9033203125
0.0
0.0
0.0
0.0
1.06817626953125
1.0321044921875
0.94171142578125
0.0
0.0
0.98199462890625
1.10284423828125
0.94415283203125
0.87457275390625
1.1083984375
0.99395751953125
0.9466552734375
0.95599365234375
0.0
0.0
0.0
1.0390625
1.00457763671875
1.03118896484375
1.060546875
1.03741455078125
1.11907958984375
1.08636474609375
0.9453125
0.0
1.05938720703125
0.75885009765625
0.8443603515625
0.94024658203125
0.93463134765625
0.9432373046875
0.9654541015625
0.0
1.1412353515625
1.04229736328125
0.95709228515625
0.92083740234375
0.0
0.0
0.9329833984375
1.1676025390625
0.825927734375
0.98974609375
1.02276611328125
0.92340087890625
0.84283447265625
0.88629150390625
0.92926025390625
0.95648193359375
0.88946533203125
0.94390869140625
0.0
0.90850830078125
0.96142578125
1.00921630859375
1.111083984375
1.0081787109375
0.852294921875
0.8011474609375
0.98834228515625
1.04840087890625
0.9490966796875
0.9659423828125
1.0587158203125
1.06427001953125
0.89056396484375
1.04833984375
0.82391357421875
1.0426025390625
0.924072265625
0.91815185546875
0.0
1.0374755859375
0.911376953125
0.859130859375
1.0262451171875
0.974609375
1.02886962890625
1.22015380859375
0.99664306640625
0.89996337890625
0.87164306640625
1.0029296875
1.05035400390625
0.0
0.0
1.02362060546875
1.01654052734375
0.9161376953125
0.81787109375
0.96783447265625
0.0
0.0
1.141357421875
0.96923828125
1.083984375
0.9925537109375
1.16693115234375
0.79522705078125
0.96722412109375
1.05938720703125
0.0
0.0
1.09674072265625
1.0042724609375
0.9898681640625
0.99517822265625
0.99676513671875
0.0
0.0
0.0
0.0
0.9805908203125
1.139404296875
0.87640380859375
1.02606201171875
0.93988037109375
0.88934326171875
0.843017578125
0.9459228515625
0.0
0.0
0.0
0.92236328125
0.94512939453125
0.83966064453125
1.00506591796875
0.9371337890625
0.90655517578125
0.0
0.0
1.00225830078125
0.93609619140625
0.9989013671875
0.9195556640625
1.0404052734375
0.83697509765625
1.003173828125
1.13690185546875
0.9815673828125
1.08709716796875
0.92724609375
0.0
0.8822021484375
0.97613525390625
0.88861083984375
1.16473388671875
0.971923828125
0.93292236328125
1.010986328125
1.026123046875
0.99749755859375
0.910888671875
0.0
0.0
0.0
1.07501220703125
1.00189208984375
1.10577392578125
0.86260986328125
1.010498046875
1.0882568359375
0.9541015625
1.0494384765625
1.01971435546875
0.8787841796875
1.201416015625
0.80084228515625
0.88037109375
1.12542724609375
1.10186767578125
1.1612548828125
0.94677734375
0.0
0.89752197265625
1.0601806640625
0.8134765625
0.99786376953125
0.80291748046875
1.05255126953125
1.09381103515625
0.0
0.98150634765625
1.0694580078125
1.0931396484375
1.04473876953125
0.90740966796875
0.98089599609375
0.0
0.9779052734375
0.9825439453125
1.1197509765625
1.06341552734375
1.029296875
1.0662841796875
0.89239501953125
0.937744140625
0.0
0.0
0.0
0.9691162109375
0.83770751953125
1.03436279296875
0.8858642578125
0.0
0.0
1.20025634765625
0.9722900390625
1.0181884765625
0.8995361328125
0.80712890625
0.0
0.0
1.004638671875
0.84765625
0.89361572265625
0.896240234375
0.78997802734375
0.89678955078125
0.80474853515625
1.0064697265625
0.0
0.9832763671875
0.9183349609375
0.845947265625
1.01708984375
0.891357421875
0.80328369140625
1.0640869140625
0.0
0.0
0.841552734375
0.95556640625
1.021728515625
0.0
1.14483642578125
1.02740478515625
1.1456298828125
1.0068359375
1.04541015625
0.99615478515625
0.0
1.1861572265625
0.9903564453125
1.15386962890625
1.03759765625
1.05230712890625
1.0535888671875
1.1527099609375
0.96612548828125
0.0
0.0
0.88134765625
1.03546142578125
0.87530517578125
1.2255859375
0.91180419921875
0.9351806640625
0.83380126953125
0.87158203125
1.03485107421875
1.0716552734375
0.8157958984375
0.9742431640625
0.93890380859375
1.11505126953125
0.9169921875
1.00152587890625
0.0
0.0
0.93035888671875
0.9931640625
0.9122314453125
0.9259033203125
0.95947265625
1.06219482421875
0.95245361328125
0.0
1.01715087890625
1.1146240234375
1.12469482421875
0.0
0.84637451171875
0.94342041015625
0.90185546875
1.00457763671875
0.7747802734375
1.0902099609375
0.9708251953125
0.9471435546875
0.0
0.0
0.88336181640625
0.9700927734375
0.9886474609375
0.87701416015625
0.0
0.98138427734375
1.19012451171875
1.0155029296875
0.99432373046875
0.988525390625
1.00823974609375
0.97247314453125
0.89752197265625
1.0955810546875
0.0
0.92633056640625
1.1026611328125
1.0614013671875
1.083740234375
0.98260498046875
1.14776611328125
0.0
1.1060791015625
0.98870849609375
0.90625
1.16607666015625
1.13446044921875
0.8883056640625
0.0
0.0
0.89208984375
0.71954345703125
0.9345703125
0.9490966796875
0.9385986328125
0.0
0.90283203125
1.06182861328125
0.0
0.0
0.0
0.82476806640625
1.06939697265625
1.03289794921875
1.0982666015625
0.98828125
1.14898681640625
0.96673583984375
0.0
0.919677734375
1.01171875
0.92303466796875
1.00347900390625
0.92999267578125
1.019287109375
0.9910888671875
0.91571044921875
0.0
0.0
0.0
1.06365966796875
0.9228515625
1.0836181640625
0.994140625
0.98846435546875
0.883544921875
1.03387451171875
0.0
0.0
0.944091796875
1.081298828125
0.94207763671875
0.7457275390625
1.03955078125
0.98126220703125
0.9906005859375
0.94244384765625
0.9095458984375
0.8709716796875
0.0
0.0
1.01348876953125
1.05572509765625
0.91937255859375
1.07177734375
0.93902587890625
1.0107421875
1.10247802734375
0.9117431640625
0.90740966796875
1.15655517578125
0.87066650390625
1.19000244140625
1.140869140625
0.0
1.069580078125
1.17315673828125
0.92144775390625
0.93438720703125
0.9456787109375
0.0
0.0
1.0838623046875
0.95086669921875
0.90380859375
1.0867919921875
0.9393310546875
0.0
0.98834228515625
1.01776123046875
0.92840576171875
0.947998046875
1.03045654296875
0.96881103515625
1.053955078125
1.14154052734375
0.0
0.0
0.96514892578125
0.8333740234375
1.05743408203125
1.01861572265625
0.9661865234375
0.942626953125
1.07049560546875
0.9505615234375
1.01751708984375
0.0
1.0401611328125
0.95147705078125
0.9266357421875
1.07330322265625
0.88916015625
0.94622802734375
0.0
0.920166015625
1.0655517578125
1.02789306640625
0.97100830078125
0.98040771484375
0.9107666015625
0.94964599609375
1.02447509765625
1.02764892578125
0.69268798828125
1.1051025390625
0.92083740234375
0.88525390625
1.0792236328125
0.0
1.16033935546875
0.9910888671875
0.95452880859375
1.10675048828125
0.0
1.05328369140625
0.96905517578125
1.1197509765625
0.0
0.72882080078125
1.005615234375
0.99591064453125
1.1541748046875
0.94976806640625
0.0
0.89483642578125
1.02642822265625
1.0433349609375
0.943359375
1.046875
0.0
0.0
1.06488037109375
0.97137451171875
1.14385986328125
0.99249267578125
0.92230224609375
0.9954833984375
0.916259765625
1.05859375
1.11944580078125
0.0
0.0
1.02008056640625
1.0667724609375
0.9005126953125
0.9208984375
0.88153076171875
1.15509033203125
0.941162109375
0.96856689453125
0.877197265625
0.0
0.0
1.02899169921875
0.9967041015625
0.992431640625
0.96148681640625
1.0185546875
0.8775634765625
0.96514892578125
1.01220703125
0.0
1.01055908203125
0.941650390625
1.07586669921875
0.9827880859375
0.9232177734375
0.93634033203125
1.083984375
1.13427734375
1.02484130859375
0.95220947265625
1.0439453125
0.91552734375
0.850830078125
0.0
0.0
0.90966796875
0.9676513671875
0.98529052734375
1.0865478515625
0.95220947265625
0.93536376953125
0.0
0.0
0.79376220703125
1.01776123046875
0.9344482421875
0.93072509765625
1.0125732421875
0.9781494140625
1.00848388671875
1.06402587890625
0.0
0.90545654296875
0.93609619140625
1.01214599609375
0.93817138671875
1.02569580078125
0.8494873046875
0.88433837890625
0.9605712890625
1.0406494140625
1.11553955078125
0.81011962890625
1.01165771484375
0.957763671875
0.91314697265625
0.0
0.0
0.9844970703125
0.85150146484375
0.85321044921875
0.9501953125
0.0
1.024169921875
1.0201416015625
1.19708251953125
0.92987060546875
0.9827880859375
1.02496337890625
0.0
0.0
1.102294921875
0.89862060546875
1.08636474609375
1.036865234375
0.98004150390625
0.98101806640625
0.89849853515625
0.0
0.948486328125
0.9580078125
1.0860595703125
0.92242431640625
0.97833251953125
0.9522705078125
1.06671142578125
1.03173828125
0.81634521484375
1.11468505859375
0.88427734375
0.0
1.00445556640625
0.98089599609375
1.13739013671875
1.0316162109375
0.9815673828125
0.918701171875
0.96484375
0.9434814453125
1.0947265625
1.0845947265625
0.8388671875
1.04949951171875
0.805419921875
0.96026611328125
0.86480712890625
0.93292236328125
1.08697509765625
1.03961181640625
1.1749267578125
0.9383544921875
0.9345703125
0.85833740234375
0.8736572265625
1.1251220703125
1.00262451171875
0.98828125
0.97625732421875
1.1573486328125
0.0
0.0
0.0
0.968505859375
0.876708984375
0.9091796875
0.90362548828125
1.15728759765625
1.13128662109375
1.02069091796875
0.982177734375
1.13848876953125
1.17449951171875
1.1204833984375
0.877197265625
0.0
0.0
0.0
1.10491943359375
1.0177001953125
1.1466064453125
0.9476318359375
0.8983154296875
1.013916015625
1.2318115234375
1.06878662109375
0.0
0.0
0.982666015625
0.9896240234375
1.10675048828125
0.88531494140625
0.92877197265625
1.025146484375
0.9368896484375
0.952880859375
0.9754638671875
1.17047119140625
1.06585693359375
0.96441650390625
0.86859130859375
0.0
0.0
0.93780517578125
0.9501953125
0.748046875
0.0
0.884521484375
0.95758056640625
0.9075927734375
1.12078857421875
1.11199951171875
0.89141845703125
1.0177001953125
0.9949951171875
0.97918701171875
0.95721435546875
0.9171142578125
1.04412841796875
0.90789794921875
0.9407958984375
1.0614013671875
0.98529052734375
0.0
0.0
0.0
0.0
1.14361572265625
0.83001708984375
0.86163330078125
0.87994384765625
0.87860107421875
0.0
0.98779296875
0.91571044921875
0.91290283203125
0.989013671875
0.9964599609375
0.89141845703125
0.78564453125
1.02532958984375
0.99658203125
0.87664794921875
1.21661376953125
0.93804931640625
0.9144287109375
0.0
0.0
0.9234619140625
1.011962890625
0.9761962890625
1.0341796875
0.99102783203125
1.1138916015625
0.92535400390625
0.0
0.0
0.0
0.99078369140625
0.9075927734375
0.875
0.9403076171875
0.99822998046875
