0.9764404296875
0.9764404296875
0.9764404296875
0.9764404296875
0.9764404296875
0.9764404296875
0.9764404296875
0.9764404296875
0.9764404296875
1.25732421875
1.01904296875
1.12646484375
1.09326171875
0.94012451171875
1.2186279296875
0.95562744140625
1.10284423828125
1.1248779296875
1.01104736328125
0.8836669921875
0.88397216796875
1.06353759765625
1.10235595703125
1.18426513671875
1.02392578125
0.894775390625
1.162841796875
1.043212890625
1.098388671875
1.006103515625
1.08099365234375
1.19873046875
0.996337890625
1.0189208984375
1.11627197265625
0.94110107421875
1.03973388671875
1.04986572265625
1.0472412109375
1.05487060546875
1.1063232421875
1.1044921875
1.00726318359375
1.07989501953125
1.022216796875
1.4075927734375
1.23565673828125
1.10235595703125
1.04571533203125
1.06732177734375
0.91497802734375
0.98175048828125
1.04376220703125
1.1180419921875
1.1353759765625
1.03668212890625
1.1279296875
1.0985107421875
1.22589111328125
0.978515625
1.085693359375
1.03240966796875
1.1083984375
1.063720703125
1.06182861328125
0.87615966796875
0.885986328125
1.24713134765625
1.276123046875
1.1964111328125
1.13153076171875
1.1422119140625
1.1134033203125
1.028076171875
1.16973876953125
0.89617919921875
1.05963134765625
0.994384765625
1.11834716796875
0.937744140625
1.101806640625
0.9559326171875
1.0657958984375
1.003662109375
0.9947509765625
1.12274169921875
1.0294189453125
1.21527099609375
0.97442626953125
0.99737548828125
0.92327880859375
1.0662841796875
1.11138916015625
1.00970458984375
1.28564453125
1.115966796875
1.010009765625
0.98095703125
0.906005859375
1.16387939453125
1.0054931640625
0.8858642578125
0.97088623046875
1.09967041015625
1.0316162109375
1.07537841796875
1.11468505859375
1.06396484375
1.12518310546875
1.0208740234375
1.0045166015625
1.1448974609375
1.1102294921875
1.013916015625
1.12689208984375
0.97344970703125
0.95318603515625
1.12469482421875
1.001708984375
1.208984375
1.08819580078125
1.06451416015625
0.94146728515625
1.1527099609375
1.10736083984375
1.2841796875
0.94390869140625
0.86590576171875
1.0079345703125
1.016845703125
1.15625
0.99859619140625
0.97296142578125
1.08416748046875
1.11126708984375
1.04132080078125
1.1796875
0.97711181640625
1.12457275390625
1.14752197265625
0.9671630859375
1.16558837890625
0.97625732421875
0.9527587890625
0.92181396484375
0.96759033203125
1.13238525390625
0.97528076171875
1.04718017578125
1.20709228515625
1.00518798828125
1.02471923828125
1.03338623046875
1.0311279296875
1.00323486328125
1.18402099609375
0.9561767578125
1.059814453125
0.9417724609375
1.088623046875
1.1976318359375
1.13507080078125
1.13043212890625
1.13104248046875
1.0538330078125
0.957763671875
1.17510986328125
1.0733642578125
1.0767822265625
1.14068603515625
0.99041748046875
1.051513671875
1.0206298828125
1.22540283203125
1.1357421875
1.1787109375
1.16717529296875
1.0867919921875
1.26556396484375
1.06890869140625
0.897216796875
1.02398681640625
1.12896728515625
1.0799560546875
1.10943603515625
1.02166748046875
1.09906005859375
1.0216064453125
1.02093505859375
1.0828857421875
1.079833984375
1.11480712890625
1.0570068359375
1.04083251953125
1.05035400390625
0.98193359375
1.28558349609375
1.19146728515625
1.00482177734375
1.03204345703125
1.07000732421875
1.004638671875
1.09210205078125
1.1302490234375
1.0489501953125
1.09783935546875
0.972412109375
1.07769775390625
0.98193359375
1.02386474609375
0.91925048828125
0.93597412109375
0.9705810546875
1.0499267578125
1.1029052734375
0.84539794921875
0.92840576171875
1.0450439453125
1.11175537109375
1.01507568359375
1.259033203125
1.12664794921875
1.11083984375
0.92364501953125
1.1658935546875
1.0206298828125
1.15667724609375
1.01141357421875
0.97662353515625
1.1475830078125
1.068359375
0.96807861328125
1.012939453125
1.065185546875
1.0526123046875
1.070556640625
1.08856201171875
1.03826904296875
1.01507568359375
1.05157470703125
1.06695556640625
1.09613037109375
1.16058349609375
0.95074462890625
1.1282958984375
1.13433837890625
1.13360595703125
1.1357421875
1.0631103515625
1.04193115234375
1.0885009765625
1.0657958984375
1.0640869140625
1.18353271484375
1.04205322265625
1.061767578125
1.12860107421875
1.1121826171875
1.01806640625
0.943359375
1.119873046875
1.086669921875
1.08892822265625
0.9818115234375
1.194580078125
1.037841796875
1.19287109375
1.05712890625
0.9566650390625
1.094970703125
0.92474365234375
0.9560546875
0.951416015625
1.08447265625
1.15899658203125
1.23828125
1.028076171875
1.0809326171875
1.06414794921875
1.1297607421875
1.063232421875
1.142822265625
1.089111328125
1.1656494140625
1.0340576171875
0.9951171875
1.12164306640625
1.1715087890625
1.095703125
0.88568115234375
1.154541015625
1.09002685546875
1.11181640625
1.01239013671875
0.96630859375
1.00213623046875
1.03076171875
0.94384765625
1.1014404296875
1.10479736328125
1.12628173828125
1.22552490234375
0.9813232421875
1.1134033203125
1.08880615234375
1.13287353515625
1.1456298828125
1.1131591796875
1.17462158203125
0.92120361328125
0.9876708984375
1.095458984375
0.98455810546875
1.00006103515625
1.13787841796875
1.15069580078125
0.967529296875
1.15704345703125
1.15087890625
0.9481201171875
0.99932861328125
1.10040283203125
1.077392578125
1.01171875
1.0687255859375
0.95367431640625
1.18292236328125
1.11669921875
1.1116943359375
1.1668701171875
1.12890625
1.02691650390625
1.0777587890625
1.01397705078125
1.16168212890625
1.2001953125
0.9000244140625
1.0054931640625
1.03106689453125
1.20172119140625
0.9683837890625
1.17059326171875
1.0260009765625
1.03192138671875
1.0604248046875
1.2039794921875
1.1004638671875
1.163330078125
1.04510498046875
1.18695068359375
1.05535888671875
1.122802734375
1.039306640625
0.9400634765625
1.081787109375
1.0614013671875
1.01495361328125
0.96026611328125
1.12530517578125
1.080810546875
1.11590576171875
1.23309326171875
1.13092041015625
1.0098876953125
1.25146484375
1.11041259765625
1.00225830078125
0.97003173828125
0.8968505859375
1.05926513671875
1.03173828125
0.9781494140625
1.292724609375
1.052978515625
1.02935791015625
1.14337158203125
1.12115478515625
1.01409912109375
1.0953369140625
0.912841796875
1.00714111328125
1.148193359375
0.93048095703125
1.041259765625
1.0545654296875
1.01275634765625
1.17431640625
1.019287109375
1.11077880859375
1.15972900390625
0.9298095703125
0.95172119140625
1.0218505859375
0.9478759765625
1.1551513671875
1.0615234375
1.255615234375
0.9986572265625
1.01226806640625
1.0985107421875
1.283447265625
1.0965576171875
1.06829833984375
1.17388916015625
1.2236328125
1.2169189453125
0.9927978515625
1.076904296875
1.11163330078125
1.0416259765625
0.9609375
1.03192138671875
1.0177001953125
0.961669921875
1.130615234375
1.02642822265625
1.04852294921875
1.10882568359375
0.9962158203125
1.17388916015625
1.1519775390625
1.13494873046875
1.14398193359375
1.0283203125
1.01654052734375
1.06329345703125
1.0299072265625
1.075439453125
0.92437744140625
1.07196044921875
0.9361572265625
1.134033203125
1.1392822265625
1.1280517578125
1.19775390625
1.14959716796875
1.2132568359375
1.05145263671875
1.02777099609375
1.047607421875
1.1217041015625
0.90814208984375
0.953125
0.86981201171875
1.04132080078125
1.17822265625
1.07476806640625
1.09881591796875
1.04315185546875
0.9132080078125
1.0321044921875
1.03167724609375
1.2054443359375
1.02606201171875
1.17132568359375
1.0157470703125
1.0179443359375
1.08026123046875
1.11114501953125
1.235595703125
0.98687744140625
1.08477783203125
1.17108154296875
0.98931884765625
1.1944580078125
1.10003662109375
1.036376953125
1.021484375
1.09429931640625
0.94793701171875
0.9146728515625
1.01373291015625
0.8760986328125
1.16217041015625
1.10760498046875
0.9332275390625
1.01007080078125
0.8837890625
0.9617919921875
1.09869384765625
1.07830810546875
1.02166748046875
1.024169921875
0.98736572265625
1.08001708984375
0.9615478515625
1.1024169921875
0.89764404296875
1.0701904296875
0.979736328125
1.19964599609375
1.1217041015625
0.98748779296875
1.073486328125
1.0107421875
0.94659423828125
1.03607177734375
0.84271240234375
0.90728759765625
1.1737060546875
1.08782958984375
0.98162841796875
1.221923828125
1.015625
0.883056640625
0.90447998046875
1.03717041015625
0.9483642578125
1.2060546875
1.068115234375
0.92803955078125
1.02215576171875
1.1197509765625
0.97137451171875
1.127685546875
1.14422607421875
0.91497802734375
0.8924560546875
1.0133056640625
1.06207275390625
1.12396240234375
1.239501953125
1.0565185546875
0.8739013671875
1.07098388671875
1.0535888671875
0.93212890625
0.89544677734375
0.8736572265625
1.08392333984375
0.91839599609375
1.1734619140625
0.97607421875
0.77728271484375
1.10107421875
0.92926025390625
0.94775390625
1.03961181640625
1.16705322265625
1.08001708984375
1.093994140625
1.142333984375
1.06170654296875
0.95751953125
1.1441650390625
1.04913330078125
1.00921630859375
1.15826416015625
1.2852783203125
1.06365966796875
0.91455078125
1.12384033203125
0.9735107421875
1.19244384765625
0.98516845703125
1.08953857421875
0.9222412109375
1.045166015625
1.2154541015625
0.93975830078125
1.01971435546875
0.9769287109375
0.831787109375
0.9605712890625
1.0218505859375
1.08123779296875
1.1009521484375
1.1270751953125
0.95452880859375
1.0321044921875
1.01263427734375
1.12615966796875
1.1241455078125
0.9014892578125
0.9971923828125
0.97540283203125
1.0181884765625
1.0758056640625
1.09979248046875
1.1943359375
0.83050537109375
1.01220703125
1.22833251953125
1.090576171875
0.987060546875
1.155029296875
1.05072021484375
0.97552490234375
1.14190673828125
1.07373046875
1.02362060546875
1.1502685546875
1.15826416015625
0.94293212890625
1.17755126953125
0.923583984375
1.08441162109375
1.1585693359375
1.12518310546875
1.015625
1.18267822265625
1.13067626953125
0.96844482421875
0.96142578125
1.15911865234375
1.1019287109375
1.0791015625
1.04779052734375
0.98406982421875
0.9503173828125
1.07708740234375
0.97955322265625
1.22265625
1.08697509765625
1.0206298828125
0.919921875
1.15191650390625
1.14483642578125
1.2398681640625
1.018310546875
1.068359375
1.25433349609375
1.139892578125
1.0743408203125
1.1285400390625
1.0970458984375
0.94842529296875
1.1551513671875
1.02752685546875
1.15850830078125
1.13787841796875
0.98675537109375
1.22918701171875
1.10723876953125
1.09490966796875
0.89263916015625
0.8255615234375
0.995849609375
1.09368896484375
1.07647705078125
1.074462890625
1.165771484375
0.965576171875
1.09564208984375
1.21630859375
1.07269287109375
1.029541015625
1.34228515625
1.04498291015625
1.12481689453125
1.18048095703125
1.0323486328125
0.9744873046875
1.09600830078125
0.9647216796875
1.12298583984375
0.89208984375
1.06817626953125
0.96368408203125
1.13287353515625
1.1048583984375
0.94854736328125
0.94024658203125
1.01629638671875
1.12249755859375
1.207763671875
1.04541015625
1.0684814453125
1.113525390625
1.06201171875
1.06146240234375
1.127197265625
1.08392333984375
0.94775390625
0.90399169921875
1.08856201171875
1.0706787109375
1.111328125
1.130859375
1.056640625
1.0135498046875
1.00909423828125
1.21923828125
1.20843505859375
1.082275390625
0.99969482421875
1.18048095703125
1.24810791015625
1.138427734375
1.13446044921875
0.96234130859375
0.9832763671875
0.96923828125
0.98388671875
1.044677734375
1.0994873046875
1.10150146484375
1.05810546875
1.02862548828125
0.85809326171875
0.89703369140625
1.42266845703125
1.05767822265625
0.90924072265625
1.18096923828125
0.98187255859375
1.1292724609375
0.94781494140625
1.0621337890625
0.748291015625
1.24169921875
1.04595947265625
0.93280029296875
1.08935546875
1.04541015625
0.9854736328125
0.99273681640625
1.05242919921875
1.08685302734375
1.15911865234375
0.980224609375
1.0238037109375
1.116943359375
0.99871826171875
1.095947265625
1.1395263671875
1.07244873046875
0.98388671875
1.051025390625
0.93682861328125
1.17889404296875
0.9404296875
1.01165771484375
1.0130615234375
1.1729736328125
0.8004150390625
1.150146484375
0.94976806640625
1.09771728515625
1.08709716796875
0.88690185546875
1.13299560546875
1.02569580078125
1.056640625
1.1846923828125
1.004638671875
1.0404052734375
1.05255126953125
1.0618896484375
1.03594970703125
0.88922119140625
1.0706787109375
1.0576171875
1.052001953125
1.03082275390625
1.03704833984375
1.1143798828125
1.10760498046875
1.04351806640625
1.07025146484375
1.219970703125
1.20989990234375
0.9769287109375
1.12689208984375
1.1129150390625
1.00531005859375
0.95953369140625
0.9339599609375
0.94244384765625
1.15625
0.84246826171875
1.1461181640625
0.96820068359375
0.85968017578125
0.9931640625
0.9725341796875
0.99554443359375
1.19482421875
1.08837890625
1.16802978515625
1.07421875
1.11822509765625
1.1798095703125
0.9642333984375
1.12786865234375
0.92913818359375
0.99835205078125
1.11334228515625
0.88812255859375
1.05218505859375
1.10064697265625
1.04486083984375
1.2265625
1.14044189453125
1.021728515625
1.05126953125
1.0567626953125
1.2176513671875
1.13079833984375
1.02545166015625
1.0087890625
1.01995849609375
1.0390625
0.9942626953125
0.9896240234375
0.96612548828125
0.95550537109375
1.126708984375
1.024169921875
1.150390625
1.1153564453125
0.9677734375
1.10308837890625
1.00201416015625
1.0703125
1.04254150390625
0.962646484375
1.0692138671875
1.090087890625
1.09674072265625
0.94000244140625
0.92059326171875
1.0997314453125
1.103759765625
1.016845703125
1.16162109375
1.05047607421875
1.0963134765625
0.99298095703125
1.06060791015625
1.16217041015625
1.08673095703125
1.16790771484375
1.0260009765625
0.91717529296875
0.946044921875
1.03521728515625
1.10211181640625
0.930419921875
0.92718505859375
1.11572265625
1.0064697265625
1.15863037109375
1.19744873046875
0.921875
1.02789306640625
1.031005859375
1.13006591796875
1.0819091796875
1.10345458984375
1.09344482421875
1.09619140625
1.1246337890625
0.99908447265625
1.16485595703125
0.98779296875
1.083984375
1.2529296875
1.1036376953125
1.2734375
1.0877685546875
1.09100341796875
1.17327880859375
1.114990234375
1.0740966796875
1.07611083984375
1.00341796875
0.9913330078125
1.0740966796875
1.1241455078125
0.94696044921875
1.14013671875
1.03680419921875
1.13433837890625
1.16192626953125
1.0306396484375
0.99090576171875
1.08111572265625
0.98809814453125
0.9100341796875
0.8209228515625
1.01763916015625
0.998779296875
1.20281982421875
1.17181396484375
1.03887939453125
1.19329833984375
0.99969482421875
1.03021240234375
1.07745361328125
1.21405029296875
1.00543212890625
1.1370849609375
0.939453125
0.99560546875
1.011962890625
1.06304931640625
1.02081298828125
1.26519775390625
1.06103515625
1.00927734375
1.175048828125
1.10113525390625
0.9869384765625
1.01507568359375
0.96539306640625
1.11151123046875
1.01019287109375
1.31005859375
1.14892578125
1.03936767578125
1.06939697265625
1.1298828125
1.0635986328125
1.1138916015625
1.11572265625
0.99725341796875
1.2559814453125
0.77691650390625
1.30401611328125
0.9794921875
1.12274169921875
0.9490966796875
1.00531005859375
1.131103515625
1.05096435546875
1.172607421875
1.203857421875
1.10992431640625
0.99749755859375
0.97113037109375
1.1348876953125
0.96417236328125
1.03271484375
1.1678466796875
1.071044921875
1.15643310546875
0.93505859375
1.05902099609375
1.0731201171875
1.2086181640625
1.00872802734375
0.9661865234375
0.9854736328125
0.91259765625
1.0787353515625
0.99847412109375
1.15899658203125
1.06243896484375
1.08319091796875
1.2208251953125
1.16558837890625
0.9051513671875
0.919921875
1.23785400390625
1.00531005859375
1.10260009765625
1.04364013671875
1.121337890625
1.07476806640625
1.1583251953125
1.06048583984375
1.045654296875
1.198974609375
1.1474609375
1.058349609375
1.25262451171875
0.92156982421875
1.029296875
1.0924072265625
1.164794921875
1.05279541015625
1.06805419921875
1.207763671875
1.1875
1.11181640625
1.035888671875
0.9713134765625
1.0596923828125
1.04217529296875
1.055908203125
1.083984375
1.2681884765625
0.9520263671875
1.07794189453125
1.0933837890625
0.98193359375
1.13116455078125
1.03570556640625
1.03594970703125
1.06427001953125
1.134521484375
1.02716064453125
1.01763916015625
1.0684814453125
0.98309326171875
1.0301513671875
