0.28619384765625
0.28619384765625
0.28619384765625
0.28619384765625
0.28619384765625
0.4610595703125
0.389892578125
0.4464111328125
0.40997314453125
0.38128662109375
0.2777099609375
0.45355224609375
0.2431640625
0.326171875
0.345947265625
0.46038818359375
0.39788818359375
0.644775390625
0.24298095703125
0.32269287109375
0.31298828125
0.361328125
0.42401123046875
0.30474853515625
0.4937744140625
0.3724365234375
0.27801513671875
0.3916015625
0.35003662109375
0.3072509765625
0.314208984375
0.19366455078125
0.47735595703125
0.36932373046875
0.49456787109375
0.49420166015625
0.33489990234375
0.2401123046875
0.579833984375
0.40435791015625
0.44525146484375
0.33404541015625
0.388671875
0.5125732421875
0.35223388671875
0.36163330078125
0.34527587890625
0.37957763671875
0.3978271484375
0.3741455078125
0.40960693359375
0.4857177734375
0.20904541015625
0.30755615234375
0.4569091796875
0.4752197265625
0.2384033203125
0.3072509765625
0.476318359375
0.2427978515625
0.399169921875
0.52752685546875
0.262451171875
0.443603515625
0.38262939453125
0.3798828125
0.417236328125
0.33941650390625
0.2547607421875
0.39373779296875
0.3817138671875
0.554443359375
0.45989990234375
0.32769775390625
0.3785400390625
0.37823486328125
0.19952392578125
0.442626953125
0.24755859375
0.27703857421875
0.27093505859375
0.34576416015625
0.4459228515625
0.28460693359375
0.40008544921875
0.4212646484375
0.4058837890625
0.4599609375
0.3455810546875
0.4393310546875
0.28546142578125
0.45831298828125
0.39208984375
0.3160400390625
0.2879638671875
0.39959716796875
0.34136962890625
0.37213134765625
0.3359375
0.40338134765625
0.42388916015625
0.29241943359375
0.33587646484375
0.3994140625
0.46295166015625
0.232666015625
0.296142578125
0.265869140625
0.26397705078125
0.44219970703125
0.47113037109375
0.54156494140625
0.4273681640625
0.405517578125
0.36566162109375
0.3336181640625
0.37799072265625
0.30548095703125
0.2708740234375
0.38055419921875
0.36273193359375
0.23504638671875
0.3167724609375
0.39013671875
0.4119873046875
0.6319580078125
0.33172607421875
0.2701416015625
0.30487060546875
0.33917236328125
0.45416259765625
0.3262939453125
0.4227294921875
0.35406494140625
0.451904296875
0.39105224609375
0.2811279296875
0.34375
0.39776611328125
0.42510986328125
0.45635986328125
0.404296875
0.4017333984375
0.38775634765625
0.3148193359375
0.38665771484375
0.4791259765625
0.2900390625
0.267333984375
0.27960205078125
0.2593994140625
0.41802978515625
0.39154052734375
0.2821044921875
0.311279296875
0.52386474609375
0.3167724609375
0.58160400390625
0.3046875
0.36572265625
0.22186279296875
0.27239990234375
0.354736328125
0.42779541015625
0.6939697265625
0.2554931640625
0.4259033203125
0.41912841796875
0.380615234375
0.3905029296875
0.4530029296875
0.28887939453125
0.45196533203125
0.3826904296875
0.452880859375
0.2568359375
0.36614990234375
0.38519287109375
0.39019775390625
0.29791259765625
0.3262939453125
0.27581787109375
0.473388671875
0.27069091796875
0.366943359375
0.31988525390625
0.3740234375
0.51025390625
0.39544677734375
0.34375
0.363037109375
0.29315185546875
0.32177734375
0.3236083984375
0.404296875
0.44244384765625
0.36419677734375
0.36663818359375
0.3143310546875
0.25457763671875
0.36688232421875
0.4144287109375
0.507568359375
0.3956298828125
0.43743896484375
0.6212158203125
0.44415283203125
0.37152099609375
0.470947265625
0.40472412109375
0.3876953125
0.330078125
0.41119384765625
0.29351806640625
0.326904296875
0.289794921875
0.2733154296875
0.40118408203125
0.29376220703125
0.4898681640625
0.54241943359375
0.53680419921875
0.3822021484375
0.37445068359375
0.39520263671875
0.22601318359375
0.53216552734375
0.28497314453125
0.34100341796875
0.3919677734375
0.41943359375
0.40673828125
0.40240478515625
0.46649169921875
0.34136962890625
0.33172607421875
0.44085693359375
0.27569580078125
0.5093994140625
0.33905029296875
0.29541015625
0.3873291015625
0.358154296875
0.40472412109375
0.37872314453125
0.4896240234375
0.3177490234375
0.42437744140625
0.35589599609375
0.44769287109375
0.3524169921875
0.53326416015625
0.213623046875
0.4564208984375
0.28924560546875
0.340087890625
0.40966796875
0.32794189453125
0.314697265625
0.310546875
0.34307861328125
0.36029052734375
0.260498046875
0.33270263671875
0.41204833984375
0.27703857421875
0.1500244140625
0.33843994140625
0.4342041015625
0.25274658203125
0.48699951171875
0.40435791015625
0.32275390625
0.40704345703125
0.31719970703125
0.4488525390625
0.36029052734375
0.41015625
0.3919677734375
0.408203125
0.3897705078125
0.5281982421875
0.24310302734375
0.57415771484375
0.36029052734375
0.43463134765625
0.35675048828125
0.59967041015625
0.54791259765625
0.26336669921875
0.4049072265625
0.37640380859375
0.3560791015625
0.319580078125
0.32769775390625
0.455078125
0.32403564453125
0.3323974609375
0.267578125
0.312255859375
0.2850341796875
0.29736328125
0.522216796875
0.28607177734375
0.3646240234375
0.43878173828125
0.32073974609375
0.32550048828125
0.3829345703125
0.3802490234375
0.5430908203125
0.276611328125
0.3792724609375
0.39044189453125
0.3944091796875
0.415283203125
0.239990234375
0.21490478515625
0.40972900390625
0.28662109375
0.494384765625
0.36602783203125
0.2989501953125
0.27276611328125
0.40777587890625
0.324462890625
0.40625
0.4693603515625
0.38665771484375
0.428955078125
0.54095458984375
0.52215576171875
0.3797607421875
0.39007568359375
0.47137451171875
0.39044189453125
0.37567138671875
0.33563232421875
0.54681396484375
0.38494873046875
0.3067626953125
0.498046875
0.4371337890625
0.46282958984375
0.4339599609375
0.4298095703125
0.59454345703125
0.5128173828125
0.43670654296875
0.2808837890625
0.37908935546875
0.362548828125
0.4490966796875
0.3045654296875
0.3807373046875
0.43267822265625
0.48529052734375
0.44891357421875
0.54656982421875
0.494140625
0.4364013671875
0.41754150390625
0.23492431640625
0.486328125
0.3349609375
0.57745361328125
0.4573974609375
0.33599853515625
0.3944091796875
0.34417724609375
0.4664306640625
0.32537841796875
0.32293701171875
0.45465087890625
0.474853515625
0.4197998046875
0.23028564453125
0.54461669921875
0.4658203125
0.3665771484375
0.42230224609375
0.2945556640625
0.36566162109375
0.3450927734375
0.43914794921875
0.31268310546875
0.4525146484375
0.4351806640625
0.37078857421875
0.5443115234375
0.3126220703125
0.38409423828125
0.24652099609375
0.504638671875
0.4669189453125
0.43438720703125
0.27337646484375
0.385009765625
0.38385009765625
0.41339111328125
0.3441162109375
0.2686767578125
0.4205322265625
0.41424560546875
0.34136962890625
0.380615234375
0.49798583984375
0.39129638671875
0.34979248046875
0.29241943359375
0.37420654296875
0.39794921875
0.3883056640625
0.35614013671875
0.4776611328125
0.39825439453125
0.38067626953125
0.43292236328125
0.43975830078125
0.3668212890625
0.27191162109375
0.365966796875
0.37030029296875
0.3572998046875
0.34820556640625
0.3690185546875
0.50201416015625
0.4735107421875
0.42803955078125
0.4127197265625
0.36639404296875
0.2161865234375
0.30206298828125
0.29937744140625
0.36029052734375
0.45404052734375
0.25140380859375
0.326904296875
0.39337158203125
0.3680419921875
0.300048828125
0.3438720703125
0.34619140625
0.36138916015625
0.43878173828125
0.27581787109375
0.43780517578125
0.4483642578125
0.30218505859375
0.3355712890625
0.38671875
0.49688720703125
0.46514892578125
0.2955322265625
0.2347412109375
0.3319091796875
0.37005615234375
0.33221435546875
0.30889892578125
0.37152099609375
0.39337158203125
0.50799560546875
0.3502197265625
0.4886474609375
0.34832763671875
0.501220703125
0.31591796875
0.272705078125
0.26910400390625
0.349609375
0.4442138671875
0.3448486328125
0.32489013671875
0.38812255859375
0.4007568359375
0.47088623046875
0.46771240234375
0.3140869140625
0.4708251953125
0.43707275390625
0.44696044921875
0.49371337890625
0.3255615234375
0.3558349609375
0.20513916015625
0.43707275390625
0.26116943359375
0.36614990234375
0.3055419921875
0.35882568359375
0.2886962890625
0.30523681640625
0.26617431640625
0.43194580078125
0.4901123046875
0.495849609375
0.18646240234375
0.4649658203125
0.3427734375
0.35760498046875
0.37890625
0.37811279296875
0.34490966796875
0.46966552734375
0.3519287109375
0.4178466796875
0.42510986328125
0.3126220703125
0.272216796875
0.38470458984375
0.3408203125
0.4676513671875
0.67633056640625
0.4588623046875
0.39080810546875
0.4376220703125
0.369873046875
0.36285400390625
0.29901123046875
0.390625
0.53765869140625
0.381591796875
0.20965576171875
0.32861328125
0.26580810546875
0.2314453125
0.526611328125
0.20263671875
0.4075927734375
0.5863037109375
0.4468994140625
0.45849609375
0.3792724609375
0.41961669921875
0.36810302734375
0.4639892578125
0.32598876953125
0.47747802734375
0.24822998046875
0.33636474609375
0.39483642578125
0.40032958984375
0.29681396484375
0.4375
0.4493408203125
0.44488525390625
0.3648681640625
0.33636474609375
0.44207763671875
0.4056396484375
0.26898193359375
0.39453125
0.44842529296875
0.3662109375
0.29046630859375
0.46337890625
0.318115234375
0.41046142578125
0.296630859375
0.30499267578125
0.31549072265625
0.48736572265625
0.45916748046875
0.27667236328125
0.44085693359375
0.4732666015625
0.44110107421875
0.31329345703125
0.69293212890625
0.52484130859375
0.3389892578125
0.23150634765625
0.3394775390625
0.41937255859375
0.40228271484375
0.5155029296875
0.42974853515625
0.47491455078125
0.36663818359375
0.2708740234375
0.41497802734375
0.41766357421875
0.41510009765625
0.46356201171875
0.35748291015625
0.44012451171875
0.30621337890625
0.395751953125
0.56268310546875
0.5211181640625
0.36492919921875
0.412109375
0.4302978515625
0.47344970703125
0.3770751953125
0.4652099609375
0.373779296875
0.3621826171875
0.30181884765625
0.4132080078125
0.313232421875
0.4178466796875
0.52264404296875
0.38275146484375
0.396484375
0.46478271484375
0.45721435546875
0.18853759765625
0.33502197265625
0.364501953125
0.32989501953125
0.61029052734375
0.31536865234375
0.37921142578125
0.290283203125
0.5203857421875
0.4066162109375
0.34808349609375
0.3819580078125
0.31976318359375
0.4774169921875
0.35028076171875
0.6126708984375
0.3250732421875
0.3616943359375
0.407470703125
0.3055419921875
0.37689208984375
0.283447265625
0.498779296875
0.32769775390625
0.3702392578125
0.49066162109375
0.45343017578125
0.41180419921875
0.378173828125
0.34393310546875
0.35186767578125
0.64483642578125
0.33905029296875
0.3782958984375
0.4312744140625
0.5125732421875
0.4195556640625
0.433837890625
0.43017578125
0.27386474609375
0.38616943359375
0.3876953125
0.33050537109375
0.328857421875
0.39044189453125
0.571533203125
0.2783203125
0.35980224609375
0.32666015625
0.2650146484375
0.33502197265625
0.3056640625
0.30767822265625
0.4261474609375
0.41131591796875
0.25787353515625
0.57647705078125
0.35308837890625
0.541259765625
0.30340576171875
0.37176513671875
0.4927978515625
0.43603515625
0.38360595703125
0.41229248046875
0.40545654296875
0.2825927734375
0.26153564453125
0.39434814453125
0.30023193359375
0.3577880859375
0.5316162109375
0.52264404296875
0.25225830078125
0.29888916015625
0.42913818359375
0.50872802734375
0.46453857421875
0.37811279296875
0.3651123046875
0.3004150390625
0.57098388671875
0.5023193359375
0.4632568359375
0.5003662109375
0.389892578125
0.4364013671875
0.35125732421875
0.49786376953125
0.25128173828125
0.2598876953125
0.29693603515625
0.3258056640625
0.316650390625
0.56719970703125
0.4154052734375
0.29412841796875
0.56494140625
0.3212890625
0.32415771484375
0.31707763671875
0.38372802734375
0.388671875
0.29913330078125
0.24847412109375
0.306884765625
0.35400390625
0.53509521484375
0.4481201171875
0.38134765625
0.4085693359375
0.40069580078125
0.40966796875
0.33978271484375
0.31689453125
0.3526611328125
0.29461669921875
0.32757568359375
0.360595703125
0.33343505859375
0.39825439453125
0.246337890625
0.38543701171875
0.2147216796875
0.335693359375
0.30523681640625
0.3350830078125
0.3804931640625
0.541748046875
0.5361328125
0.3636474609375
0.254638671875
0.3980712890625
0.22332763671875
0.4794921875
0.53765869140625
0.4130859375
0.2960205078125
0.25408935546875
0.3668212890625
0.50439453125
0.28857421875
0.38525390625
0.40850830078125
0.3836669921875
0.34210205078125
0.35009765625
0.37237548828125
0.47113037109375
0.38299560546875
0.2730712890625
0.4820556640625
0.4835205078125
0.40283203125
0.343994140625
0.3563232421875
0.2374267578125
0.45538330078125
0.56634521484375
0.51348876953125
0.3428955078125
0.2489013671875
0.33575439453125
0.3017578125
0.32318115234375
0.34185791015625
0.35235595703125
0.372802734375
0.5172119140625
0.3638916015625
0.27001953125
0.4072265625
0.33697509765625
0.54168701171875
0.4345703125
0.41424560546875
0.361083984375
0.365478515625
0.38671875
0.239990234375
0.331787109375
0.2850341796875
0.40386962890625
0.4571533203125
0.500732421875
0.3817138671875
0.53143310546875
0.36474609375
0.42626953125
0.3385009765625
0.46978759765625
0.55718994140625
0.37188720703125
0.322509765625
0.30352783203125
0.5714111328125
0.2928466796875
0.50567626953125
0.41162109375
0.31939697265625
0.33099365234375
0.51263427734375
0.36468505859375
0.51666259765625
0.5745849609375
0.4588623046875
0.35430908203125
0.3599853515625
0.33734130859375
0.4439697265625
0.30487060546875
0.46856689453125
0.365966796875
0.4053955078125
0.240234375
0.2012939453125
0.2479248046875
0.29278564453125
0.5469970703125
0.3934326171875
0.23590087890625
0.3358154296875
0.362060546875
0.36407470703125
0.32696533203125
0.22271728515625
0.39190673828125
0.2318115234375
0.4007568359375
0.2965087890625
0.328369140625
0.3211669921875
0.4224853515625
0.35687255859375
0.34295654296875
0.244873046875
0.290771484375
0.482421875
0.41107177734375
0.41497802734375
0.47882080078125
0.4544677734375
0.26025390625
0.41436767578125
0.34521484375
0.6558837890625
0.38909912109375
0.4512939453125
0.2900390625
0.37542724609375
0.30126953125
0.331298828125
0.23486328125
0.23016357421875
0.46435546875
0.25677490234375
0.43768310546875
0.45465087890625
0.39459228515625
0.35943603515625
0.26922607421875
0.40069580078125
0.41693115234375
0.58013916015625
0.3448486328125
0.2501220703125
0.4654541015625
0.333251953125
0.41290283203125
0.3157958984375
0.360107421875
0.36297607421875
0.61224365234375
0.32696533203125
0.480712890625
0.4351806640625
0.488037109375
0.4063720703125
0.36029052734375
0.46954345703125
0.335693359375
0.2540283203125
0.2435302734375
0.5009765625
0.40692138671875
0.32452392578125
0.48748779296875
0.2628173828125
0.4820556640625
0.404052734375
0.31640625
0.6141357421875
0.401611328125
0.33184814453125
0.4154052734375
0.5631103515625
0.42596435546875
0.35009765625
0.50982666015625
0.27301025390625
0.3656005859375
0.3028564453125
0.52008056640625
0.50714111328125
0.3824462890625
0.55731201171875
0.5150146484375
0.25213623046875
0.58660888671875
0.46331787109375
0.4453125
0.485595703125
0.41522216796875
0.43133544921875
0.38800048828125
0.3829345703125
0.510498046875
0.50830078125
0.3116455078125
0.3597412109375
0.39385986328125
0.308349609375
0.32110595703125
0.34844970703125
0.48590087890625
0.337646484375
0.2906494140625
0.51409912109375
0.26263427734375
0.37109375
0.47161865234375
0.36773681640625
0.39813232421875
0.35357666015625
0.39605712890625
0.42291259765625
0.27911376953125
0.251220703125
0.53387451171875
0.3828125
0.30657958984375
0.45623779296875
0.38153076171875
0.27850341796875
0.346435546875
0.4586181640625
0.2926025390625
0.3154296875
0.4296875
0.2685546875
0.3968505859375
0.4339599609375
0.52435302734375
0.57415771484375
0.64111328125
0.2896728515625
0.27899169921875
0.28717041015625
0.37701416015625
0.50567626953125
0.3397216796875
0.32708740234375
0.36834716796875
0.485107421875
0.48883056640625
0.5660400390625
0.281005859375
0.3099365234375
0.35394287109375
0.40301513671875
0.23126220703125
0.44854736328125
0.4136962890625
0.4105224609375
0.35455322265625
0.2711181640625
0.37139892578125
0.32757568359375
0.378662109375
0.3253173828125
0.39739990234375
0.43634033203125
0.26434326171875
0.3785400390625
0.26580810546875
0.444091796875
0.33306884765625
0.35101318359375
0.276123046875
0.4832763671875
0.35772705078125
0.25994873046875
