0.81536865234375
0.81536865234375
0.81536865234375
0.81536865234375
0.0
0.81536865234375
0.68658447265625
0.77484130859375
0.819580078125
0.87579345703125
0.0
0.0
0.735107421875
0.8253173828125
0.8675537109375
0.76312255859375
0.9827880859375
0.849609375
0.8759765625
0.76654052734375
0.7705078125
0.0
0.79205322265625
0.755126953125
0.9571533203125
0.94879150390625
0.9193115234375
0.88446044921875
1.00799560546875
0.0
0.0
0.931640625
0.91253662109375
0.87677001953125
0.89862060546875
0.9384765625
0.97119140625
0.788330078125
0.96124267578125
0.0
0.0
0.78704833984375
0.82867431640625
0.87579345703125
0.87091064453125
0.85064697265625
0.90582275390625
0.98065185546875
0.868408203125
0.8004150390625
0.0
0.88787841796875
0.91082763671875
0.94158935546875
0.7945556640625
0.94647216796875
0.8690185546875
0.69244384765625
0.8790283203125
0.92913818359375
0.93829345703125
0.857421875
0.943603515625
0.93463134765625
0.74444580078125
0.8172607421875
0.74151611328125
0.0
0.0
0.8375244140625
0.95806884765625
0.93798828125
1.1485595703125
0.0
0.0
0.96514892578125
0.9881591796875
0.95770263671875
0.73223876953125
1.056884765625
0.98773193359375
0.91326904296875
0.84637451171875
0.0
0.8314208984375
0.8631591796875
0.937255859375
0.80340576171875
0.8095703125
0.80474853515625
0.77362060546875
0.91180419921875
0.0
0.0
0.80712890625
0.940185546875
0.8505859375
1.08001708984375
0.88751220703125
0.87841796875
0.916259765625
0.0
0.0
0.0
0.752197265625
0.77667236328125
0.76690673828125
0.92962646484375
0.87908935546875
1.05877685546875
0.0
0.0
0.0
0.91668701171875
0.92425537109375
0.6585693359375
0.782958984375
0.86065673828125
0.0
0.99127197265625
0.81524658203125
0.85028076171875
0.87030029296875
0.0
0.0
0.0
0.0
0.86273193359375
0.81103515625
0.763916015625
1.025634765625
0.89349365234375
0.96929931640625
0.0
1.03594970703125
0.78125
0.70574951171875
1.01141357421875
0.0
0.0
0.0
0.984619140625
0.6910400390625
0.86517333984375
0.77899169921875
0.89447021484375
0.84918212890625
0.7838134765625
1.0255126953125
0.7598876953125
0.0
0.82928466796875
0.88775634765625
1.00836181640625
0.969970703125
0.8529052734375
0.0
1.020751953125
0.8514404296875
0.89898681640625
0.82403564453125
0.98095703125
0.846923828125
1.02154541015625
0.8582763671875
0.90496826171875
0.0
1.12432861328125
0.97662353515625
0.8155517578125
0.0
0.0
0.0
0.76617431640625
0.782958984375
0.91522216796875
0.9571533203125
0.88262939453125
0.9521484375
0.854736328125
0.87335205078125
0.90069580078125
0.0
0.0
0.0
0.9832763671875
0.9176025390625
0.7969970703125
0.80010986328125
0.7852783203125
0.9766845703125
1.001953125
0.74432373046875
0.89617919921875
0.9149169921875
0.77044677734375
0.0
0.814208984375
0.93206787109375
0.94720458984375
0.86798095703125
0.0
0.85345458984375
0.77838134765625
0.83880615234375
0.86590576171875
0.97589111328125
0.80792236328125
0.85772705078125
0.71240234375
0.88531494140625
0.86187744140625
0.0
0.80963134765625
0.829833984375
0.8280029296875
0.8126220703125
0.96588134765625
0.875
0.83172607421875
0.98699951171875
0.8404541015625
0.98919677734375
0.0
0.0
0.0
0.970703125
0.78607177734375
0.85504150390625
0.85955810546875
0.877685546875
0.8812255859375
0.83990478515625
0.99468994140625
0.0
0.0
0.0
0.0
0.841064453125
0.99908447265625
0.87054443359375
0.88177490234375
0.87750244140625
0.89434814453125
0.7486572265625
0.92254638671875
0.78802490234375
0.93878173828125
0.92108154296875
0.0
0.0
0.8013916015625
0.96014404296875
0.8836669921875
0.73162841796875
0.80938720703125
0.84149169921875
0.9222412109375
0.0
0.9210205078125
0.95263671875
0.98382568359375
0.9598388671875
0.86090087890625
0.79913330078125
0.0
0.97564697265625
0.94964599609375
0.82989501953125
0.971435546875
0.90313720703125
0.82427978515625
1.02490234375
0.9171142578125
0.94244384765625
0.99188232421875
0.7532958984375
0.8292236328125
0.823974609375
0.8515625
1.00335693359375
0.86151123046875
0.9505615234375
0.946044921875
0.8372802734375
1.012939453125
0.91278076171875
1.0263671875
0.8641357421875
0.96002197265625
0.903076171875
0.9503173828125
1.02313232421875
0.75390625
0.8082275390625
0.79937744140625
0.994140625
1.0194091796875
0.7166748046875
0.0
0.90740966796875
0.856689453125
0.74383544921875
0.99603271484375
0.975341796875
0.976806640625
0.90289306640625
0.63848876953125
1.021240234375
0.0
0.78460693359375
0.72705078125
0.8045654296875
0.9705810546875
0.94415283203125
0.0
0.0
0.88214111328125
0.792724609375
0.90289306640625
0.96795654296875
1.0096435546875
0.84002685546875
0.87811279296875
1.152099609375
0.9664306640625
0.0
0.927490234375
1.0921630859375
0.78033447265625
0.85540771484375
0.0
0.80548095703125
0.7598876953125
0.984375
0.0
0.724609375
0.816650390625
0.87548828125
0.934814453125
0.970703125
0.95098876953125
0.92852783203125
0.828125
0.8863525390625
0.89117431640625
0.8062744140625
0.85638427734375
0.0
0.787841796875
1.01904296875
0.9625244140625
0.74957275390625
0.80389404296875
1.0487060546875
0.83831787109375
0.7257080078125
0.916259765625
0.9195556640625
0.72576904296875
0.861572265625
0.7296142578125
0.82452392578125
0.9168701171875
0.0
0.79473876953125
1.01385498046875
0.77978515625
0.0
0.78033447265625
1.02935791015625
0.694091796875
0.0
0.84918212890625
0.68731689453125
0.84844970703125
0.93267822265625
0.0
0.0
0.9185791015625
0.87493896484375
0.66436767578125
0.825439453125
0.8818359375
0.92864990234375
0.89593505859375
0.90472412109375
0.6510009765625
0.8941650390625
0.92333984375
0.84234619140625
1.3314208984375
0.82037353515625
0.8455810546875
0.0
0.0
0.76904296875
0.791259765625
0.83172607421875
0.0
0.0
0.0
0.0
0.0
0.83319091796875
0.88055419921875
0.802490234375
0.852783203125
0.96002197265625
0.7601318359375
0.7830810546875
1.1708984375
0.8587646484375
0.7611083984375
0.7965087890625
0.90240478515625
0.0
0.0
0.882568359375
0.94970703125
0.7508544921875
0.7860107421875
0.878173828125
0.928955078125
0.90802001953125
0.87811279296875
0.74957275390625
0.94488525390625
1.0411376953125
1.00262451171875
0.9234619140625
0.8873291015625
0.0
0.9161376953125
0.85552978515625
0.81756591796875
1.0130615234375
0.834716796875
0.8558349609375
0.969482421875
0.88116455078125
0.0
0.0
0.0
0.85369873046875
0.97344970703125
0.94384765625
0.9569091796875
0.0
0.78668212890625
0.85400390625
0.782470703125
1.0789794921875
0.8211669921875
0.0
0.7972412109375
0.86663818359375
0.73291015625
0.79345703125
0.81561279296875
0.97412109375
0.79364013671875
0.9803466796875
0.84149169921875
0.0
0.7557373046875
0.958984375
0.941650390625
0.96112060546875
0.805419921875
0.883544921875
0.87677001953125
0.855712890625
0.8360595703125
0.82086181640625
0.9600830078125
0.72149658203125
0.0
0.0
0.0
0.878662109375
0.8260498046875
0.905517578125
0.81439208984375
0.0
0.80755615234375
0.96832275390625
0.85614013671875
0.0
0.911865234375
0.91204833984375
0.885986328125
0.84454345703125
0.0
0.0
0.0
0.76800537109375
0.8270263671875
0.0
0.0
0.8692626953125
0.7366943359375
1.0665283203125
1.10760498046875
0.8604736328125
0.0
0.88592529296875
0.83319091796875
0.8271484375
0.0
0.75714111328125
0.80908203125
0.8282470703125
0.8424072265625
0.8043212890625
1.03466796875
0.869384765625
1.0526123046875
0.855224609375
0.938720703125
0.97760009765625
0.81640625
0.92071533203125
0.80682373046875
0.970703125
0.869384765625
0.99664306640625
0.81280517578125
0.0
0.754638671875
0.8505859375
0.87481689453125
0.909912109375
0.9954833984375
0.87078857421875
0.85467529296875
0.79736328125
0.7744140625
0.9346923828125
0.0
0.0
0.87109375
0.827880859375
0.764892578125
0.81463623046875
0.882080078125
0.8524169921875
0.99066162109375
0.74163818359375
0.764404296875
0.88519287109375
0.0
0.0
0.8662109375
0.89453125
1.01300048828125
0.92938232421875
0.86614990234375
0.0
0.0
1.09002685546875
0.93939208984375
0.911865234375
0.0
0.0
0.8336181640625
0.76904296875
0.784423828125
0.8953857421875
1.022705078125
0.962890625
0.9017333984375
0.873779296875
0.91082763671875
0.97442626953125
0.96112060546875
0.7071533203125
0.95709228515625
0.77618408203125
0.91534423828125
1.00482177734375
0.0
0.0
0.97332763671875
1.00396728515625
0.96551513671875
0.686279296875
1.08441162109375
1.00726318359375
0.0
0.8896484375
1.05609130859375
0.89532470703125
0.8199462890625
0.733642578125
0.8065185546875
0.0
0.0
0.86962890625
0.72210693359375
0.70440673828125
0.8167724609375
0.95660400390625
0.77740478515625
0.841796875
0.780517578125
0.0
0.0
0.9027099609375
0.91558837890625
0.8143310546875
0.93701171875
0.778076171875
0.99493408203125
0.9644775390625
0.9561767578125
0.96044921875
0.8914794921875
0.77197265625
0.64312744140625
0.7841796875
0.8985595703125
0.74920654296875
0.84619140625
0.80364990234375
0.90740966796875
0.88775634765625
0.0
0.9730224609375
0.81195068359375
0.851806640625
0.8182373046875
1.00079345703125
0.79364013671875
0.94915771484375
0.93035888671875
0.8607177734375
0.83984375
0.0
0.8485107421875
0.80084228515625
0.90264892578125
0.91900634765625
0.9107666015625
0.82861328125
0.84173583984375
0.778564453125
0.8770751953125
0.7462158203125
0.84735107421875
0.96783447265625
0.775634765625
0.77587890625
0.975830078125
0.91473388671875
0.0
0.812255859375
0.95050048828125
0.74322509765625
0.81927490234375
0.96075439453125
1.0294189453125
0.941162109375
1.0555419921875
0.71270751953125
0.90325927734375
0.0
0.916748046875
1.05694580078125
0.7039794921875
0.98077392578125
0.85308837890625
0.84356689453125
0.807861328125
0.80169677734375
0.70599365234375
1.04766845703125
0.9189453125
0.9794921875
0.97857666015625
0.64495849609375
0.935302734375
0.88604736328125
0.0
0.0
0.8209228515625
0.97076416015625
0.84710693359375
0.94366455078125
0.79864501953125
0.0
0.88800048828125
1.04461669921875
1.08514404296875
0.82025146484375
0.0
0.0
0.0
0.874267578125
0.7796630859375
0.9254150390625
0.7266845703125
0.8515625
0.8363037109375
0.82958984375
0.72271728515625
0.98321533203125
0.853759765625
0.0
0.0
0.65545654296875
0.78704833984375
1.0574951171875
0.74359130859375
0.82147216796875
0.84466552734375
0.82421875
0.97772216796875
0.885498046875
0.86395263671875
0.912109375
0.8677978515625
0.9139404296875
0.0
0.0
0.90716552734375
0.746337890625
0.7998046875
0.983642578125
0.861572265625
0.77197265625
0.9833984375
0.0
0.0
0.0
0.852783203125
0.866943359375
0.0
0.921142578125
0.87725830078125
0.8839111328125
0.9024658203125
0.8040771484375
0.78619384765625
0.89178466796875
0.871826171875
0.9273681640625
0.857666015625
0.97552490234375
0.76300048828125
0.8599853515625
0.89031982421875
0.781982421875
0.7958984375
0.7947998046875
0.0
0.912841796875
0.8707275390625
0.8641357421875
0.9609375
0.82049560546875
0.0
0.0
0.0
0.849365234375
0.8074951171875
0.76513671875
0.96771240234375
0.931884765625
0.81011962890625
0.8892822265625
0.82049560546875
0.0
0.0
0.0
0.0
0.87127685546875
0.88372802734375
0.8558349609375
0.7828369140625
0.85076904296875
0.95745849609375
0.70782470703125
0.0
1.02752685546875
0.75714111328125
0.8271484375
0.80401611328125
0.93035888671875
0.9146728515625
0.9053955078125
0.82440185546875
0.88916015625
0.93646240234375
1.015380859375
0.755615234375
0.89093017578125
0.73089599609375
0.8773193359375
0.81634521484375
0.9117431640625
0.84649658203125
0.0
0.0
0.9010009765625
0.89569091796875
0.79345703125
0.9112548828125
0.96075439453125
0.90789794921875
1.009765625
0.94317626953125
0.0
0.86053466796875
0.9044189453125
0.95733642578125
0.9434814453125
0.80694580078125
0.8094482421875
0.0
0.0
0.95831298828125
0.761962890625
0.7474365234375
0.0
1.012939453125
0.92364501953125
0.91864013671875
1.0035400390625
0.87994384765625
0.9388427734375
0.81463623046875
0.8145751953125
0.8416748046875
0.87847900390625
0.69903564453125
0.90704345703125
0.8829345703125
0.75970458984375
0.0
0.7503662109375
1.05560302734375
0.84014892578125
0.79864501953125
0.902587890625
0.875244140625
1.0018310546875
0.857666015625
0.0
0.8909912109375
0.9803466796875
0.8475341796875
0.0
0.0
0.76202392578125
0.83685302734375
1.006591796875
0.95318603515625
0.75823974609375
0.87310791015625
0.954833984375
0.0
0.0
0.0
0.77899169921875
0.95269775390625
0.8458251953125
0.86846923828125
0.7464599609375
0.96875
1.0289306640625
0.924560546875
0.842041015625
0.88983154296875
0.96551513671875
1.10711669921875
0.90997314453125
0.91705322265625
0.0
0.0
0.0
0.8602294921875
0.82672119140625
0.82159423828125
0.81671142578125
0.9178466796875
0.860107421875
0.86981201171875
0.93133544921875
0.77642822265625
0.0
0.0
0.0
0.0
0.0
0.80810546875
0.7840576171875
0.8017578125
0.920166015625
0.81182861328125
0.77032470703125
0.9652099609375
0.0
0.0
0.900390625
0.9683837890625
0.77252197265625
0.0
0.0
0.0
0.89215087890625
0.9111328125
0.88201904296875
0.910400390625
1.0777587890625
0.97698974609375
0.786376953125
0.98663330078125
0.7437744140625
0.830810546875
1.09320068359375
0.92742919921875
0.0
0.99969482421875
0.987548828125
0.95062255859375
0.923828125
0.94110107421875
0.911376953125
0.87847900390625
0.942138671875
0.74072265625
0.9451904296875
0.79437255859375
0.77044677734375
0.8675537109375
0.92022705078125
0.64013671875
0.0
1.04278564453125
1.110107421875
0.9150390625
0.89666748046875
0.95355224609375
0.91619873046875
0.782470703125
0.0
0.0
0.0
0.90521240234375
0.82452392578125
1.00189208984375
0.94927978515625
0.9515380859375
0.8377685546875
0.0
0.9072265625
0.75811767578125
0.82806396484375
0.95977783203125
1.0203857421875
0.95367431640625
0.823974609375
0.7574462890625
1.06170654296875
0.79296875
1.000732421875
0.9180908203125
0.63543701171875
0.84075927734375
0.0
0.0
0.7552490234375
0.896728515625
0.988525390625
0.85845947265625
0.926025390625
0.85302734375
0.0
0.0
0.8443603515625
0.77423095703125
0.7908935546875
0.91864013671875
1.02813720703125
0.96295166015625
0.80035400390625
0.87835693359375
0.975830078125
0.87200927734375
0.70904541015625
0.88763427734375
0.83306884765625
0.0
0.0
0.7568359375
1.1134033203125
1.072021484375
0.87677001953125
0.8189697265625
