0.0
0.36016845703125
0.36016845703125
0.47412109375
0.0
0.0
0.37139892578125
0.51715087890625
0.0
0.37493896484375
0.3233642578125
0.45477294921875
0.0
0.30682373046875
0.38800048828125
0.56353759765625
0.47698974609375
0.51373291015625
0.0
0.0
0.53448486328125
0.52008056640625
0.42547607421875
0.5528564453125
0.53680419921875
0.3968505859375
0.39544677734375
0.6004638671875
0.58013916015625
0.5509033203125
0.0
0.0
0.51617431640625
0.45068359375
0.4046630859375
0.42462158203125
0.4320068359375
0.55450439453125
0.0
0.0
0.0
0.0
0.49139404296875
0.49053955078125
0.355224609375
0.34814453125
0.4393310546875
0.45147705078125
0.532470703125
0.346435546875
0.5625
0.53887939453125
0.45068359375
0.4132080078125
0.0
0.0
0.0
0.44024658203125
0.47418212890625
0.29388427734375
0.4228515625
0.6285400390625
0.3966064453125
0.3387451171875
0.58001708984375
0.0
0.0
0.680908203125
0.50543212890625
0.43524169921875
0.61358642578125
0.60296630859375
0.2686767578125
0.0
0.46038818359375
0.4569091796875
0.39886474609375
0.0
0.463623046875
0.32855224609375
0.5225830078125
0.68426513671875
0.39288330078125
0.4073486328125
0.48895263671875
0.43658447265625
0.0
0.0
0.0
0.7156982421875
0.48150634765625
0.3250732421875
0.34515380859375
0.4932861328125
0.3492431640625
0.3590087890625
0.40203857421875
0.2724609375
0.50433349609375
0.0
0.0
0.4876708984375
0.55804443359375
0.5494384765625
0.5496826171875
0.0
0.51702880859375
0.51763916015625
0.5347900390625
0.41741943359375
0.29638671875
0.59234619140625
0.0
0.59613037109375
0.54937744140625
0.49090576171875
0.386474609375
0.544189453125
0.47998046875
0.47088623046875
0.0
0.0
0.0
0.43292236328125
0.493408203125
0.5880126953125
0.4324951171875
0.4022216796875
0.465576171875
0.0
0.0
0.0
0.0
0.5001220703125
0.4171142578125
0.6710205078125
0.57257080078125
0.34197998046875
0.42596435546875
0.5079345703125
0.44903564453125
0.35467529296875
0.3861083984375
0.4810791015625
0.60302734375
0.32550048828125
0.4443359375
0.373291015625
0.4757080078125
0.4764404296875
0.464111328125
0.5933837890625
0.4500732421875
0.4814453125
0.36431884765625
0.59503173828125
0.5399169921875
0.3807373046875
0.0
0.3507080078125
0.30389404296875
0.43304443359375
0.33233642578125
0.42828369140625
0.0
0.0
0.44622802734375
0.28289794921875
0.57794189453125
0.432373046875
0.27288818359375
0.29742431640625
0.41650390625
0.4615478515625
0.49932861328125
0.4931640625
0.31134033203125
0.0
0.0
0.5892333984375
0.4796142578125
0.51934814453125
0.40234375
0.52618408203125
0.4107666015625
0.474365234375
0.0
0.4195556640625
0.52557373046875
0.50469970703125
0.64117431640625
0.4755859375
0.492919921875
0.0
0.0
0.3897705078125
0.5206298828125
0.47509765625
0.55859375
0.486083984375
0.366943359375
0.386962890625
0.0
0.0
0.0
0.48797607421875
0.41546630859375
0.666015625
0.4114990234375
0.4095458984375
0.0
0.0
0.55126953125
0.506591796875
0.5899658203125
0.43524169921875
0.40191650390625
0.44207763671875
0.455810546875
0.3646240234375
0.416748046875
0.36041259765625
0.49798583984375
0.44000244140625
0.0
0.36749267578125
0.54974365234375
0.3677978515625
0.0
0.40460205078125
0.44036865234375
0.5108642578125
0.4927978515625
0.28924560546875
0.57647705078125
0.4202880859375
0.0
0.4500732421875
0.3692626953125
0.3837890625
0.36883544921875
0.4356689453125
0.3675537109375
0.0
0.49798583984375
0.412353515625
0.0
0.43408203125
0.42529296875
0.38079833984375
0.45208740234375
0.53057861328125
0.448974609375
0.443115234375
0.0
0.0
0.0
0.5369873046875
0.40203857421875
0.5596923828125
0.35284423828125
0.6458740234375
0.46234130859375
0.449951171875
0.0
0.455078125
0.5692138671875
0.74139404296875
0.3333740234375
0.58880615234375
0.4993896484375
0.0
0.37860107421875
0.48382568359375
0.28564453125
0.513671875
0.52154541015625
0.6849365234375
0.0
0.0
0.36749267578125
0.2972412109375
0.45489501953125
0.37640380859375
0.509521484375
0.0
0.0
0.5703125
0.3076171875
0.560546875
0.5250244140625
0.3968505859375
0.49951171875
0.0
0.0
0.4365234375
0.4537353515625
0.47784423828125
0.4459228515625
0.373291015625
0.36077880859375
0.549072265625
0.440673828125
0.34613037109375
0.4619140625
0.57220458984375
0.44537353515625
0.41534423828125
0.570068359375
0.0
0.0
0.49462890625
0.33697509765625
0.62847900390625
0.30120849609375
0.50506591796875
0.0
0.37890625
0.33843994140625
0.30267333984375
0.43634033203125
0.30645751953125
0.5548095703125
0.36138916015625
0.0
0.42071533203125
0.4600830078125
0.44635009765625
0.4599609375
0.53021240234375
0.44732666015625
0.471923828125
0.3856201171875
0.35797119140625
0.45562744140625
0.3763427734375
0.0
0.55316162109375
0.4166259765625
0.40631103515625
0.46575927734375
0.4713134765625
0.52532958984375
0.4776611328125
0.350830078125
0.3687744140625
0.61260986328125
0.43438720703125
0.620849609375
0.0
0.0
0.0
0.43682861328125
0.3846435546875
0.395751953125
0.53375244140625
0.474365234375
0.608642578125
0.61016845703125
0.0
0.0
0.0
0.43072509765625
0.40093994140625
0.51336669921875
0.453125
0.31182861328125
0.52069091796875
0.3697509765625
0.3798828125
0.5260009765625
0.371826171875
0.413330078125
0.48388671875
0.5057373046875
0.54345703125
0.33465576171875
0.5596923828125
0.0
0.0
0.0
0.0
0.59857177734375
0.43170166015625
0.3455810546875
0.53643798828125
0.5516357421875
0.4085693359375
0.0
0.0
0.0
0.5543212890625
0.427001953125
0.5166015625
0.4974365234375
0.5250244140625
0.389892578125
0.34320068359375
0.53448486328125
0.0
0.395751953125
0.53778076171875
0.33966064453125
0.60076904296875
0.31298828125
0.410888671875
0.39691162109375
0.0
0.4971923828125
0.53631591796875
0.58538818359375
0.39703369140625
0.362548828125
0.3641357421875
0.35906982421875
0.0
0.0
0.0
0.35186767578125
0.36871337890625
0.4755859375
0.63037109375
0.473876953125
0.0
0.5426025390625
0.30230712890625
0.49273681640625
0.6829833984375
0.450439453125
0.56427001953125
0.4354248046875
0.45123291015625
0.46795654296875
0.56005859375
0.0
0.537353515625
0.58270263671875
0.4998779296875
0.5570068359375
0.4320068359375
0.60113525390625
0.4044189453125
0.576416015625
0.4539794921875
0.0
0.0
0.0
0.35430908203125
0.5927734375
0.4525146484375
0.50787353515625
0.0
0.34674072265625
0.4139404296875
0.548095703125
0.35919189453125
0.39434814453125
0.3521728515625
0.51995849609375
0.33221435546875
0.33184814453125
0.490478515625
0.46514892578125
0.57611083984375
0.5338134765625
0.413818359375
0.3668212890625
0.2984619140625
0.506103515625
0.0
0.4283447265625
0.34393310546875
0.50225830078125
0.54656982421875
0.49688720703125
0.5614013671875
0.4102783203125
0.50360107421875
0.60546875
0.0
0.4853515625
0.6263427734375
0.402099609375
0.48931884765625
0.3563232421875
0.4698486328125
0.6324462890625
0.5435791015625
0.4013671875
0.0
0.54034423828125
0.3330078125
0.33441162109375
0.475341796875
0.58953857421875
0.44964599609375
0.49676513671875
0.44927978515625
0.463623046875
0.0
0.44635009765625
0.43450927734375
0.38812255859375
0.42987060546875
0.4166259765625
0.30426025390625
0.5343017578125
0.0
0.50726318359375
0.40643310546875
0.50689697265625
0.46722412109375
0.5377197265625
0.4075927734375
0.45068359375
0.4305419921875
0.420166015625
0.46832275390625
0.0
0.63641357421875
0.51800537109375
0.41119384765625
0.39874267578125
0.4814453125
0.29437255859375
0.42706298828125
0.43853759765625
0.0
0.44268798828125
0.61944580078125
0.5343017578125
0.47674560546875
0.328369140625
0.467529296875
0.0
0.0
0.0
0.0
0.5733642578125
0.40167236328125
0.455810546875
0.27874755859375
0.3681640625
0.0
0.4635009765625
0.5888671875
0.4647216796875
0.52484130859375
0.3597412109375
0.6856689453125
0.4329833984375
0.40185546875
0.0
0.3314208984375
0.33599853515625
0.410400390625
0.50152587890625
0.46002197265625
0.4830322265625
0.42645263671875
0.52935791015625
0.0
0.3819580078125
0.4112548828125
0.4859619140625
0.43939208984375
0.5953369140625
0.41021728515625
0.43731689453125
0.0
0.0
0.0
0.0
0.0
0.522705078125
0.40972900390625
0.41998291015625
0.3922119140625
0.6190185546875
0.47308349609375
0.498046875
0.54986572265625
0.3992919921875
0.500732421875
0.4461669921875
0.447265625
0.40283203125
0.5537109375
0.45452880859375
0.0
0.5057373046875
0.5482177734375
0.36810302734375
0.46624755859375
0.38299560546875
0.45098876953125
0.0
0.4786376953125
0.38189697265625
0.40643310546875
0.46002197265625
0.36370849609375
0.36602783203125
0.596435546875
0.46844482421875
0.0
0.0
0.0
0.57672119140625
0.4171142578125
0.4903564453125
0.2822265625
0.3076171875
0.34918212890625
0.38958740234375
0.489013671875
0.46392822265625
0.3577880859375
0.4796142578125
0.0
0.0
0.0
0.3199462890625
0.404541015625
0.62176513671875
0.6265869140625
0.0
0.5792236328125
0.38983154296875
0.44647216796875
0.4422607421875
0.41204833984375
0.51556396484375
0.50238037109375
0.0
0.52374267578125
0.4561767578125
0.46893310546875
0.51373291015625
0.34686279296875
0.58306884765625
0.4847412109375
0.44781494140625
0.46636962890625
0.53546142578125
0.5504150390625
0.39556884765625
0.4283447265625
0.0
0.3583984375
0.4310302734375
0.55889892578125
0.59991455078125
0.3629150390625
0.4171142578125
0.31927490234375
0.5989990234375
0.4434814453125
0.343505859375
0.44464111328125
0.5396728515625
0.5059814453125
0.40478515625
0.0
0.0
0.38385009765625
0.33587646484375
0.3480224609375
0.4727783203125
0.49676513671875
0.0
0.0
0.0
0.36474609375
0.42425537109375
0.3956298828125
0.43768310546875
0.41143798828125
0.452880859375
0.36029052734375
0.36077880859375
0.44781494140625
0.5428466796875
0.4505615234375
0.58734130859375
0.4417724609375
0.39794921875
0.47808837890625
0.0
0.0
0.400390625
0.40582275390625
0.0
0.0
0.0
0.50469970703125
0.3988037109375
0.431396484375
0.36566162109375
0.52557373046875
0.47955322265625
0.43902587890625
0.393798828125
0.494140625
0.5400390625
0.5589599609375
0.59503173828125
0.4295654296875
0.0
0.0
0.28656005859375
0.5924072265625
0.51959228515625
0.68121337890625
0.6204833984375
0.42034912109375
0.546142578125
0.35400390625
0.53900146484375
0.50927734375
0.5543212890625
0.3521728515625
0.53076171875
0.0
0.0
0.496826171875
0.54022216796875
0.5672607421875
0.51397705078125
0.0
0.46722412109375
0.5667724609375
0.42218017578125
0.0
0.40869140625
0.3900146484375
0.4395751953125
0.54296875
0.40960693359375
0.47979736328125
0.48468017578125
0.40167236328125
0.29486083984375
0.479248046875
0.4722900390625
0.468017578125
0.44476318359375
0.5247802734375
0.44537353515625
0.51055908203125
0.62164306640625
0.4296875
0.53570556640625
0.4725341796875
0.4794921875
0.65606689453125
0.5252685546875
0.50177001953125
0.4339599609375
0.5113525390625
0.65814208984375
0.58233642578125
0.5943603515625
0.52386474609375
0.0
0.0
0.4462890625
0.40399169921875
0.4178466796875
0.5230712890625
0.4373779296875
0.34771728515625
0.572021484375
0.3441162109375
0.5433349609375
0.41522216796875
0.403076171875
0.0
0.0
0.0
0.5206298828125
0.600341796875
0.47265625
0.40838623046875
0.5272216796875
0.0
0.4710693359375
0.50848388671875
0.5477294921875
0.43023681640625
0.3897705078125
0.4227294921875
0.49578857421875
0.4837646484375
0.0
0.4000244140625
0.4996337890625
0.543212890625
0.47222900390625
0.52337646484375
0.45208740234375
0.48492431640625
0.0
0.52484130859375
0.407958984375
0.50054931640625
0.41259765625
0.48590087890625
0.46875
0.3756103515625
0.4302978515625
0.476806640625
0.4459228515625
0.40594482421875
0.4677734375
0.254150390625
0.48291015625
0.6405029296875
0.39764404296875
0.3565673828125
0.0
0.49749755859375
0.4324951171875
0.4520263671875
0.0
0.48284912109375
0.55792236328125
0.0
0.548583984375
0.5938720703125
0.2978515625
0.4830322265625
0.66058349609375
0.4434814453125
0.467041015625
0.3983154296875
0.43914794921875
0.40533447265625
0.581787109375
0.4886474609375
0.34722900390625
0.3380126953125
0.410888671875
0.3873291015625
0.6055908203125
0.4227294921875
0.5589599609375
0.32696533203125
0.0
0.0
0.44781494140625
0.46319580078125
0.48114013671875
0.56976318359375
0.50177001953125
0.44024658203125
0.72314453125
0.0
0.5069580078125
0.49188232421875
0.43597412109375
0.4720458984375
0.4278564453125
0.56488037109375
0.30548095703125
0.3656005859375
0.641357421875
0.4033203125
0.33154296875
0.1959228515625
0.48809814453125
0.46435546875
0.453857421875
0.4119873046875
0.45330810546875
0.55657958984375
0.43231201171875
0.506103515625
0.0
0.0
0.0
0.3873291015625
0.44549560546875
0.54583740234375
0.6129150390625
0.0
0.0
0.0
0.60076904296875
0.3245849609375
0.38470458984375
0.4527587890625
0.42864990234375
0.48272705078125
0.54931640625
0.60870361328125
0.0
0.0
0.0
0.0
0.396484375
0.48272705078125
0.46466064453125
0.418212890625
0.48974609375
0.3677978515625
0.4847412109375
0.41650390625
0.42919921875
0.0
0.0
0.0
0.362060546875
0.40753173828125
0.3487548828125
0.35540771484375
0.0
0.55523681640625
0.38360595703125
0.45965576171875
0.43609619140625
0.5008544921875
0.50091552734375
0.51727294921875
0.43255615234375
0.40325927734375
0.0
0.520751953125
0.412109375
0.50042724609375
0.481201171875
0.51324462890625
0.5623779296875
0.3590087890625
0.0
0.43572998046875
0.518310546875
0.3330078125
0.40460205078125
0.3043212890625
0.3758544921875
0.573974609375
0.56732177734375
0.4202880859375
0.4302978515625
0.5184326171875
0.43975830078125
0.31884765625
0.46942138671875
0.31475830078125
0.61602783203125
0.47015380859375
0.5418701171875
0.47015380859375
0.4769287109375
0.55889892578125
0.4747314453125
0.0
0.4322509765625
0.37213134765625
0.53857421875
0.32733154296875
0.0
0.0
0.43365478515625
0.4453125
0.30072021484375
0.53424072265625
0.4813232421875
0.5545654296875
0.6007080078125
0.63623046875
0.0
0.0
0.0
0.0
0.4693603515625
0.3677978515625
0.44342041015625
0.6181640625
0.55206298828125
0.39959716796875
0.0
0.0
0.0
0.0
0.462646484375
0.5350341796875
0.464599609375
0.48773193359375
0.59625244140625
0.47357177734375
0.42755126953125
0.0
0.58160400390625
0.39361572265625
0.31134033203125
0.5081787109375
0.49224853515625
