1.0501708984375
1.0501708984375
1.0501708984375
1.0501708984375
1.0501708984375
1.0367431640625
1.0682373046875
1.26202392578125
1.23577880859375
1.33245849609375
1.0670166015625
1.35626220703125
0.96905517578125
1.15655517578125
1.140869140625
1.08026123046875
1.11798095703125
1.2431640625
1.006103515625
1.205810546875
1.12628173828125
1.0274658203125
0.97625732421875
1.12359619140625
1.18408203125
1.08013916015625
1.08978271484375
1.2667236328125
1.1717529296875
0.972412109375
1.055908203125
1.02349853515625
1.194580078125
1.18359375
1.0721435546875
1.1966552734375
1.24755859375
1.15447998046875
1.20037841796875
1.17041015625
1.06890869140625
1.012451171875
1.24237060546875
1.16949462890625
1.24224853515625
1.195068359375
1.12628173828125
1.18560791015625
1.20745849609375
1.19891357421875
1.204345703125
1.31756591796875
1.01361083984375
1.09490966796875
1.19635009765625
1.02154541015625
0.9813232421875
1.026123046875
1.2603759765625
1.051025390625
1.209228515625
1.18280029296875
1.0032958984375
1.147705078125
1.21917724609375
1.10333251953125
1.04833984375
1.30560302734375
1.1563720703125
1.06109619140625
1.23126220703125
1.2938232421875
0.850341796875
1.10205078125
0.9832763671875
1.11688232421875
1.03314208984375
1.14617919921875
0.962158203125
1.27069091796875
1.158447265625
0.9605712890625
1.23480224609375
1.16204833984375
1.28619384765625
1.07745361328125
1.11163330078125
1.1705322265625
1.03924560546875
1.0523681640625
1.16943359375
1.16943359375
1.23748779296875
1.1700439453125
1.27459716796875
1.2015380859375
1.16302490234375
1.06170654296875
1.13336181640625
1.168212890625
1.04986572265625
1.0953369140625
1.03973388671875
1.21630859375
1.11920166015625
1.02008056640625
1.1048583984375
1.0260009765625
1.1116943359375
1.19329833984375
1.18902587890625
1.18756103515625
1.16033935546875
1.031005859375
1.0703125
1.14599609375
1.1483154296875
1.161865234375
1.19256591796875
1.11444091796875
1.1329345703125
1.00030517578125
1.05426025390625
1.16961669921875
1.15789794921875
1.0931396484375
1.20556640625
0.96990966796875
1.03173828125
0.92156982421875
1.24200439453125
1.08953857421875
0.92791748046875
1.11669921875
1.11407470703125
1.1016845703125
1.14593505859375
1.0850830078125
1.24078369140625
1.17242431640625
1.34521484375
1.19842529296875
1.05157470703125
1.22503662109375
1.091064453125
1.149169921875
1.23382568359375
1.08831787109375
1.10064697265625
1.07037353515625
1.00823974609375
1.02667236328125
1.26007080078125
1.1153564453125
1.07623291015625
1.117919921875
1.24871826171875
1.22015380859375
1.10400390625
1.15106201171875
1.048828125
1.17669677734375
1.01654052734375
1.0809326171875
1.505615234375
1.06195068359375
1.04351806640625
1.16326904296875
1.20391845703125
0.9993896484375
1.0985107421875
1.24334716796875
1.2352294921875
1.2532958984375
1.375
0.9984130859375
1.17132568359375
1.1123046875
1.25836181640625
1.066162109375
1.17572021484375
1.0584716796875
1.15301513671875
1.10137939453125
1.2315673828125
1.2431640625
1.0234375
1.1368408203125
1.193115234375
1.26971435546875
1.2388916015625
1.12994384765625
1.18328857421875
1.21539306640625
1.18560791015625
1.13665771484375
1.13983154296875
1.15643310546875
0.9232177734375
1.1484375
1.14862060546875
1.060791015625
1.15570068359375
1.14202880859375
1.21685791015625
1.1605224609375
0.9427490234375
0.98486328125
1.2596435546875
1.10687255859375
1.21246337890625
1.1593017578125
1.294921875
1.06390380859375
1.2261962890625
1.23211669921875
0.99188232421875
1.1031494140625
1.093994140625
1.22479248046875
1.17547607421875
1.256103515625
1.07177734375
1.31982421875
1.19940185546875
1.10711669921875
1.07196044921875
1.2138671875
1.24200439453125
1.10906982421875
1.0533447265625
1.2578125
1.17388916015625
0.928466796875
1.215576171875
1.20556640625
1.114990234375
1.13238525390625
1.1470947265625
1.14569091796875
1.27252197265625
1.23577880859375
1.16375732421875
1.18670654296875
1.00311279296875
1.00885009765625
1.02386474609375
1.29449462890625
1.11614990234375
1.17169189453125
1.0067138671875
1.0296630859375
1.05718994140625
1.07958984375
1.23797607421875
1.02642822265625
1.19586181640625
1.186767578125
1.08587646484375
1.04638671875
1.1138916015625
1.05963134765625
1.22723388671875
1.02264404296875
1.1986083984375
1.12908935546875
0.96240234375
1.15618896484375
1.27880859375
1.0302734375
1.27655029296875
1.1011962890625
0.95428466796875
1.28704833984375
1.12750244140625
0.994873046875
1.1383056640625
1.16522216796875
1.2857666015625
1.0240478515625
1.02825927734375
1.1512451171875
1.0233154296875
1.2215576171875
1.17449951171875
1.25677490234375
1.14385986328125
1.193359375
1.20611572265625
1.13409423828125
1.22454833984375
1.2530517578125
1.00543212890625
1.19281005859375
1.120361328125
0.9927978515625
1.08099365234375
1.03997802734375
1.1571044921875
1.08233642578125
1.19549560546875
1.21954345703125
1.12078857421875
1.10955810546875
0.94482421875
1.18792724609375
1.06182861328125
1.052490234375
1.0657958984375
1.220703125
1.1478271484375
1.052490234375
1.068359375
1.12396240234375
1.1915283203125
0.99346923828125
1.02008056640625
1.06268310546875
1.244873046875
1.07733154296875
1.27606201171875
1.33734130859375
1.04083251953125
1.12188720703125
1.16876220703125
1.12353515625
1.1619873046875
0.98004150390625
1.03057861328125
1.0709228515625
1.2933349609375
1.215576171875
1.1309814453125
1.1829833984375
1.0748291015625
1.4036865234375
1.02008056640625
1.1131591796875
1.2227783203125
1.10345458984375
1.18896484375
1.19610595703125
1.1041259765625
1.28436279296875
1.18670654296875
1.0797119140625
1.24005126953125
1.170166015625
1.27679443359375
1.216552734375
1.23114013671875
1.1646728515625
1.25408935546875
1.27838134765625
1.14996337890625
1.1455078125
1.249267578125
1.2979736328125
1.1143798828125
1.27020263671875
1.050537109375
1.23809814453125
1.122314453125
1.24444580078125
1.05316162109375
1.1419677734375
1.1160888671875
0.9881591796875
1.33489990234375
1.17236328125
1.08392333984375
1.2021484375
1.1319580078125
1.1103515625
1.3758544921875
1.0687255859375
1.120361328125
1.2252197265625
1.0338134765625
1.14752197265625
1.1607666015625
1.2265625
1.29681396484375
1.07525634765625
1.12261962890625
1.21063232421875
1.078857421875
1.04864501953125
1.09747314453125
1.182861328125
1.06719970703125
1.36175537109375
1.1094970703125
1.28179931640625
1.2423095703125
1.10772705078125
1.099609375
1.0985107421875
1.11822509765625
1.15863037109375
1.23101806640625
1.08026123046875
1.13848876953125
1.26812744140625
1.2353515625
1.10211181640625
1.187255859375
1.12286376953125
1.0972900390625
1.111328125
1.13592529296875
1.14801025390625
1.1839599609375
1.13580322265625
1.15972900390625
1.161376953125
1.1790771484375
1.06976318359375
1.206298828125
1.0758056640625
1.16387939453125
1.0537109375
1.27764892578125
1.09503173828125
1.09710693359375
1.1029052734375
1.1796875
1.24951171875
1.05291748046875
1.16558837890625
1.35211181640625
0.9722900390625
1.10003662109375
0.9482421875
1.23858642578125
1.20892333984375
1.21759033203125
1.00518798828125
1.14276123046875
1.06707763671875
1.08551025390625
1.1697998046875
1.07562255859375
1.17724609375
1.16436767578125
1.14581298828125
1.08294677734375
1.14385986328125
1.02386474609375
1.030517578125
1.14739990234375
1.12249755859375
1.233154296875
1.14654541015625
1.07781982421875
1.27178955078125
1.35980224609375
1.08221435546875
1.27410888671875
1.31231689453125
1.15521240234375
1.16485595703125
1.02264404296875
1.1868896484375
1.37445068359375
1.1502685546875
0.99127197265625
1.1053466796875
1.02349853515625
1.1044921875
1.13897705078125
0.99127197265625
1.02117919921875
1.129150390625
1.3150634765625
1.22576904296875
1.330078125
1.0560302734375
1.2344970703125
1.30303955078125
1.14764404296875
1.30950927734375
1.0499267578125
1.038818359375
1.00726318359375
1.23822021484375
1.1463623046875
0.99835205078125
1.12750244140625
0.97967529296875
1.037841796875
1.01287841796875
1.20526123046875
1.116943359375
1.2725830078125
1.24176025390625
0.890380859375
1.05120849609375
0.9349365234375
1.2923583984375
1.15777587890625
1.23052978515625
1.3271484375
1.09881591796875
1.125732421875
1.2490234375
1.21026611328125
1.183837890625
1.1048583984375
1.22198486328125
1.20867919921875
1.07513427734375
1.204345703125
1.12286376953125
1.01434326171875
1.0377197265625
1.12908935546875
1.169921875
1.0806884765625
1.1207275390625
1.0963134765625
1.1885986328125
0.94940185546875
0.99786376953125
0.898193359375
1.149658203125
1.31982421875
1.03326416015625
1.20416259765625
1.15240478515625
1.139404296875
1.20526123046875
1.0584716796875
1.3192138671875
0.974853515625
1.12969970703125
1.03857421875
1.17767333984375
0.83392333984375
1.0919189453125
1.2220458984375
1.21466064453125
1.08343505859375
1.047119140625
1.206787109375
1.24591064453125
1.04852294921875
1.3531494140625
0.97271728515625
1.17657470703125
1.29949951171875
1.2950439453125
1.17486572265625
1.245849609375
1.24786376953125
1.1995849609375
0.97088623046875
1.05523681640625
1.1295166015625
0.9793701171875
1.113525390625
1.01226806640625
1.06036376953125
1.15277099609375
1.2115478515625
1.20123291015625
1.29376220703125
1.1201171875
1.3421630859375
1.140625
1.12567138671875
1.11468505859375
1.2825927734375
0.94403076171875
1.2906494140625
1.23699951171875
1.00726318359375
1.10430908203125
1.0120849609375
1.1373291015625
1.19744873046875
1.25518798828125
1.15277099609375
1.280517578125
1.02667236328125
1.27166748046875
1.2786865234375
1.13385009765625
1.334228515625
1.1448974609375
1.18194580078125
1.2086181640625
1.11572265625
1.441650390625
1.1541748046875
1.0894775390625
1.29998779296875
1.47186279296875
1.01776123046875
1.05706787109375
1.07916259765625
1.1060791015625
1.36492919921875
1.23956298828125
1.12017822265625
1.19635009765625
1.1148681640625
0.93402099609375
1.41650390625
1.2392578125
1.2327880859375
1.06689453125
0.94207763671875
1.195068359375
1.11688232421875
1.11627197265625
1.14019775390625
1.126220703125
1.055419921875
1.03411865234375
1.350830078125
1.100341796875
1.1629638671875
1.029052734375
1.0404052734375
1.00299072265625
1.23944091796875
1.31854248046875
1.0296630859375
1.197265625
1.06268310546875
1.0675048828125
1.028564453125
1.0283203125
1.10235595703125
1.0924072265625
1.1121826171875
1.1529541015625
1.0843505859375
1.0404052734375
1.32470703125
1.08660888671875
1.14715576171875
1.3240966796875
1.04364013671875
1.0736083984375
0.98388671875
1.11834716796875
1.11297607421875
1.212158203125
1.31243896484375
1.39971923828125
1.14239501953125
1.0433349609375
0.96649169921875
1.08807373046875
1.197265625
1.165771484375
1.0306396484375
1.0216064453125
1.2137451171875
1.153076171875
0.99261474609375
1.30145263671875
1.10772705078125
1.2928466796875
1.119384765625
1.2662353515625
1.08111572265625
1.26953125
1.23382568359375
1.0029296875
1.18402099609375
1.081298828125
1.126953125
1.1109619140625
1.134765625
1.22076416015625
1.1849365234375
1.18292236328125
1.19390869140625
0.910888671875
1.17529296875
1.2293701171875
1.16436767578125
1.34881591796875
1.0738525390625
1.00146484375
1.05078125
1.14129638671875
1.07183837890625
1.16546630859375
1.2293701171875
1.20050048828125
1.01116943359375
1.19146728515625
1.0946044921875
1.006103515625
1.108154296875
1.01611328125
0.936279296875
1.12286376953125
1.2510986328125
1.08477783203125
1.23760986328125
1.02813720703125
1.107177734375
1.10076904296875
1.2467041015625
1.15435791015625
1.26116943359375
1.0604248046875
1.30035400390625
1.1483154296875
1.15576171875
1.2401123046875
1.17926025390625
1.2783203125
1.2802734375
1.15325927734375
1.1165771484375
1.17913818359375
1.02081298828125
1.00244140625
1.23492431640625
1.177001953125
0.9615478515625
1.115966796875
1.0865478515625
1.13897705078125
0.96588134765625
1.1343994140625
1.07293701171875
1.19769287109375
1.12860107421875
1.11309814453125
1.30780029296875
1.20831298828125
0.9989013671875
1.21539306640625
0.9287109375
1.32745361328125
1.276123046875
1.06414794921875
1.13897705078125
1.1268310546875
1.183837890625
1.1920166015625
1.04010009765625
1.10382080078125
1.18658447265625
1.21722412109375
1.03466796875
1.1790771484375
1.16046142578125
1.17547607421875
1.14703369140625
1.01275634765625
1.2445068359375
1.27447509765625
1.2061767578125
1.11163330078125
1.16217041015625
1.00628662109375
1.2796630859375
1.05657958984375
1.16650390625
1.03082275390625
0.96240234375
1.14581298828125
1.04925537109375
1.1768798828125
1.27947998046875
1.11181640625
1.31842041015625
1.30230712890625
1.1282958984375
1.08599853515625
1.25628662109375
1.05615234375
1.10479736328125
1.12884521484375
1.13671875
1.1380615234375
1.12274169921875
1.0228271484375
1.137939453125
1.15380859375
1.1229248046875
1.0989990234375
1.2198486328125
1.2171630859375
1.00579833984375
1.03887939453125
1.20660400390625
1.04888916015625
1.098876953125
1.15020751953125
1.12353515625
1.1446533203125
1.332763671875
1.16363525390625
1.25189208984375
1.0897216796875
1.19287109375
1.0791015625
1.0030517578125
1.19232177734375
1.20379638671875
1.01031494140625
1.4552001953125
1.19805908203125
1.33770751953125
1.10101318359375
1.1392822265625
1.18048095703125
1.12835693359375
1.0419921875
1.2252197265625
1.0989990234375
1.26177978515625
0.91741943359375
0.9532470703125
1.09796142578125
1.022705078125
1.14459228515625
1.11492919921875
1.05242919921875
1.2081298828125
1.22357177734375
0.93035888671875
1.1121826171875
0.9649658203125
1.27923583984375
1.136962890625
1.26434326171875
1.1497802734375
1.19732666015625
1.154296875
1.19610595703125
1.1201171875
1.195556640625
1.0792236328125
1.15081787109375
1.299072265625
1.16217041015625
1.1607666015625
1.23248291015625
1.24981689453125
1.0330810546875
1.10919189453125
1.13995361328125
1.17742919921875
1.1669921875
1.1826171875
1.09857177734375
1.0858154296875
1.244140625
1.23138427734375
1.05419921875
1.06463623046875
1.2144775390625
1.1375732421875
1.26458740234375
1.3536376953125
1.141845703125
1.1494140625
0.99505615234375
1.11529541015625
1.16168212890625
1.3046875
1.1107177734375
0.92462158203125
1.01385498046875
1.10772705078125
1.2586669921875
0.93328857421875
1.17095947265625
1.05999755859375
1.1573486328125
1.30523681640625
1.29461669921875
1.1044921875
1.21099853515625
1.1624755859375
1.13885498046875
1.220458984375
1.12384033203125
1.0035400390625
1.12286376953125
1.149658203125
1.03900146484375
1.07525634765625
1.284423828125
0.96856689453125
1.21142578125
1.1651611328125
1.05078125
1.309814453125
1.01287841796875
1.079345703125
1.116455078125
1.3714599609375
1.2247314453125
1.18609619140625
1.27593994140625
1.0262451171875
1.12255859375
0.99786376953125
1.09912109375
1.23193359375
1.0994873046875
1.27166748046875
1.0567626953125
1.08831787109375
1.26611328125
1.2886962890625
0.99700927734375
1.136962890625
1.13299560546875
1.1051025390625
1.3154296875
1.0545654296875
1.26824951171875
1.12982177734375
1.1265869140625
1.2139892578125
1.31451416015625
0.99261474609375
1.11029052734375
1.09381103515625
1.23333740234375
1.03826904296875
1.04888916015625
1.10723876953125
1.07666015625
1.16632080078125
1.15826416015625
1.2252197265625
1.048828125
1.0855712890625
1.12689208984375
1.1123046875
1.1431884765625
1.13323974609375
1.32806396484375
1.1656494140625
0.85589599609375
1.17724609375
1.0833740234375
1.1221923828125
1.18231201171875
1.120849609375
1.13037109375
1.0775146484375
1.208251953125
1.08184814453125
1.19683837890625
1.13726806640625
1.13861083984375
1.22210693359375
1.26904296875
1.11468505859375
1.0577392578125
1.18365478515625
1.0318603515625
1.2137451171875
1.08380126953125
1.1287841796875
1.11932373046875
1.1922607421875
1.35302734375
1.3516845703125
1.02435302734375
1.18780517578125
1.31976318359375
0.96337890625
1.02557373046875
1.33380126953125
1.06787109375
1.045166015625
1.21197509765625
1.1495361328125
1.17950439453125
1.01025390625
0.99200439453125
1.072021484375
1.1026611328125
1.08013916015625
1.0784912109375
1.04681396484375
1.09368896484375
1.140380859375
1.205322265625
1.1494140625
1.10113525390625
1.17340087890625
1.156494140625
1.16461181640625
