0.74407958984375
0.74407958984375
0.74407958984375
0.74407958984375
0.74407958984375
0.7518310546875
0.76416015625
0.90228271484375
0.95098876953125
0.88775634765625
0.7015380859375
1.02056884765625
0.638671875
0.75732421875
0.7694091796875
0.8858642578125
0.85479736328125
1.01025390625
0.6663818359375
0.84271240234375
0.84576416015625
0.69830322265625
0.701416015625
0.77728271484375
0.8536376953125
0.83917236328125
0.79437255859375
0.8851318359375
0.80511474609375
0.6810302734375
0.75225830078125
0.63262939453125
0.88580322265625
0.765380859375
0.78240966796875
0.79888916015625
0.84881591796875
0.73974609375
0.9404296875
0.81396484375
0.70172119140625
0.67718505859375
0.9305419921875
0.88568115234375
0.8428955078125
0.81365966796875
0.78802490234375
0.90972900390625
0.78582763671875
0.87567138671875
0.77935791015625
0.97076416015625
0.6553955078125
0.76123046875
0.81365966796875
0.70428466796875
0.6185302734375
0.65740966796875
0.89520263671875
0.68310546875
0.86224365234375
0.97149658203125
0.68365478515625
0.775146484375
0.93328857421875
0.84912109375
0.7529296875
0.9852294921875
0.74462890625
0.727294921875
0.7647705078125
0.98858642578125
0.6556396484375
0.7200927734375
0.68841552734375
0.7249755859375
0.60552978515625
0.8089599609375
0.61199951171875
0.8175048828125
0.7276611328125
0.598388671875
0.83453369140625
0.727783203125
0.9017333984375
0.66943359375
0.709716796875
0.840087890625
0.74609375
0.79498291015625
0.83251953125
0.80902099609375
0.83038330078125
0.82281494140625
0.87744140625
0.841064453125
0.80718994140625
0.72589111328125
0.78521728515625
0.74493408203125
0.82476806640625
0.6917724609375
0.68585205078125
0.908203125
0.73828125
0.63079833984375
0.7728271484375
0.778564453125
0.71783447265625
0.81805419921875
0.8055419921875
0.9127197265625
0.81304931640625
0.72088623046875
0.78350830078125
0.75347900390625
0.7705078125
0.79730224609375
0.82147216796875
0.918212890625
0.86871337890625
0.6334228515625
0.6817626953125
0.90185546875
0.803466796875
0.86767578125
0.83648681640625
0.66644287109375
0.65570068359375
0.6220703125
0.95123291015625
0.727294921875
0.69268798828125
0.79937744140625
0.76055908203125
0.75640869140625
0.76068115234375
0.73504638671875
0.78826904296875
0.8223876953125
0.95477294921875
0.72467041015625
0.68292236328125
0.81219482421875
0.751708984375
0.82720947265625
0.8990478515625
0.728271484375
0.6636962890625
0.713134765625
0.62786865234375
0.71990966796875
0.9407958984375
0.8319091796875
0.657958984375
0.8514404296875
0.8555908203125
0.93701171875
0.69512939453125
0.887451171875
0.64288330078125
0.77581787109375
0.6717529296875
0.83367919921875
1.13818359375
0.6424560546875
0.7467041015625
0.788818359375
0.78143310546875
0.66107177734375
0.81719970703125
0.868896484375
0.84417724609375
0.935791015625
0.94537353515625
0.67498779296875
0.82928466796875
0.76495361328125
0.9014892578125
0.70941162109375
0.87493896484375
0.72991943359375
0.91326904296875
0.7105712890625
0.8619384765625
0.7423095703125
0.754150390625
0.91015625
0.793212890625
0.8326416015625
0.827392578125
0.7708740234375
0.8206787109375
0.82257080078125
0.85546875
0.8485107421875
0.74212646484375
0.8170166015625
0.681884765625
0.72979736328125
0.79351806640625
0.7384033203125
0.9324951171875
0.74871826171875
0.79754638671875
0.988037109375
0.74786376953125
0.7735595703125
0.91064453125
0.73822021484375
0.82537841796875
0.76318359375
0.87261962890625
0.79351806640625
0.8363037109375
0.82049560546875
0.6427001953125
0.76983642578125
0.697509765625
0.875732421875
0.8990478515625
0.88873291015625
0.7083740234375
1.01043701171875
0.84588623046875
0.6624755859375
0.88336181640625
0.79266357421875
0.77606201171875
0.7725830078125
0.8326416015625
0.85736083984375
0.8900146484375
0.69146728515625
0.89117431640625
0.819091796875
0.784912109375
0.77105712890625
0.8487548828125
0.8272705078125
0.84320068359375
0.8857421875
0.824462890625
0.8974609375
0.7503662109375
0.70416259765625
0.635986328125
0.82666015625
0.7957763671875
0.89080810546875
0.63153076171875
0.7579345703125
0.66729736328125
0.78436279296875
0.81689453125
0.7315673828125
0.75360107421875
0.7503662109375
0.72369384765625
0.7203369140625
0.74053955078125
0.73907470703125
0.81903076171875
0.708740234375
0.80645751953125
0.73504638671875
0.5
0.7589111328125
0.90216064453125
0.696044921875
0.97967529296875
0.78167724609375
0.7901611328125
0.9443359375
0.71905517578125
0.69805908203125
0.748291015625
0.85614013671875
0.9154052734375
0.66607666015625
0.67352294921875
0.84185791015625
0.72198486328125
0.9073486328125
0.79779052734375
0.92254638671875
0.77056884765625
0.96661376953125
0.902099609375
0.7537841796875
0.8660888671875
0.86578369140625
0.7291259765625
0.83929443359375
0.78216552734375
0.68328857421875
0.71697998046875
0.715576171875
0.79534912109375
0.77691650390625
0.83489990234375
0.83941650390625
0.82415771484375
0.688720703125
0.68951416015625
0.87640380859375
0.739501953125
0.756591796875
0.76947021484375
0.802734375
0.8345947265625
0.76531982421875
0.7451171875
0.8040771484375
0.84368896484375
0.78656005859375
0.64910888671875
0.63775634765625
0.927490234375
0.71282958984375
0.94366455078125
0.960205078125
0.6695556640625
0.69439697265625
0.86883544921875
0.75811767578125
0.763671875
0.74932861328125
0.65771484375
0.72113037109375
0.8896484375
0.83209228515625
0.7437744140625
0.82598876953125
0.77154541015625
0.9666748046875
0.68902587890625
0.80938720703125
0.93017578125
0.80975341796875
0.80535888671875
0.84796142578125
0.8167724609375
1.00146484375
0.84698486328125
0.77685546875
0.8892822265625
0.87457275390625
0.81024169921875
0.83251953125
0.8148193359375
0.8175048828125
0.91253662109375
0.81793212890625
0.8402099609375
0.8294677734375
0.8621826171875
0.926513671875
0.75238037109375
1.01336669921875
0.76513671875
0.87322998046875
0.7479248046875
0.8392333984375
0.6839599609375
0.7801513671875
0.81744384765625
0.63507080078125
0.89556884765625
0.83203125
0.80426025390625
0.753173828125
0.74847412109375
0.87213134765625
1.04534912109375
0.77496337890625
0.678955078125
0.9986572265625
0.7120361328125
0.8167724609375
0.8179931640625
0.8336181640625
0.82196044921875
0.697998046875
0.83892822265625
0.8116455078125
0.8380126953125
0.70404052734375
0.70904541015625
0.8541259765625
0.791748046875
0.8798828125
0.71966552734375
1.00518798828125
0.89715576171875
0.85137939453125
0.70361328125
0.84600830078125
0.80865478515625
0.88238525390625
0.90423583984375
0.78955078125
0.8160400390625
0.87969970703125
0.84674072265625
0.749755859375
0.87689208984375
0.7327880859375
0.7823486328125
0.73077392578125
0.8748779296875
0.8031005859375
0.8802490234375
0.75408935546875
0.90875244140625
0.74627685546875
0.83123779296875
0.771728515625
0.83538818359375
0.77191162109375
0.73468017578125
0.7608642578125
0.83563232421875
0.795166015625
0.7164306640625
0.79925537109375
0.83221435546875
0.93365478515625
0.7938232421875
0.893798828125
0.84759521484375
0.64959716796875
0.6903076171875
0.66790771484375
0.90997314453125
0.84869384765625
0.8359375
0.7520751953125
0.868896484375
0.7232666015625
0.77783203125
0.84576416015625
0.7574462890625
0.90911865234375
0.76312255859375
0.69415283203125
0.80487060546875
0.8551025390625
0.7423095703125
0.6708984375
0.8411865234375
0.8580322265625
0.89923095703125
0.84442138671875
0.6656494140625
0.87225341796875
0.95367431640625
0.72174072265625
0.9237060546875
0.904296875
0.8175048828125
0.91278076171875
0.66064453125
0.826171875
0.9993896484375
0.80096435546875
0.71148681640625
0.7314453125
0.62017822265625
0.7967529296875
0.798095703125
0.68341064453125
0.7369384765625
0.7567138671875
0.86968994140625
0.87158203125
1.01080322265625
0.70843505859375
0.8665771484375
0.93157958984375
0.75762939453125
0.93951416015625
0.7742919921875
0.68280029296875
0.643798828125
0.86688232421875
0.77001953125
0.71881103515625
0.7459716796875
0.7247314453125
0.7283935546875
0.6632080078125
0.79107666015625
0.8416748046875
0.94970703125
0.9210205078125
0.5706787109375
0.823486328125
0.644287109375
0.89617919921875
0.797607421875
0.80987548828125
0.8753662109375
0.7958984375
0.723388671875
0.85858154296875
0.77301025390625
0.83642578125
0.78271484375
0.810546875
0.8489990234375
0.7208251953125
0.9454345703125
0.807373046875
0.78619384765625
0.66705322265625
0.7733154296875
0.77789306640625
0.6776123046875
0.7535400390625
0.748046875
0.76153564453125
0.55010986328125
0.68182373046875
0.63995361328125
0.67315673828125
0.90228271484375
0.641845703125
0.8817138671875
0.8890380859375
0.78741455078125
0.9129638671875
0.66802978515625
1.02459716796875
0.72381591796875
0.73370361328125
0.67620849609375
0.856201171875
0.56683349609375
0.7359619140625
0.82861328125
0.8848876953125
0.767578125
0.72900390625
0.90179443359375
0.8363037109375
0.8258056640625
0.94970703125
0.72052001953125
0.82000732421875
0.86505126953125
0.907958984375
0.80560302734375
0.82659912109375
0.7919921875
0.86944580078125
0.70135498046875
0.7900390625
0.83697509765625
0.75531005859375
0.821044921875
0.7635498046875
0.8245849609375
0.78515625
0.8851318359375
0.883544921875
0.94500732421875
0.7357177734375
0.99713134765625
0.85394287109375
0.84967041015625
0.72442626953125
0.8392333984375
0.60125732421875
0.93817138671875
0.94775390625
0.6881103515625
0.79248046875
0.713134765625
0.754150390625
0.78594970703125
0.7723388671875
0.7713623046875
0.89129638671875
0.69171142578125
0.990966796875
0.88360595703125
0.776123046875
1.000732421875
0.77069091796875
0.823486328125
0.904052734375
0.74176025390625
1.04986572265625
0.88262939453125
0.80291748046875
0.90625
0.98187255859375
0.70916748046875
0.8251953125
0.683837890625
0.8125
0.92022705078125
0.97216796875
0.8082275390625
0.8724365234375
0.762451171875
0.59857177734375
0.9224853515625
0.84124755859375
0.88580322265625
0.87896728515625
0.673095703125
0.834716796875
0.73681640625
0.702392578125
0.79095458984375
0.76580810546875
0.79705810546875
0.68743896484375
0.97991943359375
0.69927978515625
0.93597412109375
0.69976806640625
0.7281494140625
0.7476806640625
0.837646484375
0.9461669921875
0.66522216796875
0.85662841796875
0.7459716796875
0.763427734375
0.74041748046875
0.8050537109375
0.83233642578125
0.78265380859375
0.7738037109375
0.75054931640625
0.75048828125
0.76873779296875
0.95501708984375
0.7200927734375
0.84033203125
0.93377685546875
0.802490234375
0.7713623046875
0.59344482421875
0.76959228515625
0.74774169921875
0.8909912109375
0.9342041015625
0.90185546875
0.85491943359375
0.7530517578125
0.708740234375
0.79388427734375
0.75714111328125
0.77130126953125
0.6767578125
0.7027587890625
0.907958984375
0.90667724609375
0.6922607421875
1.1087646484375
0.77313232421875
0.91448974609375
0.7640380859375
0.84918212890625
0.7691650390625
0.9296875
0.836181640625
0.69854736328125
0.9019775390625
0.7843017578125
0.74652099609375
0.8480224609375
0.83123779296875
0.91644287109375
0.8636474609375
0.87603759765625
0.7470703125
0.6624755859375
0.74481201171875
0.85858154296875
0.8067626953125
0.9940185546875
0.73529052734375
0.6610107421875
0.90087890625
0.9029541015625
0.7667236328125
0.8397216796875
0.87127685546875
0.9359130859375
0.63287353515625
0.88677978515625
0.74200439453125
0.6041259765625
0.71673583984375
0.70513916015625
0.61083984375
0.8126220703125
0.88775634765625
0.7574462890625
0.912353515625
0.720947265625
0.7559814453125
0.7359619140625
0.8291015625
0.80712890625
0.7784423828125
0.65576171875
0.84771728515625
0.746826171875
0.85040283203125
0.958984375
0.80010986328125
0.93499755859375
0.8841552734375
0.8944091796875
0.7095947265625
0.76934814453125
0.72650146484375
0.61962890625
0.881103515625
0.793212890625
0.659423828125
0.82666015625
0.69635009765625
0.83831787109375
0.67816162109375
0.8609619140625
0.78363037109375
0.83837890625
0.77655029296875
0.77105712890625
0.94097900390625
0.83868408203125
0.67138671875
0.847900390625
0.63201904296875
0.9334716796875
1.0013427734375
0.6363525390625
0.7718505859375
0.7392578125
0.8631591796875
0.8760986328125
0.74969482421875
0.77197265625
0.87811279296875
0.8404541015625
0.718017578125
0.7677001953125
0.82452392578125
0.85186767578125
0.7652587890625
0.70703125
0.89923095703125
0.88372802734375
0.89996337890625
0.81158447265625
0.7474365234375
0.64544677734375
0.8900146484375
0.732666015625
0.85491943359375
0.75897216796875
0.5906982421875
0.7454833984375
0.68756103515625
0.7789306640625
0.81951904296875
0.78680419921875
0.91510009765625
0.91387939453125
0.81634521484375
0.68994140625
0.912841796875
0.7294921875
0.80621337890625
0.781494140625
0.80670166015625
0.7423095703125
0.746337890625
0.77911376953125
0.725341796875
0.76190185546875
0.84075927734375
0.7908935546875
0.93389892578125
0.877685546875
0.62646484375
0.8045654296875
0.80914306640625
0.74957275390625
0.76715087890625
0.87518310546875
0.7950439453125
0.797119140625
0.78521728515625
0.7618408203125
1.01385498046875
0.72943115234375
0.84912109375
0.79229736328125
0.71356201171875
0.80084228515625
0.85675048828125
0.7110595703125
1.01788330078125
0.8184814453125
0.9412841796875
0.7900390625
0.78515625
0.84808349609375
0.83343505859375
0.72607421875
0.8477783203125
0.768798828125
0.90814208984375
0.6072998046875
0.599609375
0.7379150390625
0.7000732421875
0.828857421875
0.853759765625
0.7103271484375
0.769775390625
0.83575439453125
0.69580078125
0.76568603515625
0.6419677734375
0.93426513671875
0.712890625
0.90399169921875
0.79315185546875
0.8287353515625
0.6871337890625
0.8980712890625
0.71002197265625
0.75189208984375
0.70196533203125
0.80902099609375
0.9881591796875
0.86114501953125
0.859130859375
0.8421630859375
0.8829345703125
0.71533203125
0.804443359375
0.7640380859375
0.87152099609375
0.81829833984375
0.80682373046875
0.6834716796875
0.7193603515625
0.85662841796875
0.81103515625
0.7225341796875
0.67510986328125
0.9503173828125
0.67913818359375
0.99932861328125
0.88525390625
0.78863525390625
0.7821044921875
0.69842529296875
0.7735595703125
0.7706298828125
0.93353271484375
0.83111572265625
0.55633544921875
0.728759765625
0.76251220703125
0.81390380859375
0.62371826171875
0.84814453125
0.76043701171875
0.76910400390625
0.90350341796875
0.90509033203125
0.7781982421875
0.8182373046875
0.83978271484375
0.74822998046875
0.89312744140625
0.77960205078125
0.63623046875
0.69378662109375
0.79888916015625
0.77911376953125
0.83782958984375
0.95587158203125
0.61907958984375
0.87640380859375
0.78857421875
0.7462158203125
0.98931884765625
0.68927001953125
0.774169921875
0.77752685546875
0.99176025390625
0.874755859375
0.79376220703125
0.97979736328125
0.713134765625
0.73858642578125
0.693115234375
0.8231201171875
0.8843994140625
0.7769775390625
1.01629638671875
0.8087158203125
0.754638671875
0.94000244140625
0.90313720703125
0.6533203125
0.8367919921875
0.816650390625
0.77337646484375
0.8411865234375
0.67822265625
0.88726806640625
0.83526611328125
0.79315185546875
0.7918701171875
0.96038818359375
0.68585205078125
0.8037109375
0.7613525390625
0.96307373046875
0.70001220703125
0.77728271484375
0.8319091796875
0.7027587890625
0.8837890625
0.87139892578125
0.9168701171875
0.76495361328125
0.726806640625
0.82513427734375
0.734375
0.7764892578125
0.79852294921875
0.927490234375
0.7578125
0.556396484375
0.93682861328125
0.66278076171875
0.83172607421875
0.73504638671875
0.83673095703125
0.80596923828125
0.7730712890625
0.7618408203125
0.70123291015625
0.8382568359375
0.7833251953125
0.857666015625
1.0072021484375
0.92388916015625
0.7891845703125
0.69036865234375
0.76123046875
0.73541259765625
0.93896484375
0.77117919921875
0.7119140625
0.71942138671875
0.94305419921875
1.07763671875
1.056396484375
0.68206787109375
0.7601318359375
0.95416259765625
0.6962890625
0.630615234375
0.98681640625
0.8018798828125
0.7606201171875
0.76678466796875
0.7442626953125
0.84759521484375
0.649169921875
0.75341796875
0.69708251953125
0.74908447265625
0.73126220703125
0.7198486328125
0.79388427734375
0.7513427734375
0.7955322265625
0.7972412109375
0.74371337890625
0.722900390625
0.923583984375
0.74908447265625
0.7230224609375
