0.0
0.74407958984375
0.74407958984375
0.87591552734375
0.0
0.0
0.71746826171875
0.78411865234375
0.0
0.7835693359375
0.70233154296875
0.72100830078125
0.0
0.61328125
0.6541748046875
0.98126220703125
0.84857177734375
0.8104248046875
0.0
0.0
0.798583984375
0.93206787109375
0.86846923828125
0.7041015625
0.81396484375
0.755615234375
0.67913818359375
0.98260498046875
0.93194580078125
0.940185546875
0.0
0.0
0.7108154296875
0.77227783203125
0.76788330078125
0.86846923828125
0.8341064453125
0.78656005859375
0.0
0.0
0.0
0.0
0.92303466796875
0.79278564453125
0.7657470703125
0.64630126953125
0.768310546875
0.86761474609375
1.00885009765625
0.64154052734375
0.91107177734375
0.786865234375
0.79278564453125
0.8226318359375
0.0
0.0
0.0
0.82855224609375
0.86029052734375
0.6259765625
0.8294677734375
0.92901611328125
0.7144775390625
0.69964599609375
0.826416015625
0.0
0.0
1.212646484375
0.808349609375
0.68621826171875
1.0943603515625
0.858154296875
0.67254638671875
0.0
0.88177490234375
0.91265869140625
0.7498779296875
0.0
0.75079345703125
0.7239990234375
0.852294921875
0.87371826171875
0.74090576171875
0.75921630859375
0.8404541015625
0.7486572265625
0.0
0.0
0.0
0.9091796875
0.83087158203125
0.64691162109375
0.712158203125
0.8505859375
0.6839599609375
0.684814453125
0.72100830078125
0.5789794921875
0.79339599609375
0.0
0.0
0.9918212890625
0.87841796875
0.891357421875
0.895751953125
0.0
0.86431884765625
1.00030517578125
0.8505859375
0.8311767578125
0.68603515625
0.9080810546875
0.0
0.88427734375
0.82171630859375
0.874755859375
0.71636962890625
0.7462158203125
0.8638916015625
0.802001953125
0.0
0.0
0.0
0.71466064453125
0.8026123046875
0.97088623046875
0.81488037109375
0.75018310546875
0.76544189453125
0.0
0.0
0.0
0.0
0.80584716796875
0.72198486328125
1.1461181640625
0.79315185546875
0.69415283203125
0.89019775390625
0.8909912109375
0.80438232421875
0.61767578125
0.7694091796875
0.79656982421875
0.90057373046875
0.68670654296875
0.71282958984375
0.72991943359375
0.8704833984375
0.8018798828125
0.815185546875
0.939697265625
0.8756103515625
0.79449462890625
0.77520751953125
0.94488525390625
0.7774658203125
0.8067626953125
0.0
0.70306396484375
0.62615966796875
0.68316650390625
0.66229248046875
0.72100830078125
0.0
0.0
0.71502685546875
0.6800537109375
0.87213134765625
0.73876953125
0.6356201171875
0.62591552734375
0.75628662109375
0.78424072265625
0.74078369140625
0.752685546875
0.71820068359375
0.0
0.0
0.79107666015625
0.819580078125
0.92828369140625
0.67315673828125
0.84503173828125
0.7913818359375
0.9039306640625
0.0
0.67059326171875
0.863525390625
0.833984375
0.91302490234375
0.90069580078125
0.76910400390625
0.0
0.0
0.77044677734375
0.9248046875
0.883056640625
0.906494140625
0.846923828125
0.80950927734375
0.7191162109375
0.0
0.0
0.0
0.85638427734375
0.79644775390625
0.8636474609375
0.74462890625
0.8297119140625
0.0
0.0
0.8349609375
0.82025146484375
0.83819580078125
0.770263671875
0.65411376953125
0.841064453125
0.8804931640625
0.72796630859375
0.7335205078125
0.677978515625
0.87689208984375
0.72320556640625
0.0
0.7003173828125
0.87225341796875
0.7623291015625
0.0
0.7459716796875
0.7158203125
0.7464599609375
0.88128662109375
0.67559814453125
0.8284912109375
0.75848388671875
0.0
0.687744140625
0.74493408203125
0.67425537109375
0.68463134765625
0.8446044921875
0.7923583984375
0.0
0.82049560546875
0.87646484375
0.0
0.73455810546875
0.6707763671875
0.85931396484375
0.79034423828125
0.822509765625
0.87469482421875
0.70819091796875
0.0
0.0
0.0
0.82733154296875
0.78753662109375
0.8536376953125
0.69805908203125
0.81707763671875
0.8841552734375
0.8828125
0.0
0.75152587890625
0.80487060546875
0.92333984375
0.69622802734375
0.91717529296875
0.7686767578125
0.0
0.799072265625
0.7855224609375
0.57568359375
0.951904296875
0.74835205078125
0.88250732421875
0.0
0.0
0.7620849609375
0.725341796875
0.81109619140625
0.68695068359375
0.88330078125
0.0
0.0
0.77703857421875
0.6392822265625
0.88311767578125
0.99737548828125
0.69976806640625
0.7880859375
0.0
0.0
0.7896728515625
0.868408203125
0.84906005859375
0.83563232421875
0.7733154296875
0.67572021484375
0.86260986328125
0.75238037109375
0.70538330078125
0.84613037109375
0.81878662109375
0.73052978515625
0.72637939453125
0.77166748046875
0.0
0.0
0.6766357421875
0.74346923828125
0.939208984375
0.6654052734375
0.7354736328125
0.0
0.70458984375
0.67852783203125
0.5938720703125
0.744384765625
0.68670654296875
0.9310302734375
0.7486572265625
0.0
0.83160400390625
0.86480712890625
0.8533935546875
0.8028564453125
0.9517822265625
0.75897216796875
0.8333740234375
0.76263427734375
0.7386474609375
0.7578125
0.77960205078125
0.0
0.960205078125
0.83245849609375
0.7432861328125
0.99066162109375
0.8294677734375
0.864501953125
0.7218017578125
0.62530517578125
0.70770263671875
0.9876708984375
0.78948974609375
0.98211669921875
0.0
0.0
0.0
0.893798828125
0.7081298828125
0.7529296875
0.88568115234375
0.73687744140625
1.06085205078125
0.88494873046875
0.0
0.0
0.0
0.87664794921875
0.74993896484375
0.81689453125
0.76251220703125
0.59381103515625
0.75860595703125
0.79608154296875
0.83660888671875
0.90338134765625
0.7164306640625
0.7589111328125
0.85198974609375
0.7613525390625
0.86309814453125
0.774169921875
0.8975830078125
0.0
0.0
0.0
0.0
1.05767822265625
0.8759765625
0.6683349609375
0.7796630859375
0.84051513671875
0.83880615234375
0.0
0.0
0.0
0.9888916015625
0.73486328125
0.81793212890625
0.9254150390625
0.9461669921875
0.7191162109375
0.67279052734375
0.81011962890625
0.0
0.792236328125
0.84796142578125
0.63543701171875
0.85809326171875
0.6112060546875
0.69085693359375
0.72381591796875
0.0
0.802978515625
0.91119384765625
0.9771728515625
0.70428466796875
0.70989990234375
0.7203369140625
0.76318359375
0.0
0.0
0.0
0.6788330078125
0.75189208984375
0.81829833984375
0.996826171875
0.70751953125
0.0
0.9180908203125
0.70745849609375
0.786865234375
0.9415283203125
0.83013916015625
0.7764892578125
0.68072509765625
0.663330078125
0.7901611328125
0.8724365234375
0.0
0.92901611328125
0.8670654296875
0.8817138671875
0.8741455078125
0.91943359375
0.85107421875
0.7939453125
1.00933837890625
0.73077392578125
0.0
0.0
0.0
0.6734619140625
1.00604248046875
0.75787353515625
0.83905029296875
0.0
0.748046875
0.80316162109375
0.9300537109375
0.61102294921875
0.75201416015625
0.76678466796875
0.79229736328125
0.6357421875
0.725341796875
0.86285400390625
0.76171875
0.9029541015625
0.8857421875
0.75341796875
0.72784423828125
0.63421630859375
0.81805419921875
0.0
0.7607421875
0.73101806640625
0.86956787109375
0.9168701171875
0.81640625
0.88531494140625
0.75750732421875
0.8466796875
0.86907958984375
0.0
0.738525390625
0.86859130859375
0.6873779296875
0.87640380859375
0.75787353515625
0.85223388671875
0.936279296875
0.90545654296875
0.72418212890625
0.0
0.82037353515625
0.65997314453125
0.6871337890625
0.79754638671875
0.80572509765625
0.85174560546875
0.81378173828125
0.91107177734375
0.90594482421875
0.0
0.76739501953125
0.76385498046875
0.82427978515625
0.79296875
0.74517822265625
0.66571044921875
0.88385009765625
0.0
0.762451171875
0.78961181640625
0.8507080078125
0.7841796875
0.85498046875
0.69989013671875
0.764404296875
0.7955322265625
0.6417236328125
0.8677978515625
0.0
0.87554931640625
0.8546142578125
0.76641845703125
0.800537109375
0.83123779296875
0.67474365234375
0.8311767578125
0.81512451171875
0.0
0.76995849609375
1.0140380859375
0.84375
0.9525146484375
0.69512939453125
0.84710693359375
0.0
0.0
0.0
0.0
0.8262939453125
0.78094482421875
0.76898193359375
0.640380859375
0.73773193359375
0.0
0.7147216796875
0.939697265625
0.71771240234375
0.85504150390625
0.7130126953125
1.0274658203125
0.73797607421875
0.74053955078125
0.0
0.72998046875
0.705078125
0.761474609375
0.79608154296875
0.817138671875
0.853271484375
0.71209716796875
0.91339111328125
0.0
0.6142578125
0.84661865234375
0.772216796875
0.77874755859375
0.81591796875
0.801025390625
0.94903564453125
0.0
0.0
0.0
0.0
0.0
0.89434814453125
0.74761962890625
0.80029296875
0.8447265625
0.8819580078125
0.819580078125
0.7735595703125
0.91180419921875
0.6082763671875
0.90411376953125
0.90704345703125
0.8197021484375
0.7996826171875
0.82550048828125
0.83843994140625
0.0
0.89422607421875
0.82769775390625
0.7296142578125
0.939208984375
0.75628662109375
0.78558349609375
0.0
0.81683349609375
0.7108154296875
0.66937255859375
0.7799072265625
0.73968505859375
0.68585205078125
0.97802734375
0.82598876953125
0.0
0.0
0.0
0.82769775390625
0.7178955078125
0.84295654296875
0.581298828125
0.6070556640625
0.64697265625
0.72698974609375
0.828125
0.7060546875
0.73162841796875
0.85443115234375
0.0
0.0
0.0
0.73370361328125
0.7889404296875
0.96575927734375
0.838134765625
0.0
0.74456787109375
0.69439697265625
0.8275146484375
0.659423828125
0.72998046875
0.76019287109375
0.85150146484375
0.0
0.82086181640625
0.83990478515625
0.72601318359375
0.718505859375
0.73345947265625
0.9215087890625
0.76220703125
0.9180908203125
0.8277587890625
0.76202392578125
0.99896240234375
0.67535400390625
0.7974853515625
0.0
0.74774169921875
0.817626953125
0.917724609375
1.0076904296875
0.70806884765625
0.7740478515625
0.63006591796875
0.9815673828125
0.7791748046875
0.7620849609375
0.78656005859375
0.8165283203125
0.82342529296875
0.7705078125
0.0
0.0
0.79150390625
0.749755859375
0.7435302734375
0.82763671875
0.93499755859375
0.0
0.0
0.0
0.74395751953125
0.7283935546875
0.80120849609375
0.7901611328125
0.83099365234375
0.728271484375
0.6905517578125
0.6954345703125
0.878173828125
0.876708984375
0.68353271484375
0.98455810546875
0.61627197265625
0.79119873046875
0.76629638671875
0.0
0.0
0.7164306640625
0.85028076171875
0.0
0.0
0.0
0.80841064453125
0.72216796875
0.80828857421875
0.6900634765625
0.77630615234375
0.74981689453125
0.7061767578125
0.83074951171875
0.77215576171875
0.835693359375
0.97528076171875
0.89996337890625
0.75885009765625
0.0
0.0
0.71734619140625
0.81451416015625
0.7965087890625
0.89202880859375
0.8646240234375
0.77227783203125
0.8284912109375
0.6298828125
0.8037109375
0.8101806640625
0.87261962890625
0.7913818359375
0.78240966796875
0.0
0.0
0.75933837890625
0.79864501953125
0.95892333984375
0.76220703125
0.0
0.763671875
0.895263671875
0.8179931640625
0.0
0.80401611328125
0.69427490234375
0.70556640625
0.8841552734375
0.64862060546875
0.826904296875
0.7591552734375
0.63848876953125
0.61822509765625
0.812255859375
0.802978515625
0.83612060546875
0.78741455078125
0.913818359375
0.78240966796875
0.892822265625
0.85650634765625
0.86175537109375
0.92144775390625
0.8343505859375
0.791748046875
1.0361328125
0.867919921875
0.855224609375
0.7447509765625
0.85235595703125
0.89794921875
0.770751953125
0.908935546875
0.95111083984375
0.0
0.0
0.778564453125
0.71484375
0.7529296875
0.7427978515625
0.85150146484375
0.7781982421875
0.81640625
0.61871337890625
0.872802734375
0.6558837890625
0.65972900390625
0.0
0.0
0.0
0.7921142578125
0.973876953125
0.8162841796875
0.72802734375
0.766845703125
0.0
0.85833740234375
0.727783203125
0.8377685546875
0.809326171875
0.7305908203125
0.72637939453125
0.790283203125
0.82781982421875
0.0
0.7786865234375
0.82794189453125
0.783935546875
0.77691650390625
0.78216552734375
0.7373046875
0.8984375
0.0
0.89483642578125
0.78460693359375
0.77459716796875
0.7589111328125
0.96221923828125
0.77789306640625
0.7420654296875
0.8135986328125
0.76470947265625
0.7530517578125
0.79315185546875
0.75732421875
0.54925537109375
0.934814453125
0.93115234375
0.72052001953125
0.72161865234375
0.0
0.80841064453125
0.7772216796875
0.64447021484375
0.0
0.7120361328125
1.02191162109375
0.0
0.83001708984375
0.7869873046875
0.72552490234375
0.84051513671875
0.90533447265625
0.70953369140625
0.76507568359375
0.83489990234375
0.720947265625
0.82452392578125
0.8603515625
0.89752197265625
0.765625
0.68572998046875
0.7713623046875
0.72210693359375
1.03424072265625
0.7330322265625
0.926025390625
0.6944580078125
0.0
0.0
0.70404052734375
0.78692626953125
0.8765869140625
0.8477783203125
0.961181640625
0.68267822265625
1.092529296875
0.0
0.7940673828125
0.83111572265625
0.732421875
0.7784423828125
0.78753662109375
0.8056640625
0.66961669921875
0.65301513671875
0.94525146484375
0.7017822265625
0.72357177734375
0.4931640625
0.91278076171875
0.7725830078125
0.86846923828125
0.72314453125
0.68597412109375
0.8077392578125
0.670166015625
0.78131103515625
0.0
0.0
0.0
0.75091552734375
0.91253662109375
0.87457275390625
0.87530517578125
0.0
0.0
0.0
0.892333984375
0.739013671875
0.68267822265625
0.6741943359375
0.84564208984375
0.82135009765625
0.87548828125
0.8525390625
0.0
0.0
0.0
0.0
0.731689453125
0.873779296875
0.67584228515625
0.71649169921875
0.823486328125
0.64422607421875
0.8255615234375
0.8458251953125
0.63238525390625
0.0
0.0
0.0
0.68975830078125
0.69207763671875
0.6839599609375
0.65704345703125
0.0
0.7559814453125
0.77130126953125
0.7484130859375
0.72235107421875
0.8555908203125
0.7506103515625
0.82861328125
0.79559326171875
0.77032470703125
0.0
0.8592529296875
0.8380126953125
0.88580322265625
0.82427978515625
0.9244384765625
0.95025634765625
0.8109130859375
0.0
0.797607421875
0.76837158203125
0.78204345703125
0.78106689453125
0.658203125
0.70550537109375
0.8284912109375
0.83868408203125
0.87921142578125
0.84027099609375
0.92059326171875
0.75750732421875
0.6558837890625
0.845947265625
0.66949462890625
0.81695556640625
0.736083984375
0.9169921875
0.72552490234375
0.76373291015625
0.9400634765625
0.85247802734375
0.0
0.868408203125
0.68902587890625
0.798828125
0.67254638671875
0.0
0.0
0.7425537109375
0.82708740234375
0.6942138671875
0.91473388671875
0.7476806640625
0.84368896484375
0.85833740234375
0.83526611328125
0.0
0.0
0.0
0.0
0.86859130859375
0.8031005859375
0.86199951171875
0.9107666015625
0.76751708984375
0.7662353515625
0.0
0.0
0.0
0.0
0.74053955078125
0.91973876953125
0.77154541015625
0.8792724609375
0.78900146484375
0.784912109375
0.77020263671875
0.0
0.99029541015625
0.78546142578125
0.62030029296875
0.91064453125
0.7525634765625
