1.00091552734375
1.00091552734375
1.00091552734375
1.00091552734375
0.0
1.00091552734375
0.906494140625
0.9613037109375
1.042724609375
0.9796142578125
0.0
0.0
0.92547607421875
1.126953125
1.01416015625
0.94757080078125
1.22802734375
0.99969482421875
1.13128662109375
1.006591796875
0.99755859375
0.0
1.0361328125
0.94171142578125
1.1766357421875
1.22918701171875
1.16943359375
1.1016845703125
1.1339111328125
0.0
0.0
1.07568359375
1.06756591796875
1.0780029296875
1.074951171875
1.12847900390625
1.1612548828125
0.97314453125
1.13787841796875
0.0
0.0
1.00347900390625
1.031982421875
1.13037109375
1.04150390625
1.1195068359375
1.18304443359375
1.13909912109375
1.0670166015625
0.99945068359375
0.0
1.1796875
1.151611328125
1.1353759765625
0.9754638671875
1.20318603515625
1.078857421875
0.97662353515625
1.0762939453125
1.08135986328125
1.19696044921875
1.0770263671875
1.08648681640625
1.1783447265625
1.01702880859375
0.990234375
0.97796630859375
0.0
0.0
1.08917236328125
1.1708984375
1.13458251953125
1.3189697265625
0.0
0.0
1.1719970703125
1.14642333984375
1.20703125
0.93994140625
1.2740478515625
1.2421875
1.10565185546875
1.061279296875
0.0
1.028076171875
1.08905029296875
1.1322021484375
0.97601318359375
0.97674560546875
1.03076171875
0.9652099609375
1.1331787109375
0.0
0.0
1.007568359375
1.16510009765625
1.04962158203125
1.2669677734375
1.0609130859375
1.1732177734375
1.11773681640625
0.0
0.0
0.0
0.95654296875
0.99468994140625
0.99407958984375
1.04034423828125
1.09649658203125
1.29766845703125
0.0
0.0
0.0
1.1063232421875
1.16278076171875
0.8575439453125
0.97064208984375
1.0836181640625
0.0
1.175537109375
1.00067138671875
1.06121826171875
1.0028076171875
0.0
0.0
0.0
0.0
1.02471923828125
1.05126953125
1.00946044921875
1.19744873046875
1.02667236328125
1.2227783203125
0.0
1.2408447265625
0.98321533203125
0.96405029296875
1.18438720703125
0.0
0.0
0.0
1.2049560546875
0.92352294921875
1.0711669921875
1.01165771484375
1.10430908203125
1.07208251953125
0.99090576171875
1.2755126953125
0.95684814453125
0.0
1.0172119140625
1.088134765625
1.177001953125
1.18487548828125
1.0479736328125
0.0
1.21771240234375
1.11651611328125
1.078369140625
1.06524658203125
1.142578125
1.05169677734375
1.2366943359375
1.13018798828125
1.13189697265625
0.0
1.3043212890625
1.152099609375
1.0460205078125
0.0
0.0
0.0
0.98870849609375
0.89642333984375
1.10223388671875
1.0994873046875
1.0849609375
1.11370849609375
1.05126953125
1.1031494140625
1.1444091796875
0.0
0.0
0.0
1.12921142578125
1.1978759765625
1.04986572265625
1.0704345703125
0.98486328125
1.29632568359375
1.1661376953125
0.9710693359375
1.11944580078125
1.19677734375
0.92755126953125
0.0
0.97235107421875
1.09814453125
1.13470458984375
1.13201904296875
0.0
1.11199951171875
0.97125244140625
1.02008056640625
1.048828125
1.14764404296875
1.09075927734375
1.062255859375
0.89849853515625
1.1031494140625
1.10345458984375
0.0
1.02032470703125
1.00518798828125
0.9891357421875
1.0267333984375
1.127685546875
1.1263427734375
1.05059814453125
1.158447265625
1.0699462890625
1.200439453125
0.0
0.0
0.0
1.07562255859375
1.025146484375
1.078857421875
1.0174560546875
1.1165771484375
1.09832763671875
0.99810791015625
1.22161865234375
0.0
0.0
0.0
0.0
1.04315185546875
1.158203125
1.0711669921875
1.06732177734375
1.159912109375
1.15106201171875
0.99267578125
1.09674072265625
0.965576171875
1.09130859375
1.1907958984375
0.0
0.0
0.98388671875
1.10516357421875
1.07940673828125
0.91986083984375
1.00018310546875
1.0863037109375
1.1380615234375
0.0
1.11724853515625
1.1119384765625
1.1898193359375
1.1226806640625
1.0797119140625
1.0281982421875
0.0
1.18902587890625
1.2191162109375
1.032470703125
1.201171875
1.1060791015625
1.07696533203125
1.18896484375
1.10791015625
1.0791015625
1.12255859375
0.993896484375
1.03753662109375
0.983154296875
1.05560302734375
1.27362060546875
1.1094970703125
1.1888427734375
1.1107177734375
1.0723876953125
1.23602294921875
1.0135498046875
1.31591796875
1.04473876953125
1.13262939453125
1.145263671875
1.1358642578125
1.1827392578125
0.96844482421875
1.05413818359375
1.07421875
1.1051025390625
1.2342529296875
0.974609375
0.0
1.14373779296875
1.11993408203125
0.991943359375
1.256103515625
1.17071533203125
1.15966796875
1.1031494140625
0.8548583984375
1.18017578125
0.0
1.0234375
0.9661865234375
1.02825927734375
1.1912841796875
1.16339111328125
0.0
0.0
1.182373046875
1.0377197265625
1.13055419921875
1.18548583984375
1.23883056640625
1.128662109375
1.10260009765625
1.30804443359375
1.12664794921875
0.0
1.10150146484375
1.32208251953125
0.99249267578125
1.00421142578125
0.0
0.9716796875
0.96697998046875
1.23193359375
0.0
0.9620361328125
1.03851318359375
1.13848876953125
1.12384033203125
1.1141357421875
1.22088623046875
1.18792724609375
1.12286376953125
1.0968017578125
1.15264892578125
1.03076171875
1.03839111328125
0.0
0.984619140625
1.2366943359375
1.17352294921875
0.897216796875
1.02099609375
1.23858642578125
1.03985595703125
0.93536376953125
1.2197265625
1.1744384765625
0.8623046875
1.0587158203125
0.92718505859375
1.1356201171875
1.10394287109375
0.0
1.00885009765625
1.173828125
0.9644775390625
0.0
1.0694580078125
1.26947021484375
0.92498779296875
0.0
1.03680419921875
0.90081787109375
1.06201171875
1.16461181640625
0.0
0.0
1.03759765625
1.06011962890625
0.93206787109375
1.03265380859375
1.114990234375
1.12811279296875
1.1951904296875
1.08245849609375
0.83697509765625
1.12469482421875
1.15093994140625
1.007080078125
1.531005859375
0.96966552734375
1.11151123046875
0.0
0.0
0.97900390625
0.99505615234375
1.111083984375
0.0
0.0
0.0
0.0
0.0
1.02728271484375
1.10650634765625
0.96551513671875
1.0482177734375
1.1610107421875
0.99365234375
0.98516845703125
1.31439208984375
1.09356689453125
0.95989990234375
0.95245361328125
1.162353515625
0.0
0.0
1.08221435546875
1.1990966796875
1.03460693359375
1.00494384765625
1.01318359375
1.18182373046875
1.0836181640625
1.149169921875
0.91192626953125
1.13385009765625
1.2083740234375
1.212158203125
1.1629638671875
1.0992431640625
0.0
1.13055419921875
1.0830078125
0.99285888671875
1.1988525390625
1.04217529296875
1.09539794921875
1.19970703125
1.142333984375
0.0
0.0
0.0
1.05810546875
1.2315673828125
1.167724609375
1.177001953125
0.0
1.059814453125
1.0928955078125
1.04803466796875
1.310302734375
1.12042236328125
0.0
1.02349853515625
0.99493408203125
0.98944091796875
0.9404296875
0.96319580078125
1.1988525390625
0.9515380859375
1.177734375
1.02978515625
0.0
0.9344482421875
1.160888671875
1.12469482421875
1.156494140625
1.03216552734375
1.07861328125
1.11517333984375
1.07275390625
1.03948974609375
1.00311279296875
1.16259765625
0.9119873046875
0.0
0.0
0.0
1.0726318359375
1.038330078125
1.07098388671875
1.05322265625
0.0
1.01348876953125
1.1431884765625
1.0760498046875
0.0
1.05560302734375
1.05963134765625
1.07537841796875
1.06402587890625
0.0
0.0
0.0
0.93804931640625
1.00634765625
0.0
0.0
1.10498046875
0.92535400390625
1.25390625
1.33294677734375
1.04949951171875
0.0
1.138916015625
0.95654296875
1.02618408203125
0.0
0.99456787109375
1.0794677734375
1.04010009765625
1.13299560546875
1.0184326171875
1.17108154296875
1.05963134765625
1.2330322265625
1.0384521484375
1.06341552734375
1.2220458984375
1.01019287109375
1.1517333984375
1.08453369140625
1.1729736328125
1.1531982421875
1.30999755859375
1.07257080078125
0.0
0.96673583984375
1.1021728515625
1.08343505859375
1.08758544921875
1.1781005859375
1.06951904296875
1.09381103515625
1.05712890625
0.94891357421875
1.1474609375
0.0
0.0
1.05859375
1.08953857421875
1.0224609375
1.03179931640625
1.13299560546875
1.09954833984375
1.20526123046875
0.94970703125
1.03253173828125
1.05340576171875
0.0
0.0
1.09197998046875
1.03680419921875
1.20245361328125
1.0762939453125
1.04510498046875
0.0
0.0
1.30364990234375
1.14520263671875
1.1214599609375
0.0
0.0
0.98614501953125
0.95916748046875
1.02667236328125
1.079345703125
1.2135009765625
1.17724609375
1.0997314453125
1.15093994140625
1.11785888671875
1.11663818359375
1.188720703125
0.94024658203125
1.1971435546875
0.97869873046875
1.11083984375
1.21722412109375
0.0
0.0
1.16009521484375
1.27313232421875
1.211181640625
0.9459228515625
1.332763671875
1.20721435546875
0.0
1.097412109375
1.22943115234375
1.1612548828125
1.05523681640625
0.91064453125
0.9923095703125
0.0
0.0
1.06982421875
0.915283203125
0.9124755859375
1.07794189453125
1.13958740234375
0.970458984375
1.06146240234375
1.00726318359375
0.0
0.0
1.1318359375
1.18536376953125
1.03924560546875
1.14947509765625
1.0006103515625
1.15478515625
1.18048095703125
1.14697265625
1.20794677734375
1.09075927734375
0.9791259765625
0.8731689453125
1.0118408203125
1.100341796875
0.96112060546875
1.0155029296875
1.0830078125
1.12713623046875
1.11114501953125
0.0
1.2420654296875
1.02484130859375
1.108154296875
0.9852294921875
1.2425537109375
1.0496826171875
1.10662841796875
1.13812255859375
1.05322265625
1.06683349609375
0.0
1.022216796875
1.019287109375
1.16607666015625
1.1357421875
1.19598388671875
0.9984130859375
1.067626953125
1.0008544921875
1.10546875
1.0052490234375
1.12371826171875
1.0972900390625
1.0313720703125
0.99920654296875
1.177490234375
1.1961669921875
0.0
1.08868408203125
1.160400390625
0.958984375
1.06085205078125
1.10589599609375
1.2623291015625
1.1864013671875
1.263427734375
0.9041748046875
1.1932373046875
0.0
1.11279296875
1.2081298828125
0.96368408203125
1.16925048828125
0.9805908203125
1.0496826171875
1.05596923828125
1.06207275390625
0.92547607421875
1.1715087890625
1.1025390625
1.18218994140625
1.13726806640625
0.8233642578125
1.11865234375
1.10675048828125
0.0
0.0
0.998291015625
1.15087890625
1.07952880859375
1.139892578125
1.05584716796875
0.0
1.08367919921875
1.250732421875
1.281005859375
1.08148193359375
0.0
0.0
0.0
1.09771728515625
1.05157470703125
1.135986328125
0.91107177734375
1.0810546875
1.01611328125
0.98785400390625
0.88702392578125
1.2554931640625
1.0888671875
0.0
0.0
0.88555908203125
0.96051025390625
1.23486328125
0.9769287109375
1.0572509765625
1.080078125
1.0335693359375
1.1397705078125
1.11712646484375
1.09759521484375
1.18341064453125
1.128173828125
1.19293212890625
0.0
0.0
1.1007080078125
0.958984375
0.982421875
1.1314697265625
1.062744140625
0.990478515625
1.2208251953125
0.0
0.0
0.0
1.03204345703125
1.11151123046875
0.0
1.1319580078125
1.01788330078125
1.03350830078125
1.15496826171875
1.03558349609375
0.97412109375
1.077392578125
1.1480712890625
1.12835693359375
1.09710693359375
1.181884765625
0.94744873046875
1.05633544921875
1.17706298828125
0.9931640625
1.02386474609375
1.001953125
0.0
1.14862060546875
1.07733154296875
1.10943603515625
1.17724609375
0.99334716796875
0.0
0.0
0.0
1.02880859375
1.025390625
0.92279052734375
1.0980224609375
1.13641357421875
0.96136474609375
1.10272216796875
1.02313232421875
0.0
0.0
0.0
0.0
1.08349609375
1.1080322265625
1.076416015625
1.0194091796875
1.08746337890625
1.185546875
0.9134521484375
0.0
1.26177978515625
0.9925537109375
1.0667724609375
1.076416015625
1.1510009765625
1.10357666015625
1.12615966796875
1.02197265625
1.1353759765625
1.16387939453125
1.227294921875
0.9656982421875
1.1317138671875
1.0125732421875
1.04815673828125
1.0513916015625
1.1239013671875
1.0198974609375
0.0
0.0
1.1346435546875
1.1546630859375
0.993896484375
1.11944580078125
1.138916015625
1.13006591796875
1.1788330078125
1.10791015625
0.0
1.08935546875
1.11468505859375
1.1790771484375
1.116455078125
1.05718994140625
0.962158203125
0.0
0.0
1.14520263671875
0.92987060546875
0.94384765625
0.0
1.2960205078125
1.1973876953125
1.160888671875
1.182373046875
1.0845947265625
1.1912841796875
0.92828369140625
0.98223876953125
1.04388427734375
1.02398681640625
0.88079833984375
1.03936767578125
1.1019287109375
0.9560546875
0.0
0.9462890625
1.25372314453125
1.0384521484375
1.013916015625
1.131103515625
1.07958984375
1.25408935546875
1.12103271484375
0.0
1.09552001953125
1.22802734375
1.1265869140625
0.0
0.0
0.9691162109375
1.01934814453125
1.19085693359375
1.1466064453125
0.984375
1.0889892578125
1.18133544921875
0.0
0.0
0.0
0.9151611328125
1.10302734375
1.03759765625
1.12945556640625
1.01092529296875
1.20001220703125
1.24639892578125
1.1439208984375
1.035400390625
1.09320068359375
1.11029052734375
1.31005859375
1.12579345703125
1.20123291015625
0.0
0.0
0.0
1.1431884765625
1.0155029296875
1.0235595703125
1.02191162109375
1.11761474609375
1.13128662109375
1.04315185546875
1.13018798828125
1.00946044921875
0.0
0.0
0.0
0.0
0.0
0.92218017578125
1.01025390625
1.00177001953125
1.1363525390625
1.0284423828125
1.04925537109375
1.087158203125
0.0
0.0
1.08349609375
1.2122802734375
1.00469970703125
0.0
0.0
0.0
1.0865478515625
1.0738525390625
1.0963134765625
1.09033203125
1.2381591796875
1.1865234375
1.0841064453125
1.2486572265625
0.90728759765625
1.02142333984375
1.22296142578125
1.143798828125
0.0
1.1375732421875
1.30609130859375
1.19708251953125
1.14471435546875
1.1317138671875
1.12030029296875
1.107666015625
1.21746826171875
0.99310302734375
1.18377685546875
1.0435791015625
0.95880126953125
1.04913330078125
1.1552734375
0.915283203125
0.0
1.212158203125
1.32720947265625
1.0931396484375
1.099365234375
1.17828369140625
1.1134033203125
1.00750732421875
0.0
0.0
0.0
1.14776611328125
0.98187255859375
1.1748046875
1.13104248046875
1.177001953125
1.06500244140625
0.0
1.1317138671875
0.9820556640625
1.05511474609375
1.13653564453125
1.2874755859375
1.15350341796875
1.03887939453125
1.01361083984375
1.280517578125
1.0093994140625
1.21380615234375
1.07647705078125
0.84722900390625
1.0531005859375
0.0
0.0
0.96258544921875
1.0616455078125
1.2200927734375
1.11993408203125
1.12347412109375
1.11932373046875
0.0
0.0
1.0433349609375
1.04644775390625
1.1097412109375
1.04998779296875
1.28131103515625
1.211669921875
0.98370361328125
1.05120849609375
1.2003173828125
1.05120849609375
0.9478759765625
1.05169677734375
1.0418701171875
0.0
0.0
1.0294189453125
1.3033447265625
1.17791748046875
1.07421875
1.022705078125
