0.5830078125
0.5830078125
0.5830078125
0.5830078125
0.0
0.5830078125
0.47491455078125
0.57989501953125
0.61053466796875
0.66949462890625
0.0
0.0
0.54193115234375
0.61981201171875
0.710693359375
0.57171630859375
0.7471923828125
0.6329345703125
0.61968994140625
0.5416259765625
0.51641845703125
0.0
0.57647705078125
0.56195068359375
0.644287109375
0.70123291015625
0.70684814453125
0.675537109375
0.7384033203125
0.0
0.0
0.7357177734375
0.6468505859375
0.67877197265625
0.71331787109375
0.68316650390625
0.6910400390625
0.59716796875
0.75384521484375
0.0
0.0
0.6376953125
0.5777587890625
0.68145751953125
0.647216796875
0.61297607421875
0.64129638671875
0.73797607421875
0.71429443359375
0.54449462890625
0.0
0.6207275390625
0.6800537109375
0.741455078125
0.598876953125
0.685302734375
0.607177734375
0.4610595703125
0.66400146484375
0.69207763671875
0.7408447265625
0.671875
0.84906005859375
0.67974853515625
0.5748291015625
0.61297607421875
0.5474853515625
0.0
0.0
0.58966064453125
0.7335205078125
0.74517822265625
0.83990478515625
0.0
0.0
0.70098876953125
0.7032470703125
0.70758056640625
0.59649658203125
0.86785888671875
0.75469970703125
0.71514892578125
0.66705322265625
0.0
0.5814208984375
0.64215087890625
0.63995361328125
0.605712890625
0.5283203125
0.56329345703125
0.633544921875
0.60235595703125
0.0
0.0
0.6142578125
0.70477294921875
0.640625
0.8975830078125
0.70562744140625
0.5791015625
0.70599365234375
0.0
0.0
0.0
0.51715087890625
0.59283447265625
0.5782470703125
0.66357421875
0.67742919921875
0.8131103515625
0.0
0.0
0.0
0.6983642578125
0.7166748046875
0.495849609375
0.5623779296875
0.702392578125
0.0
0.68218994140625
0.59619140625
0.635009765625
0.661376953125
0.0
0.0
0.0
0.0
0.71728515625
0.6483154296875
0.55615234375
0.76690673828125
0.66241455078125
0.67669677734375
0.0
0.7662353515625
0.5638427734375
0.50341796875
0.81207275390625
0.0
0.0
0.0
0.67120361328125
0.466064453125
0.6171875
0.5081787109375
0.69207763671875
0.587890625
0.59759521484375
0.76629638671875
0.59857177734375
0.0
0.6258544921875
0.69183349609375
0.71661376953125
0.69073486328125
0.638671875
0.0
0.77777099609375
0.61737060546875
0.65283203125
0.523681640625
0.81121826171875
0.680908203125
0.79852294921875
0.6466064453125
0.622314453125
0.0
0.7813720703125
0.64990234375
0.5889892578125
0.0
0.0
0.0
0.56866455078125
0.55914306640625
0.64208984375
0.83966064453125
0.6510009765625
0.7152099609375
0.62255859375
0.65386962890625
0.63031005859375
0.0
0.0
0.0
0.7489013671875
0.62445068359375
0.54925537109375
0.5908203125
0.6131591796875
0.7005615234375
0.80938720703125
0.50433349609375
0.62164306640625
0.71795654296875
0.58599853515625
0.0
0.65869140625
0.67779541015625
0.7572021484375
0.6240234375
0.0
0.59326171875
0.575927734375
0.65460205078125
0.66705322265625
0.7244873046875
0.5732421875
0.6103515625
0.5086669921875
0.6058349609375
0.6373291015625
0.0
0.5740966796875
0.66363525390625
0.6473388671875
0.5850830078125
0.76318359375
0.6175537109375
0.59600830078125
0.720703125
0.64398193359375
0.7547607421875
0.0
0.0
0.0
0.83782958984375
0.53680419921875
0.57958984375
0.749755859375
0.59039306640625
0.67950439453125
0.69403076171875
0.740966796875
0.0
0.0
0.0
0.0
0.6666259765625
0.739501953125
0.6317138671875
0.6080322265625
0.5413818359375
0.7125244140625
0.4925537109375
0.71954345703125
0.6414794921875
0.707275390625
0.708740234375
0.0
0.0
0.61346435546875
0.7392578125
0.6632080078125
0.55615234375
0.583740234375
0.60882568359375
0.68438720703125
0.0
0.6783447265625
0.73321533203125
0.7730712890625
0.71649169921875
0.615966796875
0.5916748046875
0.0
0.6837158203125
0.72039794921875
0.689453125
0.681884765625
0.62799072265625
0.59375
0.73199462890625
0.71270751953125
0.68328857421875
0.77813720703125
0.53936767578125
0.5504150390625
0.5909423828125
0.66192626953125
0.68701171875
0.58251953125
0.651123046875
0.6724853515625
0.59515380859375
0.73114013671875
0.693603515625
0.72906494140625
0.6407470703125
0.6905517578125
0.67559814453125
0.67108154296875
0.7633056640625
0.466796875
0.6253662109375
0.5091552734375
0.78216552734375
0.76312255859375
0.5029296875
0.0
0.664306640625
0.60565185546875
0.52490234375
0.77752685546875
0.80987548828125
0.81939697265625
0.663818359375
0.4661865234375
0.75408935546875
0.0
0.606201171875
0.5216064453125
0.5421142578125
0.74462890625
0.768798828125
0.0
0.0
0.68804931640625
0.52691650390625
0.6854248046875
0.76898193359375
0.74951171875
0.6336669921875
0.63726806640625
0.8668212890625
0.77789306640625
0.0
0.6412353515625
0.84063720703125
0.64544677734375
0.59136962890625
0.0
0.58734130859375
0.508544921875
0.76226806640625
0.0
0.48626708984375
0.5906982421875
0.66192626953125
0.7359619140625
0.7877197265625
0.66259765625
0.66162109375
0.63775634765625
0.62127685546875
0.72161865234375
0.57354736328125
0.7021484375
0.0
0.55450439453125
0.703369140625
0.7080078125
0.60162353515625
0.56268310546875
0.911376953125
0.63543701171875
0.54913330078125
0.54779052734375
0.6572265625
0.57611083984375
0.6097412109375
0.5107421875
0.55120849609375
0.70147705078125
0.0
0.5634765625
0.84710693359375
0.58038330078125
0.0
0.5081787109375
0.766357421875
0.44384765625
0.0
0.665771484375
0.50390625
0.578125
0.66595458984375
0.0
0.0
0.6717529296875
0.64666748046875
0.43756103515625
0.58282470703125
0.643310546875
0.72357177734375
0.623046875
0.7142333984375
0.43194580078125
0.7891845703125
0.732421875
0.661865234375
1.0950927734375
0.62994384765625
0.5699462890625
0.0
0.0
0.589111328125
0.65118408203125
0.58123779296875
0.0
0.0
0.0
0.0
0.0
0.612060546875
0.58258056640625
0.6085205078125
0.68505859375
0.73980712890625
0.50640869140625
0.599853515625
0.91522216796875
0.61138916015625
0.58660888671875
0.63873291015625
0.70037841796875
0.0
0.0
0.58856201171875
0.69573974609375
0.448486328125
0.52984619140625
0.62371826171875
0.633544921875
0.6685791015625
0.696533203125
0.584716796875
0.6942138671875
0.80511474609375
0.77593994140625
0.6954345703125
0.62969970703125
0.0
0.62066650390625
0.62261962890625
0.62884521484375
0.83953857421875
0.64642333984375
0.668212890625
0.66748046875
0.68414306640625
0.0
0.0
0.0
0.61761474609375
0.77105712890625
0.71600341796875
0.6800537109375
0.0
0.529296875
0.58123779296875
0.5128173828125
0.842529296875
0.53277587890625
0.0
0.57745361328125
0.67376708984375
0.5205078125
0.67791748046875
0.59075927734375
0.81427001953125
0.6298828125
0.721923828125
0.63909912109375
0.0
0.508544921875
0.72186279296875
0.70452880859375
0.65545654296875
0.52435302734375
0.7291259765625
0.55242919921875
0.61474609375
0.6602783203125
0.64166259765625
0.68115234375
0.56561279296875
0.0
0.0
0.0
0.65386962890625
0.56036376953125
0.6474609375
0.57000732421875
0.0
0.59002685546875
0.77813720703125
0.6439208984375
0.0
0.6759033203125
0.74871826171875
0.62408447265625
0.60223388671875
0.0
0.0
0.0
0.56536865234375
0.6798095703125
0.0
0.0
0.6358642578125
0.5347900390625
0.72906494140625
0.882568359375
0.6697998046875
0.0
0.682861328125
0.57830810546875
0.5836181640625
0.0
0.52618408203125
0.6317138671875
0.62152099609375
0.60174560546875
0.5474853515625
0.8052978515625
0.6817626953125
0.81353759765625
0.5850830078125
0.7647705078125
0.75396728515625
0.610595703125
0.71234130859375
0.5721435546875
0.80108642578125
0.6033935546875
0.7646484375
0.584228515625
0.0
0.54156494140625
0.57147216796875
0.640869140625
0.6666259765625
0.8277587890625
0.658447265625
0.57562255859375
0.541748046875
0.59130859375
0.67376708984375
0.0
0.0
0.67156982421875
0.63958740234375
0.53228759765625
0.59600830078125
0.65655517578125
0.65045166015625
0.73089599609375
0.5318603515625
0.55010986328125
0.65777587890625
0.0
0.0
0.61712646484375
0.67742919921875
0.75213623046875
0.6749267578125
0.6778564453125
0.0
0.0
0.77349853515625
0.6610107421875
0.65679931640625
0.0
0.0
0.5877685546875
0.558349609375
0.53521728515625
0.652587890625
0.78173828125
0.68048095703125
0.689208984375
0.63720703125
0.67437744140625
0.713134765625
0.74468994140625
0.484130859375
0.742919921875
0.62591552734375
0.58721923828125
0.77386474609375
0.0
0.0
0.7496337890625
0.68341064453125
0.8343505859375
0.46697998046875
0.929931640625
0.75146484375
0.0
0.6234130859375
0.8099365234375
0.6644287109375
0.578125
0.5784912109375
0.64141845703125
0.0
0.0
0.61279296875
0.57623291015625
0.54266357421875
0.55767822265625
0.7318115234375
0.65216064453125
0.650634765625
0.58453369140625
0.0
0.0
0.625732421875
0.73406982421875
0.5882568359375
0.75030517578125
0.54461669921875
0.6905517578125
0.731201171875
0.68109130859375
0.70477294921875
0.71868896484375
0.58197021484375
0.4407958984375
0.5430908203125
0.669189453125
0.5438232421875
0.65338134765625
0.5797119140625
0.6556396484375
0.6583251953125
0.0
0.68408203125
0.608154296875
0.56903076171875
0.6441650390625
0.7906494140625
0.5594482421875
0.770751953125
0.64678955078125
0.60906982421875
0.63311767578125
0.0
0.65533447265625
0.6055908203125
0.67645263671875
0.68096923828125
0.65814208984375
0.649169921875
0.63067626953125
0.5028076171875
0.68353271484375
0.536865234375
0.56201171875
0.7386474609375
0.606689453125
0.56231689453125
0.79132080078125
0.62908935546875
0.0
0.56842041015625
0.66400146484375
0.567138671875
0.60345458984375
0.68890380859375
0.782470703125
0.6978759765625
0.748779296875
0.57122802734375
0.67828369140625
0.0
0.69744873046875
0.8050537109375
0.52532958984375
0.763916015625
0.6798095703125
0.62127685546875
0.59722900390625
0.616943359375
0.52227783203125
0.79815673828125
0.7056884765625
0.791015625
0.74273681640625
0.4580078125
0.7303466796875
0.6949462890625
0.0
0.0
0.5904541015625
0.70257568359375
0.670654296875
0.64996337890625
0.4844970703125
0.0
0.6566162109375
0.77874755859375
0.87286376953125
0.63616943359375
0.0
0.0
0.0
0.6025390625
0.54241943359375
0.70404052734375
0.5556640625
0.58905029296875
0.5888671875
0.57659912109375
0.48626708984375
0.65960693359375
0.5947265625
0.0
0.0
0.39324951171875
0.58673095703125
0.8228759765625
0.5230712890625
0.57177734375
0.68634033203125
0.5733642578125
0.76171875
0.6622314453125
0.65631103515625
0.67645263671875
0.59893798828125
0.60797119140625
0.0
0.0
0.715087890625
0.5635986328125
0.603759765625
0.77972412109375
0.65380859375
0.5526123046875
0.7095947265625
0.0
0.0
0.0
0.66424560546875
0.6522216796875
0.0
0.703125
0.706787109375
0.62786865234375
0.66485595703125
0.54583740234375
0.60040283203125
0.70574951171875
0.6124267578125
0.67462158203125
0.5947265625
0.69647216796875
0.56707763671875
0.59326171875
0.60430908203125
0.59783935546875
0.59979248046875
0.601318359375
0.0
0.6571044921875
0.64349365234375
0.610107421875
0.673828125
0.6016845703125
0.0
0.0
0.0
0.64886474609375
0.63232421875
0.5345458984375
0.8841552734375
0.6513671875
0.6318359375
0.6209716796875
0.6766357421875
0.0
0.0
0.0
0.0
0.5699462890625
0.6158447265625
0.65325927734375
0.56170654296875
0.72076416015625
0.70989990234375
0.5322265625
0.0
0.76605224609375
0.5198974609375
0.5394287109375
0.60638427734375
0.6453857421875
0.7138671875
0.708984375
0.5411376953125
0.63604736328125
0.68597412109375
0.804931640625
0.55206298828125
0.60699462890625
0.50482177734375
0.6695556640625
0.59619140625
0.62823486328125
0.66815185546875
0.0
0.0
0.6397705078125
0.6221923828125
0.63543701171875
0.55828857421875
0.67767333984375
0.7054443359375
0.74310302734375
0.7623291015625
0.0
0.56658935546875
0.78094482421875
0.73773193359375
0.746337890625
0.55975341796875
0.5870361328125
0.0
0.0
0.6658935546875
0.58917236328125
0.5404052734375
0.0
0.84661865234375
0.6925048828125
0.63433837890625
0.8406982421875
0.6839599609375
0.61798095703125
0.6737060546875
0.58447265625
0.5814208984375
0.80810546875
0.51910400390625
0.74627685546875
0.70452880859375
0.51177978515625
0.0
0.58355712890625
0.81585693359375
0.568359375
0.5699462890625
0.6470947265625
0.62274169921875
0.7647705078125
0.68402099609375
0.0
0.67205810546875
0.69671630859375
0.58935546875
0.0
0.0
0.63262939453125
0.59039306640625
0.6929931640625
0.7161865234375
0.50592041015625
0.67169189453125
0.66229248046875
0.0
0.0
0.0
0.65234375
0.72735595703125
0.64068603515625
0.66998291015625
0.50152587890625
0.6016845703125
0.76812744140625
0.7218017578125
0.6904296875
0.6923828125
0.73284912109375
0.8245849609375
0.6519775390625
0.74041748046875
0.0
0.0
0.0
0.59234619140625
0.6524658203125
0.676513671875
0.6004638671875
0.71600341796875
0.72174072265625
0.70916748046875
0.7137451171875
0.6217041015625
0.0
0.0
0.0
0.0
0.0
0.5400390625
0.677001953125
0.53173828125
0.73858642578125
0.55841064453125
0.51849365234375
0.745849609375
0.0
0.0
0.6607666015625
0.7672119140625
0.53167724609375
0.0
0.0
0.0
0.62451171875
0.714111328125
0.66162109375
0.70013427734375
0.841796875
0.64990234375
0.5067138671875
0.7501220703125
0.551513671875
0.6842041015625
0.90167236328125
0.64886474609375
0.0
0.78057861328125
0.7664794921875
0.69525146484375
0.7138671875
0.78131103515625
0.68994140625
0.60723876953125
0.77313232421875
0.486083984375
0.71551513671875
0.58380126953125
0.61181640625
0.63116455078125
0.6236572265625
0.46539306640625
0.0
0.87664794921875
0.9237060546875
0.705322265625
0.62420654296875
0.66143798828125
0.7000732421875
0.62567138671875
0.0
0.0
0.0
0.59649658203125
0.60504150390625
0.72430419921875
0.68768310546875
0.79119873046875
0.6571044921875
0.0
0.6304931640625
0.56060791015625
0.6011962890625
0.685546875
0.82037353515625
0.733642578125
0.5390625
0.51361083984375
0.795654296875
0.62188720703125
0.75762939453125
0.66558837890625
0.44586181640625
0.54150390625
0.0
0.0
0.54278564453125
0.71807861328125
0.69232177734375
0.6451416015625
0.67706298828125
0.71826171875
0.0
0.0
0.61175537109375
0.47930908203125
0.5645751953125
0.82196044921875
0.78948974609375
0.65960693359375
0.5782470703125
0.67108154296875
0.82464599609375
0.640380859375
0.50616455078125
0.635986328125
0.6414794921875
0.0
0.0
0.513671875
0.79388427734375
0.76788330078125
0.63812255859375
0.62164306640625
