0.0
0.92852783203125
0.92852783203125
1.00311279296875
1.090576171875
1.055419921875
1.05621337890625
1.1595458984375
1.10992431640625
1.111083984375
0.9000244140625
0.0
0.0
0.9957275390625
0.968994140625
1.00286865234375
0.9720458984375
0.99383544921875
0.9720458984375
0.0
0.0
0.83135986328125
1.09893798828125
0.85089111328125
1.07666015625
1.13818359375
0.91668701171875
1.12677001953125
1.03814697265625
0.91827392578125
1.0833740234375
0.0
1.216552734375
1.07769775390625
0.930908203125
1.015380859375
1.00885009765625
0.97930908203125
0.0
0.0
0.93609619140625
1.12188720703125
0.93109130859375
0.9725341796875
1.17254638671875
1.0537109375
0.95025634765625
1.08172607421875
0.0
0.0
0.9837646484375
1.06707763671875
1.103515625
1.04571533203125
1.11834716796875
0.923095703125
0.0
0.0
0.0
0.0
0.985107421875
0.88385009765625
1.07244873046875
1.00408935546875
1.12994384765625
0.9776611328125
0.8770751953125
0.0
0.0
0.924072265625
0.95184326171875
1.04644775390625
0.94769287109375
0.99066162109375
1.10406494140625
0.99481201171875
0.95977783203125
1.05670166015625
0.97222900390625
1.10699462890625
0.94854736328125
1.11376953125
0.84698486328125
1.0606689453125
1.1043701171875
1.10174560546875
0.98675537109375
1.04400634765625
1.2890625
0.9686279296875
1.08477783203125
1.16717529296875
0.98370361328125
1.080322265625
1.0623779296875
1.03729248046875
0.0
1.0989990234375
0.91253662109375
1.034912109375
1.121337890625
1.0810546875
0.9893798828125
0.98919677734375
0.989501953125
1.00830078125
0.83709716796875
0.0
1.01202392578125
0.91217041015625
1.1331787109375
0.949951171875
1.026611328125
1.0333251953125
1.058837890625
1.16009521484375
0.0
1.0703125
1.09222412109375
0.859375
1.0704345703125
1.12652587890625
0.99334716796875
1.0103759765625
1.04754638671875
1.12091064453125
0.0
1.11712646484375
1.06622314453125
0.87615966796875
0.0
1.128173828125
0.85076904296875
0.96295166015625
0.0
1.08148193359375
0.9127197265625
0.86932373046875
0.93896484375
1.074951171875
1.02093505859375
0.98248291015625
1.0186767578125
0.9652099609375
1.08331298828125
0.956787109375
0.0
0.0
0.0
0.9659423828125
1.09027099609375
0.99578857421875
0.9715576171875
1.044189453125
0.964599609375
1.03118896484375
1.033447265625
1.04168701171875
0.95037841796875
0.9423828125
0.97601318359375
1.0599365234375
1.02423095703125
1.08563232421875
1.0787353515625
0.8692626953125
0.0
0.0
1.0279541015625
1.07672119140625
1.0894775390625
0.0
0.0
1.0960693359375
1.015625
1.2857666015625
0.9517822265625
1.0399169921875
1.07977294921875
1.005615234375
1.0067138671875
1.08575439453125
1.02410888671875
0.0
0.0
0.0
0.99957275390625
0.9759521484375
1.09710693359375
1.08599853515625
0.952880859375
0.9644775390625
0.0
0.0
0.0
0.9027099609375
0.990966796875
1.03643798828125
1.05145263671875
0.935302734375
1.1917724609375
1.02655029296875
1.0933837890625
1.07275390625
0.9879150390625
1.04998779296875
0.99859619140625
0.9088134765625
1.1346435546875
1.02850341796875
1.0269775390625
1.01214599609375
0.0
0.0
0.9447021484375
1.205322265625
0.9969482421875
1.0816650390625
0.789306640625
1.03314208984375
0.909912109375
0.9986572265625
0.0
0.0
0.0
1.02593994140625
0.889404296875
1.1197509765625
0.9559326171875
0.81622314453125
1.00335693359375
1.0125732421875
0.8360595703125
0.84423828125
0.97064208984375
0.90472412109375
1.1224365234375
1.01666259765625
0.0
0.0
1.1033935546875
1.0159912109375
0.97979736328125
0.931396484375
0.974609375
0.89361572265625
1.1204833984375
0.0
0.97015380859375
1.2440185546875
0.86810302734375
0.9576416015625
0.82208251953125
0.0
0.0
0.9427490234375
1.02349853515625
1.07586669921875
0.97528076171875
0.950927734375
0.94158935546875
0.94775390625
0.94512939453125
0.0
0.0
0.0
0.0
0.0
1.00872802734375
1.05914306640625
1.06915283203125
0.89739990234375
0.876708984375
0.98736572265625
0.9781494140625
1.06988525390625
0.0
0.0
1.09490966796875
1.14453125
0.99334716796875
1.0155029296875
0.0
0.0
0.0
1.10150146484375
0.93829345703125
0.9398193359375
0.0
0.0
0.0
0.0
1.10113525390625
1.06561279296875
0.97174072265625
0.0
0.0
1.00518798828125
1.13275146484375
0.97833251953125
0.90985107421875
1.1475830078125
1.0262451171875
0.9764404296875
0.996337890625
0.0
0.0
0.0
1.05950927734375
1.02337646484375
1.07049560546875
1.0897216796875
1.07135009765625
1.162353515625
1.11114501953125
0.97186279296875
0.0
1.0863037109375
0.7890625
0.8599853515625
0.9739990234375
0.9580078125
0.98126220703125
1.0054931640625
0.0
1.17962646484375
1.08099365234375
0.9854736328125
0.94732666015625
0.0
0.0
0.9617919921875
1.18585205078125
0.856689453125
1.02313232421875
1.0489501953125
0.9603271484375
0.8675537109375
0.9158935546875
0.9576416015625
0.98089599609375
0.91363525390625
0.9755859375
0.0
0.95550537109375
0.99713134765625
1.04248046875
1.1414794921875
1.03350830078125
0.8792724609375
0.8316650390625
1.0087890625
1.072509765625
0.97467041015625
0.99749755859375
1.0936279296875
1.08270263671875
0.92108154296875
1.08447265625
0.85247802734375
1.08026123046875
0.94976806640625
0.94854736328125
0.0
1.07867431640625
0.9429931640625
0.88433837890625
1.0616455078125
1.00189208984375
1.055908203125
1.2506103515625
1.0333251953125
0.931396484375
0.88995361328125
1.03143310546875
1.065673828125
0.0
0.0
1.04937744140625
1.03466796875
0.9407958984375
0.850341796875
0.999755859375
0.0
0.0
1.1741943359375
1.00177001953125
1.12152099609375
1.0262451171875
1.20245361328125
0.8175048828125
0.998046875
1.0947265625
0.0
0.0
1.13311767578125
1.02423095703125
1.03131103515625
1.02081298828125
1.03668212890625
0.0
0.0
0.0
0.0
1.01177978515625
1.170166015625
0.9166259765625
1.0574951171875
0.9683837890625
0.9197998046875
0.885009765625
0.979736328125
0.0
0.0
0.0
0.949951171875
0.98895263671875
0.8712158203125
1.04290771484375
0.9708251953125
0.938232421875
0.0
0.0
1.05694580078125
0.95806884765625
1.0286865234375
0.942626953125
1.072265625
0.86749267578125
1.0404052734375
1.17156982421875
1.019287109375
1.10595703125
0.96502685546875
0.0
0.91668701171875
1.00750732421875
0.9141845703125
1.20672607421875
1.00299072265625
0.95111083984375
1.04193115234375
1.0587158203125
1.0086669921875
0.91424560546875
0.0
0.0
0.0
1.108642578125
1.029052734375
1.14678955078125
0.893798828125
1.05706787109375
1.126953125
0.98822021484375
1.07366943359375
1.04010009765625
0.9139404296875
1.22015380859375
0.8345947265625
0.920654296875
1.15545654296875
1.12432861328125
1.2138671875
0.97601318359375
0.0
0.92474365234375
1.08294677734375
0.84820556640625
1.0389404296875
0.8260498046875
1.080810546875
1.1302490234375
0.0
1.0390625
1.0906982421875
1.13421630859375
1.07476806640625
0.944091796875
1.00384521484375
0.0
1.01019287109375
1.0196533203125
1.15631103515625
1.09564208984375
1.04998779296875
1.101318359375
0.91998291015625
0.97979736328125
0.0
0.0
0.0
0.98919677734375
0.88018798828125
1.06622314453125
0.92041015625
0.0
0.0
1.1973876953125
1.00885009765625
1.04766845703125
0.93524169921875
0.8367919921875
0.0
0.0
1.03302001953125
0.876708984375
0.93212890625
0.9244384765625
0.81793212890625
0.9266357421875
0.84259033203125
1.037109375
0.0
1.0086669921875
0.9515380859375
0.8839111328125
1.0628662109375
0.92181396484375
0.828857421875
1.08984375
0.0
0.0
0.87237548828125
0.981201171875
1.06109619140625
0.0
1.17181396484375
1.06915283203125
1.1671142578125
1.04632568359375
1.07275390625
1.0220947265625
0.0
1.20904541015625
1.019287109375
1.17474365234375
1.08770751953125
1.0863037109375
1.08380126953125
1.1844482421875
0.99371337890625
0.0
0.0
0.91839599609375
1.05316162109375
0.91265869140625
1.259033203125
0.94281005859375
0.95849609375
0.8472900390625
0.9078369140625
1.0596923828125
1.10107421875
0.8577880859375
1.01092529296875
0.96868896484375
1.152099609375
0.9486083984375
1.04144287109375
0.0
0.0
0.96392822265625
1.02947998046875
0.94366455078125
0.96502685546875
0.98834228515625
1.090576171875
0.98748779296875
0.0
1.04925537109375
1.13818359375
1.17333984375
0.0
0.87286376953125
0.96630859375
0.927734375
1.03045654296875
0.80279541015625
1.13885498046875
0.9962158203125
0.9779052734375
0.0
0.0
0.89898681640625
1.005615234375
1.0233154296875
0.90570068359375
0.0
1.007080078125
1.22479248046875
1.0576171875
1.017578125
1.0118408203125
1.02740478515625
1.0015869140625
0.93359375
1.13824462890625
0.0
0.95782470703125
1.14007568359375
1.11138916015625
1.1090087890625
1.01190185546875
1.1824951171875
0.0
1.13873291015625
1.0181884765625
0.93963623046875
1.19158935546875
1.163818359375
0.9195556640625
0.0
0.0
0.91522216796875
0.75634765625
0.96917724609375
0.9720458984375
0.9693603515625
0.0
0.9371337890625
1.1102294921875
0.0
0.0
0.0
0.86407470703125
1.0865478515625
1.05218505859375
1.135498046875
1.02374267578125
1.17620849609375
1.0120849609375
0.0
0.95147705078125
1.06158447265625
0.9583740234375
1.016357421875
0.96429443359375
1.056884765625
1.02581787109375
0.95684814453125
0.0
0.0
0.0
1.10540771484375
0.96337890625
1.12335205078125
1.01544189453125
1.0179443359375
0.9117431640625
1.0635986328125
0.0
0.0
0.9794921875
1.099365234375
0.97381591796875
0.77734375
1.0677490234375
1.015869140625
1.02349853515625
0.97344970703125
0.94586181640625
0.90582275390625
0.0
0.0
1.04248046875
1.08929443359375
0.95751953125
1.111572265625
0.9638671875
1.0430908203125
1.13525390625
0.9566650390625
0.94097900390625
1.1981201171875
0.90289306640625
1.21710205078125
1.17498779296875
0.0
1.10174560546875
1.20196533203125
0.95867919921875
0.978271484375
0.9853515625
0.0
0.0
1.11724853515625
0.9906005859375
0.92681884765625
1.1318359375
0.9661865234375
0.0
1.0048828125
1.04779052734375
0.9578857421875
0.98175048828125
1.06689453125
1.0008544921875
1.07159423828125
1.16986083984375
0.0
0.0
0.9930419921875
0.8687744140625
1.0870361328125
1.05450439453125
0.9976806640625
0.966796875
1.0947265625
0.98345947265625
1.047119140625
0.0
1.066650390625
0.9822998046875
0.96319580078125
1.10247802734375
0.927734375
0.97735595703125
0.0
0.94940185546875
1.10101318359375
1.0618896484375
1.0032958984375
1.00958251953125
0.938720703125
0.97442626953125
1.0738525390625
1.0518798828125
0.72454833984375
1.13751220703125
0.9613037109375
0.8973388671875
1.11187744140625
0.0
1.19000244140625
1.0289306640625
0.98760986328125
1.13543701171875
0.0
1.0760498046875
0.991943359375
1.16705322265625
0.0
0.75616455078125
1.03033447265625
1.020263671875
1.17718505859375
0.980712890625
0.0
0.92266845703125
1.05841064453125
1.0576171875
0.9766845703125
1.0908203125
0.0
0.0
1.08795166015625
1.00042724609375
1.181396484375
1.02935791015625
0.95556640625
1.0345458984375
0.95587158203125
1.098876953125
1.15234375
0.0
0.0
1.04022216796875
1.09661865234375
0.9345703125
0.95794677734375
0.903076171875
1.187744140625
0.96661376953125
1.00213623046875
0.9158935546875
0.0
0.0
1.05255126953125
1.03009033203125
1.02337646484375
0.98992919921875
1.0374755859375
0.9154052734375
0.992431640625
1.05828857421875
0.0
1.0367431640625
0.974609375
1.0982666015625
0.97930908203125
0.9398193359375
0.9713134765625
1.13006591796875
1.16461181640625
1.05413818359375
0.9744873046875
1.0869140625
0.957275390625
0.88446044921875
0.0
0.0
0.93603515625
1.00592041015625
0.996826171875
1.11285400390625
0.988037109375
0.966796875
0.0
0.0
0.8184814453125
1.0406494140625
0.972900390625
0.961181640625
1.058349609375
0.99969482421875
1.03985595703125
1.09246826171875
0.0
0.944580078125
0.96466064453125
1.04058837890625
0.96661376953125
1.04913330078125
0.87896728515625
0.91522216796875
0.994140625
1.0732421875
1.14349365234375
0.84893798828125
1.04083251953125
0.98876953125
0.93878173828125
0.0
0.0
1.00128173828125
0.88677978515625
0.8895263671875
0.9959716796875
0.0
1.0595703125
1.05255126953125
1.23309326171875
0.9661865234375
1.0162353515625
1.04364013671875
0.0
0.0
1.12255859375
0.939208984375
1.13690185546875
1.0653076171875
1.0115966796875
1.00469970703125
0.92633056640625
0.0
0.9688720703125
0.98486328125
1.11981201171875
0.9425048828125
1.01806640625
0.98736572265625
1.08135986328125
1.05987548828125
0.85791015625
1.14483642578125
0.91278076171875
0.0
1.0377197265625
1.0140380859375
1.1820068359375
1.06536865234375
1.013916015625
0.9503173828125
0.99517822265625
0.976318359375
1.1231689453125
1.12091064453125
0.8775634765625
1.070556640625
0.84332275390625
0.984619140625
0.903076171875
0.9517822265625
1.10748291015625
1.0677490234375
1.2044677734375
0.96002197265625
0.9454345703125
0.8927001953125
0.914794921875
1.1478271484375
1.024169921875
1.02099609375
1.00396728515625
1.177490234375
0.0
0.0
0.0
1.00457763671875
0.9027099609375
0.930908203125
0.9385986328125
1.17767333984375
1.1676025390625
1.05206298828125
1.00341796875
1.18389892578125
1.20489501953125
1.1484375
0.9083251953125
0.0
0.0
0.0
1.15802001953125
1.0406494140625
1.1922607421875
0.9808349609375
0.9168701171875
1.04559326171875
1.22857666015625
1.10791015625
0.0
0.0
1.0185546875
1.019775390625
1.1302490234375
0.91796875
0.9649658203125
1.0926513671875
0.97637939453125
0.98822021484375
1.00531005859375
1.20306396484375
1.10821533203125
0.9942626953125
0.8994140625
0.0
0.0
0.9681396484375
0.98260498046875
0.7725830078125
0.0
0.91680908203125
0.98773193359375
0.9422607421875
1.15020751953125
1.15728759765625
0.93292236328125
1.04180908203125
1.03857421875
0.99993896484375
0.98956298828125
0.95391845703125
1.07647705078125
0.93341064453125
0.9788818359375
1.09674072265625
1.024169921875
0.0
0.0
0.0
0.0
1.16705322265625
0.863525390625
0.89581298828125
0.9139404296875
0.90289306640625
0.0
1.0006103515625
0.939697265625
0.94708251953125
1.0126953125
1.0296630859375
0.92181396484375
0.82196044921875
1.069091796875
1.0302734375
0.91644287109375
1.24566650390625
0.96392822265625
0.9443359375
0.0
0.0
0.96893310546875
1.05450439453125
1.0123291015625
1.05657958984375
1.02618408203125
1.1351318359375
0.95550537109375
0.0
0.0
0.0
1.01519775390625
0.94122314453125
0.905517578125
0.96917724609375
1.037841796875
