1.11309814453125
1.0758056640625
1.136474609375
1.10247802734375
1.25677490234375
0.0
0.99835205078125
1.08465576171875
1.008056640625
1.2890625
1.04095458984375
1.11480712890625
1.05242919921875
1.045654296875
1.114013671875
0.87982177734375
0.88714599609375
1.0787353515625
1.072998046875
1.24273681640625
0.0
0.0
1.06585693359375
1.0330810546875
1.07257080078125
1.0592041015625
0.99835205078125
1.0501708984375
1.2774658203125
1.00347900390625
1.0672607421875
1.12591552734375
1.2744140625
1.09014892578125
1.03887939453125
0.99578857421875
1.2149658203125
1.0029296875
1.13067626953125
1.13128662109375
0.992919921875
0.0
0.9942626953125
1.01165771484375
1.25555419921875
1.0013427734375
1.0802001953125
0.81634521484375
1.0263671875
1.0750732421875
1.05157470703125
1.06390380859375
1.06597900390625
0.96038818359375
1.02880859375
0.97314453125
1.20159912109375
1.1181640625
1.02935791015625
1.11724853515625
1.16845703125
0.93701171875
1.11199951171875
1.05572509765625
1.0496826171875
1.17889404296875
0.9376220703125
1.3074951171875
1.06915283203125
1.1456298828125
1.0352783203125
1.02032470703125
1.0965576171875
1.0377197265625
1.2232666015625
1.09857177734375
1.063232421875
1.15936279296875
1.027587890625
1.0635986328125
1.0523681640625
0.9095458984375
1.10357666015625
1.159912109375
0.0
0.97125244140625
1.11273193359375
0.896728515625
1.13543701171875
1.12554931640625
0.0
0.9786376953125
1.1912841796875
1.06903076171875
1.013916015625
1.1546630859375
1.1082763671875
1.09637451171875
1.1834716796875
1.15374755859375
0.99310302734375
1.05987548828125
1.14862060546875
1.2550048828125
1.23516845703125
1.0596923828125
0.9488525390625
1.19427490234375
0.992431640625
0.990478515625
0.0
0.0
1.19183349609375
1.07513427734375
1.15618896484375
1.12042236328125
1.26007080078125
1.06396484375
1.00518798828125
0.9776611328125
1.04522705078125
1.10626220703125
1.05682373046875
1.01580810546875
1.05560302734375
1.21026611328125
1.09161376953125
1.0662841796875
1.0240478515625
1.10955810546875
1.17730712890625
1.13116455078125
1.1375732421875
1.12652587890625
1.0675048828125
1.26800537109375
1.05364990234375
1.07586669921875
1.12664794921875
0.98858642578125
1.0013427734375
1.31207275390625
1.04803466796875
1.0423583984375
1.0340576171875
1.1162109375
1.0322265625
0.92669677734375
1.03076171875
1.0369873046875
1.104248046875
1.038818359375
0.8779296875
0.93701171875
1.1246337890625
1.0728759765625
1.18975830078125
1.2388916015625
1.339599609375
1.202880859375
0.9583740234375
0.9482421875
0.98028564453125
0.9542236328125
1.28851318359375
1.17388916015625
1.14691162109375
0.88543701171875
1.05938720703125
1.1912841796875
1.03857421875
1.155517578125
0.0
1.08538818359375
1.1602783203125
1.2303466796875
1.1678466796875
1.03326416015625
1.115234375
1.15679931640625
1.020751953125
0.989013671875
1.2025146484375
1.197509765625
1.11749267578125
1.01287841796875
1.12548828125
1.0860595703125
1.23681640625
1.05609130859375
1.12518310546875
1.128173828125
1.01019287109375
1.04132080078125
1.0517578125
1.0726318359375
0.98553466796875
1.16064453125
0.0
0.86688232421875
1.1024169921875
1.07861328125
0.0
0.979248046875
0.9888916015625
1.135986328125
1.232177734375
1.232421875
1.0185546875
0.0
1.0445556640625
0.974853515625
1.0665283203125
0.828125
1.1439208984375
1.01666259765625
1.04913330078125
0.99798583984375
1.03179931640625
1.11590576171875
1.04681396484375
1.08087158203125
1.01812744140625
1.066650390625
0.0
1.054931640625
1.05548095703125
0.99737548828125
0.987548828125
0.97564697265625
0.97747802734375
0.9429931640625
1.095703125
1.029052734375
1.07366943359375
1.18731689453125
1.11199951171875
0.89599609375
1.1361083984375
1.255859375
1.165283203125
1.15924072265625
1.126220703125
0.0
1.00701904296875
1.18670654296875
1.18463134765625
0.99383544921875
1.135986328125
1.13519287109375
1.03887939453125
1.18487548828125
1.01458740234375
1.08673095703125
0.0
1.09423828125
1.12017822265625
1.14227294921875
1.029541015625
1.17529296875
1.16900634765625
1.0789794921875
0.9522705078125
1.1285400390625
0.0
0.0
0.98175048828125
0.9415283203125
1.1221923828125
1.067138671875
0.94415283203125
1.06561279296875
1.131103515625
1.0751953125
1.20489501953125
1.03717041015625
1.07861328125
1.28045654296875
1.0709228515625
1.23455810546875
1.1700439453125
1.080810546875
1.0584716796875
1.1614990234375
1.0498046875
1.04150390625
1.22821044921875
0.0
0.0
1.14105224609375
0.9766845703125
0.9715576171875
1.056884765625
1.1016845703125
1.1434326171875
0.89178466796875
0.0
1.17474365234375
1.05731201171875
1.0517578125
1.1585693359375
1.2296142578125
1.0965576171875
1.14483642578125
0.91839599609375
1.0672607421875
0.986083984375
1.19049072265625
1.21832275390625
0.9456787109375
1.0528564453125
1.13818359375
1.08319091796875
1.109130859375
1.12078857421875
1.231689453125
1.13055419921875
0.99755859375
1.1298828125
1.1207275390625
1.0006103515625
1.01361083984375
0.0
1.08123779296875
0.996337890625
1.15557861328125
1.1466064453125
1.10101318359375
1.21954345703125
1.1229248046875
0.0
0.9971923828125
0.92144775390625
1.194091796875
1.14251708984375
1.1761474609375
1.11993408203125
1.0140380859375
1.022705078125
0.98797607421875
1.10943603515625
0.86248779296875
1.04974365234375
1.1319580078125
1.01861572265625
0.99664306640625
1.12982177734375
1.195068359375
1.09576416015625
1.03802490234375
1.1021728515625
1.09979248046875
1.101806640625
1.11773681640625
0.95379638671875
1.13909912109375
1.212158203125
0.99481201171875
1.03265380859375
1.1845703125
1.13641357421875
1.055419921875
1.01104736328125
1.0015869140625
1.100830078125
1.095458984375
1.0172119140625
1.0369873046875
1.16522216796875
1.08380126953125
1.0709228515625
0.94805908203125
0.89422607421875
1.1087646484375
1.03515625
1.22003173828125
1.2467041015625
1.01068115234375
1.084228515625
1.0972900390625
1.081787109375
0.0
0.91485595703125
1.11175537109375
1.13275146484375
1.0909423828125
0.97052001953125
1.01580810546875
1.01934814453125
1.0245361328125
1.18341064453125
1.3150634765625
0.9970703125
1.1142578125
0.94512939453125
0.9534912109375
1.0018310546875
0.95196533203125
1.0010986328125
1.00958251953125
1.02032470703125
0.0
1.20953369140625
1.02850341796875
1.143798828125
1.07208251953125
1.04364013671875
1.12164306640625
0.94451904296875
1.21142578125
0.976318359375
0.97882080078125
0.0
0.0
0.0
1.12548828125
1.26678466796875
1.10589599609375
1.008056640625
0.86407470703125
1.06536865234375
1.1400146484375
1.1402587890625
0.9715576171875
0.99237060546875
0.8773193359375
0.0
1.14312744140625
1.19781494140625
1.11773681640625
1.177978515625
1.1204833984375
1.09814453125
1.0828857421875
1.16815185546875
1.13275146484375
1.200927734375
1.09014892578125
1.10662841796875
1.07073974609375
1.01971435546875
1.00091552734375
0.89892578125
0.9833984375
1.0499267578125
0.0
0.0
0.853759765625
0.96868896484375
1.12432861328125
1.0733642578125
1.0247802734375
1.17181396484375
1.0614013671875
1.06005859375
1.18707275390625
1.35565185546875
0.926025390625
1.104736328125
1.163330078125
1.2525634765625
1.146484375
0.98992919921875
1.1201171875
0.92742919921875
1.04095458984375
0.995361328125
1.07708740234375
1.0496826171875
1.26904296875
0.9696044921875
1.02459716796875
1.1959228515625
1.09185791015625
1.0189208984375
0.0
1.05804443359375
1.0191650390625
1.16925048828125
1.06072998046875
1.0689697265625
1.08050537109375
0.0
0.9818115234375
0.9609375
1.03924560546875
1.11981201171875
0.9134521484375
1.2071533203125
1.1204833984375
0.9483642578125
1.199462890625
0.89324951171875
0.0
1.12408447265625
0.956298828125
1.08709716796875
1.0819091796875
1.0467529296875
1.09490966796875
1.10382080078125
0.0
1.273681640625
0.91845703125
0.926513671875
1.1568603515625
1.16571044921875
1.080810546875
1.07861328125
1.09637451171875
0.87506103515625
1.1490478515625
1.0472412109375
1.05908203125
1.10345458984375
1.13494873046875
1.08251953125
1.01116943359375
1.1864013671875
1.23956298828125
1.1795654296875
1.15301513671875
1.01885986328125
1.1199951171875
1.010986328125
1.0823974609375
1.03167724609375
1.08837890625
1.17437744140625
0.88238525390625
1.0517578125
1.1480712890625
0.0
1.16876220703125
1.08172607421875
1.04791259765625
0.98883056640625
1.04345703125
1.10638427734375
1.08447265625
1.094482421875
0.91326904296875
1.087890625
1.1240234375
1.3092041015625
1.0390625
1.11181640625
1.0439453125
1.11376953125
0.94537353515625
1.15869140625
1.08917236328125
0.9998779296875
1.140380859375
1.21246337890625
0.931640625
1.08660888671875
0.0
1.0145263671875
0.97210693359375
1.18304443359375
1.09619140625
1.21014404296875
1.06329345703125
1.04229736328125
1.1021728515625
1.1275634765625
1.07000732421875
1.02117919921875
1.18121337890625
1.185302734375
1.23443603515625
1.1080322265625
0.92535400390625
1.0888671875
0.99456787109375
1.17559814453125
1.07879638671875
0.88983154296875
1.173828125
1.01226806640625
1.236572265625
1.18267822265625
1.01544189453125
1.2034912109375
1.0775146484375
1.1259765625
0.925537109375
1.18304443359375
1.16192626953125
1.108154296875
1.13909912109375
1.17388916015625
1.13555908203125
1.2784423828125
0.9720458984375
1.040283203125
1.052978515625
1.099853515625
1.050537109375
0.916015625
1.08502197265625
1.19976806640625
1.1317138671875
0.96331787109375
1.22869873046875
1.0780029296875
1.1591796875
1.188720703125
1.208251953125
1.0504150390625
1.102783203125
1.20330810546875
1.14215087890625
1.30316162109375
0.9708251953125
0.91571044921875
1.23443603515625
0.0
0.9005126953125
1.17425537109375
0.95050048828125
1.03692626953125
1.193603515625
0.978759765625
0.0
1.06988525390625
0.99505615234375
0.99774169921875
1.01873779296875
0.8685302734375
1.125244140625
0.99017333984375
0.92340087890625
1.04913330078125
0.0
0.9722900390625
1.126708984375
1.112548828125
0.9508056640625
1.17169189453125
1.0489501953125
1.05572509765625
1.0042724609375
1.052490234375
1.02947998046875
1.2357177734375
0.99151611328125
1.0999755859375
0.941162109375
1.2825927734375
1.04559326171875
0.88934326171875
1.09674072265625
1.2315673828125
1.27301025390625
1.02752685546875
1.01544189453125
1.25909423828125
1.09979248046875
1.20440673828125
1.12030029296875
1.31182861328125
0.951171875
1.17364501953125
1.20306396484375
1.07208251953125
1.1072998046875
1.14617919921875
1.06268310546875
0.966064453125
1.00677490234375
0.0
1.0362548828125
1.03265380859375
1.01129150390625
1.12005615234375
0.9991455078125
1.0089111328125
1.09808349609375
1.06884765625
1.05523681640625
0.94342041015625
1.01708984375
1.05621337890625
0.0
1.216796875
1.09124755859375
1.02593994140625
1.14306640625
1.1263427734375
1.06072998046875
1.10980224609375
0.98529052734375
0.0
0.0
1.01348876953125
1.0125732421875
0.9342041015625
1.14544677734375
1.166748046875
1.1629638671875
1.19384765625
0.89190673828125
0.97552490234375
1.1021728515625
1.00787353515625
1.0982666015625
0.97821044921875
1.13055419921875
1.0244140625
0.0
0.0
1.07049560546875
1.1873779296875
0.9647216796875
1.07769775390625
1.1212158203125
1.10418701171875
0.980224609375
0.95025634765625
0.93804931640625
0.98651123046875
1.05242919921875
0.0
0.0
0.0
0.0
0.91778564453125
1.1202392578125
1.08380126953125
1.04461669921875
1.25860595703125
1.088623046875
1.189208984375
1.22076416015625
1.09246826171875
1.038818359375
0.0
1.00384521484375
1.0628662109375
1.01715087890625
1.1436767578125
1.0635986328125
1.285888671875
1.08685302734375
0.9744873046875
1.07745361328125
0.98663330078125
1.15252685546875
1.09735107421875
1.15045166015625
1.09735107421875
1.0015869140625
1.126220703125
1.021240234375
1.08331298828125
0.97320556640625
1.140625
1.10821533203125
1.00115966796875
1.05889892578125
1.24151611328125
1.0162353515625
1.0478515625
1.18768310546875
0.0
1.0931396484375
1.0814208984375
0.8770751953125
1.22216796875
1.23590087890625
1.0526123046875
0.968994140625
0.98431396484375
1.095458984375
1.1988525390625
1.05841064453125
1.06219482421875
0.0
0.89923095703125
1.11883544921875
0.95794677734375
1.2060546875
0.87750244140625
1.10382080078125
1.250244140625
1.1463623046875
0.9378662109375
1.24700927734375
1.0748291015625
0.0
1.01275634765625
1.149169921875
1.1041259765625
1.04742431640625
1.17388916015625
0.0
1.090087890625
1.074951171875
1.25830078125
1.179931640625
0.98358154296875
1.151123046875
0.0
1.0029296875
0.9462890625
1.00701904296875
0.984130859375
1.07843017578125
1.16552734375
1.04620361328125
1.14984130859375
1.12274169921875
1.103759765625
1.1138916015625
1.05511474609375
1.01513671875
1.062744140625
1.09661865234375
1.02459716796875
1.11663818359375
1.060546875
0.91375732421875
1.2249755859375
1.1671142578125
1.08734130859375
1.00494384765625
1.0423583984375
0.0
1.11114501953125
0.87982177734375
1.027099609375
1.243408203125
1.029296875
1.03082275390625
1.09393310546875
1.02734375
0.93853759765625
1.07489013671875
0.7906494140625
1.15216064453125
0.0
1.22113037109375
1.07794189453125
1.09161376953125
1.02105712890625
1.0703125
1.02294921875
0.0
1.029541015625
1.01483154296875
1.020263671875
1.1591796875
1.0611572265625
0.0
1.11517333984375
1.2119140625
1.21002197265625
1.14654541015625
1.13616943359375
1.1953125
1.13873291015625
1.2286376953125
1.1400146484375
1.19635009765625
1.19073486328125
1.16107177734375
0.97589111328125
0.96630859375
0.9893798828125
0.0
0.95086669921875
1.069580078125
1.13641357421875
1.12103271484375
1.0594482421875
0.9873046875
1.1260986328125
1.09326171875
0.861083984375
1.02618408203125
1.09295654296875
1.2056884765625
1.190185546875
1.0113525390625
0.985595703125
0.0
1.2010498046875
1.00982666015625
1.036865234375
1.1895751953125
1.0020751953125
0.0
0.0
1.048095703125
0.960205078125
1.05999755859375
0.8963623046875
1.1876220703125
1.103759765625
1.1553955078125
1.05322265625
1.05792236328125
1.01513671875
0.0
1.0286865234375
0.966796875
1.176025390625
1.10430908203125
1.0765380859375
1.084716796875
1.07257080078125
1.13067626953125
1.18023681640625
1.19024658203125
1.0579833984375
1.2210693359375
1.20819091796875
1.02142333984375
1.0640869140625
1.11541748046875
1.0552978515625
1.1590576171875
1.00299072265625
1.0865478515625
1.15972900390625
1.14459228515625
0.0
1.14508056640625
1.17315673828125
1.01177978515625
1.238525390625
0.0
0.0
1.0985107421875
1.19000244140625
1.08734130859375
1.02740478515625
0.946533203125
1.26739501953125
1.0848388671875
0.9774169921875
1.2200927734375
1.22119140625
1.08929443359375
1.18878173828125
1.03619384765625
1.274169921875
1.04425048828125
1.1043701171875
1.13623046875
1.07098388671875
1.16033935546875
1.2301025390625
1.11993408203125
1.1246337890625
0.0
0.0
1.09527587890625
1.034912109375
1.073486328125
1.0921630859375
0.96966552734375
1.0521240234375
0.91534423828125
1.2255859375
1.11090087890625
1.10162353515625
1.068359375
1.08349609375
1.2413330078125
1.1278076171875
1.22589111328125
1.1138916015625
0.0
1.23504638671875
1.11846923828125
1.00726318359375
1.21099853515625
1.10968017578125
0.0
1.07098388671875
1.205322265625
1.014404296875
1.09246826171875
1.0675048828125
0.0
1.24017333984375
0.9884033203125
1.06280517578125
1.07098388671875
1.1431884765625
1.0850830078125
0.0
1.07464599609375
1.0458984375
1.11083984375
