0.875
0.875
0.875
0.875
0.91400146484375
0.89923095703125
0.9437255859375
0.88970947265625
1.134765625
0.96258544921875
0.79693603515625
0.91058349609375
1.1236572265625
1.14569091796875
0.842041015625
1.031005859375
0.984375
0.9609375
0.0
0.895263671875
0.88421630859375
1.01263427734375
0.97039794921875
0.936767578125
0.0
0.0
0.0
0.0
0.0
1.0069580078125
1.0142822265625
0.93011474609375
0.0
0.0
1.0302734375
0.74322509765625
0.75439453125
0.939453125
0.0
0.0
0.91314697265625
0.86260986328125
0.91204833984375
1.18389892578125
0.95697021484375
0.0
0.0
1.02874755859375
1.08380126953125
0.98016357421875
0.97674560546875
0.0
1.036376953125
0.93072509765625
0.84503173828125
0.91302490234375
0.84027099609375
1.03143310546875
0.0
1.1900634765625
0.90936279296875
1.0606689453125
1.038330078125
0.9718017578125
1.06939697265625
0.932373046875
0.96954345703125
0.8763427734375
0.89215087890625
0.0
0.0
1.02569580078125
0.93359375
1.00592041015625
0.84747314453125
0.86029052734375
1.07696533203125
0.89373779296875
0.89410400390625
0.899169921875
1.0013427734375
1.06732177734375
0.0
0.0
0.922119140625
1.06744384765625
1.09979248046875
0.82269287109375
0.808837890625
0.79766845703125
0.83160400390625
0.9638671875
0.94561767578125
0.80487060546875
1.04852294921875
0.90985107421875
0.904541015625
0.88421630859375
0.0
0.0
0.9945068359375
0.965576171875
0.84698486328125
0.9405517578125
0.83843994140625
0.92315673828125
0.0
0.94329833984375
0.89013671875
1.04156494140625
1.09332275390625
0.895751953125
1.0360107421875
0.90643310546875
0.86151123046875
0.93267822265625
0.83575439453125
0.96844482421875
0.93865966796875
1.04656982421875
0.96075439453125
0.856689453125
0.86724853515625
0.0
0.0
0.95751953125
0.95526123046875
0.918212890625
0.0
0.94293212890625
0.72314453125
0.9091796875
1.01348876953125
0.9017333984375
0.92364501953125
0.95159912109375
0.8433837890625
1.09344482421875
0.0
0.0
0.0
0.9605712890625
0.817626953125
0.91973876953125
0.98675537109375
0.8389892578125
0.94537353515625
0.86639404296875
1.01373291015625
0.87933349609375
0.77459716796875
0.0
0.0
0.0
0.0
1.03765869140625
0.93634033203125
0.853515625
0.90087890625
0.97503662109375
0.8626708984375
0.85723876953125
0.922119140625
0.95526123046875
0.0
0.997314453125
0.8853759765625
0.89056396484375
0.97735595703125
0.82049560546875
0.86566162109375
0.93994140625
0.91156005859375
0.0
0.84521484375
0.7559814453125
0.96942138671875
0.79693603515625
0.98492431640625
0.766845703125
0.9088134765625
0.88671875
0.91595458984375
0.959228515625
0.0
0.0
0.9073486328125
0.93023681640625
0.0
1.095947265625
1.09381103515625
0.97454833984375
0.98486328125
0.9859619140625
0.9649658203125
0.87750244140625
0.90374755859375
1.02996826171875
0.9974365234375
0.912109375
0.87347412109375
0.88507080078125
1.02850341796875
0.9473876953125
0.86749267578125
0.8212890625
0.928955078125
0.89404296875
0.0
0.0
1.0128173828125
0.8905029296875
0.94012451171875
0.9000244140625
0.0
0.0
0.94293212890625
0.91290283203125
0.947509765625
0.99310302734375
0.8897705078125
1.064208984375
1.00885009765625
1.01080322265625
0.0
0.998779296875
0.8619384765625
1.1181640625
0.8009033203125
1.0599365234375
0.9852294921875
0.79718017578125
0.90850830078125
0.8460693359375
1.03326416015625
1.16900634765625
0.91009521484375
0.9334716796875
1.0050048828125
0.92889404296875
0.95294189453125
1.0323486328125
0.95977783203125
0.8748779296875
0.99102783203125
1.05657958984375
0.91552734375
1.2684326171875
0.914794921875
0.7864990234375
0.954833984375
0.7125244140625
0.95068359375
0.9937744140625
1.12841796875
0.97509765625
0.8572998046875
1.01116943359375
0.814697265625
0.93951416015625
0.88873291015625
0.972900390625
0.90606689453125
0.832763671875
0.9837646484375
0.945556640625
1.07159423828125
0.9959716796875
1.03717041015625
1.1102294921875
0.87908935546875
0.951416015625
1.12744140625
1.0155029296875
0.76416015625
0.9256591796875
0.90789794921875
0.91448974609375
0.91705322265625
1.1324462890625
0.92608642578125
1.1600341796875
1.055419921875
0.9906005859375
0.903564453125
0.95245361328125
0.0
0.0
0.9541015625
0.75579833984375
0.94708251953125
0.982177734375
1.04840087890625
0.9599609375
0.8287353515625
1.00970458984375
1.05413818359375
0.92608642578125
1.03118896484375
0.89324951171875
0.0
1.030029296875
1.169189453125
1.00408935546875
0.84783935546875
0.90045166015625
0.935546875
0.94842529296875
0.80377197265625
0.0
0.0
0.0
0.902099609375
0.9278564453125
0.90948486328125
0.9969482421875
0.9375
0.85858154296875
0.0
0.0
0.93389892578125
0.93798828125
1.139404296875
0.86370849609375
0.0
0.0
0.0
0.0
0.0
0.0
0.8448486328125
1.005615234375
0.9708251953125
0.97137451171875
0.80267333984375
1.05255126953125
0.85028076171875
0.93780517578125
1.0345458984375
0.88763427734375
0.9835205078125
1.0780029296875
0.0
0.0
0.867919921875
0.85223388671875
1.0350341796875
0.94390869140625
0.98272705078125
0.0
0.92938232421875
1.08453369140625
0.87811279296875
0.96173095703125
0.93133544921875
0.97894287109375
0.910888671875
0.89935302734375
0.0
0.0
0.84661865234375
0.86090087890625
1.06207275390625
0.78912353515625
1.04010009765625
0.944580078125
0.9039306640625
0.955810546875
0.73370361328125
1.07379150390625
0.90106201171875
0.0
0.0
0.8731689453125
0.94940185546875
0.79052734375
0.98956298828125
0.9571533203125
0.86187744140625
0.93682861328125
0.7301025390625
1.01171875
0.91595458984375
0.0
1.1103515625
0.975830078125
0.993896484375
1.01654052734375
1.04248046875
0.921630859375
1.0478515625
0.995361328125
0.97137451171875
1.10455322265625
0.8536376953125
1.031005859375
1.00372314453125
0.90283203125
0.9959716796875
0.8975830078125
1.1046142578125
0.947509765625
0.93719482421875
0.8072509765625
0.93170166015625
0.97320556640625
0.96722412109375
1.06915283203125
1.12615966796875
0.93792724609375
0.96112060546875
0.0
0.8663330078125
1.13287353515625
1.0042724609375
0.9332275390625
0.94854736328125
0.0
0.0
0.0
0.81854248046875
0.907958984375
0.9552001953125
0.99853515625
1.14971923828125
0.90771484375
1.20166015625
0.85211181640625
1.0343017578125
1.24664306640625
0.0
1.07391357421875
0.9351806640625
1.0150146484375
0.8740234375
0.981689453125
1.2232666015625
0.0
0.96063232421875
0.98138427734375
0.94549560546875
0.0
1.028564453125
0.8873291015625
1.05474853515625
0.94256591796875
0.9268798828125
0.94915771484375
1.07208251953125
1.08642578125
0.97802734375
1.07427978515625
0.95379638671875
1.03717041015625
0.92242431640625
0.9124755859375
0.80462646484375
1.005126953125
1.0074462890625
0.8057861328125
0.0
0.99505615234375
0.69818115234375
0.99102783203125
0.94647216796875
0.92034912109375
1.1202392578125
0.9287109375
0.97027587890625
0.88592529296875
0.75201416015625
0.923583984375
0.88922119140625
0.82647705078125
0.8118896484375
1.0418701171875
0.0
0.0
0.9085693359375
1.03668212890625
0.9638671875
0.78302001953125
0.80816650390625
1.12677001953125
0.90478515625
0.9720458984375
0.0
1.1268310546875
0.95159912109375
0.87640380859375
0.99835205078125
1.07977294921875
0.92974853515625
0.8455810546875
1.10015869140625
0.96795654296875
0.913330078125
0.74066162109375
0.97613525390625
0.0
0.0
0.0
0.0
1.08941650390625
0.92626953125
0.9083251953125
0.88427734375
0.8106689453125
0.835205078125
0.79925537109375
0.0
0.881591796875
0.765625
0.87530517578125
1.09356689453125
1.03228759765625
0.9862060546875
0.97186279296875
0.0
0.0
0.943359375
0.9561767578125
0.985595703125
0.7950439453125
0.75732421875
0.8037109375
0.9613037109375
0.9180908203125
0.8349609375
0.828125
0.86151123046875
0.0
0.0
0.94537353515625
0.9769287109375
0.86407470703125
0.8956298828125
0.91522216796875
0.0
0.96795654296875
0.88311767578125
0.915771484375
0.8795166015625
0.94622802734375
1.02105712890625
1.06719970703125
0.0
0.0
0.0
0.0
0.0
0.74688720703125
1.021240234375
0.0
0.81854248046875
0.8653564453125
0.0
1.13623046875
0.8602294921875
0.76080322265625
1.19281005859375
0.7149658203125
0.93017578125
0.95361328125
0.86724853515625
0.83624267578125
0.8389892578125
0.7845458984375
1.06414794921875
0.0
0.8255615234375
0.99261474609375
1.02838134765625
0.84136962890625
0.98681640625
0.93292236328125
0.80072021484375
0.85394287109375
0.0
0.0
0.96612548828125
1.03900146484375
0.87957763671875
0.9189453125
0.8555908203125
1.0364990234375
0.8331298828125
0.93243408203125
1.08868408203125
0.90594482421875
1.01031494140625
0.94403076171875
0.85595703125
0.98223876953125
0.0
0.9864501953125
0.8350830078125
0.9486083984375
0.912109375
0.91778564453125
0.92205810546875
0.9642333984375
0.0
0.8763427734375
0.9337158203125
0.88739013671875
1.13787841796875
0.95965576171875
0.0
0.9755859375
0.9375
0.95159912109375
0.95550537109375
1.064453125
0.0
0.0
0.0
0.0
0.0
1.0908203125
1.00396728515625
0.9544677734375
0.97552490234375
0.83905029296875
0.0
0.0
0.76458740234375
0.96142578125
1.0025634765625
1.07891845703125
0.9954833984375
0.86212158203125
0.89031982421875
0.86053466796875
0.0
0.96099853515625
0.87164306640625
0.862060546875
1.13787841796875
0.93914794921875
0.9893798828125
0.9515380859375
0.0
0.9000244140625
1.04278564453125
0.86773681640625
0.85888671875
0.92486572265625
0.0
0.0
0.99188232421875
1.001708984375
1.0390625
1.095703125
0.90966796875
1.02764892578125
0.0
0.0
0.9073486328125
0.90777587890625
1.03564453125
0.98004150390625
0.97802734375
0.864990234375
0.986328125
0.955322265625
0.97491455078125
0.8404541015625
1.01422119140625
1.11773681640625
1.17315673828125
0.0
1.019287109375
0.81787109375
0.92041015625
0.869384765625
0.92132568359375
1.06182861328125
0.8455810546875
0.83917236328125
0.959228515625
0.0
0.0
0.877685546875
1.12615966796875
1.05938720703125
0.93743896484375
1.005859375
0.8065185546875
0.0
1.1209716796875
0.784423828125
0.868408203125
1.08856201171875
1.14630126953125
0.9532470703125
1.02459716796875
0.9278564453125
0.0
0.9051513671875
0.959228515625
0.78839111328125
0.870849609375
0.89208984375
1.06854248046875
0.88775634765625
1.11944580078125
0.96588134765625
0.87725830078125
0.96282958984375
0.85821533203125
0.930419921875
0.99261474609375
0.9991455078125
0.854248046875
1.17388916015625
0.0
1.11407470703125
1.068603515625
0.89453125
0.80975341796875
1.0035400390625
1.0172119140625
0.94757080078125
0.8272705078125
0.92449951171875
0.88232421875
0.8179931640625
0.93218994140625
0.90423583984375
1.05413818359375
0.86468505859375
0.90631103515625
1.028564453125
0.99017333984375
1.0360107421875
0.0
1.0289306640625
0.96282958984375
1.03021240234375
0.9190673828125
1.05810546875
0.931640625
0.9501953125
0.90460205078125
0.0
0.0
0.79541015625
0.81207275390625
0.92425537109375
0.8912353515625
0.85552978515625
0.91656494140625
0.80072021484375
1.0628662109375
0.96136474609375
0.96343994140625
1.02777099609375
0.9774169921875
1.02191162109375
0.807861328125
0.884765625
0.72418212890625
0.91900634765625
0.90118408203125
0.0
0.0
0.9052734375
0.93316650390625
0.8818359375
0.99139404296875
1.1251220703125
1.21331787109375
0.0
0.96051025390625
0.95281982421875
0.72430419921875
0.97369384765625
0.93597412109375
0.0
0.0
0.91522216796875
0.918212890625
1.0401611328125
1.00640869140625
0.9180908203125
1.0311279296875
0.88720703125
1.03802490234375
1.02740478515625
0.96722412109375
0.90179443359375
0.0
0.9439697265625
1.0174560546875
1.05059814453125
0.880615234375
0.88592529296875
1.07098388671875
0.81640625
0.8494873046875
0.9549560546875
0.8948974609375
1.063232421875
0.8455810546875
0.892578125
0.87127685546875
0.0
0.0
0.8140869140625
0.96014404296875
0.7542724609375
0.9620361328125
1.040283203125
1.004150390625
0.8302001953125
0.0
0.9686279296875
0.90826416015625
0.9517822265625
0.895263671875
0.99664306640625
0.9578857421875
0.83209228515625
0.8519287109375
0.90771484375
1.0626220703125
0.0
0.79986572265625
0.80462646484375
0.903564453125
1.01617431640625
1.01324462890625
1.00701904296875
1.0057373046875
0.85308837890625
0.8409423828125
0.7867431640625
0.9229736328125
1.0009765625
0.86431884765625
0.85552978515625
0.96978759765625
0.89581298828125
0.8245849609375
0.8153076171875
1.0711669921875
0.7454833984375
0.91162109375
0.0
1.05572509765625
0.98089599609375
1.03839111328125
0.82647705078125
0.0
0.8394775390625
0.86785888671875
0.91864013671875
0.8914794921875
1.04486083984375
0.81243896484375
0.86187744140625
0.94207763671875
0.0
0.0
1.0316162109375
0.93243408203125
1.029052734375
0.0
0.0
0.0
0.0
1.00018310546875
0.0
0.0
0.9384765625
0.9652099609375
1.06878662109375
0.0
0.8818359375
0.849609375
0.88519287109375
0.75506591796875
0.88665771484375
0.898681640625
1.019775390625
0.9053955078125
0.9237060546875
0.94549560546875
0.83001708984375
0.88812255859375
0.7431640625
0.0
0.829833984375
0.9293212890625
0.8546142578125
0.94476318359375
1.02447509765625
1.12762451171875
1.04351806640625
0.77032470703125
0.872314453125
1.09588623046875
0.88812255859375
1.09832763671875
0.8980712890625
1.1185302734375
1.1170654296875
0.927734375
1.09259033203125
0.92547607421875
0.878173828125
0.80755615234375
1.02081298828125
0.0
1.07745361328125
0.98553466796875
0.989990234375
1.03399658203125
0.9080810546875
0.0
0.0
0.80401611328125
1.0048828125
0.87945556640625
1.0350341796875
0.79302978515625
0.90478515625
0.0
1.0029296875
0.99139404296875
0.92864990234375
0.948974609375
0.687744140625
0.937255859375
1.1380615234375
0.0
0.0
0.7652587890625
1.0948486328125
0.9962158203125
1.06280517578125
0.815673828125
0.0
0.0
0.0
0.86822509765625
1.07415771484375
1.017333984375
0.99267578125
0.9954833984375
0.82464599609375
0.0
0.9033203125
0.89068603515625
1.0140380859375
1.00689697265625
1.01214599609375
0.81878662109375
0.763916015625
1.06622314453125
0.94879150390625
0.0
0.0
0.8353271484375
0.91888427734375
1.01104736328125
0.77667236328125
0.93548583984375
1.013671875
0.0
0.99530029296875
0.860595703125
1.0958251953125
1.02105712890625
0.0
1.13177490234375
1.0101318359375
1.18963623046875
0.9437255859375
0.9395751953125
1.03167724609375
1.06939697265625
0.0
0.0
0.0
1.00494384765625
0.80859375
0.89990234375
1.03082275390625
0.9732666015625
0.8763427734375
0.94158935546875
0.83758544921875
1.00616455078125
1.00482177734375
0.95098876953125
0.70263671875
0.9979248046875
