0.902587890625
0.902587890625
0.902587890625
0.902587890625
0.0
0.902587890625
0.7900390625
0.87713623046875
0.93109130859375
0.9193115234375
0.0
0.0
0.81475830078125
1.00927734375
0.9246826171875
0.85009765625
1.12017822265625
0.91815185546875
0.99945068359375
0.885986328125
0.895751953125
0.0
0.9158935546875
0.8544921875
1.08135986328125
1.0760498046875
1.01837158203125
0.94976806640625
1.09014892578125
0.0
0.0
1.0040283203125
0.9923095703125
0.9818115234375
0.97222900390625
1.03662109375
1.0853271484375
0.881103515625
1.05413818359375
0.0
0.0
0.8914794921875
0.92816162109375
0.9891357421875
0.94061279296875
0.9678955078125
1.05853271484375
1.0589599609375
0.95318603515625
0.8897705078125
0.0
1.00390625
0.98480224609375
1.02001953125
0.875
1.08013916015625
0.96685791015625
0.81890869140625
0.97772216796875
1.00225830078125
1.064697265625
0.95770263671875
1.0159912109375
1.06298828125
0.8525390625
0.9034423828125
0.8460693359375
0.0
0.0
0.96246337890625
1.0289306640625
1.021728515625
1.2535400390625
0.0
0.0
1.0782470703125
1.09161376953125
1.087890625
0.8271484375
1.17376708984375
1.12689208984375
0.97613525390625
0.95343017578125
0.0
0.9306640625
0.993408203125
1.04766845703125
0.88470458984375
0.86297607421875
0.90386962890625
0.85791015625
1.01873779296875
0.0
0.0
0.91632080078125
1.05322265625
0.9583740234375
1.186279296875
0.97821044921875
1.023193359375
1.006591796875
0.0
0.0
0.0
0.85955810546875
0.8758544921875
0.87408447265625
0.98883056640625
0.9835205078125
1.192138671875
0.0
0.0
0.0
1.0208740234375
1.00518798828125
0.74737548828125
0.87957763671875
0.96539306640625
0.0
1.106201171875
0.90460205078125
0.95404052734375
0.93701171875
0.0
0.0
0.0
0.0
0.94561767578125
0.92498779296875
0.87896728515625
1.10821533203125
0.9891357421875
1.10296630859375
0.0
1.180908203125
0.8616943359375
0.83099365234375
1.09765625
0.0
0.0
0.0
1.08349609375
0.80419921875
0.9630126953125
0.900146484375
0.98480224609375
0.96087646484375
0.8935546875
1.144287109375
0.855224609375
0.0
0.91259765625
0.9873046875
1.099365234375
1.07861328125
0.957275390625
0.0
1.14910888671875
0.97479248046875
1.0037841796875
0.95404052734375
1.06689453125
0.93780517578125
1.1453857421875
0.994873046875
1.0220947265625
0.0
1.22186279296875
1.06365966796875
0.92669677734375
0.0
0.0
0.0
0.87432861328125
0.84063720703125
1.01727294921875
1.01031494140625
0.99884033203125
1.03228759765625
0.9461669921875
0.98065185546875
1.03070068359375
0.0
0.0
0.0
1.04010009765625
1.1031494140625
0.9248046875
0.90203857421875
0.890869140625
1.10296630859375
1.0784912109375
0.8577880859375
1.00140380859375
1.0694580078125
0.85076904296875
0.0
0.9022216796875
1.032958984375
1.0413818359375
1.00103759765625
0.0
0.98809814453125
0.87744140625
0.9295654296875
0.9600830078125
1.06646728515625
0.94708251953125
0.97491455078125
0.80517578125
1.03851318359375
0.9874267578125
0.0
0.910888671875
0.89996337890625
0.94580078125
0.924072265625
1.02410888671875
0.99224853515625
0.9537353515625
1.07373046875
0.97357177734375
1.09765625
0.0
0.0
0.0
1.00830078125
0.904296875
0.9578857421875
0.96087646484375
0.98876953125
0.92816162109375
0.92547607421875
1.123779296875
0.0
0.0
0.0
0.0
0.93756103515625
1.0794677734375
0.9725341796875
0.97601318359375
1.011962890625
1.00372314453125
0.8746337890625
0.999267578125
0.84954833984375
1.01373291015625
1.0421142578125
0.0
0.0
0.88287353515625
1.0223388671875
0.97821044921875
0.81396484375
0.89923095703125
0.9505615234375
1.0389404296875
0.0
1.0101318359375
1.03509521484375
1.04290771484375
1.0589599609375
0.97100830078125
0.90106201171875
0.0
1.09881591796875
1.073486328125
0.90338134765625
1.103271484375
1.02288818359375
0.931396484375
1.1103515625
0.999755859375
1.01995849609375
1.05340576171875
0.87579345703125
0.9423828125
0.89886474609375
0.95037841796875
1.150390625
1.00238037109375
1.077392578125
1.032470703125
0.94732666015625
1.11322021484375
0.96746826171875
1.16717529296875
0.94110107421875
1.03802490234375
1.00128173828125
1.04937744140625
1.11517333984375
0.868896484375
0.92010498046875
0.9415283203125
1.04302978515625
1.12786865234375
0.81976318359375
0.0
1.040771484375
0.9854736328125
0.84991455078125
1.10888671875
1.07080078125
1.07830810546875
0.98822021484375
0.73931884765625
1.10205078125
0.0
0.901611328125
0.84783935546875
0.91668701171875
1.06707763671875
1.04034423828125
0.0
0.0
1.063720703125
0.91583251953125
1.005126953125
1.0601806640625
1.10772705078125
0.9697265625
0.97637939453125
1.23297119140625
1.04254150390625
0.0
1.0325927734375
1.2266845703125
0.87371826171875
0.92767333984375
0.0
0.86370849609375
0.880126953125
1.0848388671875
0.0
0.8306884765625
0.93212890625
1.00006103515625
1.03265380859375
1.03765869140625
1.09161376953125
1.0556640625
1.0196533203125
1.0030517578125
1.018798828125
0.916015625
0.94512939453125
0.0
0.87005615234375
1.13116455078125
1.0570068359375
0.82366943359375
0.9168701171875
1.11212158203125
0.95001220703125
0.81781005859375
1.07550048828125
1.0325927734375
0.78680419921875
0.94854736328125
0.8250732421875
0.9793701171875
1.009765625
0.0
0.888671875
1.07794189453125
0.872314453125
0.0
0.91717529296875
1.14617919921875
0.81610107421875
0.0
0.912841796875
0.7864990234375
0.949951171875
1.0439453125
0.0
0.0
0.95391845703125
0.96484375
0.787109375
0.91302490234375
1.00341796875
1.01300048828125
1.01763916015625
1.01251220703125
0.7335205078125
1.0003662109375
1.02099609375
0.91351318359375
1.451171875
0.89453125
0.9652099609375
0.0
0.0
0.85028076171875
0.8609619140625
0.9501953125
0.0
0.0
0.0
0.0
0.0
0.92254638671875
0.98846435546875
0.8873291015625
0.92608642578125
1.0576171875
0.88238525390625
0.8551025390625
1.25164794921875
0.98443603515625
0.8604736328125
0.87103271484375
0.99969482421875
0.0
0.0
1.0010986328125
1.06695556640625
0.89080810546875
0.895751953125
0.9515380859375
1.044921875
0.99542236328125
1.0218505859375
0.8232421875
1.0380859375
1.1275634765625
1.10552978515625
1.03619384765625
0.9971923828125
0.0
1.029541015625
0.9566650390625
0.9085693359375
1.1143798828125
0.93475341796875
0.95330810546875
1.0682373046875
1.01898193359375
0.0
0.0
0.0
0.93975830078125
1.1029052734375
1.0655517578125
1.07550048828125
0.0
0.92901611328125
0.976318359375
0.90911865234375
1.18756103515625
0.96051025390625
0.0
0.91033935546875
0.93914794921875
0.85064697265625
0.85888671875
0.86676025390625
1.09686279296875
0.87469482421875
1.07598876953125
0.931396484375
0.0
0.8255615234375
1.04205322265625
1.02789306640625
1.0555419921875
0.92431640625
1.05340576171875
1.000732421875
0.9595947265625
0.933349609375
0.8994140625
1.0584716796875
0.798828125
0.0
0.0
0.0
0.98162841796875
0.9434814453125
0.9979248046875
0.92913818359375
0.0
0.8935546875
1.04779052734375
0.9588623046875
0.0
0.9730224609375
0.9561767578125
0.970947265625
0.94189453125
0.0
0.0
0.0
0.875732421875
0.91326904296875
0.0
0.0
0.98345947265625
0.83038330078125
1.15313720703125
1.22998046875
0.96533203125
0.0
1.01861572265625
0.88348388671875
0.91473388671875
0.0
0.87164306640625
0.93896484375
0.92626953125
0.94403076171875
0.9039306640625
1.11029052734375
0.957763671875
1.13763427734375
0.960693359375
0.99505615234375
1.09442138671875
0.9224853515625
1.04022216796875
0.936767578125
1.06866455078125
1.03997802734375
1.1231689453125
0.93572998046875
0.0
0.874267578125
0.979248046875
0.935791015625
1.017822265625
1.0684814453125
0.9681396484375
0.986328125
0.9268798828125
0.865966796875
1.03997802734375
0.0
0.0
0.9453125
0.9532470703125
0.876220703125
0.92254638671875
1.0023193359375
0.97161865234375
1.093505859375
0.82916259765625
0.8955078125
0.9560546875
0.0
0.0
0.9705810546875
0.97344970703125
1.118408203125
1.00213623046875
0.9586181640625
0.0
0.0
1.22076416015625
1.04266357421875
0.9910888671875
0.0
0.0
0.91845703125
0.8519287109375
0.9139404296875
0.99267578125
1.10638427734375
1.07427978515625
0.99359130859375
0.9989013671875
1.01739501953125
1.02423095703125
1.1212158203125
0.824951171875
1.0638427734375
0.8704833984375
1.02685546875
1.10943603515625
0.0
0.0
1.065673828125
1.1378173828125
1.09283447265625
0.79998779296875
1.18377685546875
1.1031494140625
0.0
0.99658203125
1.13116455078125
0.99993896484375
0.93670654296875
0.83392333984375
0.88702392578125
0.0
0.0
0.97186279296875
0.83135986328125
0.7960205078125
0.9339599609375
1.03558349609375
0.88116455078125
0.93389892578125
0.888671875
0.0
0.0
1.01995849609375
1.04742431640625
0.919921875
1.05059814453125
0.89691162109375
1.08203125
1.0517578125
1.06072998046875
1.09326171875
0.97991943359375
0.875732421875
0.74676513671875
0.88983154296875
1.00006103515625
0.84515380859375
0.93585205078125
0.9423828125
1.01544189453125
0.99346923828125
0.0
1.10137939453125
0.9140625
0.96234130859375
0.901611328125
1.0985107421875
0.923828125
1.0345458984375
1.0416259765625
0.95684814453125
0.95550537109375
0.0
0.92352294921875
0.9071044921875
1.03985595703125
1.02099609375
1.03704833984375
0.90374755859375
0.9295654296875
0.91400146484375
0.97607421875
0.8779296875
0.98016357421875
1.0374755859375
0.8743896484375
0.85736083984375
1.0733642578125
1.04180908203125
0.0
0.94586181640625
1.0634765625
0.84991455078125
0.937255859375
1.05303955078125
1.13299560546875
1.0723876953125
1.15093994140625
0.80682373046875
1.0352783203125
0.0
1.00042724609375
1.12774658203125
0.82373046875
1.06781005859375
0.90826416015625
0.94696044921875
0.93353271484375
0.91595458984375
0.81787109375
1.13031005859375
0.98760986328125
1.06671142578125
1.0496826171875
0.732421875
1.014404296875
0.95050048828125
0.0
0.0
0.9058837890625
1.0626220703125
0.93670654296875
1.0355224609375
0.8648681640625
0.0
0.9881591796875
1.14678955078125
1.20196533203125
0.94586181640625
0.0
0.0
0.0
0.98443603515625
0.90228271484375
1.01690673828125
0.81866455078125
0.95361328125
0.93609619140625
0.9091796875
0.8106689453125
1.09625244140625
0.96942138671875
0.0
0.0
0.77581787109375
0.885986328125
1.158203125
0.8590087890625
0.92974853515625
0.95947265625
0.9241943359375
1.06396484375
1.00372314453125
0.96795654296875
1.0599365234375
0.99176025390625
1.070556640625
0.0
0.0
0.9869384765625
0.84735107421875
0.89031982421875
1.0523681640625
0.94976806640625
0.87530517578125
1.08349609375
0.0
0.0
0.0
0.936767578125
0.98480224609375
0.0
1.03338623046875
0.926025390625
0.9501953125
1.020751953125
0.91204833984375
0.87945556640625
0.99737548828125
1.0078125
1.0224609375
0.9683837890625
1.06304931640625
0.84991455078125
0.9691162109375
1.02996826171875
0.87847900390625
0.90167236328125
0.88623046875
0.0
1.01873779296875
0.95440673828125
0.980712890625
1.05303955078125
0.90313720703125
0.0
0.0
0.0
0.92584228515625
0.9097900390625
0.83905029296875
1.010498046875
1.03924560546875
0.906494140625
0.99493408203125
0.91522216796875
0.0
0.0
0.0
0.0
0.986328125
0.9873046875
0.9661865234375
0.89959716796875
1.0023193359375
1.05682373046875
0.82110595703125
0.0
1.13897705078125
0.87298583984375
0.960205078125
0.92730712890625
1.05206298828125
0.99169921875
1.01837158203125
0.9351806640625
1.009521484375
1.04083251953125
1.08819580078125
0.85040283203125
1.01129150390625
0.86724853515625
0.9583740234375
0.92236328125
1.02337646484375
0.90411376953125
0.0
0.0
1.0089111328125
1.04156494140625
0.8743896484375
0.9598388671875
1.060546875
0.997314453125
1.1002197265625
1.021484375
0.0
0.97900390625
0.99578857421875
1.04962158203125
1.013427734375
0.93511962890625
0.886962890625
0.0
0.0
1.05657958984375
0.82666015625
0.84686279296875
0.0
1.1337890625
1.087890625
1.0406494140625
1.054443359375
0.984375
1.04608154296875
0.85882568359375
0.89031982421875
0.946533203125
0.943603515625
0.785400390625
0.97381591796875
0.99224853515625
0.84912109375
0.0
0.8341064453125
1.135009765625
0.96044921875
0.9119873046875
1.0067138671875
0.97186279296875
1.12445068359375
0.98358154296875
0.0
0.98675537109375
1.111083984375
0.9969482421875
0.0
0.0
0.85870361328125
0.9232177734375
1.09698486328125
1.0635986328125
0.87384033203125
0.976318359375
1.0853271484375
0.0
0.0
0.0
0.84136962890625
1.02630615234375
0.948486328125
0.9798583984375
0.87933349609375
1.0858154296875
1.12567138671875
1.023681640625
0.94970703125
0.9925537109375
1.0377197265625
1.210205078125
1.01611328125
1.06439208984375
0.0
0.0
0.0
1.0054931640625
0.92059326171875
0.9127197265625
0.910400390625
1.04412841796875
0.9639892578125
0.93634033203125
1.01171875
0.88983154296875
0.0
0.0
0.0
0.0
0.0
0.83984375
0.90545654296875
0.91552734375
1.013916015625
0.9136962890625
0.90313720703125
1.02825927734375
0.0
0.0
0.979248046875
1.0809326171875
0.89227294921875
0.0
0.0
0.0
1.0045166015625
0.99066162109375
0.98583984375
0.9971923828125
1.15704345703125
1.087158203125
0.92596435546875
1.0909423828125
0.82489013671875
0.9154052734375
1.158203125
1.0355224609375
0.0
1.06524658203125
1.17596435546875
1.0736083984375
1.04229736328125
1.0413818359375
1.01092529296875
1.00384521484375
1.04376220703125
0.8638916015625
1.06683349609375
0.9033203125
0.86126708984375
0.96075439453125
1.0296630859375
0.75848388671875
0.0
1.13250732421875
1.205322265625
1.00048828125
0.99285888671875
1.06390380859375
1.0040283203125
0.89215087890625
0.0
0.0
0.0
1.02691650390625
0.906494140625
1.08795166015625
1.0435791015625
1.0604248046875
0.9112548828125
0.0
1.0286865234375
0.88739013671875
0.948974609375
1.041015625
1.1298828125
1.0477294921875
0.9407958984375
0.8748779296875
1.16326904296875
0.88470458984375
1.105224609375
1.00518798828125
0.7349853515625
0.96630859375
0.0
0.0
0.84710693359375
0.9422607421875
1.12335205078125
0.992919921875
1.02716064453125
1.00164794921875
0.0
0.0
0.92608642578125
0.91339111328125
0.93798828125
0.9559326171875
1.164306640625
1.08099365234375
0.89898681640625
0.95947265625
1.0924072265625
0.96099853515625
0.7939453125
0.96929931640625
0.93499755859375
0.0
0.0
0.87554931640625
1.2427978515625
1.14202880859375
0.98138427734375
0.91888427734375
