0.0
0.875
0.875
1.0185546875
0.0
0.0
0.90313720703125
0.91839599609375
0.0
0.9815673828125
0.894775390625
0.8226318359375
0.0
0.81256103515625
0.78704833984375
1.11383056640625
1.01788330078125
0.954345703125
0.0
0.0
0.930419921875
1.041015625
1.0877685546875
0.83642578125
0.928955078125
0.88775634765625
0.83514404296875
1.0794677734375
1.06890869140625
1.09893798828125
0.0
0.0
0.84222412109375
0.9141845703125
0.90704345703125
1.05426025390625
1.017333984375
0.91937255859375
0.0
0.0
0.0
0.0
1.08477783203125
0.93096923828125
0.897216796875
0.8082275390625
0.86895751953125
1.06536865234375
1.1815185546875
0.8009033203125
1.05035400390625
0.96417236328125
0.97540283203125
1.01849365234375
0.0
0.0
0.0
0.95452880859375
1.02996826171875
0.76727294921875
0.990234375
1.04217529296875
0.8836669921875
0.80548095703125
0.96832275390625
0.0
0.0
1.280029296875
0.94500732421875
0.7838134765625
1.14141845703125
1.01690673828125
0.8519287109375
0.0
1.05120849609375
1.06842041015625
0.97442626953125
0.0
0.8770751953125
0.8875732421875
0.9703369140625
1.0047607421875
0.9508056640625
0.9862060546875
0.99700927734375
0.8704833984375
0.0
0.0
0.0
0.9476318359375
1.03472900390625
0.818115234375
0.85418701171875
1.0208740234375
0.85498046875
0.8712158203125
0.837646484375
0.72979736328125
0.920654296875
0.0
0.0
1.09814453125
1.0107421875
0.97998046875
1.01031494140625
0.0
0.99627685546875
1.12091064453125
0.974365234375
1.00604248046875
0.8525390625
1.0340576171875
0.0
1.002197265625
0.93768310546875
1.06292724609375
0.88397216796875
0.8179931640625
1.05078125
0.9259033203125
0.0
0.0
0.0
0.83355712890625
0.9417724609375
1.1094970703125
0.983642578125
0.90399169921875
0.935546875
0.0
0.0
0.0
0.0
0.92364501953125
0.91412353515625
1.2564697265625
0.98388671875
0.849853515625
1.064697265625
1.05133056640625
0.94921875
0.74200439453125
0.95452880859375
0.9217529296875
1.1207275390625
0.859375
0.81365966796875
0.94549560546875
1.05029296875
0.99041748046875
0.97747802734375
1.09417724609375
1.06866455078125
0.93243408203125
0.98077392578125
1.039794921875
0.96630859375
1.0364990234375
0.0
0.85784912109375
0.7886962890625
0.8624267578125
0.827392578125
0.8887939453125
0.0
0.0
0.83984375
0.847900390625
1.0096435546875
0.87908935546875
0.81085205078125
0.79168701171875
0.92584228515625
0.935302734375
0.87103271484375
0.8338623046875
0.8671875
0.0
0.0
0.92840576171875
0.95513916015625
1.12451171875
0.7958984375
1.0010986328125
0.9593505859375
1.06292724609375
0.0
0.8304443359375
0.96343994140625
0.980224609375
1.07391357421875
1.0081787109375
0.88397216796875
0.0
0.0
0.8927001953125
1.059326171875
1.04608154296875
1.01080322265625
0.99365234375
1.0084228515625
0.87030029296875
0.0
0.0
0.0
0.95355224609375
0.91876220703125
0.91937255859375
0.91815185546875
1.058837890625
0.0
0.0
0.9766845703125
0.87335205078125
1.01165771484375
0.9119873046875
0.75921630859375
0.9998779296875
1.00860595703125
0.89697265625
0.89459228515625
0.82135009765625
1.0069580078125
0.88055419921875
0.0
0.8577880859375
1.00103759765625
0.90594482421875
0.0
0.926513671875
0.8177490234375
0.94403076171875
1.0093994140625
0.876220703125
0.97540283203125
0.94158935546875
0.0
0.86883544921875
0.92425537109375
0.82421875
0.81121826171875
0.93499755859375
0.9775390625
0.0
0.97412109375
1.04217529296875
0.0
0.8826904296875
0.81689453125
1.03656005859375
0.9058837890625
0.97296142578125
0.97113037109375
0.8665771484375
0.0
0.0
0.0
0.9591064453125
0.92578125
0.9979248046875
0.84649658203125
0.9774169921875
0.9881591796875
1.0401611328125
0.0
0.87255859375
0.877197265625
1.03741455078125
0.9114990234375
0.94500732421875
0.927734375
0.0
0.9630126953125
0.9322509765625
0.7491455078125
1.1158447265625
0.89837646484375
0.99420166015625
0.0
0.0
0.92169189453125
0.92169189453125
0.93695068359375
0.8160400390625
0.99456787109375
0.0
0.0
0.873046875
0.8341064453125
0.9862060546875
1.108154296875
0.82537841796875
0.9417724609375
0.0
0.0
0.91009521484375
1.0010986328125
1.0406494140625
1.06402587890625
0.947998046875
0.855712890625
0.9678955078125
0.917724609375
0.8648681640625
1.01751708984375
0.96002197265625
0.835693359375
0.89111328125
0.92095947265625
0.0
0.0
0.796875
0.96685791015625
1.11151123046875
0.84405517578125
0.8929443359375
0.0
0.8612060546875
0.833740234375
0.789306640625
0.87109375
0.8135986328125
1.02154541015625
0.8892822265625
0.0
0.9930419921875
1.02313232421875
0.9813232421875
0.940673828125
1.0699462890625
0.95782470703125
0.9766845703125
0.9075927734375
0.89508056640625
0.9058837890625
0.960693359375
0.0
1.13818359375
0.94732666015625
0.91412353515625
1.15496826171875
0.9837646484375
0.960693359375
0.7996826171875
0.78167724609375
0.90081787109375
1.12249755859375
0.96099853515625
1.12762451171875
0.0
0.0
0.0
1.07550048828125
0.91815185546875
0.87957763671875
0.99566650390625
0.8348388671875
1.2083740234375
1.01617431640625
0.0
0.0
0.0
1.051025390625
0.87841796875
0.919921875
0.848388671875
0.73455810546875
0.9150390625
0.93743896484375
1.03179931640625
1.0394287109375
0.88629150390625
0.95965576171875
1.04095458984375
0.94366455078125
1.0263671875
0.96954345703125
1.06781005859375
0.0
0.0
0.0
0.0
1.189453125
1.03192138671875
0.806640625
0.96356201171875
0.990234375
0.99169921875
0.0
0.0
0.0
1.16339111328125
0.87310791015625
0.99481201171875
1.11370849609375
1.12725830078125
0.88189697265625
0.86407470703125
0.97357177734375
0.0
0.91217041015625
0.9542236328125
0.81451416015625
0.9949951171875
0.78558349609375
0.83056640625
0.89178466796875
0.0
0.9139404296875
1.10406494140625
1.1861572265625
0.835205078125
0.87060546875
0.92236328125
0.8837890625
0.0
0.0
0.0
0.7982177734375
0.927734375
0.95977783203125
1.1602783203125
0.8052978515625
0.0
1.09716796875
0.90045166015625
1.00048828125
1.11920166015625
0.9815673828125
0.870849609375
0.87371826171875
0.81201171875
0.9608154296875
0.94110107421875
0.0
1.097412109375
1.07989501953125
1.047119140625
1.04168701171875
1.0765380859375
0.9678955078125
0.9066162109375
1.18426513671875
0.88720703125
0.0
0.0
0.0
0.84844970703125
1.020751953125
0.90380859375
0.9993896484375
0.0
0.9171142578125
0.9476318359375
1.02093505859375
0.74761962890625
0.90863037109375
0.92877197265625
0.93255615234375
0.79925537109375
0.86834716796875
0.98095703125
0.91265869140625
0.9888916015625
1.02655029296875
0.86962890625
0.90985107421875
0.76715087890625
0.99090576171875
0.0
0.9774169921875
0.9088134765625
1.029296875
1.07537841796875
0.9609375
0.9912109375
0.91192626953125
1.0244140625
1.00634765625
0.0
0.83056640625
1.008544921875
0.86737060546875
1.01416015625
0.91082763671875
0.96514892578125
1.03076171875
1.1202392578125
0.843994140625
0.0
0.94879150390625
0.80859375
0.83770751953125
0.9447021484375
0.9462890625
0.99395751953125
0.91558837890625
1.07562255859375
1.08111572265625
0.0
0.8768310546875
0.93646240234375
0.9747314453125
0.91790771484375
0.9012451171875
0.75238037109375
1.05767822265625
0.0
0.91033935546875
0.9481201171875
0.992919921875
0.9161376953125
0.94287109375
0.8629150390625
0.8408203125
0.927490234375
0.80975341796875
1.05078125
0.0
0.98431396484375
0.9693603515625
0.9815673828125
0.93878173828125
0.96026611328125
0.84130859375
0.98065185546875
1.0084228515625
0.0
0.92462158203125
1.1629638671875
0.95477294921875
1.1229248046875
0.8277587890625
0.99810791015625
0.0
0.0
0.0
0.0
0.9515380859375
0.9736328125
0.890625
0.77618408203125
0.898193359375
0.0
0.89703369140625
1.077880859375
0.8653564453125
1.01544189453125
0.848388671875
1.15924072265625
0.90313720703125
0.896240234375
0.0
0.9283447265625
0.8778076171875
0.8843994140625
0.943115234375
0.98785400390625
1.01092529296875
0.885498046875
1.11395263671875
0.0
0.74151611328125
0.99591064453125
0.9283447265625
0.90838623046875
0.98529052734375
0.931396484375
1.12213134765625
0.0
0.0
0.0
0.0
0.0
1.02020263671875
0.85601806640625
0.97576904296875
1.01287841796875
1.0787353515625
0.97735595703125
0.93109130859375
1.028076171875
0.7735595703125
1.06488037109375
1.13458251953125
0.9874267578125
0.97369384765625
1.0814208984375
0.98162841796875
0.0
1.05950927734375
0.99169921875
0.8541259765625
1.10430908203125
0.881103515625
0.92138671875
0.0
1.00054931640625
0.81640625
0.78778076171875
0.904541015625
0.91302490234375
0.84686279296875
1.1072998046875
0.9776611328125
0.0
0.0
0.0
0.94366455078125
0.939697265625
0.98223876953125
0.76068115234375
0.8116455078125
0.8245849609375
0.87451171875
0.9720458984375
0.81207275390625
0.90264892578125
1.009521484375
0.0
0.0
0.0
0.9124755859375
0.946044921875
1.07464599609375
0.95220947265625
0.0
0.864013671875
0.84991455078125
1.01043701171875
0.79022216796875
0.90985107421875
0.8973388671875
1.0006103515625
0.0
0.966064453125
0.98748779296875
0.8720703125
0.85638427734375
0.90692138671875
1.07073974609375
0.9033203125
1.04827880859375
0.9749755859375
0.84991455078125
1.10589599609375
0.79595947265625
0.97174072265625
0.0
0.90875244140625
0.9912109375
1.04144287109375
1.1334228515625
0.8134765625
0.93963623046875
0.807373046875
1.12274169921875
0.9415283203125
0.91448974609375
0.96221923828125
0.94793701171875
0.9588623046875
0.95196533203125
0.0
0.0
0.95855712890625
0.979736328125
0.9072265625
1.02606201171875
1.08355712890625
0.0
0.0
0.0
0.90283203125
0.8564453125
0.95819091796875
0.94976806640625
0.9678955078125
0.86370849609375
0.88348388671875
0.830810546875
1.02996826171875
1.06036376953125
0.79901123046875
1.10491943359375
0.77899169921875
0.9271240234375
0.8802490234375
0.0
0.0
0.89117431640625
1.04779052734375
0.0
0.0
0.0
0.94012451171875
0.909423828125
0.95989990234375
0.82232666015625
0.8953857421875
0.88055419921875
0.86383056640625
1.0323486328125
0.9013671875
0.94317626953125
1.10498046875
1.06201171875
0.94122314453125
0.0
0.0
0.89337158203125
0.97265625
0.9608154296875
0.99566650390625
0.97723388671875
0.88140869140625
0.9659423828125
0.7838134765625
0.9080810546875
0.9259033203125
0.99859619140625
0.9969482421875
0.91217041015625
0.0
0.0
0.91656494140625
0.93878173828125
1.08917236328125
0.92205810546875
0.0
0.93829345703125
1.045654296875
0.9744873046875
0.0
1.00341796875
0.84051513671875
0.8624267578125
1.01458740234375
0.80718994140625
0.9368896484375
0.94195556640625
0.7742919921875
0.7645263671875
0.9720458984375
0.95281982421875
0.99200439453125
0.97137451171875
1.0142822265625
0.9720458984375
1.05853271484375
0.96685791015625
1.01361083984375
1.02142333984375
1.0260009765625
0.938720703125
1.18902587890625
0.99334716796875
1.00128173828125
0.85369873046875
1.04754638671875
1.00018310546875
0.85272216796875
1.05035400390625
1.10272216796875
0.0
0.0
0.89935302734375
0.848876953125
0.895263671875
0.87591552734375
0.97625732421875
0.95166015625
0.98681640625
0.832763671875
1.00640869140625
0.798095703125
0.82611083984375
0.0
0.0
0.0
0.95245361328125
1.12994384765625
0.9560546875
0.8663330078125
0.9061279296875
0.0
0.9871826171875
0.90277099609375
0.9398193359375
0.9732666015625
0.89483642578125
0.89544677734375
0.858154296875
0.9844970703125
0.0
0.92779541015625
1.001708984375
0.90509033203125
0.91204833984375
0.927490234375
0.83782958984375
1.08135986328125
0.0
1.05950927734375
0.9346923828125
0.9388427734375
0.890625
1.097412109375
0.90423583984375
0.9176025390625
0.94122314453125
0.95379638671875
0.86981201171875
0.9649658203125
0.94268798828125
0.7109375
1.0977783203125
1.11749267578125
0.87933349609375
0.89422607421875
0.0
0.969482421875
0.9237060546875
0.80377197265625
0.0
0.81195068359375
1.20111083984375
0.0
0.9595947265625
0.890869140625
0.9437255859375
0.97381591796875
1.14483642578125
0.8746337890625
0.9239501953125
0.99346923828125
0.8831787109375
1.0023193359375
0.9454345703125
1.0841064453125
0.951171875
0.8612060546875
0.91754150390625
0.896728515625
1.15740966796875
0.8712158203125
1.0206298828125
0.8677978515625
0.0
0.0
0.84771728515625
0.91497802734375
1.01666259765625
0.98089599609375
1.11285400390625
0.85308837890625
1.255615234375
0.0
0.9056396484375
0.9881591796875
0.85382080078125
0.923095703125
0.9442138671875
0.9661865234375
0.8153076171875
0.8067626953125
1.11688232421875
0.8275146484375
0.827880859375
0.6689453125
1.0958251953125
0.917724609375
1.03948974609375
0.886962890625
0.8494873046875
0.91375732421875
0.82208251953125
0.91815185546875
0.0
0.0
0.0
0.91851806640625
1.10137939453125
1.04595947265625
0.994873046875
0.0
0.0
0.0
1.12115478515625
0.87457275390625
0.7913818359375
0.80718994140625
1.039306640625
1.0196533203125
1.02923583984375
0.948486328125
0.0
0.0
0.0
0.0
0.86968994140625
1.03924560546875
0.82818603515625
0.87255859375
0.9349365234375
0.81671142578125
0.9813232421875
1.005615234375
0.77984619140625
0.0
0.0
0.0
0.866455078125
0.8502197265625
0.81451416015625
0.78466796875
0.0
0.884033203125
0.909912109375
0.90765380859375
0.86248779296875
0.9888916015625
0.85260009765625
1.00018310546875
0.947021484375
0.90924072265625
0.0
0.88568115234375
1.0108642578125
1.04583740234375
0.95458984375
1.08758544921875
1.094970703125
0.98944091796875
0.0
0.9444580078125
0.8931884765625
0.9501953125
0.987548828125
0.85040283203125
0.83026123046875
0.9793701171875
0.989013671875
1.0047607421875
0.977783203125
1.0467529296875
0.897216796875
0.79156494140625
0.935546875
0.84271240234375
0.93499755859375
0.85638427734375
1.0849609375
0.87799072265625
0.88653564453125
1.109375
0.998291015625
0.0
0.97259521484375
0.80682373046875
0.93505859375
0.80242919921875
0.0
0.0
0.921142578125
1.04010009765625
0.87164306640625
1.0712890625
0.9013671875
1.06561279296875
0.977783203125
0.97198486328125
0.0
0.0
0.0
0.0
1.01556396484375
0.97467041015625
1.04144287109375
1.022216796875
0.93524169921875
0.94818115234375
0.0
0.0
0.0
0.0
0.85028076171875
0.99456787109375
0.94122314453125
1.0128173828125
0.94873046875
0.97198486328125
0.9091796875
0.0
1.11639404296875
0.925537109375
0.74591064453125
1.0830078125
0.90673828125
