0.0
0.5830078125
0.5830078125
0.6346435546875
0.73931884765625
0.72845458984375
0.7723388671875
0.79364013671875
0.778076171875
0.63861083984375
0.56829833984375
0.0
0.0
0.69647216796875
0.6065673828125
0.7069091796875
0.64801025390625
0.61529541015625
0.577392578125
0.0
0.0
0.51361083984375
0.655029296875
0.50909423828125
0.6583251953125
0.80084228515625
0.55792236328125
0.8349609375
0.64117431640625
0.63238525390625
0.70751953125
0.0
0.71478271484375
0.75439453125
0.60736083984375
0.61822509765625
0.71307373046875
0.5775146484375
0.0
0.0
0.6629638671875
0.72930908203125
0.56298828125
0.6864013671875
0.8775634765625
0.7738037109375
0.6767578125
0.666015625
0.0
0.0
0.56072998046875
0.67791748046875
0.67352294921875
0.61517333984375
0.8046875
0.63726806640625
0.0
0.0
0.0
0.0
0.69488525390625
0.51568603515625
0.64324951171875
0.65240478515625
0.775146484375
0.58245849609375
0.55157470703125
0.0
0.0
0.5552978515625
0.7962646484375
0.63507080078125
0.5211181640625
0.69036865234375
0.84161376953125
0.57568359375
0.5433349609375
0.67095947265625
0.58087158203125
0.8006591796875
0.675048828125
0.75042724609375
0.613037109375
0.69866943359375
0.58758544921875
0.77923583984375
0.54168701171875
0.62030029296875
0.78839111328125
0.73187255859375
0.712890625
0.7686767578125
0.6370849609375
0.66400146484375
0.6822509765625
0.713134765625
0.0
0.6646728515625
0.47235107421875
0.65625
0.82562255859375
0.68243408203125
0.684814453125
0.58843994140625
0.6910400390625
0.62158203125
0.53045654296875
0.0
0.6016845703125
0.67156982421875
0.76715087890625
0.5428466796875
0.63128662109375
0.60772705078125
0.65692138671875
0.66375732421875
0.0
0.697265625
0.72772216796875
0.49041748046875
0.63848876953125
0.75018310546875
0.615234375
0.67529296875
0.647705078125
0.74737548828125
0.0
0.64581298828125
0.750732421875
0.59539794921875
0.0
0.68707275390625
0.52606201171875
0.69073486328125
0.0
0.65692138671875
0.57623291015625
0.50421142578125
0.45745849609375
0.72760009765625
0.52764892578125
0.6162109375
0.59197998046875
0.58038330078125
0.69061279296875
0.5543212890625
0.0
0.0
0.0
0.53216552734375
0.732666015625
0.64617919921875
0.5732421875
0.7901611328125
0.56170654296875
0.661865234375
0.64312744140625
0.71112060546875
0.6248779296875
0.6329345703125
0.62384033203125
0.8226318359375
0.767822265625
0.79144287109375
0.68572998046875
0.49371337890625
0.0
0.0
0.56402587890625
0.61883544921875
0.71124267578125
0.0
0.0
0.7882080078125
0.64251708984375
0.90130615234375
0.6412353515625
0.798095703125
0.8079833984375
0.49786376953125
0.62908935546875
0.6773681640625
0.71954345703125
0.0
0.0
0.0
0.65704345703125
0.7125244140625
0.63525390625
0.70050048828125
0.57415771484375
0.55389404296875
0.0
0.0
0.0
0.52423095703125
0.69647216796875
0.63177490234375
0.78607177734375
0.65020751953125
0.77264404296875
0.70062255859375
0.7021484375
0.6661376953125
0.690673828125
0.59375
0.6353759765625
0.634521484375
0.74688720703125
0.64404296875
0.64892578125
0.59527587890625
0.0
0.0
0.56304931640625
0.82073974609375
0.7166748046875
0.7340087890625
0.559326171875
0.6136474609375
0.566162109375
0.57666015625
0.0
0.0
0.0
0.78314208984375
0.56610107421875
0.76068115234375
0.69976806640625
0.5302734375
0.66876220703125
0.65325927734375
0.5926513671875
0.53680419921875
0.6204833984375
0.64227294921875
0.805908203125
0.62298583984375
0.0
0.0
0.822265625
0.6158447265625
0.6280517578125
0.5445556640625
0.64361572265625
0.497802734375
0.7459716796875
0.0
0.776123046875
0.8995361328125
0.521484375
0.6778564453125
0.477294921875
0.0
0.0
0.5755615234375
0.5960693359375
0.749755859375
0.6268310546875
0.58447265625
0.638671875
0.58123779296875
0.67950439453125
0.0
0.0
0.0
0.0
0.0
0.6451416015625
0.71978759765625
0.61187744140625
0.55712890625
0.5377197265625
0.59130859375
0.5947265625
0.67962646484375
0.0
0.0
0.7845458984375
0.7132568359375
0.6959228515625
0.65460205078125
0.0
0.0
0.0
0.71417236328125
0.60693359375
0.58917236328125
0.0
0.0
0.0
0.0
0.7972412109375
0.6795654296875
0.62030029296875
0.0
0.0
0.59613037109375
0.74407958984375
0.62066650390625
0.5386962890625
0.66351318359375
0.702880859375
0.63165283203125
0.67852783203125
0.0
0.0
0.0
0.69439697265625
0.75946044921875
0.64739990234375
0.73956298828125
0.689208984375
0.7054443359375
0.75201416015625
0.6826171875
0.0
0.68231201171875
0.4825439453125
0.58355712890625
0.5335693359375
0.65142822265625
0.67333984375
0.62554931640625
0.0
0.765869140625
0.6575927734375
0.62982177734375
0.689208984375
0.0
0.0
0.6212158203125
0.883056640625
0.57330322265625
0.5955810546875
0.72650146484375
0.55322265625
0.58392333984375
0.5494384765625
0.584228515625
0.723876953125
0.61309814453125
0.61419677734375
0.0
0.6728515625
0.593017578125
0.64324951171875
0.70819091796875
0.73260498046875
0.57269287109375
0.5528564453125
0.71795654296875
0.67681884765625
0.63909912109375
0.67413330078125
0.6695556640625
0.80682373046875
0.55206298828125
0.6856689453125
0.4498291015625
0.60791015625
0.5643310546875
0.58343505859375
0.0
0.65802001953125
0.65252685546875
0.60333251953125
0.76025390625
0.61761474609375
0.765625
0.887939453125
0.60546875
0.62994384765625
0.5919189453125
0.7310791015625
0.79229736328125
0.0
0.0
0.6873779296875
0.768310546875
0.6180419921875
0.4793701171875
0.60272216796875
0.0
0.0
0.7506103515625
0.59344482421875
0.69757080078125
0.57086181640625
0.70758056640625
0.55120849609375
0.544677734375
0.66351318359375
0.0
0.0
0.7161865234375
0.82177734375
0.7108154296875
0.63812255859375
0.59039306640625
0.0
0.0
0.0
0.0
0.67498779296875
0.7965087890625
0.5853271484375
0.65338134765625
0.62200927734375
0.65179443359375
0.5301513671875
0.59490966796875
0.0
0.0
0.0
0.6514892578125
0.52679443359375
0.53643798828125
0.6439208984375
0.55328369140625
0.51220703125
0.0
0.0
0.68701171875
0.73651123046875
0.60113525390625
0.68438720703125
0.65643310546875
0.4813232421875
0.67596435546875
0.79193115234375
0.58843994140625
0.7862548828125
0.5830078125
0.0
0.5242919921875
0.653076171875
0.59722900390625
0.7327880859375
0.60614013671875
0.72845458984375
0.58514404296875
0.71112060546875
0.7177734375
0.627685546875
0.0
0.0
0.0
0.80859375
0.6832275390625
0.81707763671875
0.56201171875
0.6077880859375
0.62432861328125
0.654052734375
0.76885986328125
0.75140380859375
0.49407958984375
0.85601806640625
0.51605224609375
0.53387451171875
0.756103515625
0.829833984375
0.74591064453125
0.65234375
0.0
0.6043701171875
0.750244140625
0.53607177734375
0.66876220703125
0.6044921875
0.66290283203125
0.76202392578125
0.0
0.6116943359375
0.7117919921875
0.67266845703125
0.6474609375
0.59820556640625
0.74273681640625
0.0
0.56988525390625
0.7003173828125
0.78173828125
0.7510986328125
0.76971435546875
0.77593994140625
0.61395263671875
0.63275146484375
0.0
0.0
0.0
0.69879150390625
0.591064453125
0.69647216796875
0.58447265625
0.0
0.0
0.86376953125
0.60174560546875
0.68511962890625
0.563232421875
0.5740966796875
0.0
0.0
0.66510009765625
0.5989990234375
0.540283203125
0.56939697265625
0.522216796875
0.60736083984375
0.4649658203125
0.6195068359375
0.0
0.70343017578125
0.5777587890625
0.612548828125
0.6011962890625
0.54095458984375
0.4814453125
0.67950439453125
0.0
0.0
0.52362060546875
0.71038818359375
0.6343994140625
0.0
0.7440185546875
0.63336181640625
0.8751220703125
0.572265625
0.69769287109375
0.68084716796875
0.0
0.8267822265625
0.57666015625
0.75286865234375
0.64276123046875
0.638916015625
0.64385986328125
0.8380126953125
0.60089111328125
0.0
0.0
0.5753173828125
0.7943115234375
0.509765625
0.859619140625
0.6214599609375
0.605224609375
0.56640625
0.525146484375
0.69378662109375
0.69830322265625
0.49725341796875
0.6119384765625
0.584228515625
0.6708984375
0.564453125
0.5987548828125
0.0
0.0
0.6507568359375
0.60797119140625
0.62744140625
0.62005615234375
0.7725830078125
0.69659423828125
0.576904296875
0.0
0.59063720703125
0.75018310546875
0.83416748046875
0.0
0.56646728515625
0.60369873046875
0.6275634765625
0.692138671875
0.46173095703125
0.72418212890625
0.60858154296875
0.612548828125
0.0
0.0
0.6263427734375
0.6357421875
0.62225341796875
0.66827392578125
0.0
0.644775390625
0.82232666015625
0.71490478515625
0.75494384765625
0.7530517578125
0.7113037109375
0.62261962890625
0.57647705078125
0.7286376953125
0.0
0.57781982421875
0.6900634765625
0.72491455078125
0.73236083984375
0.642333984375
0.75054931640625
0.0
0.7694091796875
0.6539306640625
0.5748291015625
0.877685546875
0.83172607421875
0.5517578125
0.0
0.0
0.61859130859375
0.41680908203125
0.592041015625
0.60479736328125
0.5772705078125
0.0
0.56787109375
0.81298828125
0.0
0.0
0.0
0.49554443359375
0.7713623046875
0.75
0.7423095703125
0.59283447265625
0.7542724609375
0.55084228515625
0.0
0.540771484375
0.7208251953125
0.59979248046875
0.67181396484375
0.54644775390625
0.68975830078125
0.64007568359375
0.5284423828125
0.0
0.0
0.0
0.7840576171875
0.561767578125
0.634033203125
0.76409912109375
0.63262939453125
0.580322265625
0.652587890625
0.0
0.0
0.636474609375
0.765625
0.62384033203125
0.52862548828125
0.67156982421875
0.63043212890625
0.66033935546875
0.654541015625
0.5389404296875
0.52789306640625
0.0
0.0
0.7054443359375
0.63775634765625
0.55242919921875
0.6357421875
0.6905517578125
0.69635009765625
0.8021240234375
0.4608154296875
0.5643310546875
0.7205810546875
0.507080078125
0.8216552734375
0.7864990234375
0.0
0.67449951171875
0.77642822265625
0.52899169921875
0.5833740234375
0.62640380859375
0.0
0.0
0.72406005859375
0.61407470703125
0.70098876953125
0.697998046875
0.63543701171875
0.0
0.6751708984375
0.7393798828125
0.620849609375
0.6829833984375
0.674560546875
0.650146484375
0.69134521484375
0.77691650390625
0.0
0.0
0.61676025390625
0.515625
0.6505126953125
0.6597900390625
0.69464111328125
0.6956787109375
0.693359375
0.60205078125
0.62860107421875
0.0
0.71624755859375
0.59130859375
0.5633544921875
0.6534423828125
0.47119140625
0.77337646484375
0.0
0.55328369140625
0.66162109375
0.7333984375
0.72320556640625
0.60833740234375
0.680419921875
0.7254638671875
0.70867919921875
0.70965576171875
0.40277099609375
0.76806640625
0.627197265625
0.65740966796875
0.784912109375
0.0
0.73858642578125
0.6534423828125
0.5517578125
0.73486328125
0.0
0.71044921875
0.6712646484375
0.6610107421875
0.0
0.5048828125
0.76092529296875
0.615234375
0.82281494140625
0.60498046875
0.0
0.60369873046875
0.61712646484375
0.68121337890625
0.560302734375
0.721435546875
0.0
0.0
0.714111328125
0.6568603515625
0.7840576171875
0.60736083984375
0.64306640625
0.70697021484375
0.5858154296875
0.692626953125
0.71575927734375
0.0
0.0
0.6988525390625
0.67852783203125
0.57623291015625
0.5980224609375
0.705322265625
0.655517578125
0.607421875
0.592041015625
0.51953125
0.0
0.0
0.5985107421875
0.63519287109375
0.72247314453125
0.68804931640625
0.7259521484375
0.494140625
0.63140869140625
0.76702880859375
0.0
0.704833984375
0.61016845703125
0.775634765625
0.6956787109375
0.72454833984375
0.61859130859375
0.7320556640625
0.7911376953125
0.6536865234375
0.6536865234375
0.65863037109375
0.5404052734375
0.48248291015625
0.0
0.0
0.61993408203125
0.60272216796875
0.70050048828125
0.80999755859375
0.65057373046875
0.59075927734375
0.0
0.0
0.53656005859375
0.614013671875
0.639892578125
0.60296630859375
0.61834716796875
0.6533203125
0.63983154296875
0.6546630859375
0.0
0.56201171875
0.61053466796875
0.6744384765625
0.71246337890625
0.7130126953125
0.5848388671875
0.5458984375
0.62353515625
0.6395263671875
0.826904296875
0.49237060546875
0.7584228515625
0.58282470703125
0.6905517578125
0.0
0.0
0.75537109375
0.61578369140625
0.55926513671875
0.58697509765625
0.0
0.69573974609375
0.6773681640625
0.731689453125
0.54705810546875
0.62530517578125
0.7611083984375
0.0
0.0
0.82568359375
0.6785888671875
0.8148193359375
0.72607421875
0.7034912109375
0.64520263671875
0.61468505859375
0.0
0.64752197265625
0.63836669921875
0.66552734375
0.6673583984375
0.7138671875
0.53125
0.823486328125
0.71173095703125
0.55029296875
0.7750244140625
0.5452880859375
0.0
0.71258544921875
0.7105712890625
0.72412109375
0.804443359375
0.67486572265625
0.61138916015625
0.6275634765625
0.60009765625
0.84912109375
0.6539306640625
0.47467041015625
0.71112060546875
0.44207763671875
0.60125732421875
0.5201416015625
0.6656494140625
0.78973388671875
0.67218017578125
0.9169921875
0.6600341796875
0.64569091796875
0.6141357421875
0.50543212890625
0.80810546875
0.71734619140625
0.701904296875
0.68353271484375
0.83489990234375
0.0
0.0
0.0
0.57098388671875
0.4996337890625
0.5838623046875
0.574951171875
0.83770751953125
0.7965087890625
0.695556640625
0.7252197265625
0.70977783203125
0.837890625
0.75872802734375
0.580810546875
0.0
0.0
0.0
0.69671630859375
0.730224609375
0.71051025390625
0.5888671875
0.63623046875
0.70428466796875
0.8304443359375
0.66009521484375
0.0
0.0
0.63092041015625
0.68157958984375
0.73486328125
0.55828857421875
0.5716552734375
0.6578369140625
0.61572265625
0.53607177734375
0.69580078125
0.80694580078125
0.6534423828125
0.69366455078125
0.63092041015625
0.0
0.0
0.58538818359375
0.56103515625
0.460205078125
0.0
0.62841796875
0.62451171875
0.54998779296875
0.70928955078125
0.61676025390625
0.6256103515625
0.6922607421875
0.59539794921875
0.5977783203125
0.64727783203125
0.56591796875
0.6839599609375
0.56817626953125
0.52734375
0.70184326171875
0.572021484375
0.0
0.0
0.0
0.0
0.75518798828125
0.50897216796875
0.553466796875
0.64093017578125
0.6341552734375
0.0
0.7091064453125
0.649658203125
0.5814208984375
0.6748046875
0.56591796875
0.59967041015625
0.42742919921875
0.601806640625
0.63323974609375
0.47027587890625
0.81976318359375
0.655029296875
0.6240234375
0.0
0.0
0.57965087890625
0.62646484375
0.60284423828125
0.71728515625
0.593505859375
0.80224609375
0.57427978515625
0.0
0.0
0.0
0.75714111328125
0.51531982421875
0.61578369140625
0.6094970703125
0.57904052734375
