1.0731201171875
1.0731201171875
1.0731201171875
1.0421142578125
1.0670166015625
1.150146484375
1.07135009765625
1.07598876953125
1.17626953125
1.1910400390625
1.328369140625
1.10601806640625
1.15924072265625
1.1326904296875
1.12054443359375
1.330810546875
1.3922119140625
1.200439453125
1.17718505859375
1.1971435546875
1.102783203125
1.1224365234375
1.1026611328125
0.98114013671875
1.06976318359375
1.2744140625
1.03619384765625
1.174560546875
1.12744140625
1.20501708984375
1.33294677734375
1.27020263671875
0.99017333984375
1.1839599609375
1.0484619140625
1.25274658203125
0.994873046875
1.12054443359375
1.17657470703125
1.0521240234375
1.12469482421875
1.13958740234375
1.31866455078125
1.0531005859375
1.17144775390625
1.26458740234375
1.34442138671875
1.1494140625
1.1455078125
1.133056640625
1.1328125
1.04669189453125
1.24169921875
1.07623291015625
1.13665771484375
1.09967041015625
1.13385009765625
1.15020751953125
1.06329345703125
1.0999755859375
1.31158447265625
1.046630859375
1.3238525390625
1.079833984375
1.1827392578125
1.18170166015625
1.1865234375
1.28326416015625
1.1943359375
1.26800537109375
1.249755859375
1.221923828125
1.46502685546875
1.13507080078125
1.158447265625
1.18304443359375
1.22021484375
1.1201171875
1.16571044921875
1.21826171875
1.27105712890625
1.2293701171875
1.2366943359375
1.29156494140625
1.20916748046875
1.28424072265625
1.1968994140625
1.37542724609375
1.31414794921875
1.243408203125
1.18304443359375
1.34625244140625
1.154296875
1.02691650390625
1.0714111328125
0.9678955078125
1.07061767578125
1.04010009765625
1.1422119140625
1.01275634765625
1.08392333984375
1.18780517578125
0.921142578125
1.179931640625
1.14837646484375
1.270751953125
1.07366943359375
1.27716064453125
1.0821533203125
1.24810791015625
1.30194091796875
1.20721435546875
1.2156982421875
1.1593017578125
1.32122802734375
1.25933837890625
1.25567626953125
1.0299072265625
1.12274169921875
1.262451171875
1.24072265625
1.09588623046875
0.92138671875
1.13739013671875
1.0704345703125
1.12103271484375
1.08282470703125
1.295166015625
1.1376953125
1.09381103515625
1.1168212890625
1.03778076171875
1.26171875
1.07781982421875
1.06829833984375
1.18133544921875
1.09674072265625
1.16864013671875
1.12628173828125
1.07012939453125
1.3160400390625
1.19598388671875
1.156005859375
1.0283203125
1.16180419921875
1.15478515625
1.171142578125
1.25848388671875
1.27166748046875
1.10125732421875
1.29266357421875
1.302734375
1.289794921875
1.0810546875
1.01141357421875
0.978759765625
1.04730224609375
1.26458740234375
1.19610595703125
1.18743896484375
1.19671630859375
1.03546142578125
1.328125
1.25848388671875
1.1014404296875
1.19207763671875
1.17510986328125
0.98486328125
1.27899169921875
1.12213134765625
1.121337890625
1.19049072265625
1.13824462890625
1.2066650390625
1.117919921875
1.2362060546875
1.2769775390625
1.2520751953125
1.11346435546875
1.10992431640625
1.30126953125
1.1590576171875
1.303955078125
1.20050048828125
1.13818359375
1.19464111328125
1.0206298828125
1.1912841796875
1.1240234375
1.11773681640625
1.3173828125
1.08758544921875
1.0958251953125
1.1219482421875
1.1995849609375
1.16351318359375
1.1539306640625
1.2056884765625
1.30328369140625
0.89306640625
0.95159912109375
1.11175537109375
1.14923095703125
1.015869140625
1.23388671875
1.2088623046875
1.19781494140625
1.0958251953125
1.15826416015625
0.93572998046875
1.2884521484375
1.2930908203125
1.0650634765625
1.05352783203125
1.3509521484375
1.1787109375
0.92401123046875
1.33941650390625
1.21099853515625
1.06976318359375
1.1783447265625
0.9449462890625
1.2955322265625
1.2171630859375
1.08197021484375
1.11224365234375
1.13116455078125
1.09613037109375
1.1702880859375
1.17523193359375
1.18756103515625
1.22393798828125
1.10693359375
1.1707763671875
1.2003173828125
1.15289306640625
0.9302978515625
1.1478271484375
1.16534423828125
1.29443359375
1.30072021484375
1.2108154296875
1.13262939453125
1.01177978515625
1.117919921875
1.10247802734375
1.14031982421875
1.0390625
1.18792724609375
1.24853515625
1.33941650390625
1.188232421875
1.22003173828125
1.14508056640625
1.2330322265625
1.265625
0.99578857421875
1.12823486328125
0.99346923828125
1.1483154296875
1.0692138671875
1.09747314453125
1.08447265625
1.12969970703125
1.02557373046875
1.35943603515625
1.11700439453125
1.01971435546875
1.27288818359375
1.072998046875
1.22845458984375
1.13677978515625
1.265625
1.14337158203125
1.33953857421875
1.39044189453125
1.20245361328125
1.2177734375
1.17041015625
1.08721923828125
1.1663818359375
0.956298828125
1.22052001953125
1.23944091796875
0.95526123046875
1.12158203125
1.1781005859375
1.33135986328125
1.0667724609375
1.07073974609375
1.0911865234375
1.091796875
1.01812744140625
1.11773681640625
1.12139892578125
0.9996337890625
1.09765625
1.304931640625
1.095703125
1.206298828125
1.26025390625
1.00543212890625
1.21478271484375
0.97607421875
1.2386474609375
1.20025634765625
1.22808837890625
1.1656494140625
1.21978759765625
1.09912109375
1.083984375
0.94244384765625
1.137451171875
1.2052001953125
1.07098388671875
1.24114990234375
1.0882568359375
0.89520263671875
1.02825927734375
1.0771484375
1.17730712890625
1.2236328125
1.0201416015625
1.1141357421875
1.22698974609375
1.1729736328125
1.10394287109375
1.04046630859375
1.07073974609375
1.20281982421875
1.13397216796875
1.0391845703125
1.23858642578125
1.158447265625
1.19415283203125
0.9327392578125
1.15960693359375
1.10589599609375
1.1766357421875
1.0330810546875
0.9666748046875
1.07440185546875
1.1116943359375
1.1402587890625
1.10552978515625
1.0653076171875
1.01348876953125
1.328857421875
1.19842529296875
1.09033203125
1.25238037109375
1.1474609375
1.2578125
1.0843505859375
1.13714599609375
1.16583251953125
1.10406494140625
1.25701904296875
1.1549072265625
1.00634765625
1.34417724609375
1.18939208984375
1.09918212890625
1.15899658203125
1.1494140625
1.279296875
1.2244873046875
1.32806396484375
1.19842529296875
1.18731689453125
1.24420166015625
1.14239501953125
1.0745849609375
1.23248291015625
1.19805908203125
1.28228759765625
1.19488525390625
1.2200927734375
1.29083251953125
1.09112548828125
1.190185546875
1.232177734375
1.17327880859375
1.1912841796875
1.1685791015625
1.24932861328125
1.1175537109375
1.0489501953125
1.142822265625
1.28729248046875
1.22613525390625
1.0826416015625
1.131591796875
1.2200927734375
1.22894287109375
1.28338623046875
1.20672607421875
1.10107421875
1.072509765625
1.155517578125
1.0340576171875
1.20458984375
1.01751708984375
1.12591552734375
1.08636474609375
1.21954345703125
0.9920654296875
1.15850830078125
1.1162109375
1.02386474609375
1.01116943359375
1.2913818359375
1.1422119140625
1.134521484375
1.12896728515625
1.1265869140625
1.14825439453125
1.21673583984375
1.2423095703125
1.22412109375
1.23046875
1.1724853515625
1.17340087890625
1.26806640625
1.21466064453125
1.280029296875
1.14947509765625
1.13702392578125
1.08782958984375
1.06787109375
1.13104248046875
1.18414306640625
1.27862548828125
1.27911376953125
1.4058837890625
1.16217041015625
1.19122314453125
1.2568359375
1.1407470703125
1.228759765625
1.085693359375
1.26568603515625
1.303955078125
1.20379638671875
1.28021240234375
1.16998291015625
1.1717529296875
1.24127197265625
1.1024169921875
1.1051025390625
1.18115234375
1.130859375
1.1343994140625
1.2550048828125
1.187255859375
1.20684814453125
1.22802734375
1.182373046875
1.11077880859375
1.2596435546875
1.20819091796875
1.17578125
1.0665283203125
1.1669921875
1.094482421875
1.2864990234375
1.20916748046875
1.16973876953125
1.17364501953125
1.16015625
1.1558837890625
1.18463134765625
1.08453369140625
1.05535888671875
1.18695068359375
1.15985107421875
1.10430908203125
1.00372314453125
1.0462646484375
1.07635498046875
1.32037353515625
1.3245849609375
1.1558837890625
1.273193359375
1.247314453125
1.14642333984375
1.18121337890625
1.06890869140625
1.13336181640625
1.2042236328125
1.29351806640625
1.2537841796875
1.215087890625
1.25933837890625
1.1617431640625
1.04345703125
1.19976806640625
1.17340087890625
1.11102294921875
1.175048828125
1.4180908203125
1.06292724609375
1.07000732421875
1.09759521484375
1.26708984375
1.197021484375
1.11956787109375
1.13604736328125
1.17919921875
1.25830078125
1.3128662109375
1.220947265625
1.24951171875
1.2166748046875
1.216064453125
0.98370361328125
1.132080078125
1.3062744140625
1.1845703125
1.21160888671875
1.18695068359375
1.22314453125
1.418212890625
1.30572509765625
1.14434814453125
1.148193359375
1.11468505859375
1.3502197265625
0.94110107421875
1.11175537109375
1.38873291015625
0.9205322265625
1.04254150390625
1.1578369140625
0.9691162109375
1.21478271484375
1.133544921875
1.0999755859375
1.2550048828125
1.0145263671875
1.23095703125
1.0750732421875
0.9364013671875
0.99102783203125
1.3154296875
1.07318115234375
1.298095703125
1.03997802734375
0.98907470703125
1.12921142578125
1.1102294921875
1.15313720703125
1.18353271484375
1.25933837890625
1.012939453125
1.09747314453125
1.22479248046875
1.22906494140625
1.1611328125
1.16705322265625
1.17926025390625
1.10491943359375
1.2347412109375
1.091796875
1.27984619140625
1.0443115234375
1.0843505859375
1.14007568359375
1.18048095703125
1.17138671875
1.15863037109375
1.1995849609375
1.20556640625
1.23699951171875
1.00079345703125
1.21575927734375
1.20135498046875
1.11163330078125
1.01641845703125
1.3734130859375
1.14080810546875
0.91534423828125
1.0982666015625
1.1888427734375
1.1480712890625
1.2520751953125
1.03021240234375
1.26507568359375
1.112548828125
1.29327392578125
1.10955810546875
1.17047119140625
1.0604248046875
1.16064453125
1.1480712890625
1.0281982421875
1.11053466796875
1.2481689453125
1.14923095703125
1.21722412109375
1.21002197265625
1.27374267578125
1.03680419921875
1.103515625
1.083740234375
1.0955810546875
1.18377685546875
1.0806884765625
1.10107421875
1.2109375
1.16107177734375
1.2579345703125
1.25433349609375
1.03973388671875
1.095458984375
1.0498046875
1.08502197265625
1.22344970703125
1.14263916015625
1.25872802734375
1.25579833984375
1.221435546875
1.2845458984375
1.363525390625
1.1243896484375
1.0389404296875
1.25360107421875
1.18377685546875
1.133056640625
1.2698974609375
1.17498779296875
1.1072998046875
1.139892578125
1.31231689453125
1.04541015625
1.15020751953125
1.20172119140625
1.1820068359375
1.339599609375
1.25946044921875
1.163818359375
1.33282470703125
1.1201171875
0.83563232421875
1.1748046875
0.9232177734375
1.1038818359375
1.10321044921875
1.11163330078125
1.1890869140625
1.07818603515625
1.0938720703125
1.1474609375
1.16888427734375
1.04974365234375
1.17181396484375
1.10333251953125
1.07452392578125
1.12530517578125
1.22601318359375
1.01922607421875
1.065185546875
1.20391845703125
1.0626220703125
1.12451171875
1.0853271484375
1.24420166015625
1.1046142578125
1.25848388671875
1.1300048828125
1.0999755859375
1.046142578125
1.2216796875
0.9716796875
1.28680419921875
1.20904541015625
1.12933349609375
1.22174072265625
1.240234375
1.1796875
1.0821533203125
1.2698974609375
1.13006591796875
1.25628662109375
1.107177734375
1.1339111328125
1.2166748046875
1.2091064453125
1.10723876953125
1.1123046875
1.277587890625
0.94708251953125
1.0609130859375
1.03887939453125
1.2486572265625
1.279052734375
1.07861328125
1.0784912109375
1.1279296875
1.22393798828125
1.33465576171875
1.0714111328125
1.08563232421875
1.0457763671875
1.2352294921875
1.14166259765625
1.2208251953125
1.1337890625
1.087890625
1.04901123046875
1.17974853515625
1.08868408203125
1.11541748046875
0.9537353515625
1.20343017578125
1.22198486328125
1.1639404296875
0.96099853515625
1.02581787109375
1.3916015625
1.14794921875
1.15203857421875
1.1513671875
1.35272216796875
1.14959716796875
1.32958984375
0.968994140625
1.27947998046875
1.32904052734375
1.15869140625
1.10333251953125
1.34832763671875
1.19580078125
1.13116455078125
1.15252685546875
1.1898193359375
1.39501953125
1.080322265625
1.05908203125
1.16650390625
1.26104736328125
1.02880859375
1.1507568359375
1.28558349609375
1.3043212890625
1.19744873046875
1.09320068359375
1.31494140625
1.1917724609375
1.31573486328125
1.12396240234375
1.08880615234375
1.2513427734375
1.11859130859375
1.13116455078125
1.32537841796875
1.15313720703125
1.09088134765625
1.1890869140625
1.1983642578125
1.182373046875
1.07977294921875
1.27471923828125
0.9217529296875
0.925048828125
1.27618408203125
1.1357421875
1.21453857421875
1.30401611328125
1.22100830078125
1.12786865234375
1.17523193359375
1.26123046875
1.2457275390625
1.245849609375
1.203369140625
1.26959228515625
1.24932861328125
1.2257080078125
1.122802734375
1.23663330078125
1.2757568359375
1.0994873046875
1.16064453125
1.02032470703125
1.126953125
1.062744140625
1.0494384765625
1.29241943359375
1.1778564453125
1.16741943359375
1.24444580078125
1.16168212890625
1.09759521484375
1.173583984375
1.2974853515625
1.20501708984375
1.1668701171875
1.0386962890625
1.142333984375
1.1617431640625
1.162841796875
1.07830810546875
1.09820556640625
1.103271484375
1.19305419921875
1.31243896484375
1.1466064453125
1.33453369140625
1.1763916015625
1.09381103515625
1.13671875
1.13031005859375
1.10955810546875
1.04071044921875
1.09124755859375
1.1915283203125
1.16534423828125
1.21173095703125
1.20697021484375
1.1304931640625
1.3018798828125
1.09539794921875
1.08740234375
1.2861328125
1.11016845703125
1.07958984375
1.31402587890625
1.1378173828125
1.107421875
1.2213134765625
1.3338623046875
1.101318359375
1.0496826171875
1.1055908203125
1.0255126953125
1.23870849609375
1.17034912109375
1.11376953125
1.03375244140625
1.10784912109375
1.23822021484375
1.05108642578125
1.1424560546875
1.066162109375
1.0511474609375
1.1396484375
1.20709228515625
1.13037109375
1.21453857421875
1.2655029296875
1.09149169921875
1.1046142578125
1.28363037109375
1.09033203125
1.1932373046875
1.03448486328125
0.9915771484375
1.08013916015625
1.1456298828125
1.12506103515625
1.23895263671875
1.20672607421875
1.05950927734375
1.22601318359375
0.98101806640625
1.2373046875
1.26690673828125
1.07305908203125
1.12774658203125
0.9898681640625
1.28741455078125
1.0235595703125
1.16534423828125
1.04974365234375
1.19122314453125
1.125732421875
1.17840576171875
1.0093994140625
1.07049560546875
1.13720703125
1.17547607421875
1.015625
1.10491943359375
1.23040771484375
1.18585205078125
1.08917236328125
1.06695556640625
1.24993896484375
1.08563232421875
1.1177978515625
1.15936279296875
1.14581298828125
1.2747802734375
0.9781494140625
1.09332275390625
1.1585693359375
1.12506103515625
1.3768310546875
1.24871826171875
1.36212158203125
1.027587890625
1.19305419921875
1.12933349609375
1.0538330078125
1.1419677734375
1.22393798828125
1.33428955078125
1.2303466796875
1.17413330078125
1.09576416015625
1.11212158203125
1.2783203125
1.2078857421875
1.153564453125
1.11474609375
1.1290283203125
1.2490234375
1.29046630859375
1.04486083984375
1.07647705078125
1.26202392578125
1.120849609375
1.093017578125
1.1527099609375
1.0533447265625
1.02008056640625
1.173583984375
1.19830322265625
1.14569091796875
1.14996337890625
1.15484619140625
1.2659912109375
1.0909423828125
1.200439453125
1.10357666015625
0.9097900390625
1.32818603515625
1.070068359375
1.2432861328125
1.1558837890625
1.10821533203125
1.162109375
1.21551513671875
1.16204833984375
1.12274169921875
1.302734375
1.2318115234375
1.19635009765625
1.19287109375
1.18316650390625
1.2274169921875
1.2625732421875
1.30645751953125
0.99090576171875
1.2406005859375
1.1529541015625
1.1248779296875
1.1822509765625
1.0694580078125
0.96807861328125
1.13555908203125
1.19940185546875
1.29925537109375
1.22705078125
1.35040283203125
1.220458984375
1.0230712890625
1.064697265625
1.2001953125
1.13812255859375
1.284912109375
1.015625
1.09918212890625
1.2352294921875
1.16497802734375
0.992919921875
1.20867919921875
1.24237060546875
1.0872802734375
0.98968505859375
1.28326416015625
1.08697509765625
1.1334228515625
1.16290283203125
1.177978515625
1.31219482421875
1.299560546875
1.369140625
0.92718505859375
1.32720947265625
1.0360107421875
1.300048828125
1.28399658203125
1.0595703125
1.20751953125
1.13714599609375
1.2757568359375
1.1968994140625
1.101806640625
