0.0
1.0501708984375
1.0501708984375
1.1119384765625
1.2237548828125
1.21673583984375
1.144775390625
1.25885009765625
1.233154296875
1.26885986328125
1.053466796875
0.0
0.0
1.09417724609375
1.094482421875
1.11822509765625
1.08221435546875
1.1314697265625
1.1639404296875
0.0
0.0
0.95428466796875
1.19927978515625
0.96295166015625
1.2264404296875
1.2760009765625
1.02154541015625
1.28070068359375
1.17535400390625
1.03167724609375
1.25067138671875
0.0
1.3431396484375
1.15728759765625
1.05841064453125
1.12408447265625
1.11859130859375
1.0704345703125
0.0
0.0
1.024658203125
1.28411865234375
1.06365966796875
1.0379638671875
1.2125244140625
1.22735595703125
1.1036376953125
1.18157958984375
0.0
0.0
1.1220703125
1.25909423828125
1.27288818359375
1.20684814453125
1.17724609375
1.0218505859375
0.0
0.0
0.0
0.0
1.12322998046875
0.9927978515625
1.24395751953125
1.08758544921875
1.27008056640625
1.12799072265625
1.02862548828125
0.0
0.0
1.054443359375
1.0894775390625
1.17529296875
1.0826416015625
1.17401123046875
1.2242431640625
1.1463623046875
1.06768798828125
1.20001220703125
1.0926513671875
1.23114013671875
1.0760498046875
1.267578125
0.94677734375
1.1168212890625
1.244384765625
1.19378662109375
1.1048583984375
1.1962890625
1.43621826171875
1.15966796875
1.19952392578125
1.29486083984375
1.10638427734375
1.24456787109375
1.15264892578125
1.20037841796875
0.0
1.22271728515625
1.0283203125
1.140625
1.275390625
1.1986083984375
1.10003662109375
1.126708984375
1.114990234375
1.13214111328125
0.9656982421875
0.0
1.19805908203125
1.0203857421875
1.25775146484375
1.1019287109375
1.16748046875
1.21337890625
1.22283935546875
1.27691650390625
0.0
1.23663330078125
1.21240234375
0.97735595703125
1.1917724609375
1.20416259765625
1.091796875
1.15869140625
1.23712158203125
1.2581787109375
0.0
1.24591064453125
1.1873779296875
1.0184326171875
0.0
1.25738525390625
0.94439697265625
1.0960693359375
0.0
1.21673583984375
1.0216064453125
1.046875
1.09716796875
1.17755126953125
1.19921875
1.13140869140625
1.13250732421875
1.11920166015625
1.20208740234375
1.1104736328125
0.0
0.0
0.0
1.18878173828125
1.22344970703125
1.1334228515625
1.11065673828125
1.1405029296875
1.08245849609375
1.1903076171875
1.165771484375
1.19140625
1.06219482421875
1.065673828125
1.09222412109375
1.16168212890625
1.16717529296875
1.2027587890625
1.21875
1.015869140625
0.0
0.0
1.18914794921875
1.1773681640625
1.2208251953125
0.0
0.0
1.23712158203125
1.16705322265625
1.380126953125
1.06390380859375
1.1583251953125
1.228515625
1.147216796875
1.09979248046875
1.19390869140625
1.1500244140625
0.0
0.0
0.0
1.15008544921875
1.08062744140625
1.23529052734375
1.207275390625
1.08270263671875
1.08453369140625
0.0
0.0
0.0
1.025146484375
1.11669921875
1.1650390625
1.11309814453125
1.11077880859375
1.333984375
1.20037841796875
1.220947265625
1.22064208984375
1.15777587890625
1.22064208984375
1.0755615234375
1.00921630859375
1.26422119140625
1.16375732421875
1.14788818359375
1.15631103515625
0.0
0.0
1.02197265625
1.344970703125
1.1253662109375
1.1905517578125
0.8892822265625
1.15374755859375
0.997314453125
1.1341552734375
0.0
0.0
0.0
1.10992431640625
0.99139404296875
1.28228759765625
1.03875732421875
0.98040771484375
1.1065673828125
1.11090087890625
0.96612548828125
0.9482421875
1.02447509765625
1.078857421875
1.23529052734375
1.13348388671875
0.0
0.0
1.18377685546875
1.2139892578125
1.1016845703125
1.01312255859375
1.1053466796875
1.01885986328125
1.2025146484375
0.0
1.11212158203125
1.39068603515625
1.01806640625
1.08123779296875
0.972412109375
0.0
0.0
1.076904296875
1.126953125
1.20648193359375
1.1065673828125
1.0257568359375
1.062255859375
1.08642578125
1.07354736328125
0.0
0.0
0.0
0.0
0.0
1.145751953125
1.18975830078125
1.2200927734375
1.0164794921875
0.999755859375
1.09490966796875
1.10546875
1.1749267578125
0.0
0.0
1.18048095703125
1.28302001953125
1.1297607421875
1.15057373046875
0.0
0.0
0.0
1.18902587890625
1.0638427734375
1.05218505859375
0.0
0.0
0.0
0.0
1.20770263671875
1.22198486328125
1.08734130859375
0.0
0.0
1.11651611328125
1.26513671875
1.14788818359375
1.052490234375
1.26959228515625
1.14013671875
1.0869140625
1.128662109375
0.0
0.0
0.0
1.21087646484375
1.1617431640625
1.1932373046875
1.21343994140625
1.20892333984375
1.30517578125
1.23211669921875
1.16241455078125
0.0
1.18695068359375
0.9095458984375
0.9771728515625
1.13421630859375
1.05255126953125
1.119384765625
1.1717529296875
0.0
1.3182373046875
1.24267578125
1.09393310546875
1.0753173828125
0.0
0.0
1.10595703125
1.29229736328125
1.00335693359375
1.15386962890625
1.1673583984375
1.1185302734375
0.99273681640625
1.05474853515625
1.10980224609375
1.1375732421875
1.04949951171875
1.07550048828125
0.0
1.14508056640625
1.10015869140625
1.1329345703125
1.2799072265625
1.1405029296875
0.99114990234375
0.9837646484375
1.1119384765625
1.1776123046875
1.0609130859375
1.1392822265625
1.27130126953125
1.1898193359375
1.0274658203125
1.21685791015625
0.9481201171875
1.23724365234375
1.05023193359375
1.0877685546875
0.0
1.2247314453125
1.09100341796875
0.95977783203125
1.19061279296875
1.134521484375
1.16827392578125
1.34210205078125
1.15802001953125
1.07745361328125
0.9683837890625
1.186279296875
1.12255859375
0.0
0.0
1.180419921875
1.12213134765625
1.0491943359375
1.0111083984375
1.11651611328125
0.0
0.0
1.3079833984375
1.12060546875
1.27471923828125
1.16552734375
1.32037353515625
0.9080810546875
1.16680908203125
1.19329833984375
0.0
0.0
1.27056884765625
1.16339111328125
1.17608642578125
1.1307373046875
1.197998046875
0.0
0.0
0.0
0.0
1.13323974609375
1.2867431640625
1.09625244140625
1.12969970703125
1.06640625
1.11236572265625
1.0205078125
1.13824462890625
0.0
0.0
0.0
1.09954833984375
1.14459228515625
1.01434326171875
1.2161865234375
1.11871337890625
1.07574462890625
0.0
0.0
1.23236083984375
1.06866455078125
1.16668701171875
1.06805419921875
1.20269775390625
1.0052490234375
1.16925048828125
1.31549072265625
1.1846923828125
1.17047119140625
1.06939697265625
0.0
1.05633544921875
1.1453857421875
1.04644775390625
1.37493896484375
1.11590576171875
1.038818359375
1.15936279296875
1.1595458984375
1.079833984375
1.035888671875
0.0
0.0
0.0
1.22833251953125
1.1402587890625
1.30218505859375
0.99713134765625
1.19830322265625
1.26177978515625
1.12493896484375
1.15533447265625
1.1422119140625
1.042236328125
1.2626953125
1.01861572265625
1.0853271484375
1.268310546875
1.231201171875
1.3565673828125
1.1053466796875
0.0
1.04705810546875
1.1365966796875
1.0050048828125
1.1859130859375
0.95172119140625
1.20660400390625
1.25274658203125
0.0
1.19854736328125
1.1893310546875
1.27178955078125
1.1859130859375
1.11376953125
1.1602783203125
0.0
1.15185546875
1.1419677734375
1.28045654296875
1.26153564453125
1.1497802734375
1.26580810546875
1.04376220703125
1.07080078125
0.0
0.0
0.0
1.0992431640625
1.0396728515625
1.19146728515625
1.06243896484375
0.0
0.0
1.32757568359375
1.115966796875
1.153076171875
1.03515625
0.9608154296875
0.0
0.0
1.18115234375
1.00347900390625
1.09112548828125
1.053466796875
0.928955078125
1.05450439453125
0.9693603515625
1.160888671875
0.0
1.10113525390625
1.09368896484375
1.024169921875
1.2147216796875
1.074462890625
0.95245361328125
1.25250244140625
0.0
0.0
1.00543212890625
1.1827392578125
1.17315673828125
0.0
1.27374267578125
1.22784423828125
1.2269287109375
1.16943359375
1.1259765625
1.1282958984375
0.0
1.3358154296875
1.12835693359375
1.2923583984375
1.25836181640625
1.22698974609375
1.22174072265625
1.2802734375
1.1192626953125
0.0
0.0
1.0760498046875
1.1500244140625
1.0911865234375
1.375244140625
1.086669921875
1.0728759765625
0.95660400390625
1.0455322265625
1.186279296875
1.21209716796875
1.00177001953125
1.17559814453125
1.11578369140625
1.2760009765625
1.1092529296875
1.17437744140625
0.0
0.0
1.10406494140625
1.14532470703125
1.1021728515625
1.08697509765625
1.0987548828125
1.18035888671875
1.1390380859375
0.0
1.142333984375
1.2271728515625
1.25213623046875
0.0
1.032958984375
1.0928955078125
1.01153564453125
1.17840576171875
0.94708251953125
1.2645263671875
1.118408203125
1.0726318359375
0.0
0.0
0.99981689453125
1.15838623046875
1.153564453125
1.04730224609375
0.0
1.13519287109375
1.3896484375
1.20062255859375
1.122802734375
1.1058349609375
1.127685546875
1.17388916015625
1.0806884765625
1.3017578125
0.0
1.06884765625
1.303955078125
1.2109375
1.24053955078125
1.1368408203125
1.32696533203125
0.0
1.2877197265625
1.1715087890625
1.090087890625
1.292236328125
1.29986572265625
1.079345703125
0.0
0.0
1.034912109375
0.91558837890625
1.07830810546875
1.0460205078125
1.10333251953125
0.0
1.05084228515625
1.21221923828125
0.0
0.0
0.0
1.00299072265625
1.16339111328125
1.15130615234375
1.259521484375
1.15362548828125
1.2745361328125
1.1552734375
0.0
1.0797119140625
1.23272705078125
1.10504150390625
1.07611083984375
1.1072998046875
1.19989013671875
1.1654052734375
1.14544677734375
0.0
0.0
0.0
1.26495361328125
1.10089111328125
1.26416015625
1.12652587890625
1.123046875
1.0408935546875
1.20672607421875
0.0
0.0
1.1390380859375
1.2186279296875
1.10992431640625
0.881591796875
1.19329833984375
1.1636962890625
1.19921875
1.15667724609375
1.07476806640625
1.03057861328125
0.0
0.0
1.1478271484375
1.23370361328125
1.11578369140625
1.2862548828125
1.0577392578125
1.15753173828125
1.23919677734375
1.16064453125
1.09521484375
1.37432861328125
1.05499267578125
1.3525390625
1.326416015625
0.0
1.23443603515625
1.3433837890625
1.07635498046875
1.1268310546875
1.16302490234375
0.0
0.0
1.27410888671875
1.11334228515625
1.03564453125
1.25543212890625
1.13140869140625
0.0
1.080322265625
1.15924072265625
1.0628662109375
1.1209716796875
1.22662353515625
1.1177978515625
1.176513671875
1.26641845703125
0.0
0.0
1.16961669921875
1.0072021484375
1.2083740234375
1.19586181640625
1.13934326171875
1.08917236328125
1.193603515625
1.12518310546875
1.1771240234375
0.0
1.17388916015625
1.098876953125
1.0889892578125
1.2662353515625
1.09564208984375
1.1717529296875
0.0
1.07769775390625
1.232421875
1.18792724609375
1.11676025390625
1.09979248046875
1.08245849609375
1.04364013671875
1.2806396484375
1.13482666015625
0.87982177734375
1.22625732421875
1.1046142578125
0.98590087890625
1.25164794921875
0.0
1.32965087890625
1.17413330078125
1.1185302734375
1.24310302734375
0.0
1.18121337890625
1.1336669921875
1.33355712890625
0.0
0.91827392578125
1.1641845703125
1.14080810546875
1.30816650390625
1.087158203125
0.0
1.07568359375
1.19927978515625
1.1297607421875
1.11431884765625
1.28814697265625
0.0
0.0
1.2235107421875
1.14093017578125
1.35882568359375
1.1861572265625
1.067626953125
1.26123046875
1.116455078125
1.23175048828125
1.328369140625
0.0
0.0
1.15484619140625
1.2635498046875
1.07708740234375
1.1214599609375
1.05291748046875
1.30767822265625
1.09307861328125
1.15399169921875
1.04730224609375
0.0
0.0
1.13909912109375
1.1707763671875
1.11322021484375
1.17071533203125
1.15313720703125
1.063720703125
1.1168212890625
1.20269775390625
0.0
1.23321533203125
1.0684814453125
1.13848876953125
1.17791748046875
1.03936767578125
1.1251220703125
1.29693603515625
1.3038330078125
1.16558837890625
1.0872802734375
1.24615478515625
1.1080322265625
0.98614501953125
0.0
0.0
1.032470703125
1.162841796875
1.1513671875
1.22705078125
1.11474609375
1.12933349609375
0.0
0.0
0.95440673828125
1.135009765625
1.13446044921875
1.0909423828125
1.23529052734375
1.08831787109375
1.16168212890625
1.2347412109375
0.0
1.09625244140625
1.0855712890625
1.1890869140625
1.0830078125
1.159423828125
1.00079345703125
1.08941650390625
1.15606689453125
1.2176513671875
1.240234375
0.9986572265625
1.1373291015625
1.14056396484375
1.08184814453125
0.0
0.0
1.08148193359375
1.04595947265625
1.00555419921875
1.1451416015625
0.0
1.19158935546875
1.17034912109375
1.322021484375
1.0987548828125
1.15264892578125
1.13616943359375
0.0
0.0
1.25079345703125
1.11810302734375
1.31011962890625
1.18603515625
1.10870361328125
1.1201171875
1.06768798828125
0.0
1.1197509765625
1.1309814453125
1.22393798828125
1.033203125
1.15057373046875
1.0904541015625
1.19952392578125
1.1849365234375
1.050048828125
1.2254638671875
1.0374755859375
0.0
1.15692138671875
1.17578125
1.357421875
1.21923828125
1.1563720703125
1.08941650390625
1.1016845703125
1.1295166015625
1.26873779296875
1.23944091796875
1.0130615234375
1.21478271484375
0.99493408203125
1.078125
1.03094482421875
1.0882568359375
1.1619873046875
1.186279296875
1.2708740234375
1.0736083984375
1.0413818359375
1.04034423828125
1.0438232421875
1.1982421875
1.131103515625
1.15185546875
1.11920166015625
1.26568603515625
0.0
0.0
0.0
1.12713623046875
1.01904296875
1.03741455078125
1.10400390625
1.31396484375
1.29595947265625
1.1409912109375
1.08746337890625
1.3743896484375
1.31494140625
1.213623046875
1.0272216796875
0.0
0.0
0.0
1.315673828125
1.1649169921875
1.353271484375
1.1580810546875
1.04022216796875
1.1456298828125
1.34942626953125
1.26904296875
0.0
0.0
1.21307373046875
1.1370849609375
1.2869873046875
1.06298828125
1.09808349609375
1.211669921875
1.1285400390625
1.1260986328125
1.13238525390625
1.33966064453125
1.2894287109375
1.12847900390625
1.0228271484375
0.0
0.0
1.05926513671875
1.09967041015625
0.904296875
0.0
1.07342529296875
1.12408447265625
1.0675048828125
1.2760009765625
1.282470703125
1.05059814453125
1.13226318359375
1.21160888671875
1.1357421875
1.12786865234375
1.06463623046875
1.1837158203125
1.04833984375
1.07916259765625
1.20465087890625
1.1666259765625
0.0
0.0
0.0
0.0
1.24334716796875
1.01434326171875
1.0108642578125
1.086669921875
1.03857421875
0.0
1.07568359375
1.05609130859375
1.1038818359375
1.1053466796875
1.1502685546875
1.08660888671875
0.99481201171875
1.20166015625
1.12567138671875
1.062255859375
1.3271484375
1.04205322265625
1.0604248046875
0.0
0.0
1.0904541015625
1.16522216796875
1.1383056640625
1.18133544921875
1.19573974609375
1.3095703125
1.11016845703125
0.0
0.0
0.0
1.14825439453125
1.0894775390625
1.04779052734375
1.0804443359375
1.17132568359375
