0.65496826171875
0.65496826171875
0.65496826171875
0.65496826171875
0.6285400390625
0.754638671875
0.72369384765625
0.59979248046875
0.77197265625
0.73431396484375
0.65673828125
0.68212890625
0.859619140625
0.822021484375
0.63067626953125
0.79595947265625
0.73211669921875
0.75677490234375
0.0
0.689697265625
0.65374755859375
0.75323486328125
0.67755126953125
0.72186279296875
0.0
0.0
0.0
0.0
0.0
0.69805908203125
0.7713623046875
0.69012451171875
0.0
0.0
0.75103759765625
0.5447998046875
0.5128173828125
0.6944580078125
0.0
0.0
0.71038818359375
0.57421875
0.63836669921875
0.825439453125
0.7548828125
0.0
0.0
0.784912109375
0.89471435546875
0.71282958984375
0.66546630859375
0.0
0.8057861328125
0.6729736328125
0.61846923828125
0.639892578125
0.55950927734375
0.7393798828125
0.0
0.932861328125
0.603759765625
0.77703857421875
0.86480712890625
0.69415283203125
0.77471923828125
0.7010498046875
0.792724609375
0.5860595703125
0.5682373046875
0.0
0.0
0.7198486328125
0.66607666015625
0.79833984375
0.6175537109375
0.65875244140625
0.8438720703125
0.681884765625
0.75128173828125
0.67620849609375
0.7171630859375
0.76031494140625
0.0
0.0
0.651123046875
0.8624267578125
0.90545654296875
0.67498779296875
0.5272216796875
0.51129150390625
0.6156005859375
0.6802978515625
0.7525634765625
0.60845947265625
0.79443359375
0.7088623046875
0.59747314453125
0.64593505859375
0.0
0.0
0.7760009765625
0.7607421875
0.63421630859375
0.60919189453125
0.60260009765625
0.72589111328125
0.0
0.71514892578125
0.638427734375
0.7691650390625
0.822021484375
0.67047119140625
0.80718994140625
0.723876953125
0.63031005859375
0.69207763671875
0.61053466796875
0.72882080078125
0.66961669921875
0.80413818359375
0.84375
0.60516357421875
0.64971923828125
0.0
0.0
0.721435546875
0.636962890625
0.625732421875
0.0
0.71588134765625
0.499267578125
0.6627197265625
0.785888671875
0.72723388671875
0.69635009765625
0.76300048828125
0.55621337890625
0.85260009765625
0.0
0.0
0.0
0.7596435546875
0.5572509765625
0.68603515625
0.80523681640625
0.56463623046875
0.7137451171875
0.63812255859375
0.84039306640625
0.72344970703125
0.55230712890625
0.0
0.0
0.0
0.0
0.77001953125
0.77264404296875
0.643310546875
0.6632080078125
0.70977783203125
0.6480712890625
0.61309814453125
0.66705322265625
0.6712646484375
0.0
0.92755126953125
0.57220458984375
0.6234130859375
0.6839599609375
0.58013916015625
0.656494140625
0.73095703125
0.73681640625
0.0
0.55267333984375
0.52435302734375
0.70318603515625
0.5240478515625
0.78729248046875
0.6151123046875
0.6212158203125
0.62030029296875
0.650390625
0.7003173828125
0.0
0.0
0.6380615234375
0.755859375
0.0
0.84991455078125
0.7337646484375
0.70135498046875
0.69097900390625
0.78631591796875
0.663818359375
0.627685546875
0.67608642578125
0.7996826171875
0.72021484375
0.6884765625
0.69720458984375
0.71551513671875
0.76422119140625
0.62188720703125
0.58282470703125
0.60650634765625
0.7230224609375
0.62286376953125
0.0
0.0
0.77569580078125
0.66790771484375
0.708984375
0.64434814453125
0.0
0.0
0.82696533203125
0.6849365234375
0.64727783203125
0.69024658203125
0.687744140625
0.79296875
0.78509521484375
0.89141845703125
0.0
0.72222900390625
0.635009765625
0.846435546875
0.57550048828125
0.8446044921875
0.67340087890625
0.5498046875
0.756591796875
0.56817626953125
0.80230712890625
0.96044921875
0.67877197265625
0.747314453125
0.8294677734375
0.6763916015625
0.67791748046875
0.816162109375
0.73431396484375
0.72235107421875
0.66156005859375
0.76434326171875
0.701171875
1.0904541015625
0.6324462890625
0.57940673828125
0.67852783203125
0.48345947265625
0.70880126953125
0.72589111328125
0.8885498046875
0.68658447265625
0.65142822265625
0.82073974609375
0.53338623046875
0.716796875
0.588623046875
0.71124267578125
0.701171875
0.62664794921875
0.75201416015625
0.6947021484375
0.75347900390625
0.68939208984375
0.75347900390625
0.87750244140625
0.67169189453125
0.70440673828125
0.82977294921875
0.7296142578125
0.490478515625
0.697021484375
0.68988037109375
0.74761962890625
0.6751708984375
0.82391357421875
0.679931640625
0.9017333984375
0.79107666015625
0.730224609375
0.75079345703125
0.650634765625
0.0
0.0
0.6424560546875
0.58880615234375
0.66241455078125
0.7125244140625
0.7874755859375
0.71539306640625
0.593017578125
0.827880859375
0.77874755859375
0.73870849609375
0.79254150390625
0.736083984375
0.0
0.74920654296875
0.86083984375
0.82745361328125
0.73419189453125
0.65765380859375
0.62762451171875
0.676025390625
0.53021240234375
0.0
0.0
0.0
0.72332763671875
0.6805419921875
0.61767578125
0.77471923828125
0.684326171875
0.59130859375
0.0
0.0
0.67279052734375
0.68597412109375
0.832763671875
0.58856201171875
0.0
0.0
0.0
0.0
0.0
0.0
0.594970703125
0.82489013671875
0.71661376953125
0.63330078125
0.6622314453125
0.7686767578125
0.63531494140625
0.65789794921875
0.7991943359375
0.6629638671875
0.7828369140625
0.8370361328125
0.0
0.0
0.62542724609375
0.6278076171875
0.7716064453125
0.67388916015625
0.66754150390625
0.0
0.7701416015625
0.84033203125
0.69677734375
0.81634521484375
0.6737060546875
0.7701416015625
0.74169921875
0.6937255859375
0.0
0.0
0.6510009765625
0.62420654296875
0.77325439453125
0.56817626953125
0.78692626953125
0.69580078125
0.7333984375
0.6810302734375
0.502685546875
0.80694580078125
0.63494873046875
0.0
0.0
0.56884765625
0.67828369140625
0.5501708984375
0.82965087890625
0.72509765625
0.7291259765625
0.683837890625
0.51409912109375
0.74176025390625
0.6806640625
0.0
0.878662109375
0.72381591796875
0.69854736328125
0.78546142578125
0.76611328125
0.7125244140625
0.880859375
0.81353759765625
0.660400390625
0.9002685546875
0.71441650390625
0.77374267578125
0.78009033203125
0.72149658203125
0.77978515625
0.6595458984375
0.880126953125
0.72998046875
0.641357421875
0.61798095703125
0.6923828125
0.7130126953125
0.76483154296875
0.78302001953125
0.8751220703125
0.64117431640625
0.8076171875
0.0
0.66363525390625
0.8177490234375
0.73333740234375
0.63641357421875
0.7645263671875
0.0
0.0
0.0
0.63458251953125
0.59075927734375
0.69256591796875
0.7952880859375
0.92529296875
0.6947021484375
0.88214111328125
0.6729736328125
0.76898193359375
0.96343994140625
0.0
0.79010009765625
0.65673828125
0.76458740234375
0.72003173828125
0.6761474609375
0.82965087890625
0.0
0.70147705078125
0.818115234375
0.6990966796875
0.0
0.7506103515625
0.6639404296875
0.84112548828125
0.73052978515625
0.6834716796875
0.6895751953125
0.828369140625
0.80426025390625
0.73321533203125
0.81951904296875
0.64398193359375
0.7923583984375
0.69476318359375
0.73016357421875
0.51788330078125
0.74432373046875
0.75250244140625
0.5634765625
0.0
0.72052001953125
0.5010986328125
0.75225830078125
0.6744384765625
0.6661376953125
0.85833740234375
0.707275390625
0.6722412109375
0.71044921875
0.45941162109375
0.75933837890625
0.65167236328125
0.5628662109375
0.67315673828125
0.77337646484375
0.0
0.0
0.7066650390625
0.7760009765625
0.675048828125
0.5546875
0.63330078125
0.8077392578125
0.676025390625
0.66375732421875
0.0
0.87213134765625
0.67034912109375
0.67877197265625
0.77801513671875
0.80413818359375
0.71295166015625
0.64422607421875
0.8162841796875
0.74072265625
0.64208984375
0.50372314453125
0.793212890625
0.0
0.0
0.0
0.0
0.7685546875
0.61614990234375
0.6590576171875
0.6583251953125
0.60137939453125
0.61785888671875
0.52947998046875
0.0
0.62518310546875
0.5020751953125
0.61566162109375
0.9002685546875
0.7713623046875
0.7305908203125
0.77960205078125
0.0
0.0
0.7156982421875
0.6710205078125
0.6575927734375
0.5594482421875
0.55242919921875
0.6727294921875
0.73712158203125
0.68157958984375
0.54559326171875
0.60357666015625
0.60528564453125
0.0
0.0
0.71405029296875
0.66424560546875
0.55126953125
0.64300537109375
0.6785888671875
0.0
0.79022216796875
0.627197265625
0.68499755859375
0.611572265625
0.64288330078125
0.77276611328125
0.846435546875
0.0
0.0
0.0
0.0
0.0
0.5489501953125
0.79150390625
0.0
0.53118896484375
0.66314697265625
0.0
0.87432861328125
0.65863037109375
0.5760498046875
0.885498046875
0.466552734375
0.6817626953125
0.75347900390625
0.65191650390625
0.5911865234375
0.56793212890625
0.536376953125
0.8021240234375
0.0
0.576416015625
0.75732421875
0.81365966796875
0.630126953125
0.8106689453125
0.675048828125
0.62384033203125
0.64312744140625
0.0
0.0
0.7344970703125
0.8260498046875
0.67657470703125
0.71044921875
0.679443359375
0.74371337890625
0.641357421875
0.687255859375
0.80023193359375
0.69036865234375
0.75799560546875
0.72381591796875
0.68402099609375
0.72802734375
0.0
0.756103515625
0.57586669921875
0.74505615234375
0.728515625
0.68695068359375
0.7664794921875
0.78131103515625
0.0
0.65740966796875
0.79083251953125
0.66448974609375
0.90155029296875
0.6044921875
0.0
0.73443603515625
0.7872314453125
0.76043701171875
0.66131591796875
0.77593994140625
0.0
0.0
0.0
0.0
0.0
0.77783203125
0.784423828125
0.77032470703125
0.77435302734375
0.61920166015625
0.0
0.0
0.459716796875
0.75872802734375
0.75823974609375
0.7366943359375
0.72772216796875
0.574951171875
0.67169189453125
0.6031494140625
0.0
0.68890380859375
0.64459228515625
0.55328369140625
0.83892822265625
0.67974853515625
0.74151611328125
0.64276123046875
0.0
0.77294921875
0.79290771484375
0.62164306640625
0.6324462890625
0.64129638671875
0.0
0.0
0.761962890625
0.72528076171875
0.7862548828125
0.89349365234375
0.64886474609375
0.76171875
0.0
0.0
0.70391845703125
0.6656494140625
0.70941162109375
0.7882080078125
0.8160400390625
0.6390380859375
0.7568359375
0.7275390625
0.67132568359375
0.60009765625
0.7928466796875
0.782470703125
0.8546142578125
0.0
0.7523193359375
0.57965087890625
0.68145751953125
0.68402099609375
0.70013427734375
0.8350830078125
0.59417724609375
0.6121826171875
0.7181396484375
0.0
0.0
0.64398193359375
0.89923095703125
0.7830810546875
0.615478515625
0.68218994140625
0.57269287109375
0.0
0.88250732421875
0.53680419921875
0.6702880859375
0.8140869140625
0.84515380859375
0.794921875
0.75146484375
0.64642333984375
0.0
0.70928955078125
0.71710205078125
0.61895751953125
0.67388916015625
0.75067138671875
0.78314208984375
0.69024658203125
0.88427734375
0.70672607421875
0.68310546875
0.71697998046875
0.60565185546875
0.7401123046875
0.7034912109375
0.70306396484375
0.63177490234375
0.88031005859375
0.0
0.7772216796875
0.72430419921875
0.59649658203125
0.5560302734375
0.7349853515625
0.6739501953125
0.652099609375
0.6181640625
0.697998046875
0.63616943359375
0.6104736328125
0.75311279296875
0.7020263671875
0.74456787109375
0.608642578125
0.61480712890625
0.824462890625
0.7613525390625
0.72088623046875
0.0
0.747802734375
0.6846923828125
0.75799560546875
0.60296630859375
0.79779052734375
0.76385498046875
0.7269287109375
0.65618896484375
0.0
0.0
0.61688232421875
0.5789794921875
0.686767578125
0.60919189453125
0.6572265625
0.7218017578125
0.58331298828125
0.765869140625
0.7650146484375
0.7119140625
0.81048583984375
0.78253173828125
0.81231689453125
0.61029052734375
0.8006591796875
0.548095703125
0.67291259765625
0.726806640625
0.0
0.0
0.63934326171875
0.694091796875
0.62255859375
0.78076171875
0.89520263671875
0.8790283203125
0.0
0.69921875
0.69329833984375
0.60626220703125
0.706298828125
0.66021728515625
0.0
0.0
0.665771484375
0.684326171875
0.85150146484375
0.70806884765625
0.6502685546875
0.7919921875
0.59600830078125
0.73095703125
0.805908203125
0.658935546875
0.6177978515625
0.0
0.74761962890625
0.724365234375
0.74432373046875
0.62646484375
0.61199951171875
0.85174560546875
0.5648193359375
0.67266845703125
0.7164306640625
0.5892333984375
0.812744140625
0.633056640625
0.68414306640625
0.67181396484375
0.0
0.0
0.63372802734375
0.7191162109375
0.54327392578125
0.79290771484375
0.71856689453125
0.73638916015625
0.60247802734375
0.0
0.76715087890625
0.619140625
0.73101806640625
0.5697021484375
0.76220703125
0.68701171875
0.53387451171875
0.60198974609375
0.6507568359375
0.77001953125
0.0
0.490234375
0.66357421875
0.6988525390625
0.7069091796875
0.6798095703125
0.8060302734375
0.7662353515625
0.6776123046875
0.59136962890625
0.53973388671875
0.6361083984375
0.7498779296875
0.5709228515625
0.67803955078125
0.664794921875
0.64776611328125
0.66192626953125
0.55096435546875
0.81353759765625
0.5350341796875
0.70257568359375
0.0
0.81439208984375
0.6871337890625
0.77203369140625
0.61273193359375
0.0
0.52752685546875
0.65875244140625
0.70068359375
0.6837158203125
0.82525634765625
0.60943603515625
0.63311767578125
0.73797607421875
0.0
0.0
0.77618408203125
0.6766357421875
0.768798828125
0.0
0.0
0.0
0.0
0.77587890625
0.0
0.0
0.61749267578125
0.75128173828125
0.763671875
0.0
0.594482421875
0.57855224609375
0.66845703125
0.574951171875
0.64007568359375
0.6910400390625
0.71527099609375
0.64019775390625
0.63226318359375
0.7005615234375
0.5499267578125
0.68841552734375
0.5062255859375
0.0
0.59429931640625
0.7352294921875
0.55450439453125
0.64630126953125
0.74615478515625
0.87908935546875
0.96905517578125
0.60260009765625
0.7088623046875
0.8065185546875
0.73724365234375
0.88055419921875
0.6494140625
0.90240478515625
0.752197265625
0.6805419921875
0.751708984375
0.6832275390625
0.61163330078125
0.64910888671875
0.71929931640625
0.0
0.71038818359375
0.62335205078125
0.78167724609375
0.75433349609375
0.68194580078125
0.0
0.0
0.58251953125
0.70556640625
0.63958740234375
0.79833984375
0.5589599609375
0.67584228515625
0.0
0.74468994140625
0.77423095703125
0.71087646484375
0.73681640625
0.4464111328125
0.75518798828125
0.80987548828125
0.0
0.0
0.568603515625
0.94976806640625
0.72064208984375
0.7763671875
0.5576171875
0.0
0.0
0.0
0.6373291015625
0.884521484375
0.787109375
0.72344970703125
0.79376220703125
0.6695556640625
0.0
0.6407470703125
0.61407470703125
0.73248291015625
0.679443359375
0.78692626953125
0.61798095703125
0.5181884765625
0.86279296875
0.72906494140625
0.0
0.0
0.6180419921875
0.75152587890625
0.7486572265625
0.5408935546875
0.67205810546875
0.68927001953125
0.0
0.7724609375
0.68603515625
0.802490234375
0.713623046875
0.0
0.861328125
0.75018310546875
0.96795654296875
0.70245361328125
0.69647216796875
0.73968505859375
0.77978515625
0.0
0.0
0.0
0.7359619140625
0.55548095703125
0.667724609375
0.7425537109375
0.6885986328125
0.5867919921875
0.69451904296875
0.647705078125
0.80078125
0.82305908203125
0.65081787109375
0.51910400390625
0.75616455078125
