1.108642578125
1.108642578125
1.108642578125
1.108642578125
1.21337890625
1.24835205078125
1.23626708984375
1.11956787109375
1.44317626953125
1.24578857421875
1.03143310546875
1.07012939453125
1.3349609375
1.2890625
1.0478515625
1.26055908203125
1.2830810546875
1.18682861328125
0.0
1.10821533203125
1.1192626953125
1.251953125
1.1585693359375
1.08837890625
0.0
0.0
0.0
0.0
0.0
1.2833251953125
1.2777099609375
1.18896484375
0.0
0.0
1.31951904296875
0.96630859375
1.08477783203125
1.1727294921875
0.0
0.0
1.08538818359375
1.16778564453125
1.244873046875
1.40179443359375
1.20635986328125
0.0
0.0
1.24102783203125
1.3350830078125
1.1583251953125
1.19866943359375
0.0
1.25537109375
1.18035888671875
1.0977783203125
1.0606689453125
1.14288330078125
1.34393310546875
0.0
1.42315673828125
1.14227294921875
1.33465576171875
1.2200927734375
1.26763916015625
1.237548828125
1.23687744140625
1.2236328125
1.11468505859375
1.16973876953125
0.0
0.0
1.281005859375
1.15802001953125
1.22564697265625
1.11480712890625
1.14404296875
1.3082275390625
1.18310546875
1.15985107421875
1.14056396484375
1.3328857421875
1.3033447265625
0.0
0.0
1.1685791015625
1.23626708984375
1.33740234375
1.1212158203125
1.10552978515625
1.10595703125
1.1068115234375
1.22674560546875
1.21588134765625
1.06060791015625
1.27349853515625
1.13323974609375
1.17401123046875
1.09320068359375
0.0
0.0
1.23944091796875
1.27264404296875
1.10577392578125
1.1632080078125
1.12646484375
1.15020751953125
0.0
1.20654296875
1.12689208984375
1.2913818359375
1.2760009765625
1.1749267578125
1.27490234375
1.17108154296875
1.0765380859375
1.19439697265625
1.1138916015625
1.19354248046875
1.19781494140625
1.2574462890625
1.17254638671875
1.094970703125
1.13653564453125
0.0
0.0
1.1793212890625
1.2691650390625
1.17523193359375
0.0
1.19464111328125
0.99658203125
1.1480712890625
1.23345947265625
1.1900634765625
1.29400634765625
1.18072509765625
1.0543212890625
1.3438720703125
0.0
0.0
0.0
1.20733642578125
1.0601806640625
1.06365966796875
1.20989990234375
1.16473388671875
1.3118896484375
1.15045166015625
1.2386474609375
1.01739501953125
1.06396484375
0.0
0.0
0.0
0.0
1.2552490234375
1.1707763671875
1.115966796875
1.159423828125
1.22576904296875
1.1002197265625
1.09375
1.18316650390625
1.25445556640625
0.0
1.15240478515625
1.1610107421875
1.11700439453125
1.23748779296875
1.0498046875
1.07135009765625
1.25079345703125
1.142822265625
0.0
1.080322265625
0.98126220703125
1.25567626953125
1.0560302734375
1.24139404296875
1.00189208984375
1.18817138671875
1.11212158203125
1.1971435546875
1.2095947265625
0.0
0.0
1.169189453125
1.15167236328125
0.0
1.26434326171875
1.235107421875
1.1954345703125
1.23876953125
1.2767333984375
1.19189453125
1.118896484375
1.144775390625
1.23846435546875
1.2978515625
1.2537841796875
1.16583251953125
1.12127685546875
1.29705810546875
1.20806884765625
1.10369873046875
1.05255126953125
1.1947021484375
1.21307373046875
0.0
0.0
1.2637939453125
1.1397705078125
1.22418212890625
1.15460205078125
0.0
0.0
1.18243408203125
1.1298828125
1.1585693359375
1.17535400390625
1.1448974609375
1.29864501953125
1.24542236328125
1.19293212890625
0.0
1.1561279296875
1.07293701171875
1.4080810546875
1.03802490234375
1.2431640625
1.27880859375
1.070068359375
1.11859130859375
1.11029052734375
1.30218505859375
1.33270263671875
1.189208984375
1.1580810546875
1.2332763671875
1.2054443359375
1.17193603515625
1.34771728515625
1.2750244140625
1.081787109375
1.3526611328125
1.2698974609375
1.1630859375
1.47369384765625
1.2147216796875
1.0772705078125
1.2242431640625
0.979736328125
1.200927734375
1.158203125
1.34796142578125
1.221923828125
1.082275390625
1.20599365234375
1.10955810546875
1.134521484375
1.2176513671875
1.222900390625
1.1173095703125
1.027587890625
1.162841796875
1.25732421875
1.32965087890625
1.302001953125
1.25048828125
1.425048828125
1.16949462890625
1.1732177734375
1.36175537109375
1.22039794921875
1.07177734375
1.189453125
1.136474609375
1.13690185546875
1.12457275390625
1.3623046875
1.14971923828125
1.364013671875
1.2674560546875
1.2340087890625
1.06640625
1.22698974609375
0.0
0.0
1.22491455078125
1.0343017578125
1.1739501953125
1.18316650390625
1.1549072265625
1.240966796875
1.07476806640625
1.27978515625
1.3043212890625
1.2403564453125
1.305908203125
1.1591796875
0.0
1.2757568359375
1.37176513671875
1.13580322265625
1.08880615234375
1.1583251953125
1.29437255859375
1.2576904296875
1.0196533203125
0.0
0.0
0.0
1.19879150390625
1.22802734375
1.1319580078125
1.21453857421875
1.0792236328125
1.1376953125
0.0
0.0
1.201416015625
1.1964111328125
1.3643798828125
1.14697265625
0.0
0.0
0.0
0.0
0.0
0.0
1.0635986328125
1.2076416015625
1.23944091796875
1.17645263671875
1.0233154296875
1.23492431640625
1.09967041015625
1.204833984375
1.2423095703125
1.09796142578125
1.24853515625
1.32958984375
0.0
0.0
1.06488037109375
1.14288330078125
1.25152587890625
1.34698486328125
1.2806396484375
0.0
1.110107421875
1.34368896484375
1.1566162109375
1.16094970703125
1.2161865234375
1.23956298828125
1.17132568359375
1.12860107421875
0.0
0.0
1.04815673828125
1.1224365234375
1.22930908203125
0.95135498046875
1.2119140625
1.1561279296875
1.12567138671875
1.228759765625
0.943359375
1.27777099609375
1.1806640625
0.0
0.0
1.2073974609375
1.23626708984375
1.071044921875
1.30035400390625
1.28326416015625
1.05950927734375
1.1796875
0.91986083984375
1.19964599609375
1.15380859375
0.0
1.345703125
1.212646484375
1.2513427734375
1.31732177734375
1.27020263671875
1.161865234375
1.27020263671875
1.2177734375
1.28411865234375
1.35015869140625
1.05401611328125
1.29010009765625
1.19781494140625
1.10699462890625
1.28289794921875
1.13568115234375
1.300537109375
1.17218017578125
1.2027587890625
0.98876953125
1.18963623046875
1.22021484375
1.2105712890625
1.26470947265625
1.2967529296875
1.19561767578125
1.162109375
0.0
1.0760498046875
1.3653564453125
1.29278564453125
1.18902587890625
1.18182373046875
0.0
0.0
0.0
1.03363037109375
1.197021484375
1.25341796875
1.33251953125
1.39794921875
1.081787109375
1.39080810546875
1.16046142578125
1.26568603515625
1.4404296875
0.0
1.3189697265625
1.21868896484375
1.38226318359375
1.03997802734375
1.263671875
1.50616455078125
0.0
1.21405029296875
1.22576904296875
1.13873291015625
0.0
1.2164306640625
1.15203857421875
1.28546142578125
1.1710205078125
1.197021484375
1.12213134765625
1.26739501953125
1.3199462890625
1.2144775390625
1.2076416015625
1.28662109375
1.3829345703125
1.202392578125
1.11700439453125
1.06597900390625
1.233154296875
1.27569580078125
1.09808349609375
0.0
1.214599609375
0.93756103515625
1.18756103515625
1.2041015625
1.14459228515625
1.3665771484375
1.148681640625
1.15252685546875
1.12310791015625
1.0391845703125
1.0823974609375
1.14306640625
1.1107177734375
0.941650390625
1.180908203125
0.0
0.0
1.1619873046875
1.24700927734375
1.25885009765625
1.06298828125
1.11517333984375
1.30511474609375
1.1788330078125
1.25311279296875
0.0
1.34368896484375
1.2261962890625
1.1783447265625
1.2401123046875
1.311279296875
1.1510009765625
1.07373046875
1.349365234375
1.22186279296875
1.1759033203125
1.02801513671875
1.23486328125
0.0
0.0
0.0
0.0
1.3519287109375
1.11883544921875
1.13446044921875
1.11724853515625
1.0262451171875
1.043212890625
1.1065673828125
0.0
1.0692138671875
1.01025390625
1.13250732421875
1.26629638671875
1.26953125
1.2330322265625
1.21221923828125
0.0
0.0
1.134033203125
1.19049072265625
1.30816650390625
1.07342529296875
0.9710693359375
1.0501708984375
1.23419189453125
1.16864013671875
1.123779296875
1.1087646484375
1.16705322265625
0.0
0.0
1.20947265625
1.26641845703125
1.15802001953125
1.1087646484375
1.1396484375
0.0
1.21063232421875
1.20050048828125
1.171142578125
1.08984375
1.188232421875
1.26165771484375
1.31866455078125
0.0
0.0
0.0
0.0
0.0
1.00244140625
1.3282470703125
0.0
1.078369140625
1.08111572265625
0.0
1.41363525390625
1.1658935546875
0.96929931640625
1.4129638671875
1.02740478515625
1.13250732421875
1.20294189453125
1.048095703125
1.1510009765625
1.0936279296875
1.049072265625
1.3514404296875
0.0
1.08966064453125
1.27880859375
1.2244873046875
1.15386962890625
1.25531005859375
1.22784423828125
1.077392578125
1.1226806640625
0.0
0.0
1.217529296875
1.226806640625
1.0911865234375
1.17523193359375
1.03363037109375
1.27593994140625
1.0645751953125
1.18231201171875
1.31378173828125
1.11810302734375
1.23095703125
1.14178466796875
1.0604248046875
1.20166015625
0.0
1.28509521484375
1.13818359375
1.19158935546875
1.216796875
1.1558837890625
1.22271728515625
1.172119140625
0.0
1.073974609375
1.15985107421875
1.166015625
1.33465576171875
1.31964111328125
0.0
1.20904541015625
1.12652587890625
1.18072509765625
1.273681640625
1.26910400390625
0.0
0.0
0.0
0.0
0.0
1.20989990234375
1.15069580078125
1.15924072265625
1.17633056640625
1.07415771484375
0.0
0.0
1.0594482421875
1.14031982421875
1.1981201171875
1.3272705078125
1.180908203125
1.2078857421875
1.123779296875
1.14129638671875
0.0
1.1953125
1.0555419921875
1.12322998046875
1.30059814453125
1.19158935546875
1.18963623046875
1.15142822265625
0.0
1.09869384765625
1.24273681640625
1.10546875
1.15533447265625
1.17596435546875
0.0
0.0
1.19342041015625
1.235595703125
1.2896728515625
1.26055908203125
1.229248046875
1.247802734375
0.0
0.0
1.17510986328125
1.132568359375
1.2347412109375
1.24420166015625
1.2998046875
1.14141845703125
1.234619140625
1.230712890625
1.30157470703125
1.113525390625
1.29644775390625
1.38055419921875
1.438232421875
0.0
1.21630859375
1.11566162109375
1.24493408203125
1.12689208984375
1.15850830078125
1.3673095703125
1.0584716796875
1.0909423828125
1.2459716796875
0.0
0.0
1.10882568359375
1.35992431640625
1.30218505859375
1.13800048828125
1.2657470703125
1.0828857421875
0.0
1.25726318359375
1.0225830078125
1.12786865234375
1.28363037109375
1.2657470703125
1.17437744140625
1.195068359375
1.1416015625
0.0
1.1795654296875
1.12652587890625
0.97412109375
1.13623046875
1.19671630859375
1.24371337890625
1.1151123046875
1.321044921875
1.26739501953125
1.04345703125
1.18988037109375
1.11944580078125
1.155517578125
1.21966552734375
1.2332763671875
1.11578369140625
1.38385009765625
0.0
1.321044921875
1.29296875
1.216064453125
1.12615966796875
1.19122314453125
1.26605224609375
1.25054931640625
1.1717529296875
1.11236572265625
1.20587158203125
1.02703857421875
1.14813232421875
1.10504150390625
1.3134765625
1.12286376953125
1.15765380859375
1.2392578125
1.18280029296875
1.21295166015625
0.0
1.26751708984375
1.19708251953125
1.29132080078125
1.18963623046875
1.285888671875
1.204345703125
1.221923828125
1.15087890625
0.0
0.0
1.02996826171875
1.0367431640625
1.10845947265625
1.12811279296875
1.1082763671875
1.10748291015625
1.005859375
1.3035888671875
1.1807861328125
1.2528076171875
1.27386474609375
1.1484375
1.1568603515625
1.054931640625
1.13525390625
0.99078369140625
1.123779296875
1.0836181640625
0.0
0.0
1.2191162109375
1.1551513671875
1.087890625
1.23382568359375
1.36767578125
1.4559326171875
0.0
1.16241455078125
1.16802978515625
0.99945068359375
1.18524169921875
1.1510009765625
0.0
0.0
1.16912841796875
1.1334228515625
1.23760986328125
1.300048828125
1.1405029296875
1.2340087890625
1.21954345703125
1.23321533203125
1.28173828125
1.26336669921875
1.171142578125
0.0
1.18157958984375
1.2808837890625
1.27667236328125
1.13275146484375
1.1158447265625
1.28704833984375
1.05645751953125
1.110595703125
1.2017822265625
1.22552490234375
1.17681884765625
1.1561279296875
1.13336181640625
1.1292724609375
0.0
0.0
1.0792236328125
1.2156982421875
1.04034423828125
1.151123046875
1.32257080078125
1.29998779296875
1.084716796875
0.0
1.1895751953125
1.14178466796875
1.1776123046875
1.14813232421875
1.2496337890625
1.191650390625
1.1142578125
1.0423583984375
1.11810302734375
1.32269287109375
0.0
1.07672119140625
1.1387939453125
1.12188720703125
1.2977294921875
1.25189208984375
1.2220458984375
1.220947265625
1.16851806640625
1.0892333984375
1.08746337890625
1.18377685546875
1.15594482421875
1.0628662109375
1.05523681640625
1.23211669921875
1.08245849609375
1.10516357421875
1.093994140625
1.400146484375
1.00616455078125
1.1336669921875
0.0
1.33245849609375
1.28778076171875
1.26922607421875
1.1329345703125
0.0
1.11761474609375
1.052978515625
1.10968017578125
1.13037109375
1.22613525390625
1.03033447265625
1.16168212890625
1.17181396484375
0.0
0.0
1.22662353515625
1.14111328125
1.2958984375
0.0
0.0
0.0
0.0
1.29150390625
0.0
0.0
1.2471923828125
1.19940185546875
1.29608154296875
0.0
1.15887451171875
1.12359619140625
1.17059326171875
0.975341796875
1.13800048828125
1.24652099609375
1.14752197265625
1.1329345703125
1.23248291015625
1.2117919921875
1.113525390625
1.14404296875
0.99285888671875
0.0
1.1031494140625
1.207763671875
1.16998291015625
1.1627197265625
1.35748291015625
1.31158447265625
1.24609375
1.03924560546875
1.0670166015625
1.36651611328125
1.06500244140625
1.2744140625
1.18853759765625
1.31451416015625
1.42120361328125
1.21209716796875
1.4144287109375
1.1328125
1.14178466796875
1.04168701171875
1.3048095703125
0.0
1.35516357421875
1.31744384765625
1.21990966796875
1.31866455078125
1.18267822265625
0.0
0.0
1.06890869140625
1.23248291015625
1.06976318359375
1.23126220703125
1.02984619140625
1.1656494140625
0.0
1.25482177734375
1.21185302734375
1.1881103515625
1.14324951171875
0.93951416015625
1.16839599609375
1.419921875
0.0
0.0
1.02520751953125
1.26690673828125
1.2503662109375
1.31427001953125
1.09552001953125
0.0
0.0
0.0
1.01531982421875
1.33258056640625
1.306640625
1.2083740234375
1.24755859375
1.0850830078125
0.0
1.1619873046875
1.1895751953125
1.287353515625
1.3829345703125
1.18914794921875
1.1263427734375
1.04180908203125
1.3056640625
1.14990234375
0.0
0.0
1.05926513671875
1.1795654296875
1.34906005859375
1.10247802734375
1.142578125
1.31890869140625
0.0
1.1807861328125
1.11871337890625
1.3343505859375
1.31036376953125
0.0
1.33544921875
1.1998291015625
1.412109375
1.15606689453125
1.2235107421875
1.22430419921875
1.31048583984375
0.0
0.0
0.0
1.204345703125
1.00946044921875
1.09783935546875
1.3118896484375
1.109130859375
1.19775390625
1.20599365234375
1.06011962890625
1.16644287109375
1.14117431640625
1.1995849609375
0.9669189453125
1.29034423828125
