0.65496826171875
0.65496826171875
0.65496826171875
0.65496826171875
0.65496826171875
0.65496826171875
0.65496826171875
0.65496826171875
0.65496826171875
0.93511962890625
0.703125
0.79388427734375
0.727294921875
0.71539306640625
0.90081787109375
0.64385986328125
0.75897216796875
0.78741455078125
0.70556640625
0.600341796875
0.5479736328125
0.6181640625
0.7080078125
0.7679443359375
0.6051025390625
0.60546875
0.6822509765625
0.70770263671875
0.6253662109375
0.58099365234375
0.7047119140625
0.70159912109375
0.7208251953125
0.693603515625
0.73974609375
0.56219482421875
0.6767578125
0.7218017578125
0.71722412109375
0.66546630859375
0.76531982421875
0.8138427734375
0.6514892578125
0.672607421875
0.7271728515625
0.99163818359375
0.8880615234375
0.80224609375
0.6019287109375
0.64849853515625
0.53240966796875
0.60931396484375
0.71087646484375
0.65679931640625
0.7652587890625
0.67626953125
0.8018798828125
0.6429443359375
0.7427978515625
0.70745849609375
0.69403076171875
0.63128662109375
0.787841796875
0.741943359375
0.74951171875
0.55322265625
0.6182861328125
0.91107177734375
0.87982177734375
0.805419921875
0.74713134765625
0.8074951171875
0.752197265625
0.630615234375
0.84893798828125
0.56365966796875
0.76544189453125
0.69183349609375
0.65533447265625
0.60382080078125
0.83148193359375
0.6851806640625
0.72247314453125
0.7130126953125
0.59283447265625
0.7313232421875
0.61474609375
0.82000732421875
0.6881103515625
0.79443359375
0.58837890625
0.73870849609375
0.66925048828125
0.63739013671875
0.80950927734375
0.722900390625
0.588623046875
0.59490966796875
0.55645751953125
0.8231201171875
0.5906982421875
0.5855712890625
0.67279052734375
0.7091064453125
0.64739990234375
0.84039306640625
0.798828125
0.6837158203125
0.75372314453125
0.74993896484375
0.700439453125
0.80865478515625
0.76873779296875
0.62652587890625
0.59100341796875
0.55859375
0.51513671875
0.80169677734375
0.55902099609375
0.7454833984375
0.7239990234375
0.6964111328125
0.627197265625
0.75299072265625
0.67425537109375
0.912109375
0.48150634765625
0.48974609375
0.72149658203125
0.6387939453125
0.72857666015625
0.67437744140625
0.74749755859375
0.6966552734375
0.7078857421875
0.63397216796875
0.89776611328125
0.5928955078125
0.78680419921875
0.8194580078125
0.71575927734375
0.800537109375
0.60406494140625
0.6011962890625
0.517333984375
0.588623046875
0.81439208984375
0.575439453125
0.7313232421875
0.81988525390625
0.62353515625
0.681640625
0.64874267578125
0.67266845703125
0.6656494140625
0.8751220703125
0.70782470703125
0.6400146484375
0.67205810546875
0.63995361328125
0.796875
0.8321533203125
0.7867431640625
0.87640380859375
0.72314453125
0.66253662109375
0.77593994140625
0.76251220703125
0.83575439453125
0.756591796875
0.605712890625
0.64013671875
0.8035888671875
0.87152099609375
0.68389892578125
0.78948974609375
0.7291259765625
0.70269775390625
0.907470703125
0.70440673828125
0.55535888671875
0.65057373046875
0.74017333984375
0.8431396484375
0.7725830078125
0.5819091796875
0.70477294921875
0.71368408203125
0.7752685546875
0.65875244140625
0.84423828125
0.6700439453125
0.68707275390625
0.767822265625
0.64556884765625
0.606201171875
0.82177734375
0.755859375
0.6485595703125
0.69757080078125
0.82122802734375
0.679443359375
0.7628173828125
0.8258056640625
0.75885009765625
0.84381103515625
0.725341796875
0.62005615234375
0.702392578125
0.79327392578125
0.4742431640625
0.5933837890625
0.66937255859375
0.70111083984375
0.66546630859375
0.47027587890625
0.5145263671875
0.8338623046875
0.65911865234375
0.5791015625
0.866943359375
0.6424560546875
0.8646240234375
0.56689453125
0.79541015625
0.66998291015625
0.78228759765625
0.6134033203125
0.73846435546875
0.75604248046875
0.697509765625
0.65631103515625
0.7947998046875
0.65289306640625
0.7283935546875
0.73162841796875
0.75439453125
0.6468505859375
0.697021484375
0.67962646484375
0.64703369140625
0.7840576171875
0.7928466796875
0.6207275390625
0.650634765625
0.61492919921875
0.71392822265625
0.73309326171875
0.65447998046875
0.69793701171875
0.78302001953125
0.7857666015625
0.7041015625
0.820068359375
0.6075439453125
0.651123046875
0.72271728515625
0.7352294921875
0.64678955078125
0.6263427734375
0.728271484375
0.58135986328125
0.793701171875
0.65716552734375
0.80181884765625
0.68719482421875
0.77423095703125
0.59625244140625
0.56719970703125
0.77569580078125
0.5677490234375
0.5343017578125
0.60772705078125
0.73297119140625
0.80633544921875
0.89056396484375
0.77099609375
0.7222900390625
0.6959228515625
0.76275634765625
0.744873046875
0.7652587890625
0.73272705078125
0.700927734375
0.70391845703125
0.66888427734375
0.8265380859375
0.69677734375
0.7750244140625
0.55999755859375
0.86163330078125
0.75054931640625
0.81298828125
0.70489501953125
0.60516357421875
0.64056396484375
0.7069091796875
0.6336669921875
0.78369140625
0.6820068359375
0.67901611328125
0.846923828125
0.61029052734375
0.76605224609375
0.75494384765625
0.8294677734375
0.793212890625
0.734375
0.71990966796875
0.58148193359375
0.70684814453125
0.70111083984375
0.656494140625
0.647705078125
0.7940673828125
0.7880859375
0.6778564453125
0.9061279296875
0.801513671875
0.678466796875
0.5299072265625
0.789794921875
0.7735595703125
0.63629150390625
0.742431640625
0.61456298828125
0.91900634765625
0.77630615234375
0.78125
0.74981689453125
0.7789306640625
0.71917724609375
0.75439453125
0.6822509765625
0.77264404296875
0.91265869140625
0.548095703125
0.76239013671875
0.62200927734375
0.79986572265625
0.6180419921875
0.82623291015625
0.63873291015625
0.8006591796875
0.74273681640625
0.79315185546875
0.84552001953125
0.68145751953125
0.773681640625
0.873779296875
0.61614990234375
0.7418212890625
0.696044921875
0.56414794921875
0.6829833984375
0.73333740234375
0.6947021484375
0.6021728515625
0.72650146484375
0.59423828125
0.75640869140625
0.89202880859375
0.71856689453125
0.7164306640625
0.7733154296875
0.84112548828125
0.7691650390625
0.5723876953125
0.669921875
0.7288818359375
0.60882568359375
0.65472412109375
0.95428466796875
0.6187744140625
0.58697509765625
0.748779296875
0.7127685546875
0.65472412109375
0.7359619140625
0.48162841796875
0.66937255859375
0.75811767578125
0.58660888671875
0.65692138671875
0.74072265625
0.6939697265625
0.83428955078125
0.72894287109375
0.6907958984375
0.75103759765625
0.649658203125
0.6026611328125
0.602783203125
0.59857177734375
0.6588134765625
0.80621337890625
0.71929931640625
0.64764404296875
0.70416259765625
0.7841796875
0.80450439453125
0.719482421875
0.64154052734375
0.75323486328125
0.81634521484375
0.78131103515625
0.67816162109375
0.65972900390625
0.82843017578125
0.635498046875
0.72796630859375
0.75274658203125
0.7628173828125
0.67584228515625
0.701904296875
0.7479248046875
0.65521240234375
0.67462158203125
0.66168212890625
0.8212890625
0.8228759765625
0.77520751953125
0.82281494140625
0.72039794921875
0.7242431640625
0.65386962890625
0.69573974609375
0.8408203125
0.63958740234375
0.7303466796875
0.59320068359375
0.77679443359375
0.87432861328125
0.74853515625
0.73236083984375
0.67681884765625
0.829345703125
0.6961669921875
0.584716796875
0.681396484375
0.83758544921875
0.5626220703125
0.64166259765625
0.6385498046875
0.70477294921875
0.7755126953125
0.77947998046875
0.7728271484375
0.71563720703125
0.7227783203125
0.73004150390625
0.643310546875
0.82183837890625
0.73870849609375
0.78363037109375
0.66796875
0.71807861328125
0.7286376953125
0.82098388671875
0.80352783203125
0.6749267578125
0.8646240234375
0.77197265625
0.6937255859375
0.8089599609375
0.69268798828125
0.6314697265625
0.76751708984375
0.747802734375
0.65228271484375
0.58935546875
0.709228515625
0.59124755859375
0.78448486328125
0.71856689453125
0.6053466796875
0.70947265625
0.61346435546875
0.69146728515625
0.8143310546875
0.64447021484375
0.6234130859375
0.77947998046875
0.5953369140625
0.76727294921875
0.6146240234375
0.73468017578125
0.640625
0.7078857421875
0.64752197265625
0.72528076171875
0.67791748046875
0.62152099609375
0.7314453125
0.72698974609375
0.5540771484375
0.716796875
0.4598388671875
0.5802001953125
0.763916015625
0.84625244140625
0.6285400390625
0.90008544921875
0.86260986328125
0.5943603515625
0.6201171875
0.6435546875
0.67572021484375
0.888916015625
0.666259765625
0.6248779296875
0.62481689453125
0.78955078125
0.55792236328125
0.7451171875
0.66326904296875
0.63299560546875
0.638916015625
0.74078369140625
0.70404052734375
0.7666015625
0.86328125
0.77728271484375
0.62664794921875
0.673583984375
0.77398681640625
0.60101318359375
0.53778076171875
0.519775390625
0.765869140625
0.5916748046875
0.85296630859375
0.67535400390625
0.52874755859375
0.63720703125
0.607177734375
0.59521484375
0.7890625
0.74603271484375
0.73870849609375
0.60125732421875
0.80523681640625
0.6495361328125
0.68890380859375
0.69012451171875
0.6104736328125
0.84197998046875
0.742431640625
0.8760986328125
0.7203369140625
0.55029296875
0.80657958984375
0.69775390625
0.76416015625
0.6214599609375
0.74041748046875
0.5433349609375
0.6248779296875
0.917724609375
0.64251708984375
0.66845703125
0.56512451171875
0.57659912109375
0.62237548828125
0.64044189453125
0.7432861328125
0.71246337890625
0.72930908203125
0.64569091796875
0.65478515625
0.70166015625
0.76568603515625
0.642822265625
0.6075439453125
0.79669189453125
0.71099853515625
0.72369384765625
0.73675537109375
0.6383056640625
0.78631591796875
0.5882568359375
0.69842529296875
0.83740234375
0.6810302734375
0.58551025390625
0.77301025390625
0.55828857421875
0.67828369140625
0.62939453125
0.66973876953125
0.72308349609375
0.71038818359375
0.77301025390625
0.6070556640625
0.7493896484375
0.60040283203125
0.70477294921875
0.7515869140625
0.74713134765625
0.57879638671875
0.701416015625
0.722900390625
0.66265869140625
0.6241455078125
0.75347900390625
0.73065185546875
0.77130126953125
0.78125
0.579345703125
0.59344482421875
0.84393310546875
0.671875
0.86309814453125
0.75445556640625
0.704833984375
0.6600341796875
0.75897216796875
0.74676513671875
0.77703857421875
0.60357666015625
0.71136474609375
0.8587646484375
0.78656005859375
0.6781005859375
0.744140625
0.70062255859375
0.62640380859375
0.80596923828125
0.67999267578125
0.8017578125
0.6636962890625
0.813720703125
0.8863525390625
0.62774658203125
0.7408447265625
0.5615234375
0.51922607421875
0.63330078125
0.74542236328125
0.70037841796875
0.63134765625
0.78729248046875
0.62994384765625
0.7171630859375
0.79962158203125
0.8111572265625
0.69482421875
0.863525390625
0.67999267578125
0.7353515625
0.78759765625
0.715576171875
0.601806640625
0.76287841796875
0.5767822265625
0.73724365234375
0.52716064453125
0.6900634765625
0.54644775390625
0.77154541015625
0.706787109375
0.58660888671875
0.5294189453125
0.6546630859375
0.86163330078125
0.80718994140625
0.7315673828125
0.591064453125
0.70977783203125
0.74090576171875
0.62860107421875
0.77374267578125
0.665771484375
0.64324951171875
0.61029052734375
0.687744140625
0.69696044921875
0.739990234375
0.79754638671875
0.72119140625
0.732666015625
0.73333740234375
0.76031494140625
0.86114501953125
0.659423828125
0.7025146484375
0.76519775390625
0.9853515625
0.714111328125
0.89288330078125
0.6177978515625
0.68096923828125
0.6900634765625
0.61297607421875
0.69940185546875
0.75653076171875
0.70343017578125
0.769775390625
0.63763427734375
0.48077392578125
0.597412109375
0.968017578125
0.7337646484375
0.58502197265625
0.8729248046875
0.6817626953125
0.8270263671875
0.6436767578125
0.71490478515625
0.44830322265625
0.74334716796875
0.75592041015625
0.67926025390625
0.64471435546875
0.70770263671875
0.599853515625
0.59442138671875
0.76019287109375
0.70367431640625
0.80657958984375
0.680908203125
0.8431396484375
0.78009033203125
0.6368408203125
0.81219482421875
0.69793701171875
0.55633544921875
0.62261962890625
0.7890625
0.55908203125
0.9986572265625
0.66485595703125
0.6275634765625
0.66473388671875
0.79083251953125
0.56689453125
0.81988525390625
0.5718994140625
0.65386962890625
0.696044921875
0.5999755859375
0.8624267578125
0.62249755859375
0.76788330078125
0.6864013671875
0.64642333984375
0.70660400390625
0.6407470703125
0.6925048828125
0.64801025390625
0.6285400390625
0.64886474609375
0.7215576171875
0.70697021484375
0.6820068359375
0.69354248046875
0.75726318359375
0.7269287109375
0.677734375
0.67938232421875
0.8741455078125
0.75396728515625
0.62725830078125
0.72088623046875
0.73162841796875
0.75372314453125
0.63720703125
0.681884765625
0.51123046875
0.7838134765625
0.55340576171875
0.7664794921875
0.66656494140625
0.594482421875
0.677490234375
0.71246337890625
0.720458984375
0.64813232421875
0.68701171875
0.6959228515625
0.79144287109375
0.70123291015625
0.8839111328125
0.6070556640625
0.69732666015625
0.59490966796875
0.68365478515625
0.67230224609375
0.609130859375
0.72607421875
0.78460693359375
0.74969482421875
0.8248291015625
0.80572509765625
0.606201171875
0.71575927734375
0.67022705078125
0.812255859375
0.7745361328125
0.6497802734375
0.68426513671875
0.81781005859375
0.6712646484375
0.64373779296875
0.6444091796875
0.71087646484375
0.63812255859375
0.72491455078125
0.6220703125
0.65582275390625
0.76226806640625
0.70111083984375
0.774658203125
0.57598876953125
0.6407470703125
0.63446044921875
0.59637451171875
0.7481689453125
0.6964111328125
0.67840576171875
0.63031005859375
0.57696533203125
0.68804931640625
0.7994384765625
0.65771484375
0.79364013671875
0.72100830078125
0.67266845703125
0.7159423828125
0.71490478515625
0.7286376953125
0.75604248046875
0.782470703125
0.684814453125
0.564697265625
0.62042236328125
0.65704345703125
0.72607421875
0.6090087890625
0.7034912109375
0.77642822265625
0.6845703125
0.78399658203125
0.71221923828125
0.61871337890625
0.70684814453125
0.61285400390625
0.65289306640625
0.63922119140625
0.79949951171875
0.851318359375
0.8736572265625
0.81146240234375
0.64044189453125
0.70819091796875
0.6121826171875
0.68280029296875
0.7752685546875
0.67913818359375
0.96160888671875
0.80462646484375
0.688232421875
0.73309326171875
0.7584228515625
0.655029296875
0.75457763671875
0.580810546875
0.599609375
0.79864501953125
0.7698974609375
0.52337646484375
0.7718505859375
0.77716064453125
0.730224609375
0.7347412109375
0.59661865234375
0.68353271484375
0.76226806640625
0.53033447265625
0.54168701171875
0.4913330078125
0.68414306640625
0.7008056640625
0.7691650390625
0.76214599609375
0.72344970703125
0.88458251953125
0.63946533203125
0.6541748046875
0.7017822265625
0.7371826171875
0.69464111328125
0.93353271484375
0.64849853515625
0.57598876953125
0.7882080078125
0.6436767578125
0.67437744140625
0.91571044921875
0.65777587890625
0.727783203125
0.8043212890625
0.8212890625
0.56597900390625
0.6483154296875
0.5919189453125
0.7589111328125
0.69720458984375
0.90045166015625
0.785888671875
0.69793701171875
0.75982666015625
0.77581787109375
0.6722412109375
0.90362548828125
0.740234375
0.7779541015625
0.78436279296875
0.4384765625
0.82745361328125
0.66363525390625
0.75048828125
0.68017578125
0.69476318359375
0.74072265625
0.69854736328125
0.72674560546875
0.84039306640625
0.77923583984375
0.59820556640625
0.55718994140625
0.7073974609375
0.61627197265625
0.62554931640625
0.8687744140625
0.7503662109375
0.83221435546875
0.67083740234375
0.6856689453125
0.78564453125
0.89593505859375
0.67327880859375
0.632568359375
0.6068115234375
0.48272705078125
0.6622314453125
0.660400390625
0.79193115234375
0.5966796875
0.6170654296875
1.0423583984375
0.82208251953125
0.63763427734375
0.67376708984375
0.8271484375
0.6815185546875
0.7056884765625
0.73675537109375
0.761962890625
0.6436767578125
0.68499755859375
0.701416015625
0.56488037109375
0.7449951171875
0.74395751953125
0.68011474609375
0.80517578125
0.54461669921875
0.701171875
0.669921875
0.7548828125
0.7091064453125
0.68994140625
0.86212158203125
0.75421142578125
0.67694091796875
0.72906494140625
0.67962646484375
0.7603759765625
0.679931640625
0.783203125
0.6270751953125
0.88702392578125
0.5906982421875
0.74102783203125
0.71044921875
0.6142578125
0.77398681640625
0.7548828125
0.659423828125
0.6236572265625
0.7786865234375
0.65380859375
0.64019775390625
0.65673828125
0.65167236328125
0.58502197265625
