0.92852783203125
0.92852783203125
0.92852783203125
0.92852783203125
0.92852783203125
0.96661376953125
0.94921875
0.9615478515625
1.0506591796875
1.07855224609375
0.0
1.13916015625
0.9373779296875
1.10675048828125
0.0
0.97283935546875
1.02642822265625
1.0821533203125
1.0465087890625
0.90283203125
0.9444580078125
1.0667724609375
0.0
0.0
0.9697265625
0.8365478515625
0.864501953125
0.0
0.9991455078125
0.99444580078125
0.88751220703125
1.15533447265625
0.94476318359375
0.96917724609375
0.98284912109375
0.0
0.0
1.07952880859375
1.02984619140625
0.0
0.79010009765625
0.91314697265625
1.03472900390625
1.078857421875
1.0045166015625
1.05975341796875
1.00390625
1.1334228515625
0.0
0.0
1.04833984375
1.03759765625
0.96099853515625
1.06304931640625
1.0213623046875
0.84893798828125
1.04962158203125
1.20306396484375
1.0819091796875
0.93017578125
0.9881591796875
0.0
1.0360107421875
0.9932861328125
0.98980712890625
0.0
0.0
1.10528564453125
1.03070068359375
1.157958984375
1.01031494140625
1.01055908203125
1.110595703125
0.902099609375
0.9820556640625
0.8773193359375
1.06121826171875
1.0599365234375
0.0
0.0
0.847412109375
1.00238037109375
1.3428955078125
0.90216064453125
0.9349365234375
0.91156005859375
1.18609619140625
1.0093994140625
1.0738525390625
0.849609375
1.0045166015625
0.9984130859375
1.0382080078125
0.976318359375
0.798095703125
1.20977783203125
0.0
0.88409423828125
1.111328125
0.83441162109375
1.0582275390625
1.042236328125
1.081787109375
1.0509033203125
1.06011962890625
0.0
1.09619140625
0.96533203125
0.97357177734375
0.965087890625
1.08465576171875
1.13250732421875
0.89434814453125
0.86346435546875
0.0
0.0
1.1312255859375
0.78076171875
1.10321044921875
0.99957275390625
1.13104248046875
1.0806884765625
1.1055908203125
1.03759765625
0.9530029296875
1.0472412109375
1.05218505859375
0.92559814453125
0.99298095703125
0.91680908203125
1.03570556640625
0.0
1.13226318359375
0.922607421875
1.04742431640625
0.9088134765625
0.95562744140625
0.0
1.0850830078125
1.05633544921875
1.12982177734375
0.809814453125
1.1746826171875
0.94732666015625
1.0057373046875
0.99237060546875
1.18927001953125
1.1041259765625
1.027587890625
0.0
0.0
1.0987548828125
1.08673095703125
0.95733642578125
1.0369873046875
1.1962890625
0.0
0.0
0.8983154296875
1.01824951171875
1.06317138671875
0.82745361328125
1.06231689453125
1.0811767578125
1.07073974609375
0.9735107421875
0.8587646484375
0.0
0.0
1.007080078125
0.87890625
0.99658203125
1.05413818359375
0.0
0.0
0.99908447265625
0.808349609375
0.94384765625
1.054443359375
0.0
0.0
1.11309814453125
1.15313720703125
1.25628662109375
0.94378662109375
1.10870361328125
1.13525390625
1.28118896484375
0.9185791015625
0.96966552734375
0.89813232421875
1.0546875
0.98577880859375
0.0
1.0753173828125
0.89752197265625
1.1470947265625
0.0
0.0
0.98797607421875
1.02685546875
1.09063720703125
0.96026611328125
0.9376220703125
1.07708740234375
0.95782470703125
0.0
0.0
1.0601806640625
1.1243896484375
1.0028076171875
1.1046142578125
1.0736083984375
1.02691650390625
1.12628173828125
1.00311279296875
0.95172119140625
0.8741455078125
1.09539794921875
0.92919921875
0.76092529296875
0.0
1.19549560546875
1.01678466796875
0.94964599609375
1.073486328125
1.0953369140625
1.0721435546875
0.0
0.0
0.0
0.95428466796875
0.99005126953125
0.9742431640625
0.94610595703125
1.02947998046875
1.11846923828125
1.0157470703125
0.875244140625
0.9844970703125
1.01483154296875
0.87921142578125
0.0
0.9822998046875
0.0
0.0
0.94781494140625
0.94207763671875
1.02392578125
0.92425537109375
1.16436767578125
1.02471923828125
0.8594970703125
1.11212158203125
0.0
1.09088134765625
0.9908447265625
1.1226806640625
1.13812255859375
1.08868408203125
0.90460205078125
0.0
0.0
0.99041748046875
0.9818115234375
1.10736083984375
0.93682861328125
1.03521728515625
0.0
0.90191650390625
1.00885009765625
0.86822509765625
1.0067138671875
1.037109375
1.18524169921875
0.99951171875
1.1312255859375
0.0
0.939208984375
1.0291748046875
0.962890625
1.04998779296875
0.95220947265625
1.04620361328125
1.07769775390625
0.0
0.0
1.029052734375
0.9765625
1.03924560546875
1.0560302734375
1.16900634765625
1.021484375
1.05438232421875
0.8751220703125
1.13153076171875
0.98370361328125
0.91943359375
0.94573974609375
1.0382080078125
1.05609130859375
1.0906982421875
0.86505126953125
1.07049560546875
0.9378662109375
0.911376953125
0.84375
0.98785400390625
0.965576171875
1.01922607421875
1.02142333984375
0.0
0.0
0.95501708984375
1.05914306640625
1.01214599609375
0.92803955078125
1.1884765625
0.94854736328125
1.092529296875
0.8837890625
1.03369140625
1.13958740234375
0.841552734375
1.0316162109375
0.94158935546875
1.0963134765625
0.97216796875
0.0
0.0
0.0
1.05169677734375
1.109130859375
0.97149658203125
1.0628662109375
1.02069091796875
1.10003662109375
0.88134765625
1.1307373046875
1.0955810546875
1.047119140625
0.0
1.0145263671875
1.0504150390625
0.85595703125
1.02069091796875
1.11602783203125
1.0196533203125
1.04345703125
0.82379150390625
1.193603515625
1.179443359375
0.92999267578125
0.99969482421875
1.1031494140625
1.110107421875
1.00909423828125
1.1370849609375
0.867919921875
1.03662109375
0.9432373046875
1.1441650390625
0.95233154296875
1.02081298828125
0.9451904296875
1.14813232421875
0.96722412109375
1.0213623046875
1.03717041015625
1.06085205078125
0.92462158203125
0.9573974609375
0.0
0.0
0.95330810546875
1.10101318359375
0.9024658203125
1.0914306640625
0.0
1.03875732421875
1.1519775390625
0.904296875
0.89239501953125
0.995361328125
1.00250244140625
1.02716064453125
1.07916259765625
1.07977294921875
1.0997314453125
1.14263916015625
1.0406494140625
1.11553955078125
0.94720458984375
0.95947265625
1.02618408203125
1.00091552734375
1.02606201171875
0.0
0.0
0.9439697265625
1.126953125
0.9869384765625
1.14349365234375
1.116943359375
0.85382080078125
1.03466796875
1.03363037109375
1.0430908203125
0.0
0.0
0.0
1.0745849609375
0.9569091796875
1.07977294921875
1.02264404296875
0.95892333984375
1.00238037109375
1.025634765625
0.0
0.0
0.97625732421875
0.93408203125
1.11181640625
0.91070556640625
1.0247802734375
0.9276123046875
0.9122314453125
0.89398193359375
0.9417724609375
0.92498779296875
1.06591796875
1.14666748046875
1.00640869140625
0.9515380859375
0.0
0.994384765625
1.04840087890625
0.94134521484375
1.01971435546875
1.20806884765625
1.06378173828125
0.0
0.0
1.00799560546875
1.02777099609375
0.86181640625
0.93365478515625
1.19110107421875
0.955078125
1.027099609375
0.98260498046875
1.06195068359375
0.97674560546875
0.96209716796875
1.01580810546875
0.0
1.07135009765625
0.84161376953125
1.07171630859375
1.04339599609375
0.9627685546875
1.009521484375
0.0
0.0
0.0
0.984375
0.92779541015625
1.06988525390625
0.91644287109375
1.12335205078125
0.96435546875
0.97271728515625
0.964599609375
0.99627685546875
0.94354248046875
1.22052001953125
1.29449462890625
0.81341552734375
0.91796875
1.06182861328125
1.03125
1.0299072265625
1.114501953125
1.1103515625
1.09320068359375
0.91888427734375
1.037109375
0.956298828125
0.9530029296875
1.19561767578125
0.90777587890625
0.82232666015625
0.94573974609375
1.015380859375
0.0
1.0291748046875
1.21685791015625
1.10772705078125
0.8133544921875
1.0748291015625
0.9676513671875
0.0
0.9990234375
1.044677734375
1.12982177734375
0.9234619140625
1.04425048828125
0.97650146484375
1.016357421875
1.1705322265625
0.0
1.05450439453125
0.89068603515625
0.99395751953125
1.10833740234375
1.09637451171875
0.89666748046875
1.01953125
0.92401123046875
0.78045654296875
0.8853759765625
1.0517578125
1.05535888671875
1.1407470703125
0.0
0.908447265625
0.98150634765625
1.030029296875
0.9053955078125
1.010498046875
0.964599609375
0.0
0.0
0.0
0.98907470703125
1.29986572265625
1.09051513671875
1.01629638671875
0.9970703125
0.9525146484375
1.12957763671875
1.015380859375
0.0
0.0
1.126953125
0.94061279296875
1.1802978515625
1.0010986328125
0.83428955078125
0.88092041015625
1.047119140625
1.03570556640625
0.89825439453125
1.14703369140625
0.0
1.0626220703125
0.908203125
1.1270751953125
1.05108642578125
1.05035400390625
1.01397705078125
0.8858642578125
0.98870849609375
0.928955078125
0.860595703125
0.0
0.0
0.0
0.9451904296875
0.97509765625
1.15228271484375
0.933837890625
1.01776123046875
1.21112060546875
1.087158203125
0.0
1.00885009765625
1.10296630859375
1.1041259765625
0.91650390625
1.014404296875
0.96063232421875
0.97210693359375
0.97271728515625
0.858642578125
1.01275634765625
1.068115234375
0.96063232421875
1.0628662109375
1.07568359375
0.0
0.0
0.0
0.0
1.073486328125
1.020751953125
0.9854736328125
1.060791015625
0.82269287109375
1.0770263671875
0.0
0.89239501953125
0.9556884765625
1.02984619140625
1.0767822265625
1.0308837890625
0.9508056640625
0.86834716796875
0.99578857421875
1.02886962890625
1.10101318359375
1.21234130859375
1.11669921875
0.92510986328125
1.14996337890625
1.0616455078125
1.01025390625
1.13604736328125
0.80157470703125
1.135009765625
1.11236572265625
1.0157470703125
1.0380859375
0.8994140625
1.07012939453125
0.87823486328125
1.01556396484375
1.05535888671875
0.97515869140625
1.0234375
1.09039306640625
0.80810546875
0.88531494140625
0.0
0.0
0.0
1.01513671875
0.927001953125
0.8861083984375
1.1065673828125
0.96929931640625
1.167236328125
0.0
0.0
0.89117431640625
1.17425537109375
0.9268798828125
1.03631591796875
0.9371337890625
0.95281982421875
0.97332763671875
1.0301513671875
1.05279541015625
0.8779296875
1.00439453125
0.9456787109375
1.063720703125
1.02093505859375
0.85968017578125
0.0
1.01318359375
1.04718017578125
0.94854736328125
1.0594482421875
0.94561767578125
1.023681640625
0.0
0.0
0.0
0.94720458984375
1.11895751953125
0.91015625
1.02923583984375
1.01165771484375
1.17864990234375
1.11517333984375
0.91363525390625
0.89068603515625
0.0
0.87493896484375
0.9544677734375
0.9903564453125
0.90972900390625
1.0045166015625
1.03216552734375
0.97222900390625
1.02191162109375
0.94744873046875
0.0
0.96258544921875
1.10540771484375
0.9840087890625
1.19677734375
1.0133056640625
1.1270751953125
1.00079345703125
0.0
0.0
0.79376220703125
1.11773681640625
1.0087890625
0.83746337890625
0.99212646484375
0.85260009765625
1.22137451171875
1.1815185546875
0.8748779296875
1.04718017578125
0.95501708984375
0.8978271484375
0.0
0.8626708984375
0.859130859375
0.91680908203125
1.0628662109375
0.0
0.98602294921875
1.0142822265625
0.9349365234375
1.0614013671875
0.87591552734375
1.005859375
0.85174560546875
0.991455078125
0.0
0.9217529296875
0.95269775390625
1.05792236328125
0.9677734375
1.030517578125
0.8206787109375
0.0
0.0
0.7794189453125
1.1287841796875
1.02734375
0.9017333984375
1.03204345703125
0.0
0.82525634765625
0.935791015625
1.10211181640625
0.95574951171875
1.00421142578125
0.96478271484375
1.15423583984375
0.982421875
0.93304443359375
1.031494140625
1.06591796875
0.9708251953125
0.93133544921875
1.04986572265625
1.08099365234375
0.86065673828125
0.0
0.0
0.824462890625
1.00128173828125
1.17950439453125
1.0728759765625
0.0
0.93194580078125
1.0455322265625
1.20550537109375
0.88922119140625
1.04217529296875
0.887939453125
1.03790283203125
1.0120849609375
1.0799560546875
0.0
0.822021484375
0.0
0.0
0.8055419921875
1.09686279296875
0.94488525390625
0.959228515625
0.95721435546875
0.9813232421875
0.959228515625
1.01739501953125
0.0
0.0
0.96600341796875
1.04595947265625
0.9586181640625
0.981201171875
0.0
0.0
1.06036376953125
1.0421142578125
1.1339111328125
1.12847900390625
0.0
1.08013916015625
0.88525390625
0.75787353515625
1.04217529296875
0.92645263671875
1.06219482421875
1.01678466796875
0.88800048828125
0.9366455078125
0.98876953125
1.189453125
0.9906005859375
1.1468505859375
1.03082275390625
0.98577880859375
1.17864990234375
0.9879150390625
0.9451904296875
0.93963623046875
1.028564453125
1.0908203125
1.09600830078125
0.92059326171875
0.95794677734375
0.9105224609375
1.08233642578125
1.09149169921875
0.0
0.0
0.8404541015625
1.06292724609375
1.192626953125
1.04498291015625
0.91046142578125
0.9810791015625
1.04022216796875
0.0
0.0
1.1412353515625
1.2227783203125
0.92620849609375
1.02447509765625
0.9417724609375
0.97760009765625
1.0
1.068359375
0.97344970703125
0.9891357421875
1.080322265625
0.0
1.062744140625
0.811279296875
1.11669921875
1.06182861328125
1.1256103515625
1.12481689453125
0.0
0.0
0.0
0.9476318359375
0.966796875
0.8319091796875
1.0595703125
0.9683837890625
0.90997314453125
1.04425048828125
0.0
0.0
0.89117431640625
1.10687255859375
0.90789794921875
0.95843505859375
1.00054931640625
0.0
0.8634033203125
0.96856689453125
0.84197998046875
1.10888671875
0.9393310546875
0.97625732421875
1.23101806640625
0.77459716796875
1.06634521484375
0.99835205078125
1.0032958984375
1.067138671875
1.03875732421875
0.954345703125
1.08453369140625
1.06536865234375
0.850830078125
1.15692138671875
0.99432373046875
0.830810546875
1.06207275390625
0.8538818359375
0.970947265625
0.8802490234375
0.96044921875
0.0
1.04931640625
1.02764892578125
1.0390625
0.91156005859375
0.9615478515625
0.895751953125
0.9652099609375
1.21173095703125
1.06610107421875
0.0
1.1451416015625
1.03057861328125
0.896240234375
0.8936767578125
1.0797119140625
1.09832763671875
1.01318359375
0.8927001953125
1.05242919921875
0.81549072265625
0.99609375
1.0548095703125
1.1041259765625
1.07904052734375
0.94921875
1.1171875
1.15069580078125
0.0
0.0
0.88232421875
0.8211669921875
0.97686767578125
1.1429443359375
1.0064697265625
0.9197998046875
0.9832763671875
0.0
0.0
1.0782470703125
0.9219970703125
0.929931640625
0.90985107421875
1.05450439453125
1.06866455078125
1.15863037109375
0.0
0.0
0.0
0.90289306640625
0.90399169921875
0.99700927734375
0.88653564453125
1.03424072265625
0.8948974609375
0.91949462890625
0.96990966796875
0.99359130859375
1.14141845703125
0.888671875
0.0
0.0
0.0
0.94659423828125
0.912353515625
1.07122802734375
1.095703125
0.96923828125
1.09130859375
0.95977783203125
1.0467529296875
1.0316162109375
1.19586181640625
0.92254638671875
1.02178955078125
0.0
0.0
1.09332275390625
0.82293701171875
1.14923095703125
1.00994873046875
0.9322509765625
0.999755859375
0.9359130859375
0.9808349609375
0.9691162109375
1.12237548828125
0.83074951171875
1.04034423828125
1.0875244140625
1.03533935546875
0.98651123046875
0.0
0.9334716796875
0.89910888671875
0.94439697265625
1.00885009765625
0.9969482421875
1.03369140625
1.22491455078125
0.0
0.0
0.99224853515625
1.1568603515625
1.0186767578125
