0.70806884765625
0.70806884765625
0.70806884765625
0.63250732421875
0.76568603515625
0.88134765625
0.58258056640625
0.7479248046875
0.71868896484375
0.6640625
0.85748291015625
0.78240966796875
0.74554443359375
0.6402587890625
0.7901611328125
0.810546875
0.92132568359375
0.73944091796875
0.77813720703125
0.838134765625
0.7198486328125
0.73980712890625
0.76104736328125
0.4739990234375
0.7855224609375
0.88836669921875
0.5899658203125
0.74224853515625
0.71014404296875
0.689208984375
0.82220458984375
0.8284912109375
0.668701171875
0.7955322265625
0.708251953125
0.78631591796875
0.57318115234375
0.61517333984375
0.82757568359375
0.7091064453125
0.76934814453125
0.7333984375
0.8914794921875
0.70660400390625
0.78302001953125
0.65008544921875
0.944580078125
0.7813720703125
0.869140625
0.62896728515625
0.758544921875
0.71209716796875
0.90948486328125
0.776611328125
0.8104248046875
0.6773681640625
0.64056396484375
0.7698974609375
0.58441162109375
0.70391845703125
0.8607177734375
0.64068603515625
0.92034912109375
0.6849365234375
0.89398193359375
0.77923583984375
0.88568115234375
0.74566650390625
0.74908447265625
0.8720703125
0.918212890625
0.8211669921875
1.08056640625
0.67120361328125
0.6480712890625
0.73974609375
0.7642822265625
0.729248046875
0.866943359375
0.84027099609375
0.758056640625
0.85015869140625
0.85504150390625
0.87774658203125
0.8006591796875
0.9493408203125
0.74200439453125
0.8746337890625
0.91302490234375
0.808837890625
0.8017578125
0.88409423828125
0.69378662109375
0.67840576171875
0.69122314453125
0.584228515625
0.634521484375
0.58837890625
0.7379150390625
0.69696044921875
0.6778564453125
0.8328857421875
0.554931640625
0.7763671875
0.68701171875
0.87945556640625
0.796630859375
0.8970947265625
0.72100830078125
0.71026611328125
0.8265380859375
0.81292724609375
0.87921142578125
0.7479248046875
0.80902099609375
0.89141845703125
0.89349365234375
0.68023681640625
0.6859130859375
0.77349853515625
0.78564453125
0.67437744140625
0.6292724609375
0.7037353515625
0.662353515625
0.77923583984375
0.5855712890625
0.9085693359375
0.72021484375
0.703857421875
0.7642822265625
0.680908203125
0.90478515625
0.701416015625
0.744873046875
0.770263671875
0.7012939453125
0.75048828125
0.8131103515625
0.78173828125
0.8167724609375
0.76043701171875
0.747802734375
0.60125732421875
0.7288818359375
0.802001953125
0.79571533203125
0.81658935546875
0.78173828125
0.7081298828125
0.86846923828125
0.92376708984375
0.73260498046875
0.686279296875
0.57562255859375
0.58514404296875
0.73388671875
0.8338623046875
0.87408447265625
0.80255126953125
0.83807373046875
0.65631103515625
0.85791015625
0.914794921875
0.6182861328125
0.86279296875
0.83819580078125
0.5289306640625
0.88238525390625
0.7537841796875
0.73388671875
0.739990234375
0.75604248046875
0.83148193359375
0.79779052734375
0.88140869140625
0.86529541015625
0.76605224609375
0.67083740234375
0.76953125
0.837646484375
0.8236083984375
0.95501708984375
0.77740478515625
0.6968994140625
0.8736572265625
0.7239990234375
0.7655029296875
0.759765625
0.66064453125
0.81353759765625
0.669677734375
0.77947998046875
0.722412109375
0.9217529296875
0.83892822265625
0.87615966796875
0.73980712890625
0.8797607421875
0.55706787109375
0.68402099609375
0.76123046875
0.8077392578125
0.59881591796875
0.89959716796875
0.7620849609375
0.8028564453125
0.679443359375
0.78668212890625
0.4908447265625
0.802001953125
0.9024658203125
0.78033447265625
0.7200927734375
0.931396484375
0.81103515625
0.50665283203125
1.02435302734375
0.8411865234375
0.63397216796875
0.6636962890625
0.6141357421875
0.72198486328125
0.79241943359375
0.57366943359375
0.82171630859375
0.79901123046875
0.65966796875
0.83447265625
0.751220703125
0.87347412109375
0.680419921875
0.703369140625
0.8150634765625
0.76666259765625
0.64947509765625
0.54595947265625
0.676513671875
0.7802734375
0.83782958984375
0.77105712890625
0.8101806640625
0.7083740234375
0.5855712890625
0.671630859375
0.73291015625
0.75140380859375
0.60101318359375
0.73486328125
0.81231689453125
0.98004150390625
0.875732421875
0.837890625
0.74700927734375
0.703857421875
0.8524169921875
0.62579345703125
0.76885986328125
0.5987548828125
0.6702880859375
0.659912109375
0.72113037109375
0.74139404296875
0.79559326171875
0.679931640625
0.8519287109375
0.78173828125
0.60247802734375
0.85986328125
0.7523193359375
0.6654052734375
0.82025146484375
0.8228759765625
0.8154296875
0.8609619140625
0.9176025390625
0.74920654296875
0.853759765625
0.81646728515625
0.74493408203125
0.8114013671875
0.68121337890625
0.80023193359375
0.79705810546875
0.5770263671875
0.73187255859375
0.77142333984375
0.7730712890625
0.79296875
0.609619140625
0.72198486328125
0.63720703125
0.66656494140625
0.70489501953125
0.62713623046875
0.63323974609375
0.808349609375
0.83935546875
0.69940185546875
0.8143310546875
0.84735107421875
0.571044921875
0.8409423828125
0.610107421875
0.82342529296875
0.84674072265625
0.7940673828125
0.82647705078125
0.88226318359375
0.742919921875
0.65289306640625
0.53485107421875
0.7867431640625
0.8101806640625
0.70660400390625
0.803466796875
0.7032470703125
0.52728271484375
0.67767333984375
0.74395751953125
0.83154296875
0.773681640625
0.760009765625
0.72369384765625
0.80078125
0.79541015625
0.7535400390625
0.62896728515625
0.625
0.783935546875
0.7738037109375
0.69842529296875
0.85693359375
0.71478271484375
0.79827880859375
0.73883056640625
0.67889404296875
0.9027099609375
0.78515625
0.72314453125
0.53411865234375
0.77001953125
0.7969970703125
0.6851806640625
0.71820068359375
0.5986328125
0.73223876953125
0.79425048828125
0.79705810546875
0.6014404296875
0.83172607421875
0.819580078125
0.90924072265625
0.73956298828125
0.67694091796875
0.8360595703125
0.76556396484375
0.869140625
0.7440185546875
0.63507080078125
0.848876953125
0.62640380859375
0.7205810546875
0.7022705078125
0.7601318359375
0.84130859375
0.7412109375
0.86358642578125
0.890869140625
0.84405517578125
0.731689453125
0.724609375
0.77020263671875
0.8204345703125
0.8699951171875
0.8406982421875
0.81488037109375
0.79754638671875
0.86077880859375
0.699462890625
0.7354736328125
0.685302734375
0.853271484375
0.6727294921875
0.75482177734375
0.7994384765625
0.69219970703125
0.6849365234375
0.9051513671875
0.850830078125
0.71453857421875
0.7568359375
0.6236572265625
0.84228515625
0.84808349609375
0.84942626953125
0.829833984375
0.68017578125
0.68603515625
0.77276611328125
0.7874755859375
0.732177734375
0.64959716796875
0.72125244140625
0.70086669921875
0.75128173828125
0.601318359375
0.7337646484375
0.79278564453125
0.64739990234375
0.68115234375
0.789794921875
0.69012451171875
0.81988525390625
0.67742919921875
0.722412109375
0.73333740234375
0.8619384765625
0.81109619140625
0.76507568359375
0.8673095703125
0.7177734375
0.80859375
0.84283447265625
0.8045654296875
0.863525390625
0.78082275390625
0.73809814453125
0.66473388671875
0.5877685546875
0.76092529296875
0.75347900390625
0.7630615234375
0.9404296875
0.91424560546875
0.76483154296875
0.83990478515625
0.90765380859375
0.74652099609375
0.78167724609375
0.7071533203125
0.77508544921875
0.91485595703125
0.71319580078125
0.8287353515625
0.78857421875
0.8099365234375
0.857666015625
0.56402587890625
0.7724609375
0.6929931640625
0.7152099609375
0.70440673828125
0.83612060546875
0.83270263671875
0.843505859375
0.84063720703125
0.77264404296875
0.70794677734375
0.8363037109375
0.7388916015625
0.7578125
0.771728515625
0.73577880859375
0.74072265625
0.88311767578125
0.69830322265625
0.73272705078125
0.72039794921875
0.77630615234375
0.658203125
0.74005126953125
0.6895751953125
0.6329345703125
0.77557373046875
0.792724609375
0.803955078125
0.57415771484375
0.62896728515625
0.71282958984375
0.93585205078125
0.86236572265625
0.758056640625
0.89312744140625
0.8922119140625
0.75103759765625
0.7154541015625
0.70263671875
0.658447265625
0.76971435546875
0.74310302734375
0.89129638671875
0.81805419921875
0.8770751953125
0.72076416015625
0.71661376953125
0.71990966796875
0.755126953125
0.67242431640625
0.78582763671875
0.99456787109375
0.60345458984375
0.67822265625
0.7481689453125
0.89349365234375
0.69268798828125
0.8135986328125
0.67828369140625
0.8792724609375
0.9835205078125
0.845947265625
0.84381103515625
0.91583251953125
0.754638671875
0.79345703125
0.58197021484375
0.69366455078125
0.87176513671875
0.72540283203125
0.84783935546875
0.70281982421875
0.80242919921875
0.8798828125
0.822998046875
0.70428466796875
0.72918701171875
0.74127197265625
0.9422607421875
0.56683349609375
0.74224853515625
0.87982177734375
0.64593505859375
0.70062255859375
0.6666259765625
0.5511474609375
0.8095703125
0.754638671875
0.7236328125
0.85443115234375
0.63336181640625
0.74609375
0.781494140625
0.5523681640625
0.6824951171875
0.9429931640625
0.672607421875
0.8294677734375
0.65087890625
0.6055908203125
0.71453857421875
0.770263671875
0.700439453125
0.7603759765625
0.81951904296875
0.6004638671875
0.68603515625
0.7222900390625
0.90008544921875
0.76971435546875
0.7584228515625
0.7567138671875
0.73907470703125
0.853515625
0.705810546875
0.7998046875
0.6524658203125
0.67144775390625
0.75201416015625
0.83770751953125
0.82598876953125
0.721435546875
0.85357666015625
0.82012939453125
0.7298583984375
0.7132568359375
0.92108154296875
0.7109375
0.7115478515625
0.54901123046875
0.8739013671875
0.8011474609375
0.6512451171875
0.68243408203125
0.78741455078125
0.79718017578125
0.796142578125
0.60418701171875
0.7301025390625
0.70526123046875
0.7841796875
0.73040771484375
0.76617431640625
0.6790771484375
0.759765625
0.7435302734375
0.58563232421875
0.66058349609375
0.675048828125
0.7432861328125
0.7373046875
0.7752685546875
0.94915771484375
0.69366455078125
0.71722412109375
0.62652587890625
0.65167236328125
0.7698974609375
0.67364501953125
0.75567626953125
0.69610595703125
0.758056640625
0.7364501953125
0.7618408203125
0.6964111328125
0.64825439453125
0.646484375
0.61419677734375
0.78692626953125
0.7447509765625
0.83380126953125
0.84564208984375
0.8001708984375
0.896240234375
0.8212890625
0.79437255859375
0.725830078125
0.8194580078125
0.81500244140625
0.75390625
0.83782958984375
0.75677490234375
0.823486328125
0.75860595703125
0.7945556640625
0.71221923828125
0.79925537109375
0.72003173828125
0.82708740234375
0.9666748046875
0.71636962890625
0.84307861328125
0.8253173828125
0.57061767578125
0.4371337890625
0.6712646484375
0.6201171875
0.66510009765625
0.665771484375
0.6322021484375
0.74237060546875
0.607421875
0.68170166015625
0.6898193359375
0.79998779296875
0.68267822265625
0.72955322265625
0.73712158203125
0.72271728515625
0.8001708984375
0.9046630859375
0.7108154296875
0.717041015625
0.7584228515625
0.6732177734375
0.8831787109375
0.6175537109375
0.85394287109375
0.65679931640625
0.8294677734375
0.66168212890625
0.8048095703125
0.66705322265625
0.73260498046875
0.65771484375
0.86285400390625
0.79937744140625
0.712158203125
0.77630615234375
0.86151123046875
0.8507080078125
0.72320556640625
0.88232421875
0.6756591796875
0.7337646484375
0.7672119140625
0.84869384765625
0.808837890625
0.69183349609375
0.81396484375
0.7362060546875
0.87408447265625
0.601806640625
0.69775390625
0.603759765625
0.8125
0.8931884765625
0.691162109375
0.600341796875
0.78265380859375
0.83343505859375
0.982177734375
0.695556640625
0.75201416015625
0.6968994140625
0.83233642578125
0.77923583984375
0.7760009765625
0.73541259765625
0.6771240234375
0.55712890625
0.8328857421875
0.64495849609375
0.62493896484375
0.54412841796875
0.7967529296875
0.84844970703125
0.9345703125
0.59564208984375
0.65411376953125
0.91339111328125
0.8182373046875
0.71575927734375
0.77349853515625
0.925048828125
0.6163330078125
0.835693359375
0.617431640625
0.89013671875
0.8978271484375
0.71868896484375
0.692138671875
0.83514404296875
0.73272705078125
0.843505859375
0.72637939453125
0.821533203125
0.931640625
0.76373291015625
0.7174072265625
0.6094970703125
0.8343505859375
0.7052001953125
0.71783447265625
0.8446044921875
0.80615234375
0.83154296875
0.69134521484375
0.84881591796875
0.735595703125
0.873046875
0.785400390625
0.7525634765625
0.80743408203125
0.6829833984375
0.79248046875
0.829833984375
0.79705810546875
0.6844482421875
0.80926513671875
0.77899169921875
0.86700439453125
0.67498779296875
0.8070068359375
0.71636962890625
0.63482666015625
0.77984619140625
0.73162841796875
0.728759765625
0.77392578125
0.82122802734375
0.6318359375
0.7542724609375
0.77716064453125
0.8292236328125
0.85589599609375
0.793701171875
0.79852294921875
0.85382080078125
0.826416015625
0.71435546875
0.8035888671875
0.843017578125
0.73736572265625
0.7529296875
0.6495361328125
0.64410400390625
0.7755126953125
0.65289306640625
0.90692138671875
0.84576416015625
0.75775146484375
0.82720947265625
0.7548828125
0.75018310546875
0.7908935546875
0.77001953125
0.82330322265625
0.9217529296875
0.71514892578125
0.7635498046875
0.71942138671875
0.7889404296875
0.61700439453125
0.72064208984375
0.773193359375
0.79248046875
0.80224609375
0.71453857421875
1.00299072265625
0.741943359375
0.746337890625
0.71820068359375
0.6475830078125
0.69781494140625
0.72894287109375
0.67767333984375
0.72259521484375
0.82403564453125
0.85882568359375
0.66278076171875
0.69732666015625
0.875
0.64068603515625
0.66064453125
0.8388671875
0.67388916015625
0.6380615234375
0.86077880859375
0.8197021484375
0.74359130859375
0.794189453125
0.83984375
0.59075927734375
0.67254638671875
0.7781982421875
0.7249755859375
0.74359130859375
0.77667236328125
0.626953125
0.56787109375
0.62158203125
0.80462646484375
0.66265869140625
0.74609375
0.5675048828125
0.7213134765625
0.70086669921875
0.926025390625
0.7650146484375
0.87457275390625
0.8524169921875
0.67230224609375
0.8294677734375
0.89886474609375
0.64605712890625
0.777587890625
0.56536865234375
0.5458984375
0.7296142578125
0.83636474609375
0.64678955078125
1.039306640625
0.77166748046875
0.6654052734375
0.73406982421875
0.61279296875
0.81365966796875
0.85980224609375
0.6661376953125
0.725341796875
0.62841796875
0.7933349609375
0.62799072265625
0.79718017578125
0.62786865234375
0.79730224609375
0.693603515625
0.73748779296875
0.7005615234375
0.7119140625
0.6817626953125
0.80438232421875
0.72760009765625
0.77069091796875
0.7667236328125
0.7208251953125
0.767822265625
0.63714599609375
0.81121826171875
0.8060302734375
0.6988525390625
0.757568359375
0.8084716796875
0.9375
0.703857421875
0.75933837890625
0.65283203125
0.70611572265625
0.89208984375
0.7720947265625
0.818603515625
0.6925048828125
0.72491455078125
0.7314453125
0.6783447265625
0.8936767578125
0.73712158203125
0.91998291015625
0.69287109375
0.72119140625
0.74945068359375
0.65362548828125
0.864990234375
0.83245849609375
0.660888671875
0.70916748046875
0.7376708984375
0.93841552734375
0.761474609375
0.75408935546875
0.67950439453125
0.88458251953125
0.7843017578125
0.67803955078125
0.8338623046875
0.71832275390625
0.72760009765625
0.80438232421875
0.79071044921875
0.74688720703125
0.79107666015625
0.7747802734375
0.77593994140625
0.6744384765625
0.8116455078125
0.71832275390625
0.63165283203125
0.77294921875
0.716064453125
0.80072021484375
0.69415283203125
0.6619873046875
0.74737548828125
0.743408203125
0.6705322265625
0.65997314453125
0.85968017578125
0.91265869140625
0.8262939453125
0.796875
0.8013916015625
0.73028564453125
0.84246826171875
0.8192138671875
0.58599853515625
0.815185546875
0.749755859375
0.768798828125
0.62158203125
0.65289306640625
0.6529541015625
0.78961181640625
0.6634521484375
0.85614013671875
0.84912109375
0.957763671875
0.7618408203125
0.6868896484375
0.72845458984375
0.86273193359375
0.8538818359375
0.87103271484375
0.67352294921875
0.724365234375
0.80950927734375
0.75946044921875
0.60711669921875
0.81463623046875
0.86669921875
0.7130126953125
0.57257080078125
0.86651611328125
0.657470703125
0.77691650390625
0.674560546875
0.73553466796875
0.7724609375
0.8184814453125
0.93121337890625
0.516845703125
0.871337890625
0.71490478515625
0.8558349609375
0.89306640625
0.62554931640625
0.90838623046875
0.75225830078125
0.84490966796875
0.82318115234375
0.668212890625
