0.5830078125
0.5830078125
0.5830078125
0.5830078125
0.5587158203125
0.734619140625
0.69244384765625
0.55615234375
0.68182373046875
0.668212890625
0.61224365234375
0.640380859375
0.804443359375
0.7689208984375
0.57763671875
0.7264404296875
0.67529296875
0.69891357421875
0.0
0.649169921875
0.61297607421875
0.71307373046875
0.60791015625
0.70599365234375
0.0
0.0
0.0
0.0
0.0
0.63031005859375
0.7127685546875
0.65545654296875
0.0
0.0
0.69482421875
0.49444580078125
0.4610595703125
0.63177490234375
0.0
0.0
0.64984130859375
0.51934814453125
0.57452392578125
0.75299072265625
0.69873046875
0.0
0.0
0.7293701171875
0.857177734375
0.66082763671875
0.6256103515625
0.0
0.746826171875
0.620849609375
0.56549072265625
0.60400390625
0.51055908203125
0.67596435546875
0.0
0.86749267578125
0.535888671875
0.70672607421875
0.8115234375
0.63775634765625
0.73431396484375
0.652099609375
0.77392578125
0.53143310546875
0.51385498046875
0.0
0.0
0.65399169921875
0.61053466796875
0.745361328125
0.56793212890625
0.6226806640625
0.79852294921875
0.61944580078125
0.730712890625
0.63995361328125
0.65985107421875
0.7381591796875
0.0
0.0
0.58917236328125
0.80523681640625
0.86065673828125
0.65631103515625
0.48150634765625
0.46612548828125
0.58135986328125
0.61334228515625
0.71710205078125
0.5640869140625
0.730224609375
0.6719970703125
0.5369873046875
0.5892333984375
0.0
0.0
0.72174072265625
0.6826171875
0.58319091796875
0.55426025390625
0.58880615234375
0.67620849609375
0.0
0.65289306640625
0.5972900390625
0.7161865234375
0.76312255859375
0.6246337890625
0.75274658203125
0.682373046875
0.5799560546875
0.646484375
0.57208251953125
0.6749267578125
0.6177978515625
0.74932861328125
0.77886962890625
0.55279541015625
0.6126708984375
0.0
0.0
0.68328857421875
0.57904052734375
0.56903076171875
0.0
0.655029296875
0.46441650390625
0.61041259765625
0.738525390625
0.69451904296875
0.64898681640625
0.726318359375
0.49212646484375
0.79998779296875
0.0
0.0
0.0
0.72918701171875
0.5040283203125
0.62030029296875
0.75897216796875
0.51251220703125
0.66534423828125
0.57598876953125
0.80401611328125
0.66766357421875
0.50921630859375
0.0
0.0
0.0
0.0
0.69049072265625
0.73211669921875
0.6048583984375
0.60565185546875
0.64971923828125
0.60443115234375
0.55126953125
0.61846923828125
0.61187744140625
0.0
0.8778076171875
0.509521484375
0.56219482421875
0.6163330078125
0.5308837890625
0.615966796875
0.6578369140625
0.68951416015625
0.0
0.48382568359375
0.48785400390625
0.6483154296875
0.46502685546875
0.740234375
0.5848388671875
0.56048583984375
0.57147216796875
0.6220703125
0.64825439453125
0.0
0.0
0.58245849609375
0.70867919921875
0.0
0.799560546875
0.69439697265625
0.6368408203125
0.633544921875
0.73565673828125
0.60137939453125
0.58685302734375
0.63275146484375
0.76165771484375
0.6553955078125
0.636962890625
0.666015625
0.666748046875
0.706787109375
0.56036376953125
0.50970458984375
0.5721435546875
0.67596435546875
0.58392333984375
0.0
0.0
0.7181396484375
0.61175537109375
0.65338134765625
0.58612060546875
0.0
0.0
0.7733154296875
0.64996337890625
0.574462890625
0.6451416015625
0.63543701171875
0.7318115234375
0.72027587890625
0.8580322265625
0.0
0.646728515625
0.5931396484375
0.76361083984375
0.51202392578125
0.8060302734375
0.60699462890625
0.5030517578125
0.72637939453125
0.51666259765625
0.72796630859375
0.92120361328125
0.646728515625
0.6922607421875
0.7913818359375
0.622314453125
0.6314697265625
0.77008056640625
0.68865966796875
0.68524169921875
0.60113525390625
0.71710205078125
0.6485595703125
1.0118408203125
0.5662841796875
0.5516357421875
0.617919921875
0.43316650390625
0.64581298828125
0.65869140625
0.8251953125
0.62725830078125
0.5938720703125
0.79412841796875
0.48291015625
0.67919921875
0.54107666015625
0.65643310546875
0.66339111328125
0.56793212890625
0.679443359375
0.66204833984375
0.7125244140625
0.63604736328125
0.694580078125
0.8079833984375
0.61334228515625
0.644287109375
0.7587890625
0.696044921875
0.43902587890625
0.64093017578125
0.63348388671875
0.71051025390625
0.64398193359375
0.78216552734375
0.62713623046875
0.83843994140625
0.71551513671875
0.667236328125
0.7149658203125
0.59527587890625
0.0
0.0
0.59307861328125
0.56243896484375
0.59161376953125
0.640869140625
0.72259521484375
0.655517578125
0.548828125
0.74151611328125
0.72735595703125
0.67047119140625
0.7515869140625
0.7177734375
0.0
0.696044921875
0.72589111328125
0.78961181640625
0.6805419921875
0.5936279296875
0.56585693359375
0.60675048828125
0.46746826171875
0.0
0.0
0.0
0.671142578125
0.62823486328125
0.57244873046875
0.71527099609375
0.6279296875
0.5169677734375
0.0
0.0
0.6011962890625
0.6353759765625
0.76226806640625
0.53948974609375
0.0
0.0
0.0
0.0
0.0
0.0
0.550537109375
0.7635498046875
0.67364501953125
0.57086181640625
0.620849609375
0.7125244140625
0.56658935546875
0.60174560546875
0.73834228515625
0.61614990234375
0.75079345703125
0.7767333984375
0.0
0.0
0.58349609375
0.56707763671875
0.7015380859375
0.62091064453125
0.60552978515625
0.0
0.73175048828125
0.77056884765625
0.65185546875
0.80206298828125
0.60260009765625
0.71917724609375
0.6932373046875
0.66619873046875
0.0
0.0
0.60186767578125
0.58624267578125
0.729248046875
0.5263671875
0.72247314453125
0.64923095703125
0.71173095703125
0.61322021484375
0.455322265625
0.7193603515625
0.58953857421875
0.0
0.0
0.4998779296875
0.61297607421875
0.49029541015625
0.762939453125
0.681396484375
0.67218017578125
0.63873291015625
0.48504638671875
0.70391845703125
0.6246337890625
0.0
0.8199462890625
0.64471435546875
0.6514892578125
0.74261474609375
0.6837158203125
0.6885986328125
0.83111572265625
0.75250244140625
0.59881591796875
0.8001708984375
0.66912841796875
0.7156982421875
0.72802734375
0.66290283203125
0.739990234375
0.60821533203125
0.81463623046875
0.6766357421875
0.57818603515625
0.59063720703125
0.63995361328125
0.65625
0.71380615234375
0.71539306640625
0.793701171875
0.57403564453125
0.7713623046875
0.0
0.61737060546875
0.7701416015625
0.671875
0.575927734375
0.71661376953125
0.0
0.0
0.0
0.57183837890625
0.52789306640625
0.60809326171875
0.74639892578125
0.86627197265625
0.6473388671875
0.8162841796875
0.6324462890625
0.69757080078125
0.90997314453125
0.0
0.725830078125
0.6038818359375
0.70184326171875
0.6717529296875
0.59912109375
0.750244140625
0.0
0.62164306640625
0.78778076171875
0.6370849609375
0.0
0.6988525390625
0.62359619140625
0.791748046875
0.69854736328125
0.63397216796875
0.62823486328125
0.77789306640625
0.75677490234375
0.67816162109375
0.761474609375
0.5804443359375
0.7216796875
0.66009521484375
0.6243896484375
0.46258544921875
0.68572998046875
0.693603515625
0.52972412109375
0.0
0.6669921875
0.4613037109375
0.69451904296875
0.5994873046875
0.60504150390625
0.82818603515625
0.6591796875
0.60003662109375
0.66107177734375
0.42535400390625
0.68560791015625
0.5885009765625
0.53717041015625
0.62689208984375
0.727783203125
0.0
0.0
0.6868896484375
0.7264404296875
0.63031005859375
0.493408203125
0.6015625
0.73431396484375
0.611328125
0.60345458984375
0.0
0.8154296875
0.62762451171875
0.62298583984375
0.73248291015625
0.73626708984375
0.65606689453125
0.5906982421875
0.76165771484375
0.68072509765625
0.58905029296875
0.4576416015625
0.7430419921875
0.0
0.0
0.0
0.0
0.7073974609375
0.56500244140625
0.6231689453125
0.6085205078125
0.54449462890625
0.5733642578125
0.48095703125
0.0
0.5718994140625
0.4532470703125
0.56243896484375
0.824951171875
0.71173095703125
0.6741943359375
0.73236083984375
0.0
0.0
0.6495361328125
0.61468505859375
0.59197998046875
0.49737548828125
0.51739501953125
0.6495361328125
0.68170166015625
0.63623046875
0.49554443359375
0.56646728515625
0.53826904296875
0.0
0.0
0.6689453125
0.611083984375
0.48968505859375
0.57568359375
0.62042236328125
0.0
0.7442626953125
0.5673828125
0.6334228515625
0.564208984375
0.58154296875
0.7210693359375
0.7967529296875
0.0
0.0
0.0
0.0
0.0
0.5167236328125
0.7296142578125
0.0
0.47930908203125
0.61700439453125
0.0
0.81915283203125
0.6160888671875
0.53643798828125
0.81805419921875
0.421142578125
0.6187744140625
0.71563720703125
0.60345458984375
0.55096435546875
0.50958251953125
0.5030517578125
0.7333984375
0.0
0.54254150390625
0.69281005859375
0.75421142578125
0.60186767578125
0.76812744140625
0.63409423828125
0.59771728515625
0.599365234375
0.0
0.0
0.70361328125
0.76220703125
0.6297607421875
0.63775634765625
0.64068603515625
0.7117919921875
0.6207275390625
0.630615234375
0.73779296875
0.66009521484375
0.68731689453125
0.67059326171875
0.663818359375
0.67578125
0.0
0.71466064453125
0.5223388671875
0.68524169921875
0.6690673828125
0.64306640625
0.73626708984375
0.71917724609375
0.0
0.60400390625
0.77008056640625
0.63458251953125
0.839111328125
0.54669189453125
0.0
0.6934814453125
0.71942138671875
0.70916748046875
0.61114501953125
0.7237548828125
0.0
0.0
0.0
0.0
0.0
0.73016357421875
0.72576904296875
0.71258544921875
0.74969482421875
0.56011962890625
0.0
0.0
0.40411376953125
0.71453857421875
0.6966552734375
0.6685791015625
0.69171142578125
0.539306640625
0.619140625
0.5546875
0.0
0.63446044921875
0.5909423828125
0.48455810546875
0.77410888671875
0.6365966796875
0.69573974609375
0.606201171875
0.0
0.755615234375
0.701171875
0.55841064453125
0.5858154296875
0.59326171875
0.0
0.0
0.7060546875
0.6480712890625
0.7601318359375
0.842529296875
0.610107421875
0.68609619140625
0.0
0.0
0.6636962890625
0.59014892578125
0.6728515625
0.727783203125
0.7796630859375
0.62335205078125
0.72418212890625
0.68402099609375
0.61053466796875
0.559326171875
0.749267578125
0.71356201171875
0.79132080078125
0.0
0.67645263671875
0.526123046875
0.61383056640625
0.64794921875
0.6549072265625
0.77093505859375
0.54052734375
0.56414794921875
0.65447998046875
0.0
0.0
0.60247802734375
0.849853515625
0.716796875
0.55633544921875
0.6163330078125
0.5299072265625
0.0
0.82647705078125
0.488525390625
0.64154052734375
0.7613525390625
0.7989501953125
0.7369384765625
0.6785888671875
0.57696533203125
0.0
0.64874267578125
0.669189453125
0.56817626953125
0.6226806640625
0.72454833984375
0.71026611328125
0.636962890625
0.82672119140625
0.648681640625
0.66217041015625
0.650390625
0.56365966796875
0.69451904296875
0.633544921875
0.6439208984375
0.589599609375
0.799072265625
0.0
0.7181396484375
0.63787841796875
0.5421142578125
0.51153564453125
0.68743896484375
0.63409423828125
0.6064453125
0.5791015625
0.61572265625
0.5972900390625
0.56231689453125
0.71795654296875
0.63189697265625
0.6724853515625
0.5697021484375
0.553955078125
0.771484375
0.71783447265625
0.6492919921875
0.0
0.6949462890625
0.64654541015625
0.6964111328125
0.532958984375
0.73760986328125
0.71783447265625
0.69671630859375
0.60614013671875
0.0
0.0
0.57568359375
0.547607421875
0.64971923828125
0.5413818359375
0.61468505859375
0.67352294921875
0.53997802734375
0.68804931640625
0.732666015625
0.654052734375
0.7708740234375
0.73992919921875
0.74688720703125
0.57275390625
0.769287109375
0.5242919921875
0.6112060546875
0.68768310546875
0.0
0.0
0.593994140625
0.63525390625
0.56903076171875
0.7406005859375
0.857666015625
0.82818603515625
0.0
0.63616943359375
0.6455078125
0.5662841796875
0.64947509765625
0.60589599609375
0.0
0.0
0.62127685546875
0.62554931640625
0.803955078125
0.6507568359375
0.5906982421875
0.749267578125
0.52581787109375
0.6719970703125
0.751953125
0.60272216796875
0.5592041015625
0.0
0.71234130859375
0.6689453125
0.70416259765625
0.5701904296875
0.5594482421875
0.802734375
0.5048828125
0.63092041015625
0.658203125
0.52935791015625
0.7398681640625
0.59912109375
0.62457275390625
0.63189697265625
0.0
0.0
0.6102294921875
0.668701171875
0.513916015625
0.72760009765625
0.64935302734375
0.67755126953125
0.56109619140625
0.0
0.71820068359375
0.5673828125
0.6669921875
0.50921630859375
0.7286376953125
0.64349365234375
0.48590087890625
0.55010986328125
0.58599853515625
0.706298828125
0.0
0.43804931640625
0.61334228515625
0.63311767578125
0.66180419921875
0.62066650390625
0.75128173828125
0.71942138671875
0.63458251953125
0.53497314453125
0.49920654296875
0.58294677734375
0.70257568359375
0.49908447265625
0.6383056640625
0.598388671875
0.60107421875
0.6239013671875
0.49658203125
0.75189208984375
0.5084228515625
0.6485595703125
0.0
0.76080322265625
0.62060546875
0.70220947265625
0.57147216796875
0.0
0.46746826171875
0.6112060546875
0.65740966796875
0.65130615234375
0.780517578125
0.5692138671875
0.59014892578125
0.70465087890625
0.0
0.0
0.71026611328125
0.6190185546875
0.7530517578125
0.0
0.0
0.0
0.0
0.71978759765625
0.0
0.0
0.54803466796875
0.70281982421875
0.688232421875
0.0
0.5504150390625
0.52764892578125
0.61431884765625
0.545166015625
0.58984375
0.6593017578125
0.6749267578125
0.58544921875
0.56951904296875
0.62841796875
0.50048828125
0.6539306640625
0.46917724609375
0.0
0.5584716796875
0.68890380859375
0.49969482421875
0.593017578125
0.6741943359375
0.8087158203125
0.952880859375
0.5333251953125
0.67413330078125
0.73663330078125
0.711181640625
0.8154296875
0.58575439453125
0.82537841796875
0.67376708984375
0.67266845703125
0.69671630859375
0.6256103515625
0.54022216796875
0.62347412109375
0.64520263671875
0.0
0.6259765625
0.55181884765625
0.6859130859375
0.7071533203125
0.63031005859375
0.0
0.0
0.53265380859375
0.636474609375
0.5814208984375
0.74090576171875
0.51873779296875
0.63818359375
0.0
0.6959228515625
0.7208251953125
0.65789794921875
0.69140625
0.40570068359375
0.712158203125
0.760498046875
0.0
0.0
0.52728271484375
0.9364013671875
0.65582275390625
0.71173095703125
0.50213623046875
0.0
0.0
0.0
0.587890625
0.82635498046875
0.7257080078125
0.710693359375
0.7724609375
0.640380859375
0.0
0.60028076171875
0.55853271484375
0.6544189453125
0.63092041015625
0.71356201171875
0.56591796875
0.4705810546875
0.84234619140625
0.6446533203125
0.0
0.0
0.59405517578125
0.71429443359375
0.69390869140625
0.493408203125
0.60491943359375
0.634033203125
0.0
0.7137451171875
0.63690185546875
0.7286376953125
0.67193603515625
0.0
0.80023193359375
0.680419921875
0.9364013671875
0.65478515625
0.6556396484375
0.68084716796875
0.732666015625
0.0
0.0
0.0
0.676025390625
0.49737548828125
0.62701416015625
0.71136474609375
0.639892578125
0.52294921875
0.634521484375
0.61602783203125
0.7440185546875
0.78509521484375
0.591796875
0.4910888671875
0.70245361328125
