0.0
0.951904296875
0.951904296875
1.1414794921875
0.0
0.0
1.012451171875
1.01385498046875
0.0
1.0853271484375
1.01666259765625
0.88580322265625
0.0
0.9349365234375
0.8720703125
1.16552734375
1.1165771484375
1.03302001953125
0.0
0.0
1.0250244140625
1.0853271484375
1.1951904296875
0.9000244140625
1.0101318359375
0.97308349609375
0.93792724609375
1.1517333984375
1.1334228515625
1.17633056640625
0.0
0.0
0.94720458984375
1.0303955078125
0.99334716796875
1.15185546875
1.12249755859375
1.04815673828125
0.0
0.0
0.0
0.0
1.194580078125
1.02520751953125
0.982421875
0.924560546875
0.9764404296875
1.193603515625
1.25616455078125
0.89306640625
1.10906982421875
1.12005615234375
1.06072998046875
1.1302490234375
0.0
0.0
0.0
1.02764892578125
1.10296630859375
0.8729248046875
1.0780029296875
1.1055908203125
0.96112060546875
0.91204833984375
1.05950927734375
0.0
0.0
1.32818603515625
1.040771484375
0.86907958984375
1.17822265625
1.124267578125
0.9300537109375
0.0
1.13702392578125
1.134765625
1.07843017578125
0.0
0.96734619140625
0.9937744140625
1.03778076171875
1.0992431640625
1.0704345703125
1.10791015625
1.07098388671875
0.962158203125
0.0
0.0
0.0
1.0316162109375
1.1314697265625
0.91790771484375
0.9586181640625
1.1295166015625
0.97216796875
0.9744873046875
0.929931640625
0.82562255859375
0.994140625
0.0
0.0
1.145263671875
1.09002685546875
1.05413818359375
1.0784912109375
0.0
1.06500244140625
1.2080078125
1.0306396484375
1.09271240234375
0.97711181640625
1.12030029296875
0.0
1.105224609375
1.01385498046875
1.1611328125
1.0045166015625
0.91015625
1.16217041015625
1.0103759765625
0.0
0.0
0.0
0.91290283203125
1.02911376953125
1.17913818359375
1.08447265625
0.99603271484375
1.0452880859375
0.0
0.0
0.0
0.0
1.008544921875
1.01849365234375
1.3162841796875
1.08868408203125
0.9373779296875
1.13934326171875
1.1197509765625
1.07464599609375
0.8233642578125
1.04791259765625
0.9930419921875
1.2462158203125
0.9735107421875
0.89154052734375
1.0745849609375
1.140625
1.09686279296875
1.07122802734375
1.19219970703125
1.200439453125
1.02880859375
1.0965576171875
1.11627197265625
1.11419677734375
1.17144775390625
0.0
0.94482421875
0.89410400390625
0.9537353515625
0.934326171875
1.00054931640625
0.0
0.0
0.93292236328125
0.96136474609375
1.0809326171875
0.98468017578125
0.9166259765625
0.88873291015625
1.03057861328125
1.01837158203125
0.94586181640625
0.87200927734375
0.94610595703125
0.0
0.0
0.99285888671875
1.02947998046875
1.2452392578125
0.873046875
1.081298828125
1.0526123046875
1.16009521484375
0.0
0.92822265625
1.02496337890625
1.07012939453125
1.18804931640625
1.09576416015625
0.976806640625
0.0
0.0
0.9644775390625
1.1077880859375
1.13189697265625
1.130859375
1.0908203125
1.10137939453125
0.97515869140625
0.0
0.0
0.0
1.00390625
0.9898681640625
1.00494384765625
1.0133056640625
1.1707763671875
0.0
0.0
1.0672607421875
0.9210205078125
1.12109375
0.9879150390625
0.85943603515625
1.09417724609375
1.0738525390625
0.9984130859375
0.98956298828125
0.9146728515625
1.09039306640625
0.93426513671875
0.0
0.9483642578125
1.0855712890625
1.00543212890625
0.0
1.05889892578125
0.87176513671875
1.03961181640625
1.05877685546875
1.006103515625
1.04071044921875
1.01702880859375
0.0
0.97955322265625
1.0540771484375
0.91436767578125
0.87567138671875
1.00653076171875
1.12030029296875
0.0
1.06939697265625
1.1212158203125
0.0
0.98663330078125
0.90411376953125
1.135498046875
1.0087890625
1.07086181640625
1.0526123046875
0.96856689453125
0.0
0.0
0.0
1.0511474609375
1.00250244140625
1.087158203125
0.93536376953125
1.05950927734375
1.0570068359375
1.15374755859375
0.0
0.93621826171875
0.951171875
1.09552001953125
1.052001953125
1.00531005859375
1.013916015625
0.0
1.06036376953125
1.00421142578125
0.85968017578125
1.2047119140625
0.98284912109375
1.07379150390625
0.0
0.0
1.0072021484375
1.0098876953125
1.0108642578125
0.90765380859375
1.0894775390625
0.0
0.0
0.968017578125
0.9207763671875
1.0467529296875
1.1767578125
0.8861083984375
1.02734375
0.0
0.0
1.003662109375
1.06829833984375
1.12640380859375
1.1614990234375
1.05169677734375
0.94500732421875
1.02825927734375
1.0155029296875
0.9503173828125
1.12725830078125
1.0478515625
0.89715576171875
0.91632080078125
1.01446533203125
0.0
0.0
0.9075927734375
1.08203125
1.1951904296875
0.9300537109375
1.00201416015625
0.0
0.9541015625
0.91461181640625
0.91259765625
0.94927978515625
0.9337158203125
1.08221435546875
0.9696044921875
0.0
1.07061767578125
1.10894775390625
1.08648681640625
1.0374755859375
1.1363525390625
1.03619384765625
1.057373046875
0.98785400390625
0.9942626953125
0.9998779296875
1.04119873046875
0.0
1.22772216796875
1.013916015625
0.996337890625
1.24029541015625
1.0928955078125
1.0047607421875
0.86859130859375
0.89068603515625
1.0120849609375
1.2142333984375
1.0693359375
1.23785400390625
0.0
0.0
0.0
1.1280517578125
0.99847412109375
0.9456787109375
1.0887451171875
0.893798828125
1.287109375
1.07476806640625
0.0
0.0
0.0
1.15740966796875
0.95684814453125
0.97705078125
0.95465087890625
0.81976318359375
1.01434326171875
1.02093505859375
1.14056396484375
1.0941162109375
0.9991455078125
1.03533935546875
1.125
1.06353759765625
1.1585693359375
1.0992431640625
1.17584228515625
0.0
0.0
0.0
0.0
1.25469970703125
1.126953125
0.9022216796875
1.07598876953125
1.06915283203125
1.05780029296875
0.0
0.0
0.0
1.2396240234375
0.95989990234375
1.10540771484375
1.21826171875
1.2037353515625
0.98248291015625
0.96783447265625
1.0946044921875
0.0
0.9866943359375
1.03070068359375
0.94561767578125
1.0572509765625
0.89093017578125
0.93707275390625
0.99652099609375
0.0
0.9931640625
1.19964599609375
1.27789306640625
0.90399169921875
0.982666015625
1.051025390625
0.99542236328125
0.0
0.0
0.0
0.86712646484375
1.02972412109375
1.06884765625
1.283203125
0.89044189453125
0.0
1.16693115234375
1.0189208984375
1.03955078125
1.21466064453125
1.0755615234375
0.94769287109375
0.9815673828125
0.90496826171875
1.05963134765625
1.00128173828125
0.0
1.18157958984375
1.21722412109375
1.1256103515625
1.1102294921875
1.15814208984375
1.03155517578125
0.9776611328125
1.213134765625
0.989501953125
0.0
0.0
0.0
0.946044921875
1.17218017578125
0.9794921875
1.1412353515625
0.0
1.02325439453125
0.9996337890625
1.10418701171875
0.83477783203125
0.99298095703125
0.998779296875
0.9957275390625
0.8951416015625
0.95489501953125
1.0572509765625
1.0101318359375
1.03961181640625
1.1378173828125
0.9891357421875
1.026123046875
0.83551025390625
1.10150146484375
0.0
1.09149169921875
1.00225830078125
1.1292724609375
1.179443359375
1.05682373046875
1.06884765625
1.01141357421875
1.11505126953125
1.05596923828125
0.0
0.92791748046875
1.0684814453125
0.9759521484375
1.08935546875
0.98638916015625
1.0843505859375
1.093017578125
1.2398681640625
0.9091796875
0.0
1.0242919921875
0.8892822265625
0.93011474609375
1.02349853515625
1.05560302734375
1.0650634765625
1.0086669921875
1.20416259765625
1.1793212890625
0.0
0.9775390625
1.03643798828125
1.0721435546875
1.00848388671875
1.0028076171875
0.8182373046875
1.1524658203125
0.0
1.04718017578125
1.045654296875
1.09808349609375
1.0146484375
0.991455078125
0.96563720703125
0.938232421875
1.0203857421875
0.8890380859375
1.14276123046875
0.0
1.03424072265625
1.04205322265625
1.0665283203125
1.00146484375
1.08709716796875
0.915771484375
1.05645751953125
1.10076904296875
0.0
1.0223388671875
1.27587890625
1.0408935546875
1.22479248046875
0.90264892578125
1.09368896484375
0.0
0.0
0.0
0.0
1.03546142578125
1.07574462890625
0.96514892578125
0.85333251953125
0.97918701171875
0.0
1.01129150390625
1.1541748046875
0.96478271484375
1.13031005859375
0.95989990234375
1.23028564453125
1.010009765625
1.00213623046875
0.0
1.03863525390625
0.97589111328125
0.939697265625
1.011474609375
1.08184814453125
1.08990478515625
1.00146484375
1.1214599609375
0.0
0.82806396484375
1.1009521484375
0.99468994140625
0.970947265625
1.054931640625
1.015869140625
1.21514892578125
0.0
0.0
0.0
0.0
0.0
1.0838623046875
0.93017578125
1.08441162109375
1.132568359375
1.147705078125
1.07989501953125
1.0250244140625
1.0965576171875
0.8631591796875
1.1346435546875
1.267578125
1.08538818359375
1.0682373046875
1.16156005859375
1.072021484375
0.0
1.16705322265625
1.098876953125
0.95819091796875
1.21197509765625
0.95050048828125
0.97265625
0.0
1.0992431640625
0.9102783203125
0.88043212890625
0.980712890625
1.013916015625
0.93634033203125
1.1734619140625
1.0648193359375
0.0
0.0
0.0
0.9776611328125
1.03765869140625
1.07916259765625
0.85772705078125
0.9351806640625
0.94952392578125
0.9744873046875
1.05224609375
0.881591796875
0.9912109375
1.124755859375
0.0
0.0
0.0
1.02545166015625
1.041748046875
1.11004638671875
1.0274658203125
0.0
0.9593505859375
0.9442138671875
1.1204833984375
0.88800048828125
1.024658203125
0.98699951171875
1.12213134765625
0.0
1.050048828125
1.08721923828125
0.9774169921875
0.93603515625
0.99053955078125
1.153564453125
0.984619140625
1.12445068359375
1.06170654296875
0.94427490234375
1.1678466796875
0.8834228515625
1.08184814453125
0.0
1.00970458984375
1.08880615234375
1.09637451171875
1.23028564453125
0.8978271484375
1.04754638671875
0.91632080078125
1.16973876953125
1.03741455078125
1.00567626953125
1.0582275390625
1.0050048828125
1.0601806640625
1.05377197265625
0.0
0.0
1.063720703125
1.09844970703125
1.01611328125
1.1041259765625
1.17352294921875
0.0
0.0
0.0
1.00433349609375
0.94830322265625
1.035888671875
1.03936767578125
1.0411376953125
0.95184326171875
0.9921875
0.9117431640625
1.11029052734375
1.0704345703125
0.89154052734375
1.16766357421875
0.90472412109375
1.00799560546875
0.98858642578125
0.0
0.0
0.98431396484375
1.14825439453125
0.0
0.0
0.0
1.040771484375
1.02496337890625
1.0697021484375
0.9073486328125
0.98590087890625
0.94512939453125
0.9317626953125
1.13104248046875
0.9775390625
1.008056640625
1.11151123046875
1.1776123046875
1.05889892578125
0.0
0.0
1.00762939453125
1.02215576171875
1.0467529296875
1.05133056640625
1.04998779296875
0.93267822265625
1.05279541015625
0.88055419921875
0.98046875
0.991943359375
1.0576171875
1.091552734375
1.00341796875
0.0
0.0
0.95843505859375
0.98663330078125
1.13330078125
1.02325439453125
0.0
1.04315185546875
1.12725830078125
1.0823974609375
0.0
1.09136962890625
0.9197998046875
0.954345703125
1.1162109375
0.90692138671875
0.99371337890625
1.03948974609375
0.87158203125
0.854736328125
1.08258056640625
1.0076904296875
1.09527587890625
1.0704345703125
1.08184814453125
1.05523681640625
1.13330078125
1.04473876953125
1.08746337890625
1.1004638671875
1.12237548828125
1.03350830078125
1.26263427734375
1.08331298828125
1.08966064453125
0.965087890625
1.1339111328125
1.09765625
0.93756103515625
1.10955810546875
1.20037841796875
0.0
0.0
0.98712158203125
0.93212890625
0.98358154296875
0.9398193359375
1.03704833984375
1.01922607421875
1.0703125
0.908447265625
1.08709716796875
0.89105224609375
0.9459228515625
0.0
0.0
0.0
1.04327392578125
1.17474365234375
1.04779052734375
0.98065185546875
0.985595703125
0.0
1.0799560546875
1.0543212890625
1.0079345703125
1.0731201171875
0.99603271484375
0.9835205078125
0.91314697265625
1.06243896484375
0.0
1.01580810546875
1.0611572265625
1.00189208984375
1.00299072265625
1.03485107421875
0.94683837890625
1.1700439453125
0.0
1.13922119140625
1.01409912109375
1.0355224609375
0.9644775390625
1.1766357421875
0.9932861328125
1.01666259765625
1.02825927734375
1.01361083984375
0.9559326171875
1.070556640625
1.05859375
0.81298828125
1.16131591796875
1.23968505859375
0.97186279296875
1.0064697265625
0.0
1.04107666015625
1.012451171875
0.89739990234375
0.0
0.883544921875
1.29571533203125
0.0
1.04083251953125
0.93780517578125
1.05810546875
1.04510498046875
1.19677734375
0.95294189453125
1.0133056640625
1.0823974609375
0.9658203125
1.11041259765625
0.9837646484375
1.142578125
1.0555419921875
0.9808349609375
0.99609375
1.0068359375
1.2210693359375
0.95556640625
1.1259765625
0.9818115234375
0.0
0.0
0.9532470703125
1.0135498046875
1.08697509765625
1.03466796875
1.20794677734375
0.93231201171875
1.31121826171875
0.0
0.9871826171875
1.07568359375
0.94207763671875
1.00140380859375
1.01739501953125
1.03948974609375
0.921875
0.910400390625
1.18487548828125
0.9232177734375
0.89739990234375
0.77667236328125
1.20501708984375
1.01617431640625
1.1376953125
0.99652099609375
0.93463134765625
1.0352783203125
0.92108154296875
1.02044677734375
0.0
0.0
0.0
1.0189208984375
1.22808837890625
1.15057373046875
1.0977783203125
0.0
0.0
0.0
1.20086669921875
0.93768310546875
0.85546875
0.8818359375
1.14276123046875
1.12237548828125
1.1153564453125
1.036865234375
0.0
0.0
0.0
0.0
0.9500732421875
1.1219482421875
0.91229248046875
0.96533203125
1.02484130859375
0.897705078125
1.06427001953125
1.10833740234375
0.87060546875
0.0
0.0
0.0
0.97393798828125
0.94189453125
0.89581298828125
0.86572265625
0.0
0.98297119140625
0.9849853515625
0.98272705078125
0.9500732421875
1.0792236328125
0.93682861328125
1.07733154296875
1.0494384765625
0.9912109375
0.0
0.936279296875
1.10919189453125
1.13140869140625
1.03656005859375
1.14898681640625
1.166015625
1.08941650390625
0.0
1.02978515625
0.97998046875
1.03692626953125
1.0975341796875
0.94317626953125
0.9197998046875
1.06854248046875
1.058349609375
1.07354736328125
1.0667724609375
1.1165771484375
1.01141357421875
0.87664794921875
1.017333984375
0.93853759765625
1.00079345703125
0.9281005859375
1.18634033203125
0.98095703125
0.971435546875
1.19085693359375
1.07489013671875
0.0
1.031982421875
0.8885498046875
1.03424072265625
0.88043212890625
0.0
0.0
1.0283203125
1.14532470703125
0.9852294921875
1.14715576171875
0.99859619140625
1.1649169921875
1.0357666015625
1.06640625
0.0
0.0
0.0
0.0
1.09912109375
1.08917236328125
1.14471435546875
1.088623046875
1.0255126953125
1.0367431640625
0.0
0.0
0.0
0.0
0.9197998046875
1.05694580078125
1.0467529296875
1.06634521484375
1.03216552734375
1.08441162109375
1.00927734375
0.0
1.1827392578125
1.01922607421875
0.83001708984375
1.14154052734375
1.01605224609375
