0.0
0.0
0.0
0.0
0.6458740234375
0.84991455078125
0.57672119140625
0.6212158203125
0.688720703125
0.54644775390625
0.0
0.0
0.0
0.0
0.5740966796875
0.538818359375
0.7266845703125
0.55706787109375
0.67767333984375
0.0
0.0
0.0
0.66912841796875
0.5513916015625
0.53497314453125
0.48052978515625
0.55078125
0.6142578125
0.6187744140625
0.0
0.0
0.0
0.662841796875
0.74053955078125
0.0
0.0
0.65447998046875
0.59539794921875
0.552734375
0.62860107421875
0.0
0.0
0.0
0.0
0.0
0.0
0.0
0.7005615234375
0.67596435546875
0.6046142578125
0.0
0.0
0.0
0.0
0.0
0.0
0.83660888671875
0.5609130859375
0.71722412109375
0.0
0.0
0.0
0.0
0.57958984375
0.7274169921875
0.5250244140625
0.5078125
0.6722412109375
0.0
0.0
0.0
0.0
0.44580078125
0.6580810546875
0.39208984375
0.6201171875
0.0
0.0
0.0
0.75372314453125
0.60015869140625
0.5450439453125
0.0
0.0
0.0
0.0
0.582763671875
0.46624755859375
0.69964599609375
0.54595947265625
0.0
0.0
0.0
0.0
0.0
0.5982666015625
0.53607177734375
0.36138916015625
0.5538330078125
0.61181640625
0.52886962890625
0.0
0.0
0.0
0.0
0.0
0.0
0.60211181640625
0.6309814453125
0.62567138671875
0.0
0.0
0.0
0.0
0.0
0.0
0.0
0.7122802734375
0.49578857421875
0.59442138671875
0.60992431640625
0.0
0.0
0.0
0.48712158203125
0.0
0.0
0.0
0.0
0.0
0.0
0.51153564453125
0.52142333984375
0.42864990234375
0.0
0.0
0.4971923828125
0.5860595703125
0.0
0.0
0.54193115234375
0.5640869140625
0.0
0.0
0.0
0.0
0.0
0.0
0.63836669921875
0.64630126953125
0.71234130859375
0.0
0.0
0.56500244140625
0.6446533203125
0.0
0.0
0.0
0.0
0.0
0.0
0.0
0.56781005859375
0.58880615234375
0.5811767578125
0.0
0.0
0.0
0.5777587890625
0.424560546875
0.0
0.0
0.0
0.0
0.0
0.55975341796875
0.63043212890625
0.58990478515625
0.0
0.0
0.57342529296875
0.62762451171875
0.6324462890625
0.58685302734375
0.64495849609375
0.460205078125
0.6201171875
0.56884765625
0.0
0.0
0.0
0.0
0.0
0.0
0.61102294921875
0.71380615234375
0.4776611328125
0.465576171875
0.53753662109375
0.0
0.0
0.0
0.0
0.0
0.0
0.0
0.7047119140625
0.57806396484375
0.666015625
0.584716796875
0.0
0.0
0.0
0.50775146484375
0.76239013671875
0.54034423828125
0.54937744140625
0.59454345703125
0.0
0.0
0.4571533203125
0.6156005859375
0.0
0.60552978515625
0.50341796875
0.0
0.0
0.0
0.714599609375
0.45196533203125
0.56402587890625
0.0
0.0
0.0
0.0
0.5367431640625
0.63665771484375
0.58251953125
0.62701416015625
0.0
0.0
0.0
0.0
0.0
0.6329345703125
0.47137451171875
0.495361328125
0.6219482421875
0.65374755859375
0.64752197265625
0.0
0.0
0.0
0.0
0.0
0.59844970703125
0.69573974609375
0.6014404296875
0.0
0.0
0.66204833984375
0.59149169921875
0.57861328125
0.60064697265625
0.72735595703125
0.568115234375
0.56903076171875
0.0
0.0
0.0
0.0
0.6326904296875
0.664306640625
0.62164306640625
0.584228515625
0.52593994140625
0.0
0.0
0.0
0.0
0.0
0.0
0.0
0.63568115234375
0.6002197265625
0.6219482421875
0.0
0.0
0.0
0.0
0.0
0.0
0.70343017578125
0.0
0.0
0.0
0.0
0.49859619140625
0.60040283203125
0.62860107421875
0.0
0.0
0.0
0.0
0.0
0.0
0.0
0.595458984375
0.62158203125
0.0
0.0
0.0
0.5380859375
0.5302734375
0.5203857421875
0.36981201171875
0.6583251953125
0.0
0.0
0.0
0.700439453125
0.69189453125
0.5372314453125
0.0
0.0
0.0
0.0
0.0
0.0
0.47998046875
0.70867919921875
0.64068603515625
0.0
0.0
0.0
0.64862060546875
0.0
0.0
0.0
0.0
0.0
0.0
0.0
0.6854248046875
0.54278564453125
0.6639404296875
0.53155517578125
0.5802001953125
0.0
0.0
0.0
0.61822509765625
0.6900634765625
0.64849853515625
0.715576171875
0.0
0.0
0.0
0.0
0.739990234375
0.61627197265625
0.59564208984375
0.63446044921875
0.0
0.0
0.68212890625
0.5650634765625
0.0
0.0
0.7381591796875
0.55584716796875
0.74267578125
0.0
0.0
0.6239013671875
0.0
0.0
0.0
0.0
0.0
0.0
0.0
0.63311767578125
0.5274658203125
0.50531005859375
0.0
0.0
0.0
0.0
0.55364990234375
0.5433349609375
0.59600830078125
0.53399658203125
0.0
0.0
0.0
0.64208984375
0.52008056640625
0.83563232421875
0.0
0.0
0.0
0.0
0.0
0.0
0.6094970703125
0.701171875
0.53302001953125
0.741455078125
0.0
0.0
0.0
0.0
0.0
0.0
0.61627197265625
0.57391357421875
0.52508544921875
0.0
0.0
0.0
0.0
0.0
0.0
0.56005859375
0.5247802734375
0.4656982421875
0.572509765625
0.7020263671875
0.0
0.0
0.0
0.0
0.0
0.0
0.0
0.0
0.0
0.45538330078125
0.575927734375
0.554443359375
0.55206298828125
0.55322265625
0.6212158203125
0.678955078125
0.64068603515625
0.69268798828125
0.58416748046875
0.0
0.0
0.0
0.0
0.0
0.0
0.5760498046875
0.5245361328125
0.68804931640625
0.75640869140625
0.3741455078125
0.0
0.6121826171875
0.36627197265625
0.7271728515625
0.5653076171875
0.582275390625
0.6307373046875
0.604248046875
0.0
0.0
0.0
0.0
0.0
0.0
0.0
0.56365966796875
0.60418701171875
0.71307373046875
0.707275390625
0.0
0.0
0.0
0.0
0.0
0.0
0.0
0.52886962890625
0.72686767578125
0.50164794921875
0.0
0.0
0.0
0.5726318359375
0.62396240234375
0.63128662109375
0.64312744140625
0.57427978515625
0.6678466796875
0.0
0.0
0.0
0.0
0.4942626953125
0.70526123046875
0.5338134765625
0.55902099609375
0.6163330078125
0.60174560546875
0.0
0.0
0.0
0.7821044921875
0.580078125
0.50677490234375
0.0
0.0
0.0
0.0
0.0
0.0
0.55889892578125
0.63861083984375
0.5335693359375
0.7373046875
0.6348876953125
0.58953857421875
0.635009765625
0.0
0.0
0.6075439453125
0.739013671875
0.54736328125
0.5277099609375
0.0
0.0
0.0
0.0
0.50982666015625
0.47332763671875
0.6258544921875
0.4339599609375
0.70074462890625
0.0
0.0
0.0
0.52484130859375
0.7041015625
0.51226806640625
0.52044677734375
0.0
0.0
0.0
0.0
0.0
0.0
0.6033935546875
0.0
0.0
0.0
0.0
0.0
0.0
0.0
0.66534423828125
0.63262939453125
0.47113037109375
0.55609130859375
0.0
0.0
0.0
0.0
0.5882568359375
0.47845458984375
0.71673583984375
0.71185302734375
0.544677734375
0.66680908203125
0.0
0.0
0.0
0.52459716796875
0.0
0.0
0.0
0.50299072265625
0.634521484375
0.6966552734375
0.0
0.0
0.0
0.0
0.0
0.0
0.0
0.0
0.6590576171875
0.59222412109375
0.58184814453125
0.55499267578125
0.534912109375
0.57244873046875
0.0
0.0
0.0
0.0
0.0
0.0
0.62322998046875
0.6685791015625
0.0
0.0
0.0
0.0
0.0
0.0
0.4818115234375
0.60040283203125
0.0
0.0
0.69818115234375
0.58453369140625
0.6351318359375
0.80157470703125
0.6026611328125
0.51873779296875
0.48651123046875
0.0
0.0
0.0
0.4232177734375
0.772705078125
0.59197998046875
0.5462646484375
0.60821533203125
0.0
0.0
0.0
0.0
0.68890380859375
0.7081298828125
0.509033203125
0.67584228515625
0.0
0.0
0.0
0.0
0.0
0.62152099609375
0.53338623046875
0.463623046875
0.586181640625
0.0
0.0
0.0
0.0
0.0
0.56341552734375
0.5482177734375
0.67559814453125
0.0
0.0
0.0
0.0
0.68927001953125
0.0
0.0
0.0
0.0
0.0
0.0
0.7410888671875
0.776611328125
0.7049560546875
0.5950927734375
0.720458984375
0.7701416015625
0.0
0.0
0.0
0.0
0.53387451171875
0.53204345703125
0.6241455078125
0.0
0.0
0.0
0.6094970703125
0.59027099609375
0.4993896484375
0.6796875
0.60009765625
0.0
0.0
0.0
0.57818603515625
0.53033447265625
0.0
0.0
0.0
0.0
0.4388427734375
0.68682861328125
0.60321044921875
0.0
0.0
0.0
0.0
0.0
0.531005859375
0.62451171875
0.48040771484375
0.6312255859375
0.5067138671875
0.65625
0.0
0.0
0.0
0.0
0.39593505859375
0.53173828125
0.0
0.0
0.0
0.0
0.0
0.0
0.0
0.0
0.0
0.0
0.0
0.54541015625
0.4713134765625
0.54241943359375
0.77081298828125
0.6533203125
0.0
0.0
0.0
0.62725830078125
0.69036865234375
0.0
0.0
0.0
0.0
0.68865966796875
0.60711669921875
0.57110595703125
0.0
0.0
0.0
0.0
0.65704345703125
0.72662353515625
0.6673583984375
0.510498046875
0.44061279296875
0.63623046875
0.0
0.0
0.68670654296875
0.5670166015625
0.45184326171875
0.0
0.0
0.0
0.0
0.0
0.614501953125
0.58563232421875
0.62451171875
0.57562255859375
0.7891845703125
0.0
0.0
0.0
0.0
0.0
0.0
0.0
0.65679931640625
0.7315673828125
0.58221435546875
0.0
0.0
0.0
0.0
0.0
0.52490234375
0.61016845703125
0.58917236328125
0.62872314453125
0.0
0.0
0.0
0.0
0.67083740234375
0.0
0.0
0.0
0.0
0.0
0.62347412109375
0.4964599609375
0.55816650390625
0.68157958984375
0.43133544921875
0.5289306640625
0.6162109375
0.0
0.0
0.0
0.0
0.0
0.0
0.0
0.0
0.56829833984375
0.64837646484375
0.734375
0.0
0.0
0.0
0.6160888671875
0.0
0.0
0.0
0.0
0.6927490234375
0.44732666015625
0.69775390625
0.0
0.0
0.0
0.0
0.0
0.0
0.0
0.7955322265625
0.897705078125
0.54241943359375
0.549560546875
0.0
0.0
0.0
0.0
0.53216552734375
0.0
0.0
0.0
0.584716796875
0.478759765625
0.5001220703125
0.0
0.0
0.0
0.0
0.0
0.0
0.0
0.0
0.677001953125
0.61083984375
0.4832763671875
0.66400146484375
0.0
0.70758056640625
0.64166259765625
0.45367431640625
0.0
0.0
0.61029052734375
0.5672607421875
0.52099609375
0.5428466796875
0.0
0.0
0.58221435546875
0.61761474609375
0.6190185546875
0.40020751953125
0.54644775390625
0.0
0.0
0.57733154296875
0.53558349609375
0.7474365234375
0.0
0.0
0.65863037109375
0.7860107421875
0.6678466796875
0.66680908203125
0.5728759765625
0.0
0.0
0.0
0.0
0.667724609375
0.6439208984375
0.59454345703125
0.5350341796875
0.7021484375
0.60223388671875
0.0
0.0
0.0
0.55145263671875
0.65185546875
0.64373779296875
0.64892578125
0.0
0.0
0.0
0.0
0.0
0.0
0.59014892578125
0.0
0.0
0.0
0.0
0.0
0.0
0.61614990234375
0.66357421875
0.644775390625
0.0
0.0
0.565185546875
0.61932373046875
0.5670166015625
0.0
0.0
0.0
0.0
0.0
0.0
0.689208984375
0.628173828125
0.6929931640625
0.54327392578125
0.6396484375
0.0
0.0
0.0
0.0
0.5673828125
0.57720947265625
0.67352294921875
0.0
0.0
0.0
0.0
0.0
0.5107421875
0.69293212890625
0.65228271484375
0.0
0.0
0.0
0.0
0.0
0.0
0.64959716796875
0.62359619140625
0.475341796875
0.0
0.0
0.0
0.0
0.69366455078125
0.72918701171875
0.66943359375
0.0
0.0
0.0
0.0
0.0
0.0
0.5316162109375
0.54742431640625
0.67657470703125
0.54144287109375
0.0
0.0
0.0
0.0
0.42205810546875
0.658447265625
0.59857177734375
0.0
0.0
0.0
0.0
