1.108642578125
1.108642578125
1.108642578125
1.108642578125
1.108642578125
1.182373046875
1.09698486328125
1.07269287109375
1.325927734375
1.267822265625
0.0
1.3502197265625
1.13104248046875
1.25811767578125
0.0
1.159423828125
1.15484619140625
1.33001708984375
1.19677734375
1.11553955078125
1.1005859375
1.199462890625
0.0
0.0
1.197021484375
1.04052734375
1.0689697265625
0.0
1.181640625
1.1463623046875
1.12908935546875
1.34637451171875
1.157470703125
1.1396484375
1.1719970703125
0.0
0.0
1.27490234375
1.23797607421875
0.0
0.98089599609375
1.05950927734375
1.2030029296875
1.19976806640625
1.206298828125
1.2301025390625
1.20697021484375
1.31390380859375
0.0
0.0
1.146728515625
1.20166015625
1.0960693359375
1.2076416015625
1.27947998046875
1.0048828125
1.2017822265625
1.387451171875
1.22265625
1.0570068359375
1.153564453125
0.0
1.1787109375
1.12506103515625
1.19512939453125
0.0
0.0
1.267333984375
1.24615478515625
1.38751220703125
1.2091064453125
1.14324951171875
1.33245849609375
1.09405517578125
1.14013671875
1.0731201171875
1.312744140625
1.16070556640625
0.0
0.0
1.020751953125
1.17645263671875
1.51995849609375
1.0838623046875
1.12640380859375
1.11590576171875
1.46533203125
1.1591796875
1.2791748046875
1.10528564453125
1.232177734375
1.20855712890625
1.194580078125
1.13897705078125
0.959228515625
1.3526611328125
0.0
1.10272216796875
1.31951904296875
1.017822265625
1.31011962890625
1.26416015625
1.2723388671875
1.2213134765625
1.2884521484375
0.0
1.27032470703125
1.12799072265625
1.20672607421875
1.218505859375
1.24334716796875
1.34649658203125
1.0491943359375
1.05419921875
0.0
0.0
1.302490234375
0.99603271484375
1.31695556640625
1.15997314453125
1.32794189453125
1.2794189453125
1.40423583984375
1.26336669921875
1.18511962890625
1.2666015625
1.1802978515625
1.054443359375
1.16082763671875
1.0506591796875
1.1649169921875
0.0
1.2501220703125
1.16375732421875
1.23101806640625
1.04876708984375
1.12432861328125
0.0
1.2664794921875
1.2861328125
1.2725830078125
1.01031494140625
1.40155029296875
1.2022705078125
1.2266845703125
1.1871337890625
1.3338623046875
1.2960205078125
1.15985107421875
0.0
0.0
1.2303466796875
1.2115478515625
1.13427734375
1.237060546875
1.38922119140625
0.0
0.0
1.06353759765625
1.13739013671875
1.19134521484375
1.0006103515625
1.2476806640625
1.28253173828125
1.29296875
1.15972900390625
1.02178955078125
0.0
0.0
1.2249755859375
1.11566162109375
1.20867919921875
1.2059326171875
0.0
0.0
1.161376953125
1.02490234375
1.125
1.26776123046875
0.0
0.0
1.33770751953125
1.37005615234375
1.4656982421875
1.15667724609375
1.23834228515625
1.27130126953125
1.498779296875
1.08624267578125
1.17877197265625
1.06951904296875
1.20208740234375
1.17437744140625
0.0
1.18841552734375
1.1240234375
1.3876953125
0.0
0.0
1.15203857421875
1.2689208984375
1.2362060546875
1.17572021484375
1.1390380859375
1.2286376953125
1.1595458984375
0.0
0.0
1.1920166015625
1.2901611328125
1.15155029296875
1.23541259765625
1.25128173828125
1.14923095703125
1.30596923828125
1.17901611328125
1.18768310546875
1.01812744140625
1.2691650390625
1.01641845703125
0.9691162109375
0.0
1.37554931640625
1.23846435546875
1.12420654296875
1.2286376953125
1.25531005859375
1.283203125
0.0
0.0
0.0
1.1806640625
1.07598876953125
1.15216064453125
1.1539306640625
1.23406982421875
1.22589111328125
1.21923828125
1.11114501953125
1.197509765625
1.14190673828125
1.04498291015625
0.0
1.1456298828125
0.0
0.0
1.14208984375
1.0823974609375
1.2919921875
1.1048583984375
1.33050537109375
1.29119873046875
1.05694580078125
1.2728271484375
0.0
1.28857421875
1.20703125
1.26104736328125
1.26654052734375
1.36822509765625
1.0440673828125
0.0
0.0
1.218994140625
1.11273193359375
1.3016357421875
1.080810546875
1.1668701171875
0.0
1.08648681640625
1.22161865234375
1.00518798828125
1.20751953125
1.21832275390625
1.41796875
1.1759033203125
1.2872314453125
0.0
1.1376953125
1.1778564453125
1.085205078125
1.30096435546875
1.14129638671875
1.23492431640625
1.2315673828125
0.0
0.0
1.20697021484375
1.191650390625
1.19940185546875
1.25091552734375
1.39337158203125
1.218505859375
1.23828125
1.02410888671875
1.20855712890625
1.1383056640625
1.11083984375
1.11993408203125
1.21142578125
1.27142333984375
1.3026123046875
1.0799560546875
1.2724609375
1.08447265625
1.065185546875
0.95745849609375
1.234619140625
1.169677734375
1.21875
1.19805908203125
0.0
0.0
1.07598876953125
1.202392578125
1.19805908203125
1.17132568359375
1.3826904296875
1.053466796875
1.32501220703125
1.03155517578125
1.235107421875
1.31317138671875
1.0367431640625
1.2763671875
1.143798828125
1.2294921875
1.12896728515625
0.0
0.0
0.0
1.20343017578125
1.37103271484375
1.104248046875
1.24365234375
1.2120361328125
1.22711181640625
1.0814208984375
1.296630859375
1.33660888671875
1.29705810546875
0.0
1.15985107421875
1.24664306640625
1.0931396484375
1.1795654296875
1.22613525390625
1.16094970703125
1.2205810546875
0.995849609375
1.3621826171875
1.3560791015625
1.1414794921875
1.15130615234375
1.26373291015625
1.35089111328125
1.16455078125
1.3011474609375
1.1207275390625
1.24517822265625
1.169921875
1.3258056640625
1.20135498046875
1.1680908203125
1.1187744140625
1.35125732421875
1.16485595703125
1.22235107421875
1.27618408203125
1.28057861328125
1.01348876953125
1.1171875
0.0
0.0
1.12286376953125
1.25830078125
1.07635498046875
1.31402587890625
0.0
1.14373779296875
1.37127685546875
1.02691650390625
1.109130859375
1.26641845703125
1.2708740234375
1.1884765625
1.22186279296875
1.2850341796875
1.29248046875
1.31927490234375
1.29913330078125
1.39727783203125
1.14093017578125
1.162841796875
1.197021484375
1.1815185546875
1.1961669921875
0.0
0.0
1.115234375
1.3380126953125
1.18341064453125
1.3643798828125
1.197998046875
1.01611328125
1.263671875
1.18798828125
1.2081298828125
0.0
0.0
0.0
1.27496337890625
1.23553466796875
1.2724609375
1.23065185546875
1.11541748046875
1.18902587890625
1.1343994140625
0.0
0.0
1.182861328125
1.1510009765625
1.3067626953125
1.007080078125
1.204833984375
1.10479736328125
1.0626220703125
1.13323974609375
1.16455078125
1.0654296875
1.2947998046875
1.329833984375
1.2054443359375
1.1611328125
0.0
1.17669677734375
1.196533203125
1.13629150390625
1.2054443359375
1.31964111328125
1.2454833984375
0.0
0.0
1.2020263671875
1.2288818359375
1.03790283203125
1.117431640625
1.3741455078125
1.13348388671875
1.17901611328125
1.19482421875
1.26953125
1.1181640625
1.1253662109375
1.17864990234375
0.0
1.27337646484375
1.034912109375
1.33392333984375
1.243408203125
1.091552734375
1.1771240234375
0.0
0.0
0.0
1.2152099609375
1.1439208984375
1.18597412109375
1.11785888671875
1.247802734375
1.13873291015625
1.1793212890625
1.1505126953125
1.25592041015625
1.128173828125
1.3104248046875
1.42840576171875
0.97637939453125
1.0828857421875
1.2801513671875
1.26019287109375
1.16107177734375
1.16943359375
1.3338623046875
1.2322998046875
1.1395263671875
1.2222900390625
1.1407470703125
1.1378173828125
1.350341796875
1.12713623046875
1.03570556640625
1.07403564453125
1.27093505859375
0.0
1.26513671875
1.345947265625
1.27685546875
0.93426513671875
1.23046875
1.1597900390625
0.0
1.2725830078125
1.2237548828125
1.364501953125
1.13916015625
1.1898193359375
1.189453125
1.16802978515625
1.3046875
0.0
1.28643798828125
1.11358642578125
1.16363525390625
1.3267822265625
1.2861328125
1.16314697265625
1.20123291015625
1.08599853515625
0.94195556640625
1.07958984375
1.2733154296875
1.2069091796875
1.30181884765625
0.0
0.9703369140625
1.14501953125
1.1727294921875
1.05902099609375
1.1864013671875
1.190673828125
0.0
0.0
0.0
1.1519775390625
1.41644287109375
1.3016357421875
1.25335693359375
1.20867919921875
1.1650390625
1.2742919921875
1.15496826171875
0.0
0.0
1.303466796875
1.15576171875
1.37017822265625
1.17913818359375
1.0570068359375
1.070068359375
1.2353515625
1.27899169921875
1.16387939453125
1.28094482421875
0.0
1.177978515625
1.12359619140625
1.33868408203125
1.239013671875
1.2064208984375
1.23858642578125
1.09747314453125
1.16912841796875
1.09686279296875
1.064208984375
0.0
0.0
0.0
1.11376953125
1.2384033203125
1.252197265625
1.1177978515625
1.18597412109375
1.36810302734375
1.28857421875
0.0
1.15216064453125
1.2933349609375
1.27581787109375
1.16986083984375
1.21722412109375
1.1781005859375
1.181640625
1.16595458984375
1.0711669921875
1.24163818359375
1.25177001953125
1.15423583984375
1.236572265625
1.2781982421875
0.0
0.0
0.0
0.0
1.25946044921875
1.14361572265625
1.2066650390625
1.24835205078125
0.93682861328125
1.16656494140625
0.0
1.06658935546875
1.1060791015625
1.2213134765625
1.221435546875
1.19256591796875
1.140625
1.08026123046875
1.239013671875
1.17205810546875
1.36517333984375
1.3973388671875
1.37744140625
1.06292724609375
1.2962646484375
1.31829833984375
1.18804931640625
1.2938232421875
1.08349609375
1.24920654296875
1.23687744140625
1.21697998046875
1.28839111328125
1.1090087890625
1.250244140625
1.02728271484375
1.20440673828125
1.26629638671875
1.13616943359375
1.19573974609375
1.2662353515625
1.08160400390625
1.034912109375
0.0
0.0
0.0
1.13421630859375
1.121337890625
1.08685302734375
1.29144287109375
1.162841796875
1.40643310546875
0.0
0.0
1.05938720703125
1.3988037109375
1.1536865234375
1.21221923828125
1.15289306640625
1.16082763671875
1.2071533203125
1.2305908203125
1.26629638671875
1.0716552734375
1.176025390625
1.16693115234375
1.22552490234375
1.15631103515625
1.07537841796875
0.0
1.20904541015625
1.2069091796875
1.12933349609375
1.219482421875
1.15447998046875
1.2247314453125
0.0
0.0
0.0
1.18353271484375
1.28155517578125
1.10296630859375
1.2294921875
1.1739501953125
1.38330078125
1.27337646484375
1.12744140625
1.1207275390625
0.0
1.05316162109375
1.14105224609375
1.16546630859375
1.155029296875
1.12493896484375
1.1866455078125
1.22894287109375
1.22369384765625
1.1014404296875
0.0
1.1134033203125
1.26568603515625
1.1004638671875
1.3538818359375
1.185791015625
1.361083984375
1.12506103515625
0.0
0.0
0.92474365234375
1.286376953125
1.20599365234375
1.0067138671875
1.20111083984375
1.03387451171875
1.35107421875
1.3406982421875
1.08319091796875
1.18206787109375
1.11920166015625
1.1259765625
0.0
1.0731201171875
1.0416259765625
1.103271484375
1.17279052734375
0.0
1.13409423828125
1.18060302734375
1.12811279296875
1.29736328125
1.0863037109375
1.1959228515625
1.00665283203125
1.199462890625
0.0
1.1156005859375
1.21905517578125
1.18548583984375
1.15234375
1.19866943359375
1.01171875
0.0
0.0
0.96771240234375
1.22900390625
1.20751953125
1.09344482421875
1.18035888671875
0.0
0.9727783203125
1.1090087890625
1.31976318359375
1.1708984375
1.20672607421875
1.140625
1.23492431640625
1.20501708984375
1.176513671875
1.1815185546875
1.225830078125
1.126708984375
1.13018798828125
1.1820068359375
1.2691650390625
1.0380859375
0.0
0.0
1.0272216796875
1.20147705078125
1.36798095703125
1.2679443359375
0.0
1.1417236328125
1.24383544921875
1.41766357421875
1.0625
1.2301025390625
1.089599609375
1.23223876953125
1.17596435546875
1.22259521484375
0.0
1.01055908203125
0.0
0.0
1.0189208984375
1.2149658203125
1.09893798828125
1.09906005859375
1.18084716796875
1.12042236328125
1.17071533203125
1.1910400390625
0.0
0.0
1.1593017578125
1.21832275390625
1.151123046875
1.18060302734375
0.0
0.0
1.2918701171875
1.2357177734375
1.3251953125
1.26397705078125
0.0
1.2177734375
0.9930419921875
0.98028564453125
1.16741943359375
1.04254150390625
1.223388671875
1.19970703125
1.1505126953125
1.1563720703125
1.20220947265625
1.34222412109375
1.1953125
1.25811767578125
1.1143798828125
1.154296875
1.29205322265625
1.20819091796875
1.201416015625
1.08953857421875
1.2132568359375
1.28369140625
1.22607421875
1.111572265625
1.13311767578125
1.1226806640625
1.28570556640625
1.19732666015625
0.0
0.0
0.9986572265625
1.2540283203125
1.325439453125
1.234375
1.06207275390625
1.22003173828125
1.17718505859375
0.0
0.0
1.26251220703125
1.3875732421875
1.14788818359375
1.26513671875
1.0750732421875
1.141845703125
1.15106201171875
1.228515625
1.1522216796875
1.159423828125
1.24749755859375
0.0
1.1905517578125
1.00830078125
1.29058837890625
1.24407958984375
1.29705810546875
1.322998046875
0.0
0.0
0.0
1.10772705078125
1.16619873046875
1.04241943359375
1.12908935546875
1.1552734375
1.08905029296875
1.23809814453125
0.0
0.0
1.07904052734375
1.2344970703125
1.0875244140625
1.1785888671875
1.14923095703125
0.0
1.012451171875
1.17230224609375
1.03125
1.39874267578125
1.15802001953125
1.1058349609375
1.412109375
0.97283935546875
1.26495361328125
1.189453125
1.1893310546875
1.24761962890625
1.26416015625
1.124755859375
1.288818359375
1.2763671875
0.99169921875
1.37567138671875
1.20135498046875
1.0301513671875
1.2041015625
1.04010009765625
1.223876953125
1.08544921875
1.153076171875
0.0
1.2437744140625
1.2359619140625
1.2662353515625
1.13079833984375
1.17547607421875
1.0888671875
1.1458740234375
1.32073974609375
1.2261962890625
0.0
1.30712890625
1.1717529296875
1.11505126953125
1.119140625
1.2401123046875
1.26934814453125
1.1923828125
1.1324462890625
1.2476806640625
0.9903564453125
1.15069580078125
1.27978515625
1.29931640625
1.2880859375
1.10369873046875
1.284423828125
1.28009033203125
0.0
0.0
1.08447265625
0.99560546875
1.1807861328125
1.33807373046875
1.17364501953125
1.1226806640625
1.16162109375
0.0
0.0
1.2518310546875
1.13446044921875
1.1358642578125
1.05621337890625
1.177490234375
1.27032470703125
1.30560302734375
0.0
0.0
0.0
1.0643310546875
1.0721435546875
1.20428466796875
1.06585693359375
1.1759033203125
1.06927490234375
1.1365966796875
1.13299560546875
1.26824951171875
1.3660888671875
1.06500244140625
0.0
0.0
0.0
1.18292236328125
1.11810302734375
1.24078369140625
1.25042724609375
1.14691162109375
1.24176025390625
1.12322998046875
1.2548828125
1.177490234375
1.3927001953125
1.09661865234375
1.1485595703125
0.0
0.0
1.235595703125
0.97967529296875
1.2490234375
1.22021484375
1.12896728515625
1.198486328125
1.1087646484375
1.197509765625
1.22039794921875
1.3548583984375
1.0025634765625
1.22265625
1.26336669921875
1.19158935546875
1.2117919921875
0.0
1.1103515625
1.1282958984375
1.0750732421875
1.19488525390625
1.1993408203125
1.24957275390625
1.37353515625
0.0
0.0
1.1953125
1.31866455078125
1.23931884765625
