0.4305419921875
0.4305419921875
0.4305419921875
0.4305419921875
0.4305419921875
0.4305419921875
0.4305419921875
0.4305419921875
0.4305419921875
0.70953369140625
0.53662109375
0.56976318359375
0.552978515625
0.6357421875
0.65264892578125
0.508544921875
0.560546875
0.5986328125
0.56219482421875
0.44793701171875
0.36468505859375
0.42877197265625
0.5223388671875
0.6329345703125
0.40631103515625
0.39678955078125
0.4971923828125
0.52935791015625
0.4173583984375
0.39581298828125
0.493408203125
0.53131103515625
0.5174560546875
0.580322265625
0.5694580078125
0.41729736328125
0.48114013671875
0.62799072265625
0.5574951171875
0.5318603515625
0.574951171875
0.6568603515625
0.4451904296875
0.49945068359375
0.568603515625
0.71453857421875
0.62396240234375
0.5718994140625
0.4754638671875
0.475341796875
0.44403076171875
0.47930908203125
0.50079345703125
0.48736572265625
0.592529296875
0.52838134765625
0.61834716796875
0.42462158203125
0.46282958984375
0.53839111328125
0.468505859375
0.4659423828125
0.62451171875
0.62066650390625
0.5098876953125
0.38616943359375
0.4830322265625
0.7037353515625
0.684814453125
0.5484619140625
0.530517578125
0.58154296875
0.55413818359375
0.51220703125
0.66766357421875
0.35406494140625
0.58807373046875
0.53729248046875
0.455078125
0.52044677734375
0.70538330078125
0.59442138671875
0.570068359375
0.550048828125
0.421142578125
0.57635498046875
0.43682861328125
0.57171630859375
0.535400390625
0.625732421875
0.48638916015625
0.568115234375
0.4559326171875
0.52374267578125
0.56109619140625
0.56072998046875
0.378173828125
0.411865234375
0.37896728515625
0.6298828125
0.46795654296875
0.47833251953125
0.52734375
0.51025390625
0.45770263671875
0.698486328125
0.6131591796875
0.5484619140625
0.553466796875
0.57000732421875
0.5360107421875
0.64501953125
0.5631103515625
0.426025390625
0.3707275390625
0.3887939453125
0.34942626953125
0.6630859375
0.3948974609375
0.53997802734375
0.55572509765625
0.5386962890625
0.56024169921875
0.54644775390625
0.444091796875
0.765380859375
0.32757568359375
0.3525390625
0.5692138671875
0.462158203125
0.55352783203125
0.5380859375
0.59771728515625
0.51092529296875
0.5068359375
0.42437744140625
0.70819091796875
0.47216796875
0.5611572265625
0.608642578125
0.580078125
0.54840087890625
0.42706298828125
0.4713134765625
0.3226318359375
0.44000244140625
0.63031005859375
0.4022216796875
0.54388427734375
0.58843994140625
0.4437255859375
0.50164794921875
0.5457763671875
0.51837158203125
0.4736328125
0.6483154296875
0.5306396484375
0.42132568359375
0.62261962890625
0.455322265625
0.59747314453125
0.6741943359375
0.5799560546875
0.65008544921875
0.55242919921875
0.4937744140625
0.73828125
0.54974365234375
0.625
0.56036376953125
0.40960693359375
0.46697998046875
0.60882568359375
0.67462158203125
0.50628662109375
0.58978271484375
0.5308837890625
0.56488037109375
0.73052978515625
0.4901123046875
0.41351318359375
0.4931640625
0.567138671875
0.709716796875
0.6009521484375
0.41717529296875
0.49383544921875
0.539306640625
0.60797119140625
0.422119140625
0.74188232421875
0.4566650390625
0.4329833984375
0.6729736328125
0.48828125
0.5062255859375
0.6192626953125
0.55023193359375
0.54852294921875
0.53662109375
0.64404296875
0.476806640625
0.56732177734375
0.665771484375
0.49029541015625
0.71734619140625
0.6280517578125
0.39605712890625
0.5654296875
0.661865234375
0.3104248046875
0.4603271484375
0.52642822265625
0.58905029296875
0.450927734375
0.32891845703125
0.33599853515625
0.6632080078125
0.4573974609375
0.36859130859375
0.630615234375
0.48138427734375
0.711669921875
0.404541015625
0.52447509765625
0.4620361328125
0.65301513671875
0.37567138671875
0.55535888671875
0.5125732421875
0.4461669921875
0.573486328125
0.61114501953125
0.53277587890625
0.5133056640625
0.549072265625
0.5618896484375
0.4254150390625
0.5784912109375
0.5048828125
0.43170166015625
0.52215576171875
0.6607666015625
0.50128173828125
0.4945068359375
0.3970947265625
0.55010986328125
0.56231689453125
0.48956298828125
0.53472900390625
0.497802734375
0.58502197265625
0.5050048828125
0.66424560546875
0.44873046875
0.44024658203125
0.54608154296875
0.55902099609375
0.48223876953125
0.50335693359375
0.48760986328125
0.39324951171875
0.5928955078125
0.6109619140625
0.5736083984375
0.52978515625
0.526611328125
0.4276123046875
0.40655517578125
0.6119384765625
0.47064208984375
0.448486328125
0.43701171875
0.59600830078125
0.6361083984375
0.59857177734375
0.5816650390625
0.5382080078125
0.48553466796875
0.57440185546875
0.53839111328125
0.54351806640625
0.62060546875
0.460205078125
0.48419189453125
0.4757080078125
0.68048095703125
0.4718017578125
0.55902099609375
0.4483642578125
0.64886474609375
0.59185791015625
0.57489013671875
0.53094482421875
0.4227294921875
0.52764892578125
0.4837646484375
0.44677734375
0.6185302734375
0.5208740234375
0.4805908203125
0.57464599609375
0.4752197265625
0.581298828125
0.5526123046875
0.69482421875
0.5831298828125
0.62799072265625
0.54901123046875
0.40765380859375
0.548095703125
0.5042724609375
0.450439453125
0.61529541015625
0.66668701171875
0.55810546875
0.499267578125
0.65252685546875
0.60223388671875
0.53369140625
0.373779296875
0.66302490234375
0.57763671875
0.45989990234375
0.5101318359375
0.43316650390625
0.7181396484375
0.6363525390625
0.67034912109375
0.50762939453125
0.77142333984375
0.5078125
0.5177001953125
0.48272705078125
0.581787109375
0.648193359375
0.4111328125
0.63189697265625
0.4578857421875
0.58331298828125
0.53863525390625
0.6451416015625
0.5389404296875
0.5877685546875
0.511962890625
0.642333984375
0.57391357421875
0.42315673828125
0.59759521484375
0.65594482421875
0.4111328125
0.507080078125
0.55889892578125
0.4156494140625
0.4951171875
0.56317138671875
0.54052734375
0.47650146484375
0.47247314453125
0.37457275390625
0.4990234375
0.65753173828125
0.5010986328125
0.63037109375
0.59893798828125
0.6318359375
0.57781982421875
0.38922119140625
0.52203369140625
0.50543212890625
0.42449951171875
0.49639892578125
0.75189208984375
0.43438720703125
0.4136962890625
0.6102294921875
0.536865234375
0.466796875
0.57440185546875
0.33123779296875
0.51373291015625
0.5732421875
0.441162109375
0.4801025390625
0.5701904296875
0.5191650390625
0.6456298828125
0.63623046875
0.5313720703125
0.52081298828125
0.5146484375
0.50421142578125
0.3857421875
0.41302490234375
0.438720703125
0.5919189453125
0.528076171875
0.48138427734375
0.56878662109375
0.57867431640625
0.6590576171875
0.51141357421875
0.45318603515625
0.54705810546875
0.62738037109375
0.65740966796875
0.5645751953125
0.47674560546875
0.62701416015625
0.47869873046875
0.600830078125
0.595947265625
0.58062744140625
0.59002685546875
0.48626708984375
0.61376953125
0.48468017578125
0.51226806640625
0.5263671875
0.6259765625
0.55535888671875
0.5208740234375
0.64483642578125
0.48907470703125
0.58477783203125
0.5440673828125
0.6192626953125
0.73431396484375
0.407958984375
0.55303955078125
0.4298095703125
0.616455078125
0.6798095703125
0.5794677734375
0.56549072265625
0.49444580078125
0.71234130859375
0.4658203125
0.36480712890625
0.489990234375
0.6240234375
0.44073486328125
0.45831298828125
0.5526123046875
0.547119140625
0.62225341796875
0.58258056640625
0.6217041015625
0.52996826171875
0.56622314453125
0.57080078125
0.44720458984375
0.61895751953125
0.593505859375
0.58966064453125
0.50970458984375
0.55859375
0.61578369140625
0.60467529296875
0.62799072265625
0.46502685546875
0.6282958984375
0.6019287109375
0.5380859375
0.64129638671875
0.4866943359375
0.470947265625
0.66546630859375
0.58148193359375
0.50872802734375
0.40924072265625
0.57598876953125
0.46771240234375
0.52288818359375
0.546630859375
0.47564697265625
0.50628662109375
0.54656982421875
0.5133056640625
0.6932373046875
0.486572265625
0.4244384765625
0.640625
0.41925048828125
0.61309814453125
0.4913330078125
0.503662109375
0.49444580078125
0.5716552734375
0.48455810546875
0.5467529296875
0.56243896484375
0.47100830078125
0.5374755859375
0.56817626953125
0.3944091796875
0.50579833984375
0.333740234375
0.41790771484375
0.53668212890625
0.7021484375
0.44085693359375
0.6893310546875
0.6395263671875
0.4373779296875
0.50604248046875
0.51690673828125
0.5389404296875
0.72088623046875
0.529541015625
0.44586181640625
0.45355224609375
0.73773193359375
0.408447265625
0.4959716796875
0.460693359375
0.53076171875
0.4696044921875
0.580322265625
0.508544921875
0.56298828125
0.70892333984375
0.59625244140625
0.48309326171875
0.5294189453125
0.6019287109375
0.44921875
0.36553955078125
0.35333251953125
0.6060791015625
0.40106201171875
0.57708740234375
0.53448486328125
0.46710205078125
0.44110107421875
0.51910400390625
0.41107177734375
0.56536865234375
0.5762939453125
0.62109375
0.43011474609375
0.60430908203125
0.4532470703125
0.49578857421875
0.4842529296875
0.4276123046875
0.71484375
0.6175537109375
0.76617431640625
0.53460693359375
0.41253662109375
0.6724853515625
0.53350830078125
0.54827880859375
0.4990234375
0.60247802734375
0.4476318359375
0.44573974609375
0.71356201171875
0.53125
0.49395751953125
0.3929443359375
0.50628662109375
0.4268798828125
0.53082275390625
0.5478515625
0.4952392578125
0.5118408203125
0.52667236328125
0.47235107421875
0.58404541015625
0.623779296875
0.50830078125
0.42523193359375
0.679443359375
0.5107421875
0.55340576171875
0.573486328125
0.41009521484375
0.5830078125
0.4356689453125
0.45501708984375
0.600830078125
0.47406005859375
0.41937255859375
0.58160400390625
0.3477783203125
0.49908447265625
0.4383544921875
0.4765625
0.5087890625
0.55682373046875
0.561767578125
0.43975830078125
0.6651611328125
0.43524169921875
0.5191650390625
0.54620361328125
0.54791259765625
0.38525390625
0.48602294921875
0.5587158203125
0.53973388671875
0.43621826171875
0.60614013671875
0.50714111328125
0.5767822265625
0.57855224609375
0.38446044921875
0.44305419921875
0.72125244140625
0.51531982421875
0.6383056640625
0.5545654296875
0.508056640625
0.44903564453125
0.53253173828125
0.5469970703125
0.5667724609375
0.3917236328125
0.56622314453125
0.6719970703125
0.63482666015625
0.45904541015625
0.5330810546875
0.470703125
0.47003173828125
0.54278564453125
0.519775390625
0.54010009765625
0.48138427734375
0.60528564453125
0.69342041015625
0.3934326171875
0.58148193359375
0.414794921875
0.42388916015625
0.39013671875
0.57965087890625
0.51470947265625
0.440185546875
0.621337890625
0.43072509765625
0.549072265625
0.6109619140625
0.6551513671875
0.4932861328125
0.626220703125
0.50848388671875
0.504150390625
0.6016845703125
0.48260498046875
0.42132568359375
0.57611083984375
0.41339111328125
0.50482177734375
0.39141845703125
0.54351806640625
0.3701171875
0.52532958984375
0.53363037109375
0.4053955078125
0.39898681640625
0.501953125
0.6766357421875
0.5693359375
0.62451171875
0.4293212890625
0.47955322265625
0.53948974609375
0.45733642578125
0.60797119140625
0.42767333984375
0.52099609375
0.47705078125
0.5
0.54998779296875
0.52392578125
0.6309814453125
0.583740234375
0.483154296875
0.58050537109375
0.53961181640625
0.67376708984375
0.4437255859375
0.55462646484375
0.59027099609375
0.939208984375
0.5125732421875
0.73797607421875
0.39898681640625
0.50299072265625
0.52862548828125
0.388671875
0.54376220703125
0.6239013671875
0.51629638671875
0.55322265625
0.4366455078125
0.3338623046875
0.44573974609375
0.68878173828125
0.58990478515625
0.428955078125
0.65283203125
0.53253173828125
0.5372314453125
0.437255859375
0.46881103515625
0.30224609375
0.56866455078125
0.564453125
0.577392578125
0.455078125
0.5430908203125
0.37646484375
0.40386962890625
0.6429443359375
0.5123291015625
0.5782470703125
0.49188232421875
0.664794921875
0.5958251953125
0.498291015625
0.67095947265625
0.46844482421875
0.3804931640625
0.46539306640625
0.6353759765625
0.3839111328125
0.79315185546875
0.52020263671875
0.49114990234375
0.5224609375
0.54595947265625
0.421630859375
0.67327880859375
0.40435791015625
0.439208984375
0.4935302734375
0.4168701171875
0.64434814453125
0.501953125
0.5814208984375
0.51708984375
0.5059814453125
0.5609130859375
0.41705322265625
0.5045166015625
0.4552001953125
0.4737548828125
0.4708251953125
0.55029296875
0.5640869140625
0.5152587890625
0.48675537109375
0.566650390625
0.4921875
0.4752197265625
0.5174560546875
0.75103759765625
0.621337890625
0.39404296875
0.523193359375
0.46148681640625
0.5262451171875
0.47540283203125
0.4989013671875
0.3533935546875
0.5546875
0.434814453125
0.526611328125
0.46063232421875
0.44171142578125
0.58575439453125
0.57110595703125
0.544921875
0.44317626953125
0.49749755859375
0.47723388671875
0.58538818359375
0.46856689453125
0.72467041015625
0.47216796875
0.52716064453125
0.48297119140625
0.54083251953125
0.47509765625
0.41156005859375
0.5643310546875
0.64813232421875
0.59417724609375
0.60693359375
0.67218017578125
0.3980712890625
0.52789306640625
0.5538330078125
0.59814453125
0.60504150390625
0.5157470703125
0.48486328125
0.7017822265625
0.49169921875
0.4832763671875
0.5538330078125
0.56024169921875
0.44586181640625
0.57122802734375
0.47052001953125
0.42315673828125
0.57696533203125
0.5625
0.5841064453125
0.42364501953125
0.54638671875
0.463134765625
0.4188232421875
0.59417724609375
0.49188232421875
0.496826171875
0.5030517578125
0.40167236328125
0.4776611328125
0.57025146484375
0.5091552734375
0.69708251953125
0.56500244140625
0.48583984375
0.579833984375
0.5518798828125
0.5576171875
0.5372314453125
0.56640625
0.4732666015625
0.41278076171875
0.471923828125
0.43658447265625
0.4691162109375
0.4849853515625
0.61700439453125
0.64202880859375
0.517822265625
0.63446044921875
0.4732666015625
0.489013671875
0.5843505859375
0.39013671875
0.53173828125
0.45867919921875
0.633544921875
0.6671142578125
0.74951171875
0.59832763671875
0.513916015625
0.504638671875
0.4588623046875
0.48687744140625
0.512939453125
0.47503662109375
0.790283203125
0.628173828125
0.44622802734375
0.52685546875
0.5413818359375
0.4246826171875
0.562255859375
0.4354248046875
0.43096923828125
0.58416748046875
0.58209228515625
0.334716796875
0.5836181640625
0.66180419921875
0.5860595703125
0.462646484375
0.43359375
0.491943359375
0.54443359375
0.35455322265625
0.38458251953125
0.3621826171875
0.53131103515625
0.50860595703125
0.56878662109375
0.55535888671875
0.5460205078125
0.68609619140625
0.4759521484375
0.50982666015625
0.48297119140625
0.53167724609375
0.49151611328125
0.73614501953125
0.4847412109375
0.37548828125
0.58819580078125
0.4296875
0.47222900390625
0.71148681640625
0.476318359375
0.56787109375
0.62322998046875
0.5894775390625
0.3729248046875
0.45635986328125
0.4649658203125
0.56304931640625
0.5860595703125
0.71197509765625
0.553466796875
0.495849609375
0.54107666015625
0.56280517578125
0.53143310546875
0.71051025390625
0.5609130859375
0.632568359375
0.56170654296875
0.277099609375
0.58380126953125
0.51422119140625
0.61102294921875
0.46759033203125
0.55462646484375
0.594970703125
0.50738525390625
0.57568359375
0.62115478515625
0.6639404296875
0.42474365234375
0.38140869140625
0.528076171875
0.5294189453125
0.42413330078125
0.64178466796875
0.5628662109375
0.5723876953125
0.565673828125
0.49969482421875
0.65283203125
0.69122314453125
0.52215576171875
0.4598388671875
0.4718017578125
0.3424072265625
0.45147705078125
0.5218505859375
0.67596435546875
0.38525390625
0.38446044921875
0.8155517578125
0.6651611328125
0.50341796875
0.4989013671875
0.69244384765625
0.5408935546875
0.5345458984375
0.529541015625
0.5867919921875
0.525146484375
0.50732421875
0.61383056640625
0.388427734375
0.56829833984375
0.51043701171875
0.4918212890625
0.64190673828125
0.4285888671875
0.5625
0.52337646484375
0.52777099609375
0.55548095703125
0.49700927734375
0.72222900390625
0.60174560546875
0.49237060546875
0.63543701171875
0.5504150390625
0.58349609375
0.570556640625
0.58544921875
0.42559814453125
0.64691162109375
0.44720458984375
0.6597900390625
0.47686767578125
0.46795654296875
0.54107666015625
0.5634765625
0.47564697265625
0.42706298828125
0.55126953125
0.48712158203125
0.4720458984375
0.43231201171875
0.51568603515625
0.39141845703125
