0.0
0.0
0.0
0.0
0.9273681640625
1.01458740234375
0.8968505859375
0.976318359375
1.0592041015625
0.94488525390625
0.0
0.0
0.0
0.0
1.0850830078125
0.8258056640625
1.0823974609375
0.91546630859375
1.1541748046875
0.0
0.0
0.0
0.95843505859375
0.84893798828125
0.8419189453125
0.84588623046875
0.8848876953125
1.02056884765625
0.93255615234375
0.0
0.0
0.0
0.97869873046875
1.1298828125
0.0
0.0
1.01763916015625
0.992431640625
0.89984130859375
1.092041015625
0.0
0.0
0.0
0.0
0.0
0.0
0.0
0.999267578125
1.108154296875
1.011474609375
0.0
0.0
0.0
0.0
0.0
0.0
1.23809814453125
0.84539794921875
1.1160888671875
0.0
0.0
0.0
0.0
0.883056640625
1.00958251953125
1.0118408203125
0.87896728515625
1.046142578125
0.0
0.0
0.0
0.0
0.837158203125
1.00872802734375
0.82281494140625
0.8831787109375
0.0
0.0
0.0
1.0469970703125
0.982421875
0.8714599609375
0.0
0.0
0.0
0.0
0.85491943359375
0.84619140625
1.02593994140625
0.9547119140625
0.0
0.0
0.0
0.0
0.0
0.95458984375
0.92706298828125
0.69061279296875
1.02008056640625
0.86944580078125
0.92462158203125
0.0
0.0
0.0
0.0
0.0
0.0
1.05419921875
0.923583984375
0.964111328125
0.0
0.0
0.0
0.0
0.0
0.0
0.0
1.000244140625
0.700439453125
0.88397216796875
0.867919921875
0.0
0.0
0.0
0.82177734375
0.0
0.0
0.0
0.0
0.0
0.0
0.89703369140625
0.791748046875
0.75665283203125
0.0
0.0
0.86358642578125
0.89862060546875
0.0
0.0
0.96490478515625
0.96441650390625
0.0
0.0
0.0
0.0
0.0
0.0
1.02044677734375
0.9132080078125
1.070556640625
0.0
0.0
0.9439697265625
0.91375732421875
0.0
0.0
0.0
0.0
0.0
0.0
0.0
0.97369384765625
0.9072265625
0.94891357421875
0.0
0.0
0.0
0.907470703125
0.79705810546875
0.0
0.0
0.0
0.0
0.0
0.90216064453125
0.8621826171875
0.95635986328125
0.0
0.0
1.06402587890625
0.998046875
0.97430419921875
0.981201171875
0.97772216796875
0.75830078125
0.93927001953125
1.01416015625
0.0
0.0
0.0
0.0
0.0
0.0
0.9932861328125
1.15625
0.902099609375
0.8634033203125
0.9215087890625
0.0
0.0
0.0
0.0
0.0
0.0
0.0
1.0736083984375
0.964599609375
0.9652099609375
0.95880126953125
0.0
0.0
0.0
0.82928466796875
1.0496826171875
0.81787109375
0.9847412109375
0.87457275390625
0.0
0.0
0.82330322265625
0.89410400390625
0.0
0.88934326171875
0.896484375
0.0
0.0
0.0
0.99041748046875
0.84368896484375
0.8787841796875
0.0
0.0
0.0
0.0
0.900634765625
1.00482177734375
0.922119140625
0.991455078125
0.0
0.0
0.0
0.0
0.0
0.94732666015625
0.8663330078125
0.886962890625
0.9732666015625
0.866943359375
0.98162841796875
0.0
0.0
0.0
0.0
0.0
0.9241943359375
0.97637939453125
0.95001220703125
0.0
0.0
0.89666748046875
0.857421875
0.92315673828125
0.8642578125
1.07928466796875
0.94537353515625
0.94073486328125
0.0
0.0
0.0
0.0
0.96917724609375
1.04254150390625
0.94842529296875
0.87774658203125
0.87750244140625
0.0
0.0
0.0
0.0
0.0
0.0
0.0
0.9647216796875
1.054443359375
0.90570068359375
0.0
0.0
0.0
0.0
0.0
0.0
1.00567626953125
0.0
0.0
0.0
0.0
0.9296875
0.94683837890625
0.931396484375
0.0
0.0
0.0
0.0
0.0
0.0
0.0
0.94415283203125
1.04522705078125
0.0
0.0
0.0
0.947509765625
0.88568115234375
0.8695068359375
0.79779052734375
0.9110107421875
0.0
0.0
0.0
0.98846435546875
0.96990966796875
0.98675537109375
0.0
0.0
0.0
0.0
0.0
0.0
0.954833984375
0.95404052734375
0.9576416015625
0.0
0.0
0.0
0.9793701171875
0.0
0.0
0.0
0.0
0.0
0.0
0.0
1.01708984375
0.80224609375
1.06561279296875
0.892822265625
0.87237548828125
0.0
0.0
0.0
0.97930908203125
0.9278564453125
1.05938720703125
1.0380859375
0.0
0.0
0.0
0.0
1.0029296875
0.9693603515625
1.01129150390625
0.9974365234375
0.0
0.0
0.980224609375
0.90496826171875
0.0
0.0
1.0250244140625
0.86480712890625
1.11029052734375
0.0
0.0
1.0633544921875
0.0
0.0
0.0
0.0
0.0
0.0
0.0
0.9119873046875
0.9678955078125
0.85369873046875
0.0
0.0
0.0
0.0
0.91424560546875
0.86004638671875
0.93853759765625
0.92364501953125
0.0
0.0
0.0
0.90191650390625
0.8084716796875
1.06982421875
0.0
0.0
0.0
0.0
0.0
0.0
1.05438232421875
1.1248779296875
0.9036865234375
0.99688720703125
0.0
0.0
0.0
0.0
0.0
0.0
0.99188232421875
1.01922607421875
0.8336181640625
0.0
0.0
0.0
0.0
0.0
0.0
0.91204833984375
0.8653564453125
0.84405517578125
0.863525390625
1.1578369140625
0.0
0.0
0.0
0.0
0.0
0.0
0.0
0.0
0.0
0.85443115234375
0.92218017578125
0.85479736328125
1.050537109375
1.030517578125
1.00494384765625
1.03240966796875
0.93658447265625
0.999267578125
0.99688720703125
0.0
0.0
0.0
0.0
0.0
0.0
1.02880859375
0.84429931640625
0.99407958984375
0.947265625
0.73590087890625
0.0
1.12677001953125
0.72900390625
0.99053955078125
0.7889404296875
0.9639892578125
0.99493408203125
0.88885498046875
0.0
0.0
0.0
0.0
0.0
0.0
0.0
0.86181640625
1.04248046875
1.0521240234375
1.0096435546875
0.0
0.0
0.0
0.0
0.0
0.0
0.0
0.9638671875
0.9508056640625
0.91400146484375
0.0
0.0
0.0
0.9168701171875
0.95843505859375
0.8900146484375
1.07757568359375
0.90386962890625
0.967529296875
0.0
0.0
0.0
0.0
0.8514404296875
0.94354248046875
0.90472412109375
0.8935546875
0.99755859375
0.97222900390625
0.0
0.0
0.0
1.10565185546875
0.9241943359375
0.93475341796875
0.0
0.0
0.0
0.0
0.0
0.0
0.9324951171875
1.00537109375
0.94342041015625
1.1363525390625
1.07672119140625
0.97698974609375
1.052490234375
0.0
0.0
0.9814453125
1.06005859375
0.89154052734375
0.93878173828125
0.0
0.0
0.0
0.0
0.9281005859375
0.852783203125
0.99383544921875
0.72589111328125
1.19189453125
0.0
0.0
0.0
0.9088134765625
1.053466796875
0.89373779296875
0.8719482421875
0.0
0.0
0.0
0.0
0.0
0.0
0.94744873046875
0.0
0.0
0.0
0.0
0.0
0.0
0.0
0.9549560546875
0.96478271484375
0.931884765625
0.86505126953125
0.0
0.0
0.0
0.0
0.96539306640625
0.77545166015625
0.9439697265625
1.0130615234375
0.94451904296875
0.94036865234375
0.0
0.0
0.0
0.88775634765625
0.0
0.0
0.0
0.8670654296875
0.9635009765625
0.94873046875
0.0
0.0
0.0
0.0
0.0
0.0
0.0
0.0
0.9891357421875
0.852783203125
0.86968994140625
0.96234130859375
0.886962890625
0.936767578125
0.0
0.0
0.0
0.0
0.0
0.0
0.85723876953125
1.00848388671875
0.0
0.0
0.0
0.0
0.0
0.0
0.830078125
0.96160888671875
0.0
0.0
1.04412841796875
0.8857421875
0.90924072265625
1.1807861328125
0.93096923828125
0.88336181640625
0.9212646484375
0.0
0.0
0.0
0.84149169921875
1.1024169921875
0.88983154296875
0.95306396484375
0.9019775390625
0.0
0.0
0.0
0.0
1.01824951171875
0.89794921875
0.87164306640625
1.03546142578125
0.0
0.0
0.0
0.0
0.0
0.97509765625
0.91131591796875
0.8992919921875
0.9407958984375
0.0
0.0
0.0
0.0
0.0
1.00457763671875
0.8438720703125
1.07666015625
0.0
0.0
0.0
0.0
1.0125732421875
0.0
0.0
0.0
0.0
0.0
0.0
1.0924072265625
1.07244873046875
0.99981689453125
0.87567138671875
1.02587890625
1.08740234375
0.0
0.0
0.0
0.0
0.94091796875
0.76348876953125
0.99603271484375
0.0
0.0
0.0
1.01263427734375
0.9967041015625
0.8125
0.9796142578125
1.02679443359375
0.0
0.0
0.0
0.93560791015625
0.77960205078125
0.0
0.0
0.0
0.0
0.756103515625
0.9288330078125
0.91351318359375
0.0
0.0
0.0
0.0
0.0
0.97320556640625
1.0255126953125
0.83636474609375
0.86785888671875
0.85748291015625
1.00860595703125
0.0
0.0
0.0
0.0
0.75201416015625
0.8553466796875
0.0
0.0
0.0
0.0
0.0
0.0
0.0
0.0
0.0
0.0
0.0
0.911865234375
0.78814697265625
0.91351318359375
1.1064453125
0.96343994140625
0.0
0.0
0.0
0.97711181640625
1.001953125
0.0
0.0
0.0
0.0
1.03369140625
0.8890380859375
1.00579833984375
0.0
0.0
0.0
0.0
0.97430419921875
0.90411376953125
0.8897705078125
0.83197021484375
0.736083984375
0.933349609375
0.0
0.0
1.081298828125
0.86712646484375
0.7635498046875
0.0
0.0
0.0
0.0
0.0
0.90093994140625
0.9024658203125
0.94378662109375
0.97900390625
1.1444091796875
0.0
0.0
0.0
0.0
0.0
0.0
0.0
0.98028564453125
1.15667724609375
0.94140625
0.0
0.0
0.0
0.0
0.0
1.01068115234375
1.03314208984375
0.84344482421875
1.00030517578125
0.0
0.0
0.0
0.0
0.96063232421875
0.0
0.0
0.0
0.0
0.0
0.99920654296875
0.76019287109375
0.90277099609375
1.0526123046875
0.78021240234375
0.84588623046875
0.93621826171875
0.0
0.0
0.0
0.0
0.0
0.0
0.0
0.0
0.9521484375
1.0186767578125
1.04266357421875
0.0
0.0
0.0
0.95452880859375
0.0
0.0
0.0
0.0
1.11407470703125
0.84466552734375
1.060302734375
0.0
0.0
0.0
0.0
0.0
0.0
0.0
1.05694580078125
1.15460205078125
0.86737060546875
0.87158203125
0.0
0.0
0.0
0.0
0.88623046875
0.0
0.0
0.0
0.9046630859375
0.85064697265625
0.88482666015625
0.0
0.0
0.0
0.0
0.0
0.0
0.0
0.0
0.89434814453125
0.920166015625
0.87786865234375
1.05023193359375
0.0
1.067626953125
0.918212890625
0.83221435546875
0.0
0.0
0.89794921875
0.876220703125
1.00128173828125
0.7796630859375
0.0
0.0
1.0628662109375
0.984130859375
0.9378662109375
0.823486328125
0.86529541015625
0.0
0.0
0.843017578125
0.8509521484375
1.032958984375
0.0
0.0
0.9698486328125
1.054931640625
1.04620361328125
1.0528564453125
0.9033203125
0.0
0.0
0.0
0.0
1.099365234375
1.06463623046875
0.89727783203125
0.94671630859375
1.0694580078125
0.91552734375
0.0
0.0
0.0
0.92877197265625
1.02947998046875
0.9219970703125
0.9754638671875
0.0
0.0
0.0
0.0
0.0
0.0
0.9178466796875
0.0
0.0
0.0
0.0
0.0
0.0
0.84967041015625
0.848876953125
0.84429931640625
0.0
0.0
0.8802490234375
0.9940185546875
0.941162109375
0.0
0.0
0.0
0.0
0.0
0.0
1.02764892578125
0.98211669921875
1.05255126953125
1.060546875
1.08746337890625
0.0
0.0
0.0
0.0
0.92413330078125
0.984619140625
1.03826904296875
0.0
0.0
0.0
0.0
0.0
0.93365478515625
0.927978515625
0.95294189453125
0.0
0.0
0.0
0.0
0.0
0.0
0.996337890625
0.8814697265625
0.84844970703125
0.0
0.0
0.0
0.0
1.09619140625
1.0810546875
1.02984619140625
0.0
0.0
0.0
0.0
0.0
0.0
0.9053955078125
0.91973876953125
1.03106689453125
0.9544677734375
0.0
0.0
0.0
0.0
0.82244873046875
0.95855712890625
0.8736572265625
0.0
0.0
0.0
0.0
