1.05633544921875
0.97625732421875
1.05731201171875
0.6287841796875
0.60308837890625
0.73101806640625
1.15692138671875
1.15887451171875
1.112548828125
0.90802001953125
0.716796875
0.5987548828125
0.98431396484375
1.02587890625
0.8974609375
0.8516845703125
0.943115234375
0.93804931640625
1.2418212890625
1.17059326171875
0.737060546875
0.87713623046875
1.1019287109375
0.77301025390625
1.2646484375
0.93792724609375
0.8487548828125
0.93878173828125
0.7401123046875
1.32244873046875
0.78302001953125
0.8046875
1.349365234375
0.5140380859375
1.166748046875
1.325927734375
0.7828369140625
0.97589111328125
1.0555419921875
0.88299560546875
0.72393798828125
0.75933837890625
0.9381103515625
0.95086669921875
0.96014404296875
0.99078369140625
0.72198486328125
1.4202880859375
0.99688720703125
0.9346923828125
1.150146484375
1.1568603515625
1.37750244140625
0.7364501953125
0.90484619140625
1.31341552734375
0.838134765625
0.75762939453125
0.8067626953125
0.77569580078125
0.89996337890625
1.19842529296875
1.26544189453125
0.99493408203125
0.959228515625
0.84130859375
0.81890869140625
0.828125
1.1043701171875
0.850830078125
1.179443359375
1.0994873046875
0.84576416015625
0.81695556640625
1.3612060546875
1.1068115234375
0.873046875
0.8934326171875
1.0665283203125
0.97845458984375
1.0538330078125
0.87835693359375
0.7911376953125
1.02569580078125
1.199951171875
0.86932373046875
0.8443603515625
1.07098388671875
0.8848876953125
0.80450439453125
1.09344482421875
0.842529296875
0.95269775390625
1.3519287109375
0.8746337890625
0.9346923828125
1.26593017578125
0.817626953125
0.5472412109375
0.94219970703125
0.72772216796875
1.31036376953125
0.8621826171875
0.86456298828125
1.17913818359375
1.06890869140625
1.07684326171875
1.3778076171875
0.95458984375
0.99267578125
0.80914306640625
0.82867431640625
0.85638427734375
0.97674560546875
0.95416259765625
0.75244140625
0.71923828125
0.8028564453125
1.10260009765625
1.347412109375
1.18096923828125
1.1668701171875
0.96209716796875
0.70428466796875
0.865478515625
0.56488037109375
0.93682861328125
0.91741943359375
0.92333984375
0.9384765625
0.967529296875
0.7735595703125
1.26312255859375
0.732421875
0.6058349609375
0.998046875
0.72833251953125
0.83966064453125
1.29498291015625
0.70208740234375
0.85992431640625
0.80853271484375
1.06134033203125
1.12982177734375
1.05010986328125
0.70428466796875
1.16070556640625
0.80322265625
1.392822265625
0.783203125
0.66033935546875
0.97467041015625
0.8009033203125
0.95953369140625
0.91973876953125
0.7750244140625
0.97589111328125
0.7274169921875
0.798828125
1.07958984375
0.84063720703125
0.43670654296875
0.86773681640625
1.21484375
0.76812744140625
1.5050048828125
0.87127685546875
1.1861572265625
1.17681884765625
1.24005126953125
0.81756591796875
0.8218994140625
0.82623291015625
1.12261962890625
0.9775390625
0.9014892578125
1.1031494140625
0.89453125
1.1953125
1.4320068359375
0.8486328125
0.6912841796875
1.38653564453125
1.15997314453125
0.8057861328125
0.82470703125
0.87060546875
1.18463134765625
1.03887939453125
1.005615234375
1.1514892578125
0.9376220703125
1.0711669921875
1.0255126953125
1.08245849609375
1.2813720703125
0.9647216796875
0.79876708984375
0.92730712890625
0.99609375
0.6171875
1.07989501953125
1.1624755859375
0.7867431640625
1.08087158203125
0.8675537109375
0.83685302734375
0.77325439453125
1.093505859375
0.98382568359375
1.03948974609375
1.1361083984375
0.937255859375
0.8828125
1.0478515625
0.89093017578125
1.26495361328125
0.9459228515625
0.89373779296875
0.8092041015625
1.16778564453125
0.81085205078125
1.00811767578125
0.98687744140625
1.0526123046875
1.62860107421875
0.96258544921875
0.71234130859375
1.01019287109375
0.91644287109375
1.02008056640625
1.231689453125
0.7188720703125
0.89007568359375
0.83563232421875
0.83111572265625
0.9012451171875
0.9010009765625
0.9398193359375
0.9281005859375
0.8546142578125
0.8062744140625
0.977294921875
1.26885986328125
0.80206298828125
1.1805419921875
0.69635009765625
1.03985595703125
0.88067626953125
1.0167236328125
1.3218994140625
1.35150146484375
1.14910888671875
0.86578369140625
1.01904296875
0.75091552734375
0.7935791015625
1.3770751953125
1.00408935546875
1.385009765625
0.8026123046875
1.165283203125
0.74334716796875
1.148681640625
1.07879638671875
1.13818359375
0.92919921875
1.13916015625
0.83209228515625
0.8162841796875
0.77557373046875
0.96441650390625
1.2564697265625
0.92547607421875
0.66839599609375
1.106689453125
0.86260986328125
0.9774169921875
1.37310791015625
0.80438232421875
0.8466796875
1.4813232421875
1.15057373046875
0.42236328125
0.80694580078125
0.98974609375
0.9462890625
1.2362060546875
1.0404052734375
0.74151611328125
0.74932861328125
1.07720947265625
0.9046630859375
0.92333984375
1.22845458984375
1.049560546875
1.325927734375
0.98028564453125
0.7496337890625
1.234619140625
0.95501708984375
0.99468994140625
0.879150390625
0.96478271484375
1.13995361328125
0.98553466796875
0.92852783203125
1.0001220703125
0.8897705078125
0.91473388671875
0.89923095703125
1.1676025390625
0.70367431640625
1.27642822265625
1.1162109375
1.20074462890625
0.92138671875
0.82391357421875
1.25286865234375
1.19024658203125
1.08331298828125
1.14044189453125
1.00042724609375
0.6927490234375
1.203369140625
0.975341796875
0.78204345703125
1.3896484375
0.69219970703125
1.072265625
0.67108154296875
0.8074951171875
1.220458984375
1.23870849609375
0.916259765625
0.6546630859375
1.260498046875
1.00323486328125
0.8795166015625
1.06787109375
0.90728759765625
0.8909912109375
0.91961669921875
0.7860107421875
0.8145751953125
0.8873291015625
1.0343017578125
0.947509765625
0.7796630859375
0.91082763671875
0.7205810546875
0.66302490234375
1.18463134765625
1.1197509765625
0.6641845703125
0.9678955078125
1.4898681640625
1.5296630859375
0.73040771484375
1.0650634765625
1.29150390625
0.97467041015625
0.61444091796875
0.990234375
1.7353515625
0.93316650390625
0.83001708984375
1.02313232421875
0.74627685546875
1.28924560546875
1.322998046875
1.51519775390625
0.90985107421875
0.9423828125
1.00372314453125
0.7159423828125
0.83343505859375
1.0697021484375
0.71746826171875
0.88238525390625
0.96807861328125
0.97503662109375
0.94842529296875
0.8272705078125
0.9830322265625
0.82440185546875
1.0750732421875
0.7501220703125
0.80584716796875
0.9505615234375
1.02667236328125
0.72406005859375
0.85369873046875
0.85125732421875
1.2408447265625
0.7874755859375
1.02935791015625
1.02508544921875
0.99041748046875
1.11016845703125
1.2381591796875
0.96954345703125
0.9888916015625
0.86785888671875
0.8712158203125
0.74725341796875
1.1114501953125
1.43511962890625
0.98602294921875
1.093017578125
0.74505615234375
1.20819091796875
0.7225341796875
0.9166259765625
0.92926025390625
0.995361328125
0.73876953125
0.9180908203125
1.11114501953125
1.4937744140625
0.9390869140625
0.81494140625
1.15362548828125
0.92254638671875
0.817626953125
0.921630859375
0.9825439453125
1.11865234375
0.92266845703125
1.1995849609375
0.97320556640625
0.98663330078125
0.79534912109375
0.7918701171875
1.10382080078125
0.9786376953125
0.8046875
1.33428955078125
0.903564453125
0.91204833984375
0.88177490234375
1.14532470703125
0.94989013671875
1.38690185546875
1.09381103515625
0.92205810546875
1.47674560546875
0.81243896484375
1.041015625
1.33331298828125
0.78546142578125
1.0008544921875
0.857421875
0.9820556640625
1.293212890625
0.8834228515625
0.819580078125
0.89434814453125
1.21307373046875
0.650390625
0.97021484375
1.162841796875
1.0045166015625
1.04669189453125
0.96246337890625
0.82672119140625
0.95135498046875
1.1298828125
0.81585693359375
0.8199462890625
0.9793701171875
1.1314697265625
0.99188232421875
0.7598876953125
0.95172119140625
0.89508056640625
1.0731201171875
0.79522705078125
0.96728515625
0.70281982421875
0.99285888671875
0.919189453125
1.3375244140625
1.017822265625
0.71490478515625
1.394775390625
0.785400390625
0.957275390625
1.2718505859375
0.87127685546875
0.7369384765625
1.0069580078125
0.72021484375
1.0439453125
1.03228759765625
0.8118896484375
0.802734375
0.67279052734375
0.70928955078125
0.84381103515625
