0.91998291015625
0.822265625
0.8951416015625
1.12359619140625
1.02069091796875
1.342041015625
0.87384033203125
0.9903564453125
1.09027099609375
1.15478515625
1.0145263671875
1.21832275390625
1.27398681640625
0.80194091796875
1.08978271484375
1.20648193359375
0.82659912109375
1.388916015625
0.948974609375
1.1949462890625
1.20428466796875
1.14453125
1.22808837890625
1.45458984375
1.2054443359375
1.07904052734375
0.71563720703125
1.3251953125
1.4085693359375
1.40234375
1.02557373046875
1.29278564453125
1.1761474609375
1.26068115234375
1.472412109375
1.09930419921875
1.03277587890625
1.32952880859375
1.068603515625
1.4979248046875
1.22808837890625
1.04864501953125
1.4964599609375
1.160888671875
0.96966552734375
1.0579833984375
1.232177734375
1.566162109375
1.20953369140625
1.16400146484375
1.4580078125
1.21234130859375
0.9466552734375
1.41949462890625
1.12567138671875
1.41485595703125
0.77362060546875
0.86163330078125
0.96905517578125
1.34661865234375
1.0880126953125
1.1810302734375
1.40289306640625
1.12945556640625
1.24505615234375
1.44891357421875
0.84783935546875
0.9674072265625
1.304931640625
1.1124267578125
1.45025634765625
0.85223388671875
0.9639892578125
1.27288818359375
1.67218017578125
0.7098388671875
1.20037841796875
1.36163330078125
1.05755615234375
0.99932861328125
1.22216796875
1.1431884765625
1.41241455078125
1.057373046875
0.970458984375
0.8074951171875
1.03289794921875
1.21087646484375
1.134765625
1.1546630859375
1.28399658203125
1.311767578125
1.55035400390625
1.13848876953125
1.2413330078125
1.1695556640625
1.085205078125
1.0218505859375
1.14886474609375
1.2977294921875
1.37872314453125
1.28131103515625
1.07171630859375
0.9659423828125
1.00830078125
1.19305419921875
1.411865234375
0.9234619140625
1.11993408203125
1.4322509765625
0.77056884765625
1.40728759765625
0.9544677734375
1.010009765625
1.05621337890625
1.0968017578125
1.0338134765625
0.990478515625
1.34674072265625
1.1356201171875
1.12774658203125
1.349365234375
1.2296142578125
1.12042236328125
1.24530029296875
0.79864501953125
0.897216796875
1.23138427734375
1.018798828125
1.03228759765625
1.06402587890625
1.36676025390625
1.28094482421875
1.341552734375
1.2445068359375
1.088623046875
1.1748046875
1.20458984375
1.30810546875
1.19573974609375
0.9652099609375
1.30267333984375
0.94879150390625
1.09771728515625
1.174072265625
1.3775634765625
0.91046142578125
1.49359130859375
1.20892333984375
1.35357666015625
0.987548828125
0.91583251953125
0.8974609375
1.32489013671875
1.2130126953125
0.9964599609375
1.24237060546875
1.00146484375
1.2987060546875
1.17218017578125
1.06512451171875
1.100830078125
0.76611328125
1.0986328125
0.93017578125
0.907958984375
0.9984130859375
1.0760498046875
1.066650390625
1.08526611328125
1.4373779296875
1.232421875
1.32373046875
0.84930419921875
1.3675537109375
1.6275634765625
0.6248779296875
1.4373779296875
1.200927734375
1.27728271484375
0.94586181640625
0.931640625
0.96954345703125
1.10968017578125
1.18017578125
1.29351806640625
1.10968017578125
1.00372314453125
1.208740234375
1.19476318359375
1.314208984375
1.04901123046875
1.140380859375
0.7713623046875
1.1251220703125
0.99761962890625
1.1322021484375
1.4439697265625
0.8109130859375
1.39874267578125
1.08319091796875
1.08367919921875
1.0213623046875
1.14862060546875
0.7864990234375
0.81756591796875
1.1514892578125
1.36865234375
1.017333984375
1.10150146484375
1.31890869140625
1.220947265625
1.1397705078125
1.08807373046875
1.1563720703125
0.8450927734375
1.083251953125
1.14349365234375
1.28314208984375
1.13482666015625
1.334716796875
1.28900146484375
1.29705810546875
1.23797607421875
0.94189453125
0.9437255859375
1.2425537109375
1.19085693359375
1.00250244140625
1.13775634765625
1.0167236328125
1.2542724609375
1.306640625
1.41943359375
1.006591796875
1.23382568359375
1.05487060546875
1.0950927734375
1.20635986328125
1.449951171875
1.2552490234375
1.26300048828125
1.44366455078125
0.82928466796875
0.84613037109375
1.24310302734375
1.13946533203125
1.119140625
1.04498291015625
1.30377197265625
1.1463623046875
1.228759765625
0.98211669921875
1.40887451171875
1.15240478515625
1.01043701171875
1.54168701171875
1.0902099609375
1.103515625
1.64483642578125
1.13201904296875
1.2340087890625
1.34649658203125
0.98101806640625
1.03338623046875
0.89666748046875
1.38763427734375
1.37249755859375
1.0850830078125
1.2598876953125
1.00634765625
1.158935546875
1.212890625
1.28948974609375
1.24090576171875
1.25567626953125
1.19000244140625
1.1571044921875
1.070068359375
0.90106201171875
1.24017333984375
1.27716064453125
1.12152099609375
1.06170654296875
1.037353515625
1.103271484375
1.06549072265625
1.1058349609375
0.69781494140625
0.984375
1.18804931640625
1.259765625
1.158203125
0.79296875
1.0552978515625
1.2125244140625
1.49725341796875
1.16265869140625
0.879150390625
1.2640380859375
0.99267578125
1.28594970703125
1.2196044921875
1.2928466796875
0.81085205078125
1.317138671875
1.18768310546875
1.178955078125
1.1854248046875
1.14788818359375
0.984130859375
1.257568359375
0.9766845703125
1.34429931640625
0.9364013671875
1.3133544921875
0.93389892578125
1.60162353515625
1.3714599609375
0.90606689453125
1.27557373046875
1.19921875
0.9566650390625
1.181884765625
1.56005859375
1.32269287109375
1.21142578125
1.11517333984375
1.43072509765625
1.314453125
1.08294677734375
1.23101806640625
1.09722900390625
1.43011474609375
1.14599609375
1.15264892578125
1.00946044921875
1.25128173828125
1.2991943359375
1.1236572265625
1.110107421875
0.96185302734375
1.50872802734375
1.28546142578125
1.1741943359375
1.343994140625
1.2554931640625
1.31182861328125
1.126708984375
1.04425048828125
0.79400634765625
1.15234375
1.39593505859375
1.231689453125
1.101806640625
1.40753173828125
1.11285400390625
0.92449951171875
1.33331298828125
0.98541259765625
1.1181640625
1.290771484375
1.30517578125
0.9798583984375
1.38604736328125
1.22149658203125
0.83160400390625
1.26177978515625
0.74884033203125
1.18035888671875
1.486572265625
1.28204345703125
1.1265869140625
1.03106689453125
1.1541748046875
0.9000244140625
1.02581787109375
0.88995361328125
1.38067626953125
1.23553466796875
0.9853515625
0.89453125
1.48760986328125
1.1488037109375
1.08575439453125
0.9735107421875
1.361328125
0.97564697265625
1.33343505859375
0.92584228515625
1.2744140625
1.06298828125
1.11114501953125
0.86602783203125
1.12078857421875
1.05499267578125
1.0830078125
1.09881591796875
1.19134521484375
1.0517578125
1.230712890625
1.3524169921875
1.2679443359375
1.539794921875
1.010498046875
0.90557861328125
1.04022216796875
1.30023193359375
1.06488037109375
1.17626953125
1.47119140625
1.15618896484375
1.25054931640625
1.36419677734375
1.3798828125
1.2899169921875
0.9320068359375
1.20166015625
1.20123291015625
0.94891357421875
1.240478515625
1.16192626953125
1.11474609375
1.12554931640625
1.13287353515625
1.111572265625
1.19451904296875
1.33245849609375
1.29010009765625
1.30108642578125
1.154296875
1.02825927734375
1.05303955078125
0.94000244140625
1.49298095703125
0.9320068359375
1.4102783203125
0.9197998046875
1.23248291015625
1.12127685546875
1.00982666015625
1.18756103515625
1.23443603515625
1.36822509765625
1.10791015625
1.406494140625
1.25244140625
0.91943359375
1.46832275390625
1.29791259765625
1.1158447265625
1.02044677734375
1.29296875
1.07342529296875
1.3101806640625
0.9796142578125
1.21722412109375
1.19488525390625
1.04193115234375
1.031982421875
1.3699951171875
1.5361328125
1.17266845703125
1.44830322265625
1.491943359375
1.0430908203125
1.26751708984375
1.0159912109375
1.36407470703125
1.032470703125
1.08984375
1.19403076171875
1.19158935546875
1.28546142578125
1.242431640625
0.883056640625
0.9949951171875
1.1512451171875
1.343505859375
0.959228515625
0.95989990234375
1.29248046875
0.91778564453125
1.354736328125
1.26739501953125
1.15478515625
1.01165771484375
1.08160400390625
1.16632080078125
0.9228515625
1.14349365234375
1.11334228515625
1.35748291015625
1.262939453125
1.3687744140625
0.923095703125
0.9454345703125
0.95184326171875
0.88946533203125
1.014892578125
