0.65692138671875
0.71917724609375
1.072265625
0.7325439453125
0.47845458984375
0.9429931640625
0.74700927734375
1.05450439453125
0.84375
1.09027099609375
0.90869140625
1.253173828125
0.8463134765625
0.87530517578125
0.930908203125
0.69317626953125
0.8199462890625
0.7122802734375
0.97161865234375
0.463134765625
0.65411376953125
0.58203125
1.02777099609375
0.81695556640625
1.23870849609375
1.2061767578125
0.999267578125
1.050537109375
0.85101318359375
0.6263427734375
0.85906982421875
1.06683349609375
1.00537109375
0.8250732421875
1.23028564453125
0.9873046875
0.9052734375
1.000732421875
0.60223388671875
0.9451904296875
0.92047119140625
0.74285888671875
0.91766357421875
1.2701416015625
1.08673095703125
1.05474853515625
1.262451171875
1.01220703125
1.01776123046875
0.92071533203125
0.86968994140625
0.86151123046875
0.91021728515625
0.88299560546875
0.74554443359375
1.11322021484375
0.9244384765625
0.84857177734375
0.7037353515625
0.9033203125
0.6602783203125
0.60272216796875
1.11846923828125
0.77850341796875
1.28875732421875
0.58807373046875
1.12493896484375
1.37274169921875
1.02081298828125
1.1229248046875
0.7325439453125
1.03515625
1.23895263671875
1.1055908203125
0.92901611328125
0.69488525390625
0.5684814453125
0.73114013671875
0.7742919921875
1.09814453125
1.2052001953125
0.7060546875
0.77630615234375
0.834228515625
1.122314453125
0.839599609375
0.76446533203125
1.0325927734375
1.22698974609375
0.9066162109375
0.9293212890625
0.8687744140625
0.97674560546875
1.077392578125
0.7325439453125
0.8250732421875
1.0682373046875
1.3055419921875
0.80633544921875
0.46331787109375
0.9132080078125
1.1607666015625
0.7664794921875
1.1380615234375
1.10577392578125
0.53509521484375
1.15936279296875
0.65740966796875
0.544189453125
0.81854248046875
1.02960205078125
0.54620361328125
0.799560546875
0.68182373046875
1.10052490234375
0.929931640625
0.74591064453125
0.70660400390625
0.8367919921875
0.8431396484375
1.09771728515625
0.87359619140625
1.10784912109375
0.761474609375
0.89276123046875
0.94769287109375
1.029541015625
1.03314208984375
0.6204833984375
0.808837890625
1.0213623046875
0.85260009765625
0.9437255859375
0.842529296875
0.7806396484375
0.94287109375
0.978515625
0.7828369140625
0.8968505859375
0.7410888671875
0.85797119140625
0.7459716796875
0.91143798828125
1.26983642578125
1.09088134765625
0.87042236328125
0.7734375
0.83587646484375
1.0755615234375
0.51251220703125
1.01593017578125
0.58905029296875
0.7457275390625
0.78814697265625
1.02008056640625
0.71234130859375
0.7994384765625
0.76837158203125
0.49462890625
1.07025146484375
0.8690185546875
0.9886474609375
0.9525146484375
0.813720703125
1.05816650390625
0.86944580078125
0.637451171875
0.83642578125
0.6944580078125
0.89642333984375
0.68621826171875
0.8125
0.71728515625
0.9864501953125
0.4761962890625
1.02716064453125
0.71337890625
0.86407470703125
1.03076171875
0.816162109375
1.0426025390625
0.67828369140625
0.89935302734375
0.64300537109375
0.81939697265625
1.11883544921875
1.13726806640625
0.95306396484375
1.1126708984375
0.69488525390625
1.0870361328125
0.894775390625
0.9786376953125
0.96728515625
0.7030029296875
1.16632080078125
0.89642333984375
1.106689453125
0.49053955078125
0.77093505859375
0.61346435546875
0.93603515625
0.83526611328125
1.1298828125
0.92022705078125
0.66650390625
1.01873779296875
1.04437255859375
0.8963623046875
0.7210693359375
1.17254638671875
0.8619384765625
0.72784423828125
0.928955078125
0.7066650390625
1.06317138671875
0.8046875
0.9591064453125
0.9796142578125
1.15142822265625
0.931884765625
0.7510986328125
0.87017822265625
1.40716552734375
0.92864990234375
0.7254638671875
0.69940185546875
0.6639404296875
1.10943603515625
0.88134765625
0.865478515625
1.09967041015625
1.126220703125
0.72540283203125
0.892333984375
0.96514892578125
1.0567626953125
0.95513916015625
0.79901123046875
1.10345458984375
0.8709716796875
0.63507080078125
0.54376220703125
0.8612060546875
0.96051025390625
0.65289306640625
1.4093017578125
1.1802978515625
0.75335693359375
1.06756591796875
0.89813232421875
0.88201904296875
0.84063720703125
0.60955810546875
0.6981201171875
0.86431884765625
0.594970703125
0.83599853515625
0.8997802734375
0.98553466796875
1.1533203125
1.15924072265625
1.12274169921875
1.41241455078125
1.31793212890625
0.85601806640625
0.82122802734375
1.041748046875
1.62420654296875
0.870849609375
0.99945068359375
0.73602294921875
0.822998046875
1.14483642578125
0.69677734375
0.75616455078125
0.5411376953125
0.73138427734375
0.91351318359375
0.94683837890625
0.8538818359375
0.91546630859375
0.89599609375
0.83428955078125
0.66204833984375
0.91656494140625
0.70391845703125
1.61395263671875
0.77410888671875
1.23553466796875
0.7303466796875
0.7236328125
0.48443603515625
1.01336669921875
1.15911865234375
1.0948486328125
0.95733642578125
1.0684814453125
0.76885986328125
0.521484375
0.98004150390625
0.97479248046875
0.883056640625
0.81622314453125
0.62652587890625
0.7607421875
0.98895263671875
0.58563232421875
0.87237548828125
0.63568115234375
1.18292236328125
0.9395751953125
0.94720458984375
0.9873046875
0.849853515625
0.84783935546875
0.56005859375
0.88812255859375
0.53399658203125
0.60498046875
1.10595703125
1.0257568359375
0.7689208984375
0.761474609375
0.8798828125
0.8681640625
0.74224853515625
1.04656982421875
0.7484130859375
1.236083984375
0.9810791015625
0.90716552734375
0.77593994140625
1.22528076171875
0.8809814453125
0.99749755859375
0.81640625
1.159423828125
0.91015625
1.0321044921875
0.79876708984375
0.9962158203125
0.80670166015625
1.57257080078125
0.84686279296875
1.16064453125
0.766845703125
0.72222900390625
0.7042236328125
0.4627685546875
0.887451171875
0.84771728515625
0.87060546875
0.8209228515625
0.85302734375
0.8636474609375
0.71417236328125
0.74810791015625
1.48309326171875
1.1524658203125
0.94854736328125
1.1005859375
0.9913330078125
1.21929931640625
0.55828857421875
0.67364501953125
0.97857666015625
1.2698974609375
0.99627685546875
0.98272705078125
0.82171630859375
0.76910400390625
0.7801513671875
0.6912841796875
0.85382080078125
0.61041259765625
0.788330078125
1.07403564453125
0.9371337890625
0.99761962890625
0.7867431640625
0.67974853515625
0.83074951171875
0.94244384765625
0.6070556640625
1.0069580078125
0.84625244140625
0.86907958984375
0.665283203125
1.08966064453125
0.78717041015625
1.3673095703125
1.1160888671875
0.8079833984375
0.805908203125
0.908447265625
0.8896484375
1.09747314453125
0.9244384765625
0.93377685546875
0.79180908203125
0.91094970703125
0.6324462890625
0.88189697265625
0.48968505859375
1.1087646484375
0.51531982421875
0.72491455078125
0.9100341796875
0.93865966796875
0.84051513671875
1.12176513671875
0.73370361328125
0.74169921875
0.96514892578125
0.848388671875
0.7283935546875
0.78704833984375
1.1190185546875
0.5772705078125
0.80322265625
1.01300048828125
1.17919921875
0.8153076171875
1.187744140625
0.92181396484375
0.64605712890625
0.93243408203125
0.827880859375
0.9302978515625
0.852783203125
0.6834716796875
1.04925537109375
0.485595703125
0.77447509765625
0.693603515625
0.7579345703125
0.55657958984375
0.6485595703125
1.09417724609375
0.910888671875
0.77484130859375
1.113525390625
0.71728515625
0.48394775390625
0.96435546875
0.9967041015625
0.8880615234375
0.63787841796875
0.98046875
1.017822265625
0.67449951171875
0.8597412109375
0.608642578125
1.25115966796875
0.896728515625
1.07489013671875
0.55731201171875
1.05511474609375
1.23382568359375
0.84197998046875
0.91827392578125
0.54290771484375
0.921875
0.62493896484375
0.9276123046875
0.4771728515625
0.66107177734375
1.33489990234375
0.9544677734375
1.11724853515625
0.8585205078125
1.0523681640625
0.60125732421875
0.87548828125
0.9891357421875
0.6795654296875
0.92529296875
1.0438232421875
1.30389404296875
1.18084716796875
1.02880859375
0.934814453125
0.8427734375
1.0516357421875
0.86334228515625
1.0672607421875
1.16839599609375
0.922119140625
0.942138671875
0.93157958984375
0.8939208984375
1.2181396484375
0.901123046875
0.67742919921875
0.71923828125
0.97283935546875
1.19024658203125
1.093505859375
0.98883056640625
