0.71343994140625
0.81646728515625
1.14581298828125
0.84722900390625
0.52069091796875
0.9810791015625
0.86224365234375
1.1192626953125
0.931884765625
1.126708984375
0.98370361328125
1.3011474609375
0.93402099609375
0.95684814453125
1.00750732421875
0.76214599609375
0.9295654296875
0.78814697265625
1.02911376953125
0.50726318359375
0.73931884765625
0.6707763671875
1.10614013671875
0.90362548828125
1.30633544921875
1.269775390625
1.067626953125
1.1273193359375
0.95257568359375
0.70526123046875
0.94598388671875
1.14141845703125
1.08563232421875
0.90869140625
1.260009765625
1.006591796875
0.9464111328125
1.08831787109375
0.66729736328125
1.0426025390625
0.96343994140625
0.80755615234375
0.9825439453125
1.39349365234375
1.142333984375
1.119140625
1.33380126953125
1.0960693359375
1.07470703125
1.00579833984375
0.928955078125
0.94854736328125
0.97161865234375
0.94805908203125
0.84039306640625
1.1583251953125
0.9818115234375
0.9422607421875
0.76666259765625
1.001953125
0.76202392578125
0.69024658203125
1.21600341796875
0.8734130859375
1.3388671875
0.66558837890625
1.168212890625
1.41754150390625
1.069091796875
1.14111328125
0.834716796875
1.09832763671875
1.3360595703125
1.1705322265625
1.0372314453125
0.7398681640625
0.6434326171875
0.81890869140625
0.8570556640625
1.157958984375
1.27716064453125
0.8062744140625
0.84429931640625
0.90545654296875
1.23236083984375
0.8546142578125
0.81256103515625
1.0950927734375
1.31072998046875
0.98651123046875
0.9967041015625
0.96209716796875
1.047607421875
1.12640380859375
0.8118896484375
0.9193115234375
1.11322021484375
1.36236572265625
0.85992431640625
0.54541015625
1.0208740234375
1.28179931640625
0.81060791015625
1.25262451171875
1.15386962890625
0.612548828125
1.24969482421875
0.7342529296875
0.59051513671875
0.857421875
1.1275634765625
0.611328125
0.83935546875
0.80859375
1.215087890625
0.99505615234375
0.8345947265625
0.783935546875
0.91009521484375
0.89111328125
1.18994140625
0.92523193359375
1.14385986328125
0.848876953125
1.00201416015625
1.05853271484375
1.08624267578125
1.068115234375
0.69586181640625
0.902587890625
1.11602783203125
0.93011474609375
1.03924560546875
0.98016357421875
0.8740234375
1.03546142578125
1.07342529296875
0.86920166015625
0.98638916015625
0.80047607421875
0.9141845703125
0.798828125
0.9615478515625
1.4263916015625
1.14752197265625
0.9161376953125
0.828125
0.94488525390625
1.13629150390625
0.5667724609375
1.10162353515625
0.69677734375
0.8265380859375
0.88726806640625
1.072265625
0.772216796875
0.8408203125
0.8590087890625
0.57183837890625
1.1075439453125
0.95684814453125
1.0670166015625
1.020751953125
0.8941650390625
1.1094970703125
0.95758056640625
0.68560791015625
0.90423583984375
0.78466796875
0.9757080078125
0.768310546875
0.89251708984375
0.77459716796875
1.09014892578125
0.541259765625
1.10638427734375
0.8033447265625
0.91937255859375
1.09344482421875
0.89556884765625
1.1470947265625
0.74810791015625
0.94805908203125
0.741455078125
0.86993408203125
1.163330078125
1.200439453125
1.01318359375
1.21539306640625
0.76123046875
1.171875
0.97021484375
1.0338134765625
1.01617431640625
0.74884033203125
1.21343994140625
0.96630859375
1.14984130859375
0.5733642578125
0.8759765625
0.7197265625
1.01678466796875
0.90472412109375
1.22515869140625
1.02130126953125
0.73760986328125
1.04815673828125
1.16314697265625
0.92938232421875
0.8133544921875
1.29156494140625
0.966796875
0.803955078125
1.0323486328125
0.75714111328125
1.17181396484375
0.83868408203125
1.03668212890625
1.07080078125
1.19866943359375
1.038330078125
0.84002685546875
0.92431640625
1.4320068359375
1.02325439453125
0.7886962890625
0.74945068359375
0.741943359375
1.1912841796875
0.9345703125
0.960693359375
1.16888427734375
1.23388671875
0.8114013671875
0.93841552734375
1.04559326171875
1.08514404296875
1.0162353515625
0.87335205078125
1.137451171875
0.96923828125
0.69854736328125
0.6392822265625
0.93878173828125
1.0430908203125
0.71856689453125
1.44970703125
1.24505615234375
0.85589599609375
1.15252685546875
0.95806884765625
0.96295166015625
0.91522216796875
0.6749267578125
0.763671875
0.96746826171875
0.65875244140625
0.93035888671875
0.9779052734375
1.0538330078125
1.15277099609375
1.21746826171875
1.17578125
1.41693115234375
1.3431396484375
0.91876220703125
0.9305419921875
1.115478515625
1.69708251953125
0.92193603515625
1.0709228515625
0.81842041015625
0.8953857421875
1.16253662109375
0.76544189453125
0.83807373046875
0.5914306640625
0.7655029296875
0.94500732421875
0.99298095703125
0.8912353515625
0.97308349609375
1.00469970703125
0.8990478515625
0.73626708984375
0.96826171875
0.79962158203125
1.6300048828125
0.84295654296875
1.31744384765625
0.7974853515625
0.7939453125
0.536865234375
1.0870361328125
1.18804931640625
1.20098876953125
1.0703125
1.1312255859375
0.86029052734375
0.5836181640625
1.03607177734375
1.04254150390625
0.90411376953125
0.90313720703125
0.7193603515625
0.83441162109375
1.07501220703125
0.6409912109375
0.970947265625
0.708740234375
1.28326416015625
1.0145263671875
1.0792236328125
1.08203125
0.9197998046875
0.9334716796875
0.631591796875
0.96112060546875
0.63238525390625
0.67877197265625
1.161376953125
1.0987548828125
0.8082275390625
0.83428955078125
0.97186279296875
0.95294189453125
0.84564208984375
1.09661865234375
0.80450439453125
1.29852294921875
1.05108642578125
0.9569091796875
0.85113525390625
1.266845703125
0.9232177734375
1.048583984375
0.863037109375
1.28424072265625
1.00701904296875
1.09881591796875
0.86810302734375
1.08544921875
0.89166259765625
1.59814453125
0.92730712890625
1.28179931640625
0.8463134765625
0.79437255859375
0.7791748046875
0.53167724609375
0.944580078125
0.98675537109375
0.94677734375
0.89068603515625
0.91400146484375
0.9638671875
0.80035400390625
0.85400390625
1.61236572265625
1.211669921875
1.03173828125
1.162109375
1.05145263671875
1.23065185546875
0.63018798828125
0.7728271484375
1.0274658203125
1.31243896484375
1.05224609375
1.0023193359375
0.8798828125
0.82159423828125
0.84381103515625
0.7706298828125
0.91937255859375
0.683349609375
0.85296630859375
1.10076904296875
1.000244140625
1.07159423828125
0.907958984375
0.74871826171875
0.8819580078125
1.08050537109375
0.7022705078125
1.08453369140625
0.93499755859375
0.95782470703125
0.78546142578125
1.12652587890625
0.85748291015625
1.46722412109375
1.17156982421875
0.91302490234375
0.86865234375
0.982177734375
1.00750732421875
1.1439208984375
0.963623046875
1.038818359375
0.81878662109375
0.98565673828125
0.72308349609375
0.9649658203125
0.5582275390625
1.1226806640625
0.56597900390625
0.79351806640625
0.984375
1.00946044921875
0.91387939453125
1.1966552734375
0.8125
0.86907958984375
1.0548095703125
0.9271240234375
0.80230712890625
0.89166259765625
1.2066650390625
0.65167236328125
0.86865234375
1.09893798828125
1.23504638671875
0.8790283203125
1.25006103515625
1.0013427734375
0.7431640625
1.02581787109375
0.91241455078125
1.00238037109375
0.9544677734375
0.7762451171875
1.1270751953125
0.54180908203125
0.83642578125
0.77362060546875
0.818603515625
0.639892578125
0.75311279296875
1.145263671875
0.988525390625
0.8861083984375
1.14971923828125
0.8304443359375
0.551513671875
1.052978515625
1.05889892578125
0.92047119140625
0.7149658203125
1.01446533203125
1.03936767578125
0.72052001953125
0.95770263671875
0.65643310546875
1.32757568359375
0.96038818359375
1.19805908203125
0.638427734375
1.16595458984375
1.2955322265625
0.92340087890625
0.96197509765625
0.60919189453125
0.975830078125
0.68780517578125
1.0223388671875
0.519775390625
0.7236328125
1.37744140625
1.0333251953125
1.192138671875
0.887451171875
1.12579345703125
0.67254638671875
0.95001220703125
1.09747314453125
0.73211669921875
0.99658203125
1.1259765625
1.36639404296875
1.2196044921875
1.0596923828125
1.00244140625
0.884521484375
1.0826416015625
0.91302490234375
1.1241455078125
1.2332763671875
0.9903564453125
1.03009033203125
1.00518798828125
0.9378662109375
1.26446533203125
0.98223876953125
0.7281494140625
0.802734375
1.04833984375
1.26947021484375
1.18048095703125
1.08392333984375
