0.20489501953125
0.2027587890625
0.26092529296875
0.45440673828125
0.3074951171875
0.1075439453125
0.41357421875
0.45068359375
0.439208984375
0.2364501953125
0.38299560546875
0.27825927734375
0.397705078125
0.6451416015625
0.271728515625
0.1456298828125
0.21038818359375
0.2608642578125
0.37261962890625
0.1544189453125
0.32421875
0.37982177734375
0.30621337890625
0.2237548828125
0.298095703125
0.2152099609375
0.2984619140625
0.238037109375
0.25726318359375
0.42596435546875
0.33941650390625
0.28857421875
0.16925048828125
0.20574951171875
0.26324462890625
0.35552978515625
0.29791259765625
0.4127197265625
0.48016357421875
0.4910888671875
0.33001708984375
0.1717529296875
0.282470703125
0.2747802734375
0.3814697265625
0.26446533203125
0.34149169921875
0.21026611328125
0.32366943359375
0.2564697265625
0.3670654296875
0.3284912109375
0.17889404296875
0.20416259765625
0.22259521484375
0.832275390625
0.2548828125
0.48193359375
0.1822509765625
0.24224853515625
0.1998291015625
0.3245849609375
0.09521484375
0.32672119140625
0.23126220703125
0.35400390625
0.34381103515625
0.3975830078125
0.2369384765625
0.345703125
0.3214111328125
0.15155029296875
0.35711669921875
0.49542236328125
0.216552734375
0.462890625
0.39300537109375
0.210205078125
0.2149658203125
0.26739501953125
0.5301513671875
0.17230224609375
0.311767578125
0.44207763671875
0.1015625
0.17529296875
0.19659423828125
0.7470703125
0.2086181640625
0.2816162109375
0.57171630859375
0.27423095703125
0.25555419921875
0.25048828125
0.245849609375
0.15631103515625
0.1697998046875
0.75439453125
0.28729248046875
0.31170654296875
0.160400390625
0.33416748046875
0.21893310546875
0.32415771484375
0.26861572265625
0.4677734375
0.40570068359375
0.5048828125
0.211669921875
0.10992431640625
0.16046142578125
0.2247314453125
0.22039794921875
0.43499755859375
0.48272705078125
0.19287109375
0.6180419921875
0.15924072265625
0.30267333984375
0.23370361328125
0.19451904296875
0.37628173828125
0.36444091796875
0.26153564453125
0.1068115234375
0.35076904296875
0.2886962890625
0.281982421875
0.45098876953125
0.28753662109375
0.511962890625
0.297607421875
0.3057861328125
0.24365234375
0.336669921875
0.4190673828125
0.40753173828125
0.35931396484375
0.24139404296875
0.33087158203125
0.23388671875
0.2471923828125
0.2938232421875
0.1817626953125
0.44244384765625
0.27105712890625
0.44512939453125
0.34771728515625
0.2049560546875
0.2431640625
0.30181884765625
0.40594482421875
0.61932373046875
0.20452880859375
0.44476318359375
0.4305419921875
0.14422607421875
0.33416748046875
0.26312255859375
0.3114013671875
0.34210205078125
0.27496337890625
0.20147705078125
0.24920654296875
0.38482666015625
0.5377197265625
0.37738037109375
0.26055908203125
0.4136962890625
0.26171875
0.6678466796875
0.26995849609375
0.4561767578125
0.365234375
0.2220458984375
0.19281005859375
0.460693359375
0.21820068359375
0.09857177734375
0.60595703125
0.460205078125
0.17047119140625
0.21575927734375
0.158935546875
0.36065673828125
0.27337646484375
0.1307373046875
0.2655029296875
0.2950439453125
0.23553466796875
0.2655029296875
0.5601806640625
0.39715576171875
0.3095703125
0.3935546875
0.423828125
0.18743896484375
0.13494873046875
0.3231201171875
0.62005615234375
0.248046875
0.78729248046875
0.1649169921875
0.23565673828125
0.2275390625
0.3992919921875
0.4429931640625
0.19989013671875
0.21002197265625
0.210205078125
0.2708740234375
0.4522705078125
0.621826171875
0.12847900390625
0.3785400390625
0.5384521484375
0.171875
0.482666015625
0.5321044921875
0.33154296875
0.305908203125
0.20977783203125
0.25567626953125
0.429931640625
0.5621337890625
0.206298828125
0.3724365234375
0.29241943359375
0.2767333984375
0.15252685546875
0.22186279296875
0.21832275390625
0.36492919921875
0.245849609375
0.1683349609375
0.4368896484375
0.2357177734375
0.455810546875
0.39031982421875
0.4110107421875
0.2515869140625
0.3248291015625
0.194580078125
0.54791259765625
0.1336669921875
0.1915283203125
0.348876953125
0.389892578125
0.25994873046875
0.19415283203125
0.12384033203125
0.2440185546875
0.08807373046875
0.20465087890625
0.34326171875
0.25738525390625
0.20648193359375
0.30706787109375
0.20904541015625
0.5750732421875
0.23040771484375
0.23333740234375
0.585693359375
0.22637939453125
0.226806640625
0.55572509765625
0.6370849609375
0.2142333984375
0.28594970703125
0.0701904296875
0.2196044921875
0.349365234375
0.14910888671875
0.160400390625
0.41412353515625
0.15478515625
0.16925048828125
0.365234375
0.20843505859375
0.17657470703125
0.2200927734375
0.34637451171875
0.2440185546875
0.32342529296875
0.18682861328125
0.249755859375
0.305908203125
0.4100341796875
0.2266845703125
0.10406494140625
0.24822998046875
0.1461181640625
0.481201171875
0.2957763671875
0.24591064453125
0.4337158203125
0.289306640625
0.14508056640625
0.19903564453125
0.5150146484375
0.227783203125
0.2469482421875
0.52728271484375
0.23583984375
0.1361083984375
0.21728515625
0.276611328125
0.30401611328125
0.42169189453125
0.300537109375
0.29437255859375
0.31256103515625
0.39923095703125
0.4208984375
0.1256103515625
0.19866943359375
0.1527099609375
0.35357666015625
0.1767578125
0.20208740234375
0.4488525390625
0.171142578125
0.4384765625
0.50299072265625
0.2408447265625
0.29669189453125
0.26806640625
0.21038818359375
0.267822265625
0.395751953125
0.37994384765625
0.4569091796875
0.34698486328125
0.10894775390625
0.2763671875
0.234130859375
0.21917724609375
0.25482177734375
0.2344970703125
0.19091796875
0.27996826171875
0.22955322265625
0.23748779296875
0.5269775390625
0.44696044921875
0.2711181640625
0.5074462890625
0.17803955078125
0.11773681640625
0.1778564453125
0.30975341796875
0.42431640625
0.6837158203125
0.16900634765625
0.23858642578125
0.20684814453125
0.17327880859375
0.289794921875
0.15362548828125
0.40118408203125
0.27374267578125
0.81536865234375
0.28546142578125
0.299072265625
0.19476318359375
0.48992919921875
0.271484375
0.24749755859375
0.30181884765625
0.5010986328125
0.21014404296875
0.39593505859375
0.14495849609375
0.2705078125
0.32257080078125
0.330322265625
0.13189697265625
0.1890869140625
0.531005859375
0.3310546875
0.28460693359375
0.38494873046875
0.21917724609375
0.47552490234375
0.16180419921875
0.60308837890625
0.53033447265625
0.3980712890625
0.2655029296875
0.2327880859375
0.17926025390625
0.24737548828125
0.2235107421875
0.40338134765625
0.70111083984375
0.1417236328125
0.30194091796875
0.4693603515625
0.4012451171875
0.1317138671875
0.2974853515625
0.343017578125
0.3193359375
0.2205810546875
0.396728515625
0.12628173828125
0.46661376953125
0.1690673828125
0.19598388671875
0.32354736328125
0.4056396484375
0.3653564453125
0.34246826171875
0.20758056640625
0.22900390625
0.19586181640625
0.25750732421875
0.25830078125
0.163330078125
0.3572998046875
0.2266845703125
0.272705078125
0.41473388671875
0.2373046875
0.21246337890625
0.1861572265625
0.2752685546875
0.44952392578125
0.19451904296875
0.292236328125
0.26580810546875
0.424072265625
0.1806640625
0.2049560546875
0.27264404296875
0.1572265625
0.3270263671875
0.47467041015625
0.29705810546875
0.32537841796875
0.1768798828125
0.1510009765625
0.35211181640625
0.1424560546875
0.4093017578125
0.175048828125
0.61181640625
0.2855224609375
0.2647705078125
0.11810302734375
0.138427734375
0.30126953125
0.39007568359375
0.18756103515625
0.19317626953125
0.330078125
0.1019287109375
0.3282470703125
0.5662841796875
0.4307861328125
0.3814697265625
0.30206298828125
0.3092041015625
0.40155029296875
0.2249755859375
0.31488037109375
0.19482421875
0.2314453125
0.407958984375
0.24481201171875
0.25238037109375
0.2176513671875
0.14837646484375
0.282958984375
0.23443603515625
0.3621826171875
0.5888671875
0.24566650390625
0.4990234375
0.2437744140625
0.30548095703125
0.4212646484375
0.2484130859375
0.268310546875
0.25982666015625
0.31549072265625
0.11248779296875
0.49383544921875
0.139892578125
0.48065185546875
0.3431396484375
0.18994140625
0.315673828125
0.403564453125
0.43438720703125
0.35040283203125
0.2313232421875
0.30364990234375
0.72064208984375
0.18841552734375
