1.3411865234375
1.33563232421875
1.15155029296875
1.343505859375
0.83514404296875
1.14434814453125
1.25494384765625
0.8118896484375
1.09814453125
0.92059326171875
1.33917236328125
1.23394775390625
1.25689697265625
0.8609619140625
1.03509521484375
0.9962158203125
1.1029052734375
1.45672607421875
1.132568359375
1.08612060546875
1.1904296875
1.3609619140625
0.9814453125
1.0203857421875
1.24884033203125
1.04632568359375
1.1868896484375
1.2547607421875
1.200439453125
1.26751708984375
1.08154296875
1.512451171875
1.00054931640625
1.3623046875
1.2135009765625
1.2650146484375
1.1734619140625
1.05950927734375
0.94537353515625
0.876708984375
1.09503173828125
1.2510986328125
1.42730712890625
0.93798828125
1.1973876953125
1.48748779296875
1.18798828125
1.1715087890625
0.8607177734375
0.960693359375
1.14556884765625
1.30462646484375
1.22039794921875
1.33203125
1.0400390625
1.527587890625
1.17584228515625
1.24395751953125
1.0205078125
1.29315185546875
1.17840576171875
1.0601806640625
1.2601318359375
1.06463623046875
1.18731689453125
1.0509033203125
1.15234375
0.89947509765625
1.0087890625
1.33233642578125
1.2069091796875
1.2298583984375
1.3880615234375
0.94580078125
1.16973876953125
1.21820068359375
1.35711669921875
1.34942626953125
1.40850830078125
1.2847900390625
1.05975341796875
1.2906494140625
1.0653076171875
1.30810546875
1.444091796875
1.3319091796875
1.3199462890625
1.225830078125
1.1287841796875
1.3277587890625
1.24774169921875
1.1966552734375
1.3033447265625
1.0601806640625
1.20068359375
1.15576171875
1.7333984375
1.59869384765625
1.1038818359375
0.9647216796875
1.267333984375
1.01251220703125
1.29083251953125
1.75274658203125
1.069580078125
0.9769287109375
1.1578369140625
1.18621826171875
0.98052978515625
1.2247314453125
1.008056640625
0.99591064453125
1.15960693359375
1.05023193359375
1.28759765625
1.19140625
0.94561767578125
1.45574951171875
1.093994140625
1.36395263671875
1.1282958984375
0.9459228515625
0.784912109375
1.57244873046875
1.029052734375
1.5552978515625
1.12847900390625
1.04132080078125
1.15289306640625
1.2579345703125
1.3026123046875
1.09136962890625
1.26129150390625
1.15692138671875
1.353515625
1.15594482421875
1.15301513671875
1.0013427734375
1.21966552734375
1.04949951171875
1.4852294921875
0.90484619140625
1.02239990234375
0.90167236328125
1.2752685546875
0.92926025390625
1.271240234375
1.265869140625
1.05096435546875
1.00958251953125
1.09930419921875
1.18035888671875
1.29547119140625
1.5616455078125
1.17742919921875
0.95159912109375
1.19720458984375
0.99114990234375
1.05523681640625
0.97882080078125
0.996337890625
1.17877197265625
1.2943115234375
0.99005126953125
1.10076904296875
1.18365478515625
1.40362548828125
1.20843505859375
1.13934326171875
1.55157470703125
0.92779541015625
1.06756591796875
0.95672607421875
1.12664794921875
0.92620849609375
1.25408935546875
1.5491943359375
0.89898681640625
0.83477783203125
1.23638916015625
1.216552734375
1.40478515625
1.23095703125
0.96221923828125
1.52093505859375
1.0074462890625
1.497314453125
1.3070068359375
1.0811767578125
1.3814697265625
0.9793701171875
1.4361572265625
1.0863037109375
1.089599609375
1.140380859375
1.1815185546875
1.27874755859375
0.777099609375
1.07147216796875
0.9932861328125
1.1741943359375
1.4744873046875
1.204345703125
1.01837158203125
1.09320068359375
1.41796875
1.35394287109375
0.899169921875
0.978515625
1.0872802734375
1.0277099609375
1.06817626953125
1.73486328125
1.07354736328125
1.1834716796875
1.07708740234375
1.10113525390625
1.32958984375
1.20806884765625
0.9600830078125
1.06475830078125
1.09716796875
1.6295166015625
1.1099853515625
1.4237060546875
1.383544921875
1.454345703125
1.3521728515625
1.4443359375
1.3160400390625
1.14794921875
1.2318115234375
1.5311279296875
1.261474609375
1.3653564453125
0.89306640625
1.6680908203125
1.2921142578125
1.127197265625
0.9652099609375
1.1534423828125
1.10064697265625
0.9119873046875
1.25714111328125
1.14154052734375
1.16632080078125
1.1173095703125
1.268798828125
1.0482177734375
1.08477783203125
0.9166259765625
1.13873291015625
0.9793701171875
1.0672607421875
1.25701904296875
1.0936279296875
0.77685546875
1.412109375
1.6666259765625
1.16485595703125
1.0213623046875
0.89544677734375
1.0909423828125
1.12847900390625
1.12847900390625
1.40655517578125
1.69659423828125
0.9881591796875
1.38702392578125
1.25189208984375
1.1412353515625
1.27252197265625
1.1795654296875
1.13446044921875
1.05810546875
0.9425048828125
1.07037353515625
1.4288330078125
1.1419677734375
1.5391845703125
0.99969482421875
1.1387939453125
1.433837890625
1.2459716796875
1.22344970703125
0.998779296875
1.2567138671875
1.17913818359375
1.0938720703125
1.0313720703125
1.22479248046875
0.8798828125
1.2572021484375
1.09765625
1.48193359375
0.95654296875
1.00067138671875
1.3919677734375
1.44512939453125
1.14764404296875
1.11907958984375
1.41522216796875
1.040283203125
1.328857421875
1.08349609375
1.42767333984375
1.28851318359375
1.178466796875
1.00555419921875
1.32586669921875
1.28472900390625
0.891357421875
1.2318115234375
1.175048828125
0.97149658203125
0.9989013671875
1.12255859375
1.07183837890625
1.03106689453125
1.32855224609375
1.5067138671875
1.20269775390625
1.193603515625
1.413818359375
1.0728759765625
1.707763671875
1.33197021484375
1.3223876953125
1.16009521484375
1.12457275390625
1.18780517578125
1.262939453125
1.1700439453125
1.357177734375
1.09002685546875
1.00323486328125
1.37884521484375
1.36956787109375
0.974853515625
1.2984619140625
1.39788818359375
0.8929443359375
1.275390625
1.38116455078125
1.12579345703125
1.136474609375
1.267578125
0.94305419921875
0.96624755859375
1.13427734375
1.434326171875
1.17724609375
1.066650390625
1.18463134765625
1.05877685546875
1.013671875
1.25091552734375
1.0931396484375
1.3135986328125
1.24139404296875
1.424560546875
1.12908935546875
1.399658203125
0.958251953125
1.00885009765625
0.8446044921875
1.04046630859375
1.152099609375
1.05169677734375
1.44488525390625
1.37548828125
1.32745361328125
0.93084716796875
1.0166015625
1.090087890625
0.98590087890625
1.44830322265625
1.0753173828125
1.012451171875
1.1427001953125
1.0113525390625
1.26568603515625
1.0574951171875
1.216796875
1.13555908203125
0.928955078125
1.27392578125
1.1737060546875
1.097412109375
1.35430908203125
1.30712890625
1.27294921875
1.1474609375
1.4578857421875
1.18487548828125
1.0654296875
1.41253662109375
1.14068603515625
1.3189697265625
1.130126953125
0.923583984375
1.16253662109375
1.162109375
0.9300537109375
1.37799072265625
0.895263671875
1.021728515625
1.09515380859375
0.8800048828125
1.11083984375
1.4188232421875
1.0284423828125
1.16973876953125
0.83837890625
1.51141357421875
1.03826904296875
1.18084716796875
1.23199462890625
1.021484375
1.234130859375
1.73077392578125
1.11669921875
1.11590576171875
1.1632080078125
1.2666015625
1.13067626953125
0.85491943359375
1.14837646484375
1.470703125
1.09130859375
1.1015625
1.193115234375
0.8953857421875
1.412841796875
0.7120361328125
0.986572265625
1.21728515625
0.91448974609375
1.33038330078125
1.13104248046875
1.14483642578125
0.92523193359375
0.8924560546875
1.05859375
1.2923583984375
1.168212890625
1.31890869140625
1.1712646484375
1.467529296875
1.5594482421875
1.00537109375
0.95501708984375
1.0166015625
1.224853515625
1.3758544921875
1.5230712890625
0.96563720703125
1.02996826171875
1.26593017578125
1.2318115234375
1.0484619140625
1.2232666015625
1.021728515625
1.06939697265625
0.9290771484375
1.091796875
1.2843017578125
0.9310302734375
1.2283935546875
1.1556396484375
0.89453125
1.09661865234375
1.584228515625
1.15899658203125
1.24365234375
1.09124755859375
1.27496337890625
0.6580810546875
1.17803955078125
0.939697265625
1.56805419921875
1.219970703125
0.84527587890625
1.00927734375
1.240966796875
1.69989013671875
1.47003173828125
1.16424560546875
1.72576904296875
1.3978271484375
1.11932373046875
1.1541748046875
1.169677734375
1.06591796875
1.08526611328125
1.48907470703125
0.9256591796875
1.46197509765625
1.0272216796875
0.993408203125
