1.03167724609375
1.36187744140625
1.1651611328125
1.4393310546875
1.105712890625
1.34527587890625
1.26953125
1.20819091796875
1.50341796875
1.10369873046875
1.08026123046875
1.24993896484375
1.4249267578125
1.41143798828125
1.14453125
1.20831298828125
1.461669921875
1.24261474609375
1.357177734375
1.152587890625
1.031494140625
1.11297607421875
1.0560302734375
1.46954345703125
1.119140625
1.5362548828125
1.21337890625
1.1934814453125
1.28839111328125
1.49163818359375
1.02490234375
1.2833251953125
1.3665771484375
1.45452880859375
1.2054443359375
0.93377685546875
1.3709716796875
0.955810546875
1.11468505859375
1.54168701171875
1.16632080078125
1.216064453125
1.1524658203125
1.23638916015625
0.96331787109375
1.24658203125
1.58026123046875
1.58917236328125
1.22039794921875
1.2353515625
1.269775390625
1.3341064453125
1.0252685546875
1.290283203125
1.71929931640625
1.10662841796875
1.4166259765625
1.2935791015625
1.14276123046875
1.01434326171875
1.26983642578125
1.11041259765625
0.96502685546875
1.1068115234375
1.39007568359375
1.24169921875
1.19940185546875
1.276123046875
1.32794189453125
1.26678466796875
1.41070556640625
1.44580078125
1.21124267578125
1.25067138671875
1.1357421875
1.28240966796875
1.35498046875
1.4114990234375
1.0321044921875
1.30712890625
1.38128662109375
1.4288330078125
1.2491455078125
1.32244873046875
1.4228515625
1.4951171875
1.29095458984375
1.204345703125
1.10064697265625
1.18572998046875
1.16204833984375
1.26214599609375
1.5966796875
1.29229736328125
1.17657470703125
1.137451171875
1.41717529296875
1.45721435546875
1.62957763671875
1.23626708984375
1.4324951171875
1.44622802734375
1.32293701171875
1.22314453125
1.078125
1.48577880859375
1.37701416015625
1.37322998046875
1.41131591796875
1.1796875
1.26654052734375
1.26593017578125
1.39715576171875
1.69317626953125
1.23602294921875
1.290283203125
0.97845458984375
1.26348876953125
1.4453125
1.1529541015625
1.084228515625
1.4801025390625
1.462646484375
1.2484130859375
1.24346923828125
1.42449951171875
1.44293212890625
1.36846923828125
1.21173095703125
1.309814453125
1.53973388671875
1.438720703125
1.2374267578125
1.25384521484375
1.4141845703125
1.17730712890625
1.29083251953125
1.43597412109375
1.08001708984375
1.1458740234375
1.1488037109375
1.57989501953125
1.28643798828125
1.59259033203125
1.2264404296875
1.43267822265625
1.587890625
1.21923828125
1.126953125
1.1055908203125
1.29791259765625
1.09002685546875
1.3912353515625
1.25244140625
1.28192138671875
1.37091064453125
1.02313232421875
1.4302978515625
1.053466796875
1.39227294921875
1.38922119140625
1.1156005859375
1.2562255859375
1.47686767578125
1.193115234375
1.49951171875
1.17230224609375
1.46087646484375
1.08087158203125
1.18682861328125
1.1661376953125
1.13116455078125
1.526611328125
1.66949462890625
1.37249755859375
1.172607421875
1.4398193359375
1.11083984375
1.0447998046875
1.27789306640625
1.23895263671875
1.2109375
1.431640625
1.2322998046875
1.400146484375
1.39080810546875
1.20196533203125
1.4658203125
1.57318115234375
1.4056396484375
1.22149658203125
1.4678955078125
1.2054443359375
1.05535888671875
1.37677001953125
1.22650146484375
1.22412109375
1.32818603515625
0.9412841796875
1.30377197265625
1.410400390625
1.0528564453125
1.24847412109375
1.59759521484375
1.3450927734375
1.4049072265625
1.22430419921875
1.5086669921875
1.08795166015625
1.279296875
1.739501953125
1.17132568359375
1.38006591796875
1.4522705078125
0.88848876953125
1.39654541015625
1.04052734375
1.19097900390625
1.357177734375
1.12677001953125
1.23052978515625
1.180908203125
1.280029296875
1.2884521484375
1.24053955078125
1.5250244140625
1.59942626953125
1.40716552734375
1.4398193359375
1.52294921875
1.09930419921875
1.29071044921875
1.29193115234375
1.500732421875
1.35296630859375
1.36834716796875
1.3448486328125
1.18365478515625
1.25457763671875
1.18017578125
1.33477783203125
1.2506103515625
1.12969970703125
1.30303955078125
1.17852783203125
1.174560546875
1.62335205078125
1.41998291015625
1.4486083984375
1.15625
1.1971435546875
1.5753173828125
0.9642333984375
1.03173828125
1.18585205078125
1.497314453125
1.07550048828125
1.15631103515625
1.16375732421875
1.2789306640625
1.16815185546875
1.28448486328125
1.1175537109375
1.26519775390625
1.2694091796875
1.281982421875
1.19635009765625
1.33099365234375
1.01837158203125
1.4912109375
1.41552734375
1.1973876953125
1.4241943359375
1.1328125
1.11279296875
1.4364013671875
1.4437255859375
1.58740234375
1.03564453125
1.2369384765625
1.076904296875
1.314453125
1.1260986328125
1.26336669921875
1.29150390625
1.2056884765625
1.261962890625
1.14910888671875
1.12286376953125
1.15521240234375
1.70068359375
1.20050048828125
1.17333984375
1.1700439453125
1.1761474609375
1.05426025390625
1.41387939453125
1.4246826171875
1.34637451171875
1.16741943359375
1.50274658203125
0.78521728515625
1.28594970703125
1.3023681640625
1.47802734375
1.26470947265625
0.97882080078125
1.228515625
1.365966796875
1.45013427734375
1.20306396484375
1.3095703125
1.42315673828125
1.29229736328125
1.159912109375
1.41778564453125
1.35150146484375
1.08282470703125
1.223388671875
1.32830810546875
1.04876708984375
1.36669921875
1.1551513671875
1.64947509765625
1.16412353515625
1.2384033203125
1.23883056640625
1.274658203125
1.399169921875
1.33245849609375
1.16778564453125
1.06903076171875
1.17938232421875
1.27838134765625
1.310791015625
1.4176025390625
1.1339111328125
1.4168701171875
1.226806640625
1.28656005859375
1.16363525390625
1.11724853515625
1.4381103515625
1.19036865234375
1.4580078125
1.29022216796875
1.30609130859375
1.12542724609375
1.34332275390625
1.50384521484375
1.06207275390625
1.253173828125
1.323974609375
1.15484619140625
1.5352783203125
1.2183837890625
1.3621826171875
1.23248291015625
1.0391845703125
1.28692626953125
1.1319580078125
1.486328125
1.0531005859375
1.60345458984375
1.37310791015625
1.37176513671875
1.21624755859375
1.30206298828125
1.35009765625
1.2471923828125
1.3182373046875
1.29010009765625
1.2767333984375
1.22161865234375
1.0653076171875
1.1983642578125
1.1640625
1.47088623046875
1.63372802734375
1.0892333984375
1.30194091796875
1.1092529296875
1.39434814453125
1.23663330078125
1.14642333984375
1.01007080078125
1.08880615234375
0.98406982421875
1.0208740234375
1.38525390625
1.04986572265625
1.59661865234375
1.33819580078125
1.398193359375
0.7685546875
1.021240234375
1.37164306640625
1.41876220703125
1.2327880859375
1.1668701171875
1.44061279296875
1.1180419921875
1.43096923828125
1.13592529296875
1.33135986328125
1.294921875
1.49359130859375
1.3916015625
1.284423828125
1.21051025390625
1.459228515625
1.3333740234375
1.24298095703125
1.24420166015625
1.1168212890625
1.311767578125
1.16375732421875
0.8487548828125
1.18212890625
1.2208251953125
1.2332763671875
1.2945556640625
1.28497314453125
1.2537841796875
1.20758056640625
1.09686279296875
1.45404052734375
1.01080322265625
1.04278564453125
1.35369873046875
1.19366455078125
1.1279296875
1.27813720703125
1.3365478515625
1.54248046875
1.00128173828125
1.10406494140625
0.9932861328125
1.10870361328125
1.00750732421875
1.4898681640625
1.17431640625
1.16204833984375
1.1978759765625
1.00262451171875
1.23529052734375
1.21624755859375
1.23052978515625
1.25506591796875
0.9737548828125
1.51416015625
1.23712158203125
1.52044677734375
1.1148681640625
1.36468505859375
1.17572021484375
1.33514404296875
1.80621337890625
1.13433837890625
1.27459716796875
1.1434326171875
0.989013671875
0.84954833984375
1.15130615234375
1.18316650390625
1.3616943359375
1.52239990234375
1.23272705078125
1.1923828125
1.23858642578125
1.32476806640625
1.1480712890625
1.333251953125
1.07391357421875
1.6588134765625
1.15765380859375
1.4364013671875
1.32891845703125
1.173828125
1.19140625
1.18048095703125
1.3697509765625
1.34295654296875
1.35882568359375
1.3817138671875
1.4219970703125
1.49945068359375
1.2935791015625
1.05596923828125
1.30230712890625
1.21051025390625
1.34478759765625
0.87579345703125
1.45428466796875
1.5897216796875
1.2308349609375
1.1480712890625
1.29254150390625
1.424560546875
1.56158447265625
