1.05914306640625
0.98883056640625
1.058837890625
1.20025634765625
1.18719482421875
1.455322265625
1.1131591796875
1.18609619140625
1.18048095703125
1.2060546875
1.18798828125
1.26556396484375
1.33123779296875
0.9814453125
1.20660400390625
1.28643798828125
0.9498291015625
1.36175537109375
1.08648681640625
1.370361328125
1.30926513671875
1.34893798828125
1.3262939453125
1.45184326171875
1.34417724609375
1.11383056640625
0.89739990234375
1.373046875
1.47314453125
1.41082763671875
1.19970703125
1.32452392578125
1.2825927734375
1.36077880859375
1.51556396484375
1.15887451171875
1.177001953125
1.46014404296875
1.3328857421875
1.5604248046875
1.2340087890625
1.085693359375
1.6175537109375
1.29193115234375
1.16015625
1.12493896484375
1.27276611328125
1.68548583984375
1.37396240234375
1.202880859375
1.580322265625
1.414794921875
1.10400390625
1.40338134765625
1.28253173828125
1.45294189453125
0.9390869140625
1.059326171875
1.1146240234375
1.444580078125
1.26519775390625
1.4012451171875
1.470458984375
1.15118408203125
1.33184814453125
1.4794921875
0.96282958984375
1.119384765625
1.4400634765625
1.14202880859375
1.4967041015625
1.06158447265625
1.12872314453125
1.3717041015625
1.65179443359375
0.9027099609375
1.19500732421875
1.46966552734375
1.135986328125
1.06842041015625
1.253662109375
1.309814453125
1.55291748046875
1.13336181640625
1.1842041015625
0.8828125
1.13604736328125
1.34625244140625
1.2432861328125
1.19927978515625
1.47637939453125
1.45196533203125
1.55712890625
1.25372314453125
1.4197998046875
1.2391357421875
1.15838623046875
1.13629150390625
1.1551513671875
1.3328857421875
1.40777587890625
1.44976806640625
1.1865234375
1.13665771484375
1.1771240234375
1.2303466796875
1.48443603515625
1.07012939453125
1.14569091796875
1.54541015625
0.9031982421875
1.4732666015625
1.0830078125
1.07293701171875
1.10028076171875
1.2205810546875
1.1851806640625
1.1566162109375
1.27734375
1.2900390625
1.309814453125
1.40057373046875
1.304443359375
1.21453857421875
1.3333740234375
0.92120361328125
1.12054443359375
1.356201171875
1.142333984375
1.25640869140625
1.18743896484375
1.51043701171875
1.40576171875
1.38299560546875
1.362548828125
1.20703125
1.29376220703125
1.37408447265625
1.44268798828125
1.30267333984375
1.105712890625
1.28790283203125
1.092041015625
1.289306640625
1.2108154296875
1.473876953125
1.05474853515625
1.45550537109375
1.35205078125
1.3707275390625
1.21575927734375
0.996826171875
1.05059814453125
1.2117919921875
1.44635009765625
1.07366943359375
1.29730224609375
1.1673583984375
1.31561279296875
1.28466796875
1.115478515625
1.27197265625
0.9453125
1.20928955078125
0.98583984375
1.031982421875
1.19482421875
1.16278076171875
1.08380126953125
1.201416015625
1.44842529296875
1.297119140625
1.41937255859375
0.96478271484375
1.4599609375
1.64642333984375
0.74981689453125
1.46746826171875
1.2615966796875
1.37200927734375
1.1072998046875
1.0986328125
1.0791015625
1.22613525390625
1.3392333984375
1.4129638671875
1.31964111328125
1.09771728515625
1.2374267578125
1.2325439453125
1.41558837890625
1.22650146484375
1.20452880859375
0.9571533203125
1.2525634765625
1.05987548828125
1.29974365234375
1.40521240234375
1.0682373046875
1.5936279296875
1.24652099609375
1.25299072265625
1.17559814453125
1.29278564453125
0.9444580078125
0.96630859375
1.253662109375
1.436767578125
1.19439697265625
1.28741455078125
1.37811279296875
1.22528076171875
1.2117919921875
1.23858642578125
1.2200927734375
0.8887939453125
1.17376708984375
1.12664794921875
1.2608642578125
1.24072265625
1.35113525390625
1.31768798828125
1.3511962890625
1.3134765625
0.9688720703125
1.0596923828125
1.36468505859375
1.2772216796875
1.150146484375
1.29010009765625
1.120361328125
1.34478759765625
1.49591064453125
1.5421142578125
1.1087646484375
1.39752197265625
1.2659912109375
1.23223876953125
1.306396484375
1.4810791015625
1.27313232421875
1.38238525390625
1.580078125
0.88421630859375
1.051025390625
1.37841796875
1.20025634765625
1.22406005859375
1.16241455078125
1.36236572265625
1.2557373046875
1.294677734375
1.1441650390625
1.5062255859375
1.260009765625
1.062744140625
1.5133056640625
1.26043701171875
1.129638671875
1.64825439453125
1.265625
1.3516845703125
1.431640625
1.06243896484375
1.1331787109375
0.9554443359375
1.4736328125
1.32244873046875
1.019775390625
1.31085205078125
1.126220703125
1.30694580078125
1.28082275390625
1.3206787109375
1.39617919921875
1.3221435546875
1.319091796875
1.26300048828125
1.12139892578125
1.0538330078125
1.3785400390625
1.42755126953125
1.19000244140625
1.228271484375
1.10736083984375
1.1563720703125
1.2386474609375
1.18603515625
0.8841552734375
1.13470458984375
1.21893310546875
1.39715576171875
1.178466796875
0.95880126953125
1.13916015625
1.38470458984375
1.56402587890625
1.19805908203125
0.9918212890625
1.35089111328125
1.14019775390625
1.41876220703125
1.3858642578125
1.3643798828125
0.9642333984375
1.422119140625
1.19122314453125
1.32879638671875
1.33233642578125
1.200927734375
1.20123291015625
1.23992919921875
1.1546630859375
1.4002685546875
1.0947265625
1.398681640625
1.0396728515625
1.63189697265625
1.46844482421875
1.05340576171875
1.3133544921875
1.3863525390625
1.14306640625
1.35760498046875
1.66259765625
1.5009765625
1.3890380859375
1.24737548828125
1.457275390625
1.3909912109375
1.2337646484375
1.385498046875
1.12945556640625
1.46124267578125
1.3677978515625
1.2523193359375
1.21539306640625
1.38079833984375
1.3719482421875
1.20697021484375
1.2039794921875
1.19244384765625
1.56475830078125
1.44232177734375
1.23297119140625
1.449462890625
1.41729736328125
1.44171142578125
1.3414306640625
1.17584228515625
0.9671630859375
1.31005859375
1.5762939453125
1.3682861328125
1.31146240234375
1.4783935546875
1.30621337890625
1.04254150390625
1.34979248046875
1.07489013671875
1.1824951171875
1.439453125
1.40338134765625
1.07232666015625
1.3809814453125
1.2900390625
1.01300048828125
1.273193359375
0.92645263671875
1.3143310546875
1.43365478515625
1.4290771484375
1.2548828125
1.18963623046875
1.25457763671875
1.0098876953125
1.2044677734375
1.0899658203125
1.42474365234375
1.42987060546875
1.10272216796875
1.0458984375
1.52142333984375
1.16656494140625
1.2464599609375
1.05731201171875
1.4620361328125
1.06427001953125
1.41375732421875
1.067138671875
1.23870849609375
1.18634033203125
1.28790283203125
0.9814453125
1.1851806640625
1.203369140625
1.15264892578125
1.21563720703125
1.19378662109375
1.2337646484375
1.30462646484375
1.48175048828125
1.33978271484375
1.528564453125
1.1162109375
1.05462646484375
1.0927734375
1.39007568359375
1.16900634765625
1.19952392578125
1.6170654296875
1.20892333984375
1.308837890625
1.3936767578125
1.46038818359375
1.33349609375
1.096435546875
1.256103515625
1.3221435546875
1.11273193359375
1.42205810546875
1.25750732421875
1.20269775390625
1.28216552734375
1.091552734375
1.1201171875
1.2840576171875
1.408935546875
1.31365966796875
1.44573974609375
1.3538818359375
1.21795654296875
1.20306396484375
1.099853515625
1.5748291015625
1.04486083984375
1.4183349609375
1.07855224609375
1.3485107421875
1.27459716796875
1.126708984375
1.37628173828125
1.29541015625
1.36126708984375
1.1417236328125
1.337646484375
1.3765869140625
1.04510498046875
1.57220458984375
1.31707763671875
1.219970703125
1.12811279296875
1.49066162109375
1.22186279296875
1.361572265625
1.08148193359375
1.2755126953125
1.22052001953125
1.1529541015625
1.1842041015625
1.46185302734375
1.64508056640625
1.2781982421875
1.468017578125
1.53131103515625
1.16192626953125
1.39111328125
1.1766357421875
1.4437255859375
1.1165771484375
1.17938232421875
1.28729248046875
1.27716064453125
1.34222412109375
1.3145751953125
1.09149169921875
1.1177978515625
1.3333740234375
1.4549560546875
1.14886474609375
1.03369140625
1.34381103515625
1.02850341796875
1.360595703125
1.40484619140625
1.2353515625
1.227783203125
1.27056884765625
1.27081298828125
1.038818359375
1.15887451171875
1.24505615234375
1.4627685546875
1.3209228515625
1.49212646484375
0.97247314453125
1.1094970703125
1.01800537109375
0.98858642578125
1.089599609375
