1.169921875
0.97137451171875
1.07244873046875
1.516357421875
1.06158447265625
0.8662109375
1.4287109375
1.30682373046875
1.25
1.2349853515625
1.15240478515625
1.00787353515625
1.172119140625
1.358154296875
1.26959228515625
0.94879150390625
0.93170166015625
1.270751953125
1.18865966796875
1.0478515625
1.10089111328125
1.20635986328125
1.2789306640625
0.992431640625
1.2083740234375
1.1204833984375
1.2371826171875
1.0352783203125
0.96484375
1.228271484375
1.16888427734375
0.981689453125
0.8699951171875
1.30181884765625
1.2193603515625
1.06427001953125
1.203125
1.13116455078125
1.31866455078125
1.3072509765625
1.034423828125
1.11663818359375
1.0623779296875
1.3282470703125
1.27777099609375
1.04449462890625
1.03143310546875
0.8909912109375
1.30023193359375
1.18310546875
1.17816162109375
1.0711669921875
0.60736083984375
1.00970458984375
1.327880859375
1.64697265625
0.9942626953125
1.15374755859375
0.94671630859375
1.12109375
0.83099365234375
1.25927734375
0.77899169921875
1.23114013671875
0.85418701171875
1.45257568359375
1.3126220703125
1.2969970703125
0.99432373046875
1.06671142578125
1.01043701171875
0.91900634765625
1.00494384765625
1.4520263671875
1.182861328125
1.3359375
1.284912109375
1.01092529296875
1.10675048828125
1.5396728515625
1.4580078125
0.99761962890625
1.08642578125
1.29058837890625
0.662109375
1.1051025390625
0.94158935546875
1.5108642578125
1.152099609375
0.90338134765625
1.3699951171875
1.00897216796875
1.0528564453125
1.203857421875
0.86865234375
1.07537841796875
0.93280029296875
1.35302734375
1.21881103515625
1.1856689453125
0.81671142578125
0.96875
1.02276611328125
1.1163330078125
1.09710693359375
1.1805419921875
1.14166259765625
1.46929931640625
1.12652587890625
0.7550048828125
0.7242431640625
0.94207763671875
1.12054443359375
1.17816162109375
1.37310791015625
1.1683349609375
1.4141845703125
1.04949951171875
1.1387939453125
1.19873046875
1.05877685546875
1.35528564453125
1.31256103515625
1.07513427734375
0.8685302734375
1.2490234375
1.183349609375
1.259033203125
1.25213623046875
0.98052978515625
1.28643798828125
0.87457275390625
1.20257568359375
1.15435791015625
1.181884765625
1.1861572265625
1.23504638671875
1.04010009765625
0.99658203125
0.83514404296875
0.97735595703125
1.16302490234375
1.11041259765625
1.04254150390625
1.65380859375
1.123046875
1.56689453125
1.1627197265625
1.0723876953125
1.15789794921875
0.98663330078125
1.04229736328125
1.38299560546875
0.9588623046875
1.1868896484375
1.28125
0.81964111328125
1.28076171875
1.113037109375
1.19378662109375
1.1112060546875
1.0482177734375
1.0125732421875
1.033447265625
1.21563720703125
1.3330078125
1.3734130859375
0.99224853515625
1.43792724609375
1.08135986328125
1.4083251953125
1.114501953125
1.26788330078125
1.37884521484375
0.91107177734375
1.0455322265625
1.31561279296875
1.1510009765625
0.72393798828125
1.4434814453125
1.255859375
1.03192138671875
1.0997314453125
1.0523681640625
1.46240234375
1.09747314453125
0.76007080078125
1.09478759765625
1.11846923828125
1.140625
1.2103271484375
1.3709716796875
1.07171630859375
1.06732177734375
1.105712890625
1.470947265625
1.006591796875
1.0765380859375
1.280517578125
1.2532958984375
1.0491943359375
1.3172607421875
1.041015625
1.40887451171875
1.125
1.05877685546875
1.283935546875
1.0477294921875
0.95074462890625
1.092041015625
1.0089111328125
1.16387939453125
1.40118408203125
0.89556884765625
1.1488037109375
1.18231201171875
1.021484375
1.4788818359375
1.5277099609375
1.0833740234375
1.13909912109375
1.08319091796875
1.1575927734375
1.30487060546875
1.08673095703125
1.1492919921875
1.27484130859375
1.30804443359375
1.131103515625
1.02587890625
1.32025146484375
0.97039794921875
1.1826171875
0.9599609375
1.00238037109375
1.24896240234375
1.27069091796875
1.41754150390625
1.05731201171875
1.47784423828125
1.34942626953125
1.10296630859375
0.91229248046875
1.279296875
0.8792724609375
1.08624267578125
1.3619384765625
1.12109375
1.1854248046875
0.92266845703125
0.84222412109375
0.9066162109375
0.74017333984375
0.80731201171875
1.08416748046875
1.35235595703125
0.9920654296875
0.9407958984375
1.09295654296875
1.7581787109375
0.94964599609375
1.0753173828125
1.55108642578125
1.19342041015625
1.05279541015625
1.22100830078125
1.4017333984375
0.9732666015625
0.97119140625
0.69940185546875
1.14300537109375
1.21356201171875
0.77862548828125
1.0550537109375
1.2462158203125
1.09234619140625
1.07562255859375
1.20709228515625
0.9420166015625
0.97979736328125
0.9874267578125
1.2919921875
0.9342041015625
1.44915771484375
1.10211181640625
0.974365234375
1.0882568359375
1.095703125
1.06683349609375
0.7205810546875
1.11444091796875
0.69293212890625
1.15283203125
1.10003662109375
1.055419921875
1.4073486328125
1.241455078125
1.060791015625
1.018310546875
1.27935791015625
1.017333984375
1.0023193359375
1.36370849609375
1.112548828125
0.79693603515625
1.1168212890625
0.94854736328125
1.1259765625
1.1593017578125
1.15771484375
1.19573974609375
0.99285888671875
1.13897705078125
1.29864501953125
0.89923095703125
1.00396728515625
1.04541015625
1.24884033203125
0.9931640625
1.11004638671875
1.223388671875
0.81622314453125
1.03564453125
1.37860107421875
1.0845947265625
1.27301025390625
0.9591064453125
1.1444091796875
1.02484130859375
1.1151123046875
1.4971923828125
1.1270751953125
1.1641845703125
0.81427001953125
1.1937255859375
1.0384521484375
1.11285400390625
1.37835693359375
1.03857421875
0.97454833984375
1.02166748046875
0.886474609375
1.08807373046875
1.11395263671875
1.408203125
1.3309326171875
1.3658447265625
0.985107421875
0.8297119140625
1.0384521484375
0.8616943359375
1.16571044921875
1.51531982421875
0.96661376953125
0.80963134765625
1.04327392578125
0.96588134765625
0.944091796875
1.03680419921875
0.8717041015625
1.0848388671875
1.64141845703125
1.0452880859375
1.11981201171875
1.00872802734375
1.29119873046875
1.095703125
1.2222900390625
1.13922119140625
1.38787841796875
0.9393310546875
1.19256591796875
0.97137451171875
0.91583251953125
1.0433349609375
0.87493896484375
0.78753662109375
0.9244384765625
1.49420166015625
1.3201904296875
1.348388671875
1.29779052734375
0.81982421875
1.29852294921875
0.89178466796875
1.44512939453125
1.08465576171875
1.0338134765625
0.96844482421875
0.9945068359375
1.24871826171875
1.09857177734375
0.94921875
1.19439697265625
1.3948974609375
0.8929443359375
0.95379638671875
1.47930908203125
1.33673095703125
0.9010009765625
1.204833984375
1.12579345703125
1.07373046875
1.1270751953125
1.480712890625
0.9659423828125
1.365966796875
1.07293701171875
0.95697021484375
1.14520263671875
1.4112548828125
1.061767578125
0.9901123046875
1.248779296875
0.9320068359375
1.03106689453125
1.039794921875
1.08160400390625
1.07257080078125
1.050048828125
1.01800537109375
1.10723876953125
1.05938720703125
1.0791015625
1.224609375
1.01849365234375
0.99725341796875
1.50677490234375
0.86273193359375
0.98675537109375
1.309814453125
1.260498046875
0.86785888671875
0.970458984375
1.2249755859375
0.82373046875
1.304931640625
1.43646240234375
1.3636474609375
1.2525634765625
0.8231201171875
1.0302734375
1.14453125
0.965087890625
1.36370849609375
1.04083251953125
1.43408203125
0.8934326171875
0.86822509765625
0.86431884765625
0.88494873046875
1.03411865234375
1.29248046875
1.03302001953125
1.07183837890625
1.298828125
0.82855224609375
1.28668212890625
1.58563232421875
1.63140869140625
1.1949462890625
1.15679931640625
1.12860107421875
1.25115966796875
0.95684814453125
1.05377197265625
0.86920166015625
1.166015625
1.2281494140625
1.31964111328125
1.11712646484375
1.31683349609375
0.80169677734375
1.081787109375
1.039794921875
0.96856689453125
1.40771484375
0.9466552734375
1.16339111328125
1.04791259765625
0.99627685546875
1.286865234375
1.02923583984375
1.0587158203125
1.24896240234375
1.55706787109375
0.83758544921875
1.40972900390625
0.81256103515625
1.45758056640625
1.2216796875
1.09942626953125
1.23345947265625
1.52557373046875
1.295166015625
1.1668701171875
0.99127197265625
1.1427001953125
1.517578125
0.9766845703125
