0.88995361328125
1.32568359375
1.07330322265625
1.3026123046875
0.99957275390625
1.15875244140625
1.0546875
1.22039794921875
1.47357177734375
0.96270751953125
0.9605712890625
1.20965576171875
1.3192138671875
1.36993408203125
1.04290771484375
1.00079345703125
1.30303955078125
1.0836181640625
1.13525390625
1.078857421875
0.90771484375
1.0284423828125
1.01654052734375
1.4400634765625
0.97650146484375
1.43792724609375
1.01544189453125
1.1602783203125
1.18853759765625
1.47705078125
0.86334228515625
1.1483154296875
1.3907470703125
1.34478759765625
1.06854248046875
0.8284912109375
1.246826171875
0.7880859375
1.11163330078125
1.48394775390625
0.920166015625
1.0509033203125
1.0858154296875
1.0703125
0.9349365234375
1.22650146484375
1.545166015625
1.51007080078125
1.12469482421875
1.29852294921875
1.11480712890625
1.2989501953125
0.9462890625
1.19281005859375
1.656982421875
0.98529052734375
1.31378173828125
1.1324462890625
0.97088623046875
0.8677978515625
1.25885009765625
1.01678466796875
0.9044189453125
0.9449462890625
1.391357421875
1.0997314453125
1.12542724609375
1.271240234375
1.20989990234375
1.186279296875
1.26226806640625
1.33148193359375
1.0894775390625
1.05303955078125
1.05609130859375
1.2249755859375
1.20941162109375
1.352294921875
0.88360595703125
1.1357421875
1.19525146484375
1.3077392578125
1.07806396484375
1.27740478515625
1.31024169921875
1.3521728515625
1.1187744140625
1.0184326171875
1.04290771484375
1.01214599609375
1.041259765625
1.18585205078125
1.54425048828125
1.1610107421875
1.0081787109375
1.04608154296875
1.2752685546875
1.4036865234375
1.59539794921875
1.07061767578125
1.293701171875
1.27435302734375
1.16693115234375
1.17279052734375
0.91162109375
1.4149169921875
1.2528076171875
1.3114013671875
1.252197265625
1.14837646484375
1.12982177734375
1.13348388671875
1.35528564453125
1.5439453125
1.06500244140625
1.14495849609375
0.9556884765625
1.12652587890625
1.3787841796875
1.066650390625
0.968994140625
1.3555908203125
1.538818359375
1.09088134765625
1.2069091796875
1.18670654296875
1.28948974609375
1.3240966796875
1.13299560546875
1.2647705078125
1.4022216796875
1.2840576171875
1.13214111328125
1.1707763671875
1.31085205078125
0.99560546875
1.13690185546875
1.36358642578125
0.919677734375
1.05859375
0.98016357421875
1.45977783203125
1.075927734375
1.58807373046875
1.20770263671875
1.3585205078125
1.51995849609375
1.0634765625
1.02667236328125
0.95745849609375
1.168701171875
0.8997802734375
1.266845703125
1.11041259765625
1.19818115234375
1.32525634765625
0.953125
1.25439453125
0.9281005859375
1.2818603515625
1.37310791015625
1.03082275390625
1.05059814453125
1.35321044921875
1.15234375
1.3406982421875
1.0545654296875
1.36700439453125
0.93853759765625
1.02880859375
1.071044921875
0.9566650390625
1.4482421875
1.62640380859375
1.230224609375
1.12371826171875
1.357666015625
1.07965087890625
0.8699951171875
1.170654296875
1.20330810546875
1.146484375
1.33477783203125
1.049072265625
1.24102783203125
1.23553466796875
0.988037109375
1.40277099609375
1.4261474609375
1.28857421875
1.10675048828125
1.39300537109375
1.10205078125
0.93914794921875
1.3289794921875
1.25738525390625
1.07269287109375
1.25775146484375
0.8780517578125
1.16204833984375
1.3616943359375
0.92596435546875
1.1090087890625
1.48748779296875
1.19537353515625
1.21929931640625
1.13800048828125
1.35498046875
0.96221923828125
1.18695068359375
1.563720703125
1.13311767578125
1.11962890625
1.3118896484375
0.73046875
1.4432373046875
1.0008544921875
1.1058349609375
1.18865966796875
1.0723876953125
1.082275390625
1.01336669921875
1.126220703125
1.15228271484375
1.19287109375
1.5386962890625
1.55377197265625
1.346435546875
1.3385009765625
1.4383544921875
0.99896240234375
1.16375732421875
1.12939453125
1.34515380859375
1.17138671875
1.3101806640625
1.19891357421875
1.08465576171875
1.01220703125
1.11749267578125
1.2503662109375
1.2471923828125
0.9732666015625
1.13006591796875
1.10076904296875
1.13623046875
1.5450439453125
1.34576416015625
1.24114990234375
1.08575439453125
0.9989013671875
1.46197509765625
0.8597412109375
0.8477783203125
1.17327880859375
1.41253662109375
1.03887939453125
1.036865234375
1.10137939453125
1.1500244140625
1.08349609375
1.08111572265625
1.02972412109375
1.1285400390625
1.165283203125
1.17047119140625
0.99993896484375
1.24609375
0.90264892578125
1.3126220703125
1.3597412109375
1.0767822265625
1.306396484375
1.00482177734375
1.0198974609375
1.38922119140625
1.38433837890625
1.5458984375
0.90118408203125
1.1014404296875
1.0125732421875
1.20489501953125
0.90509033203125
1.1087646484375
1.2659912109375
1.1044921875
1.15447998046875
1.0506591796875
0.9644775390625
1.0916748046875
1.549072265625
1.07806396484375
1.12701416015625
1.059326171875
1.031005859375
0.94122314453125
1.3779296875
1.27679443359375
1.285888671875
1.11724853515625
1.44708251953125
0.70263671875
1.14044189453125
1.26373291015625
1.40106201171875
1.248779296875
0.87078857421875
1.08990478515625
1.31304931640625
1.3330078125
1.127685546875
1.20928955078125
1.339111328125
1.17901611328125
1.11285400390625
1.39642333984375
1.31329345703125
0.91583251953125
1.15765380859375
1.2913818359375
1.06536865234375
1.28045654296875
1.0086669921875
1.66448974609375
1.106201171875
1.096923828125
1.1546630859375
1.281982421875
1.306396484375
1.31939697265625
0.99957275390625
1.0594482421875
1.01953125
1.15777587890625
1.1497802734375
1.30963134765625
1.08892822265625
1.48297119140625
1.05828857421875
1.2445068359375
1.04010009765625
0.9554443359375
1.3768310546875
1.0076904296875
1.33392333984375
1.21429443359375
1.19378662109375
1.0848388671875
1.20611572265625
1.40667724609375
0.97271728515625
1.08074951171875
1.22930908203125
1.0914306640625
1.4283447265625
1.0853271484375
1.2672119140625
1.1278076171875
0.920166015625
1.1876220703125
1.055908203125
1.3388671875
0.9052734375
1.52252197265625
1.23016357421875
1.19110107421875
1.11163330078125
1.18463134765625
1.28265380859375
1.13238525390625
1.1678466796875
1.26544189453125
1.318603515625
1.156494140625
0.9005126953125
1.03704833984375
1.06732177734375
1.36077880859375
1.63458251953125
0.9232177734375
1.20989990234375
1.00531005859375
1.3006591796875
1.17010498046875
0.99151611328125
0.91998291015625
0.95611572265625
0.86260986328125
0.90350341796875
1.30224609375
0.8560791015625
1.57489013671875
1.14068603515625
1.36810302734375
0.6734619140625
0.90191650390625
1.29241943359375
1.33953857421875
1.1309814453125
1.1334228515625
1.35809326171875
0.99072265625
1.4031982421875
1.0911865234375
1.2406005859375
1.1131591796875
1.35235595703125
1.3472900390625
1.14312744140625
1.1019287109375
1.3294677734375
1.16021728515625
1.08837890625
1.1220703125
0.9395751953125
1.16827392578125
0.94635009765625
0.724853515625
1.09600830078125
1.0927734375
1.112060546875
1.20477294921875
1.150390625
1.0931396484375
1.16510009765625
0.9375
1.34765625
0.835693359375
0.95489501953125
1.3260498046875
1.07635498046875
1.064453125
1.24127197265625
1.194091796875
1.40185546875
0.884765625
1.01239013671875
0.91790771484375
0.94512939453125
0.85980224609375
1.44415283203125
1.0482177734375
1.00494384765625
1.03948974609375
0.91107177734375
1.0604248046875
1.22894287109375
1.15081787109375
1.174072265625
0.82989501953125
1.33587646484375
1.1689453125
1.39678955078125
0.99639892578125
1.193603515625
1.01422119140625
1.214599609375
1.72015380859375
0.97869873046875
1.160400390625
1.12286376953125
0.84613037109375
0.7008056640625
1.008056640625
1.13238525390625
1.3309326171875
1.42694091796875
1.169189453125
1.129638671875
1.1468505859375
1.19012451171875
1.05096435546875
1.20745849609375
0.96527099609375
1.51885986328125
1.001708984375
1.27801513671875
1.2991943359375
1.04351806640625
1.07415771484375
1.0982666015625
1.32635498046875
1.208984375
1.2613525390625
1.2899169921875
1.29986572265625
1.39837646484375
1.271240234375
1.12103271484375
1.10467529296875
1.06512451171875
1.22943115234375
0.741455078125
1.3199462890625
1.51025390625
1.10986328125
1.04766845703125
1.2391357421875
1.37139892578125
1.41339111328125
