0.5718994140625
0.58978271484375
0.94122314453125
0.60797119140625
0.42816162109375
0.87152099609375
0.6177978515625
0.9466552734375
0.7266845703125
0.99224853515625
0.7852783203125
1.23248291015625
0.74554443359375
0.78155517578125
0.82012939453125
0.61859130859375
0.69927978515625
0.615234375
0.92572021484375
0.3944091796875
0.53778076171875
0.4827880859375
0.920654296875
0.7137451171875
1.17523193359375
1.08544921875
0.9158935546875
0.943603515625
0.7384033203125
0.52850341796875
0.79034423828125
0.98370361328125
0.92578125
0.7203369140625
1.19561767578125
0.95599365234375
0.841064453125
0.87884521484375
0.515380859375
0.84185791015625
0.85333251953125
0.65155029296875
0.83953857421875
1.10626220703125
0.9908447265625
0.9862060546875
1.177001953125
0.89007568359375
0.92767333984375
0.81671142578125
0.8033447265625
0.76727294921875
0.87481689453125
0.77947998046875
0.66290283203125
0.9849853515625
0.8555908203125
0.76165771484375
0.62884521484375
0.79766845703125
0.537841796875
0.517822265625
0.99853515625
0.6807861328125
1.181884765625
0.52069091796875
1.0474853515625
1.3497314453125
0.950927734375
1.1031494140625
0.60076904296875
0.9576416015625
1.13427734375
1.0137939453125
0.81353759765625
0.653076171875
0.5020751953125
0.65423583984375
0.64739990234375
1.01312255859375
1.1119384765625
0.5645751953125
0.6885986328125
0.71514892578125
0.975341796875
0.79937744140625
0.71710205078125
0.98175048828125
1.12359619140625
0.82269287109375
0.81036376953125
0.7813720703125
0.914306640625
1.00543212890625
0.6162109375
0.69525146484375
0.98583984375
1.19818115234375
0.71160888671875
0.36865234375
0.78497314453125
1.05963134765625
0.66107177734375
0.97021484375
1.050048828125
0.44512939453125
1.05987548828125
0.57586669921875
0.4697265625
0.7489013671875
0.93707275390625
0.46551513671875
0.7685546875
0.552978515625
0.96978759765625
0.8515625
0.657958984375
0.59954833984375
0.76727294921875
0.77777099609375
0.97918701171875
0.7933349609375
1.08197021484375
0.6729736328125
0.73492431640625
0.82000732421875
0.96502685546875
0.9564208984375
0.51837158203125
0.699462890625
0.8856201171875
0.7840576171875
0.84228515625
0.7017822265625
0.672607421875
0.806640625
0.91168212890625
0.69207763671875
0.77880859375
0.669677734375
0.79791259765625
0.65380859375
0.84600830078125
1.08502197265625
0.97491455078125
0.7904052734375
0.72039794921875
0.71728515625
0.96240234375
0.45953369140625
0.9154052734375
0.482666015625
0.6751708984375
0.66607666015625
0.9078369140625
0.642578125
0.7442626953125
0.6756591796875
0.4228515625
0.9727783203125
0.7713623046875
0.86688232421875
0.85467529296875
0.7025146484375
0.9730224609375
0.7435302734375
0.56201171875
0.72698974609375
0.600341796875
0.8077392578125
0.56402587890625
0.703125
0.66156005859375
0.843505859375
0.3912353515625
0.92852783203125
0.60858154296875
0.797119140625
0.93182373046875
0.72454833984375
0.92584228515625
0.58575439453125
0.86065673828125
0.54290771484375
0.7210693359375
1.0093994140625
1.0240478515625
0.87127685546875
0.99603271484375
0.61883544921875
0.928466796875
0.79473876953125
0.90997314453125
0.87677001953125
0.68231201171875
1.07794189453125
0.79681396484375
1.03533935546875
0.407958984375
0.65216064453125
0.50555419921875
0.86468505859375
0.71337890625
0.9912109375
0.82080078125
0.57122802734375
0.94482421875
0.89794921875
0.84552001953125
0.62188720703125
1.04449462890625
0.76824951171875
0.63031005859375
0.8157958984375
0.66900634765625
0.94830322265625
0.7474365234375
0.85247802734375
0.8856201171875
1.09539794921875
0.812744140625
0.63592529296875
0.77142333984375
1.41424560546875
0.849609375
0.60418701171875
0.63861083984375
0.54998779296875
0.99896240234375
0.77874755859375
0.75543212890625
1.03765869140625
0.9873046875
0.6014404296875
0.787353515625
0.88861083984375
1.00457763671875
0.868896484375
0.71099853515625
1.0625
0.77880859375
0.55108642578125
0.451904296875
0.74639892578125
0.8450927734375
0.5306396484375
1.3372802734375
1.12774658203125
0.63763427734375
0.96820068359375
0.8172607421875
0.770263671875
0.74627685546875
0.53814697265625
0.6077880859375
0.76031494140625
0.51544189453125
0.7437744140625
0.8018798828125
0.912841796875
1.0999755859375
1.05792236328125
1.06512451171875
1.35357666015625
1.24542236328125
0.79290771484375
0.682861328125
0.93902587890625
1.5205078125
0.810546875
0.8980712890625
0.651123046875
0.7308349609375
1.09033203125
0.602783203125
0.6500244140625
0.46148681640625
0.6622314453125
0.81256103515625
0.87420654296875
0.78802490234375
0.8466796875
0.77935791015625
0.7216796875
0.58270263671875
0.86639404296875
0.5718994140625
1.52874755859375
0.688232421875
1.14080810546875
0.66229248046875
0.670654296875
0.4407958984375
0.87054443359375
1.09765625
0.956298828125
0.809326171875
1.00177001953125
0.66961669921875
0.44879150390625
0.90728759765625
0.9034423828125
0.87200927734375
0.7034912109375
0.5234375
0.6737060546875
0.86517333984375
0.4891357421875
0.7508544921875
0.5509033203125
1.08148193359375
0.86474609375
0.78900146484375
0.8685302734375
0.7554931640625
0.77349853515625
0.49566650390625
0.77239990234375
0.42498779296875
0.5166015625
1.00128173828125
0.9554443359375
0.72125244140625
0.67462158203125
0.76092529296875
0.76226806640625
0.6478271484375
0.97161865234375
0.69586181640625
1.13531494140625
0.88995361328125
0.84710693359375
0.68621826171875
1.20806884765625
0.80157470703125
0.934326171875
0.75091552734375
1.006591796875
0.7999267578125
0.926513671875
0.68878173828125
0.8623046875
0.69293212890625
1.48956298828125
0.74285888671875
1.0150146484375
0.7037353515625
0.6463623046875
0.59027099609375
0.38446044921875
0.8048095703125
0.69439697265625
0.78741455078125
0.7294921875
0.75677490234375
0.758056640625
0.60601806640625
0.59912109375
1.30474853515625
1.08660888671875
0.8204345703125
1.0172119140625
0.907958984375
1.16326904296875
0.4825439453125
0.568359375
0.90618896484375
1.21759033203125
0.91851806640625
0.90118408203125
0.71673583984375
0.6929931640625
0.683837890625
0.62469482421875
0.7236328125
0.51702880859375
0.72747802734375
1.05499267578125
0.87115478515625
0.88934326171875
0.65618896484375
0.58306884765625
0.74749755859375
0.8043212890625
0.48602294921875
0.89349365234375
0.7557373046875
0.74517822265625
0.54034423828125
1.02734375
0.66485595703125
1.23626708984375
1.01361083984375
0.67425537109375
0.7474365234375
0.81915283203125
0.74530029296875
1.00177001953125
0.83367919921875
0.79034423828125
0.73486328125
0.8304443359375
0.53515625
0.75103759765625
0.41290283203125
1.04925537109375
0.44134521484375
0.61431884765625
0.85528564453125
0.86029052734375
0.76629638671875
1.02691650390625
0.6319580078125
0.6182861328125
0.82647705078125
0.75128173828125
0.60491943359375
0.688232421875
1.0159912109375
0.49822998046875
0.74530029296875
0.9288330078125
1.03741455078125
0.69775390625
1.12109375
0.849365234375
0.5333251953125
0.80279541015625
0.71368408203125
0.8135986328125
0.7293701171875
0.5845947265625
0.93353271484375
0.4017333984375
0.68206787109375
0.5867919921875
0.664306640625
0.46142578125
0.54949951171875
0.9998779296875
0.8128662109375
0.65130615234375
1.03179931640625
0.6083984375
0.402587890625
0.8358154296875
0.90594482421875
0.7860107421875
0.5565185546875
0.931640625
0.94122314453125
0.620361328125
0.7530517578125
0.53240966796875
1.12310791015625
0.832763671875
0.94464111328125
0.44525146484375
0.91558837890625
1.21142578125
0.75274658203125
0.849853515625
0.45062255859375
0.83782958984375
0.53594970703125
0.80657958984375
0.42059326171875
0.54541015625
1.24530029296875
0.80023193359375
1.026123046875
0.80596923828125
0.98944091796875
0.5377197265625
0.78302001953125
0.8587646484375
0.58526611328125
0.81884765625
0.90899658203125
1.1602783203125
1.15191650390625
0.97515869140625
0.832275390625
0.77685546875
1.0352783203125
0.781982421875
1.02972412109375
1.03729248046875
0.825927734375
0.86737060546875
0.8348388671875
0.80181884765625
1.1195068359375
0.800048828125
0.63006591796875
0.6256103515625
0.84698486328125
1.08673095703125
0.989990234375
0.87921142578125
