1.2608642578125
1.039306640625
1.03082275390625
0.750732421875
1.23846435546875
1.389892578125
1.02935791015625
1.53997802734375
1.40032958984375
1.1805419921875
1.32708740234375
1.06451416015625
1.69439697265625
1.0565185546875
1.27777099609375
1.40985107421875
1.02752685546875
1.03094482421875
1.3936767578125
1.3912353515625
1.0682373046875
1.29608154296875
0.97125244140625
1.392822265625
1.30401611328125
1.61407470703125
0.89849853515625
1.29400634765625
0.97039794921875
1.33575439453125
1.17559814453125
1.31256103515625
1.1629638671875
1.2845458984375
1.01751708984375
1.3729248046875
1.3336181640625
1.50579833984375
1.20782470703125
1.29217529296875
1.45538330078125
1.297119140625
1.46539306640625
1.1881103515625
1.2803955078125
1.24932861328125
0.99609375
1.1434326171875
1.21563720703125
1.2559814453125
1.18231201171875
1.22943115234375
0.92742919921875
1.500732421875
1.0828857421875
1.32476806640625
1.1800537109375
0.9293212890625
1.13031005859375
1.24725341796875
1.20587158203125
1.18048095703125
1.3316650390625
1.01300048828125
1.1669921875
1.02020263671875
1.322998046875
1.2779541015625
0.94549560546875
0.9647216796875
1.174072265625
1.31427001953125
1.39849853515625
1.3011474609375
1.1121826171875
0.95245361328125
1.3040771484375
1.09979248046875
1.40521240234375
1.351806640625
1.39447021484375
1.24761962890625
1.30303955078125
1.2247314453125
1.31390380859375
0.941650390625
1.156005859375
1.22161865234375
0.8673095703125
1.3575439453125
1.51068115234375
1.28289794921875
1.21160888671875
1.54266357421875
1.25994873046875
1.29595947265625
1.4334716796875
0.9622802734375
1.231689453125
1.075927734375
0.83306884765625
1.0272216796875
1.3092041015625
1.044921875
1.483154296875
1.19189453125
1.18865966796875
1.2677001953125
1.22833251953125
1.14898681640625
1.20501708984375
1.11724853515625
1.46942138671875
1.1231689453125
1.32940673828125
1.3963623046875
1.11761474609375
1.259765625
1.02972412109375
1.39947509765625
1.293701171875
1.43524169921875
1.2078857421875
1.16217041015625
1.29351806640625
1.4644775390625
1.77239990234375
1.03338623046875
0.9205322265625
1.364990234375
1.2177734375
0.9896240234375
1.2000732421875
1.48052978515625
1.27911376953125
1.2850341796875
1.0546875
1.122314453125
1.2122802734375
1.1851806640625
1.51593017578125
1.4217529296875
1.00164794921875
1.33135986328125
0.86260986328125
1.40625
1.13616943359375
1.03472900390625
1.4345703125
1.3702392578125
1.1131591796875
1.47100830078125
1.42913818359375
0.86785888671875
1.1119384765625
1.1328125
1.52325439453125
1.29547119140625
1.22247314453125
1.07220458984375
1.56439208984375
1.16229248046875
1.06292724609375
1.23431396484375
1.1654052734375
1.1566162109375
1.013671875
1.49310302734375
1.2252197265625
1.0201416015625
1.31634521484375
1.2550048828125
1.25347900390625
1.09332275390625
1.2283935546875
1.26348876953125
1.2869873046875
1.36822509765625
1.40423583984375
1.2901611328125
1.14715576171875
1.05169677734375
1.21875
1.40679931640625
1.24334716796875
1.93572998046875
1.03643798828125
1.40869140625
0.9735107421875
1.3291015625
1.43572998046875
1.28497314453125
0.83099365234375
1.38531494140625
1.19024658203125
1.40283203125
1.093994140625
1.19879150390625
1.23150634765625
1.11773681640625
1.043701171875
1.28216552734375
1.34466552734375
1.55999755859375
1.2564697265625
1.26959228515625
1.3040771484375
1.46875
1.1534423828125
1.19036865234375
1.22747802734375
1.32501220703125
1.553955078125
0.9544677734375
1.085205078125
1.6650390625
1.2384033203125
1.49676513671875
1.0489501953125
0.9197998046875
1.27880859375
1.05731201171875
1.27899169921875
1.058837890625
0.9713134765625
1.243896484375
1.26654052734375
1.21514892578125
1.48724365234375
1.183349609375
1.25750732421875
0.982421875
1.26446533203125
1.0484619140625
1.2813720703125
0.8692626953125
1.22662353515625
1.28875732421875
1.43695068359375
1.228759765625
1.40069580078125
1.33123779296875
1.19195556640625
0.8123779296875
1.446044921875
1.47479248046875
1.3111572265625
1.09136962890625
1.1600341796875
1.0836181640625
0.85418701171875
1.1298828125
1.162109375
1.20343017578125
1.28045654296875
1.03826904296875
0.92047119140625
1.40570068359375
1.22869873046875
1.38525390625
1.37451171875
1.34136962890625
1.52783203125
1.1357421875
1.1158447265625
1.1954345703125
1.4609375
1.07464599609375
1.2353515625
1.4525146484375
1.2689208984375
1.30511474609375
1.22802734375
1.26385498046875
1.37994384765625
0.9869384765625
1.34930419921875
1.3299560546875
1.2056884765625
1.27825927734375
1.2860107421875
1.04510498046875
1.10504150390625
1.2347412109375
1.31787109375
1.3753662109375
1.30401611328125
1.12921142578125
1.22198486328125
1.56640625
1.1697998046875
1.44403076171875
1.4427490234375
1.267822265625
1.4071044921875
1.11749267578125
1.4520263671875
1.0238037109375
1.17266845703125
1.3916015625
1.1690673828125
1.33526611328125
1.33087158203125
0.80279541015625
1.055908203125
1.14666748046875
1.3155517578125
1.42852783203125
0.992919921875
1.43829345703125
1.78533935546875
1.06396484375
1.55499267578125
1.53863525390625
1.540771484375
1.3935546875
0.9268798828125
1.0908203125
1.04351806640625
1.3388671875
1.10272216796875
1.17510986328125
1.0517578125
1.2158203125
1.42041015625
1.5384521484375
1.57293701171875
1.04730224609375
1.1444091796875
1.308349609375
1.068603515625
1.390869140625
0.97882080078125
1.24700927734375
1.266845703125
0.9720458984375
1.25775146484375
1.12115478515625
1.05706787109375
1.130859375
1.05328369140625
1.52178955078125
1.36077880859375
1.09033203125
1.55029296875
1.4761962890625
1.2064208984375
1.135498046875
1.32550048828125
0.890625
1.37164306640625
1.08441162109375
1.2274169921875
1.36639404296875
1.17047119140625
1.13787841796875
1.29571533203125
1.2861328125
1.25653076171875
1.205810546875
1.42291259765625
1.52813720703125
1.03802490234375
1.322998046875
1.10687255859375
0.9884033203125
1.32122802734375
1.27880859375
1.3338623046875
1.13238525390625
1.069580078125
1.15765380859375
1.3380126953125
1.2181396484375
1.057373046875
0.9014892578125
1.31439208984375
1.0938720703125
1.06707763671875
1.12799072265625
1.0823974609375
1.244873046875
1.2872314453125
1.236328125
1.4462890625
1.423583984375
1.01873779296875
1.2550048828125
1.29730224609375
1.267333984375
1.2540283203125
1.33343505859375
1.04736328125
1.080078125
1.1431884765625
0.88031005859375
1.18719482421875
1.2333984375
1.3795166015625
1.3895263671875
1.2410888671875
0.99908447265625
1.57904052734375
1.21435546875
1.3804931640625
1.157958984375
1.43701171875
1.118896484375
1.14691162109375
1.5445556640625
1.56732177734375
1.70196533203125
1.6466064453125
1.4210205078125
0.81689453125
1.26593017578125
1.0634765625
1.099609375
1.05279541015625
1.10357666015625
1.25030517578125
1.62408447265625
1.3160400390625
1.23211669921875
1.3333740234375
1.13623046875
1.39691162109375
1.169921875
1.18182373046875
0.99755859375
1.42169189453125
1.237060546875
1.12603759765625
1.25616455078125
1.1260986328125
1.14398193359375
1.335693359375
1.31744384765625
1.10858154296875
1.19830322265625
1.1986083984375
1.37152099609375
1.3248291015625
1.311279296875
1.20184326171875
1.58599853515625
1.155029296875
1.3724365234375
1.4984130859375
1.000732421875
1.15655517578125
1.43963623046875
1.55419921875
1.17254638671875
1.09759521484375
1.0770263671875
1.3067626953125
1.04254150390625
1.40301513671875
1.650146484375
1.3861083984375
1.27618408203125
1.5654296875
1.0364990234375
1.19012451171875
1.1475830078125
1.04034423828125
1.37274169921875
1.15350341796875
0.9588623046875
1.2017822265625
1.1951904296875
1.31561279296875
1.19085693359375
0.9217529296875
1.14593505859375
1.49383544921875
1.0150146484375
1.35455322265625
1.1400146484375
0.9581298828125
1.51934814453125
0.93603515625
1.051025390625
1.15069580078125
0.7799072265625
1.4813232421875
1.342529296875
1.23748779296875
1.104736328125
1.2039794921875
1.38995361328125
1.34478759765625
1.11737060546875
1.01251220703125
1.29290771484375
1.22027587890625
1.2081298828125
1.407958984375
1.7039794921875
