0.8480224609375
1.31781005859375
1.0277099609375
1.25323486328125
0.96234130859375
1.1375732421875
1.00848388671875
1.2039794921875
1.4517822265625
0.9219970703125
0.91314697265625
1.196044921875
1.285400390625
1.357666015625
1.01605224609375
0.9464111328125
1.2547607421875
1.0447998046875
1.08880615234375
1.0626220703125
0.8787841796875
1.00079345703125
1.00274658203125
1.42327880859375
0.94775390625
1.3973388671875
0.94378662109375
1.1490478515625
1.15081787109375
1.46759033203125
0.8319091796875
1.112060546875
1.3739013671875
1.31817626953125
1.0428466796875
0.80078125
1.20526123046875
0.74639892578125
1.107666015625
1.46142578125
0.873779296875
1.0137939453125
1.03955078125
1.03759765625
0.91278076171875
1.22381591796875
1.5211181640625
1.48541259765625
1.09588623046875
1.28424072265625
1.08795166015625
1.28802490234375
0.93212890625
1.13348388671875
1.60791015625
0.9500732421875
1.27203369140625
1.09429931640625
0.91644287109375
0.84014892578125
1.24273681640625
0.9874267578125
0.9002685546875
0.9129638671875
1.35797119140625
1.06634521484375
1.10296630859375
1.27154541015625
1.1805419921875
1.1468505859375
1.22021484375
1.283447265625
1.05352783203125
1.0106201171875
1.0118408203125
1.2156982421875
1.17425537109375
1.33953857421875
0.84033203125
1.08056640625
1.1544189453125
1.2723388671875
1.0467529296875
1.24310302734375
1.2913818359375
1.30511474609375
1.06256103515625
0.9937744140625
1.02191162109375
0.9625244140625
1.01739501953125
1.174560546875
1.52545166015625
1.1142578125
0.97552490234375
1.02239990234375
1.23809814453125
1.367919921875
1.5654296875
1.03631591796875
1.25897216796875
1.237060546875
1.142822265625
1.155029296875
0.86065673828125
1.3885498046875
1.19903564453125
1.29302978515625
1.2166748046875
1.12725830078125
1.09515380859375
1.10064697265625
1.339111328125
1.5098876953125
1.0284423828125
1.1021728515625
0.94256591796875
1.088623046875
1.35699462890625
1.0428466796875
0.9415283203125
1.326416015625
1.53790283203125
1.05487060546875
1.2012939453125
1.12127685546875
1.2366943359375
1.30975341796875
1.0909423828125
1.24517822265625
1.37982177734375
1.2491455078125
1.1143798828125
1.14508056640625
1.2774658203125
0.95513916015625
1.11419677734375
1.337646484375
0.89080810546875
1.0455322265625
0.9281005859375
1.4326171875
1.03753662109375
1.58599853515625
1.2095947265625
1.3468017578125
1.48138427734375
1.0361328125
1.00634765625
0.9267578125
1.1343994140625
0.8568115234375
1.21087646484375
1.064697265625
1.1737060546875
1.31268310546875
0.9442138671875
1.20941162109375
0.90478515625
1.242431640625
1.34197998046875
1.00543212890625
1.00042724609375
1.331298828125
1.13629150390625
1.2852783203125
1.03314208984375
1.33551025390625
0.91192626953125
0.96966552734375
1.039306640625
0.9224853515625
1.40533447265625
1.6109619140625
1.20306396484375
1.0980224609375
1.3343505859375
1.07379150390625
0.83074951171875
1.14923095703125
1.18597412109375
1.12506103515625
1.30755615234375
0.996826171875
1.1788330078125
1.2032470703125
0.94879150390625
1.36968994140625
1.3814697265625
1.24945068359375
1.084716796875
1.37969970703125
1.08941650390625
0.914306640625
1.32110595703125
1.26220703125
1.01531982421875
1.23846435546875
0.85491943359375
1.123291015625
1.34088134765625
0.8756103515625
1.06451416015625
1.45770263671875
1.14923095703125
1.17022705078125
1.1090087890625
1.31756591796875
0.93218994140625
1.1363525390625
1.522705078125
1.10565185546875
1.0748291015625
1.28582763671875
0.70147705078125
1.42730712890625
0.98468017578125
1.08648681640625
1.1497802734375
1.04217529296875
1.0721435546875
0.98822021484375
1.0892333984375
1.11663818359375
1.1585693359375
1.544189453125
1.50054931640625
1.3280029296875
1.32464599609375
1.4171142578125
0.95947265625
1.130859375
1.09490966796875
1.30743408203125
1.1263427734375
1.27777099609375
1.15869140625
1.04595947265625
0.95458984375
1.08636474609375
1.22381591796875
1.2288818359375
0.93731689453125
1.09368896484375
1.07781982421875
1.1094970703125
1.51983642578125
1.33306884765625
1.20135498046875
1.0528564453125
0.97265625
1.4229736328125
0.82757568359375
0.8077392578125
1.14349365234375
1.3951416015625
1.023193359375
1.00225830078125
1.09271240234375
1.11505126953125
1.074462890625
1.03643798828125
1.0103759765625
1.0989990234375
1.1304931640625
1.14892578125
0.95574951171875
1.21160888671875
0.88604736328125
1.2755126953125
1.33636474609375
1.0465087890625
1.267822265625
0.97552490234375
1.0115966796875
1.3553466796875
1.34295654296875
1.52886962890625
0.8724365234375
1.0654296875
1.005859375
1.1815185546875
0.85150146484375
1.07281494140625
1.2586669921875
1.05853271484375
1.1435546875
1.01971435546875
0.93377685546875
1.06817626953125
1.5025634765625
1.04852294921875
1.1058349609375
1.015380859375
0.98260498046875
0.91778564453125
1.3529052734375
1.26019287109375
1.2576904296875
1.09490966796875
1.414306640625
0.69024658203125
1.10150146484375
1.22369384765625
1.373046875
1.2265625
0.837646484375
1.06988525390625
1.29486083984375
1.27886962890625
1.10992431640625
1.1837158203125
1.3056640625
1.1549072265625
1.095703125
1.389404296875
1.28509521484375
0.87225341796875
1.1431884765625
1.271728515625
1.0767822265625
1.27020263671875
0.974853515625
1.6517333984375
1.07330322265625
1.0517578125
1.11700439453125
1.275390625
1.27191162109375
1.31512451171875
0.94879150390625
1.05584716796875
0.9864501953125
1.1300048828125
1.1072998046875
1.29364013671875
1.07257080078125
1.456787109375
1.0306396484375
1.232177734375
1.00299072265625
0.92181396484375
1.36871337890625
0.96954345703125
1.29766845703125
1.18670654296875
1.18597412109375
1.08251953125
1.16351318359375
1.37451171875
0.92584228515625
1.05230712890625
1.19781494140625
1.0811767578125
1.41796875
1.0576171875
1.24932861328125
1.1195068359375
0.89312744140625
1.16912841796875
1.033935546875
1.3118896484375
0.87371826171875
1.45404052734375
1.2017822265625
1.14410400390625
1.0784912109375
1.1656494140625
1.249755859375
1.097412109375
1.12725830078125
1.23529052734375
1.30572509765625
1.128173828125
0.873779296875
0.99267578125
1.03106689453125
1.320556640625
1.623046875
0.8621826171875
1.19561767578125
0.9822998046875
1.267578125
1.15472412109375
0.9573974609375
0.89617919921875
0.91827392578125
0.8458251953125
0.87298583984375
1.27020263671875
0.81231689453125
1.5552978515625
1.10638427734375
1.3482666015625
0.641845703125
0.8653564453125
1.26995849609375
1.3138427734375
1.11090087890625
1.117431640625
1.34442138671875
0.96832275390625
1.378173828125
1.0771484375
1.21392822265625
1.068115234375
1.314453125
1.3270263671875
1.1138916015625
1.05078125
1.294677734375
1.104736328125
1.0567626953125
1.08245849609375
0.88189697265625
1.13409423828125
0.88873291015625
0.69305419921875
1.06341552734375
1.06683349609375
1.073486328125
1.17913818359375
1.10748291015625
1.069091796875
1.1590576171875
0.90252685546875
1.31585693359375
0.79974365234375
0.92724609375
1.3173828125
1.0482177734375
1.04693603515625
1.2220458984375
1.148681640625
1.3612060546875
0.8643798828125
0.9742431640625
0.8939208984375
0.9061279296875
0.8382568359375
1.415771484375
1.0159912109375
0.98040771484375
1.00604248046875
0.89581298828125
1.00360107421875
1.218994140625
1.12249755859375
1.14166259765625
0.7938232421875
1.29486083984375
1.1390380859375
1.37017822265625
0.97064208984375
1.1475830078125
0.9853515625
1.173828125
1.67425537109375
0.93975830078125
1.13470458984375
1.1036376953125
0.80316162109375
0.6787109375
0.98846435546875
1.10418701171875
1.317138671875
1.40478515625
1.1510009765625
1.11761474609375
1.11541748046875
1.1593017578125
1.0213623046875
1.19061279296875
0.92352294921875
1.49444580078125
0.969970703125
1.2496337890625
1.2874755859375
1.02947998046875
1.03302001953125
1.07403564453125
1.31158447265625
1.17242431640625
1.23388671875
1.2515869140625
1.2567138671875
1.3604736328125
1.25836181640625
1.125
1.0648193359375
1.0322265625
1.20538330078125
0.7142333984375
1.2825927734375
1.48577880859375
1.0596923828125
1.026611328125
1.2139892578125
1.35858154296875
1.37799072265625
