0.4732666015625
0.749267578125
0.8421630859375
0.92474365234375
1.08294677734375
0.544921875
0.55999755859375
0.59759521484375
0.844482421875
0.8916015625
0.88153076171875
1.05859375
1.15631103515625
0.4459228515625
0.61279296875
0.90814208984375
0.53875732421875
0.722412109375
0.58917236328125
0.6644287109375
1.17742919921875
0.77508544921875
0.64910888671875
0.704833984375
0.854736328125
0.62518310546875
0.63714599609375
0.92041015625
0.91009521484375
0.58160400390625
0.6776123046875
0.818603515625
0.8951416015625
0.84930419921875
0.5987548828125
0.82257080078125
0.63409423828125
0.59161376953125
0.72906494140625
0.858154296875
1.12811279296875
0.97296142578125
1.03533935546875
0.53564453125
0.91876220703125
1.02850341796875
0.800537109375
0.91375732421875
0.94366455078125
0.5760498046875
0.921630859375
0.92510986328125
1.43096923828125
0.90093994140625
0.91265869140625
0.73358154296875
1.2449951171875
0.844970703125
1.047607421875
0.62799072265625
0.715087890625
0.80963134765625
0.8077392578125
0.6201171875
0.91680908203125
0.90704345703125
0.6077880859375
0.59527587890625
0.62689208984375
0.75506591796875
0.5997314453125
0.5936279296875
1.03106689453125
0.828857421875
0.98052978515625
0.947998046875
0.88372802734375
0.554931640625
0.82830810546875
1.34234619140625
0.8741455078125
0.747802734375
0.56451416015625
0.995849609375
0.7799072265625
0.70269775390625
0.6641845703125
1.23333740234375
0.7764892578125
0.821533203125
0.94354248046875
0.8375244140625
0.78607177734375
0.53466796875
0.980224609375
0.8421630859375
0.59600830078125
1.1947021484375
0.9217529296875
0.49176025390625
0.7506103515625
0.58935546875
1.220703125
0.7681884765625
0.87445068359375
0.75018310546875
0.75469970703125
0.77850341796875
0.472900390625
0.81146240234375
0.82666015625
0.7401123046875
0.9403076171875
0.70849609375
0.7396240234375
0.6116943359375
0.7259521484375
1.65679931640625
0.60296630859375
0.54541015625
1.06243896484375
1.2012939453125
0.4068603515625
0.6383056640625
0.79742431640625
0.9195556640625
0.7156982421875
0.70306396484375
1.0167236328125
0.913818359375
0.934814453125
0.75677490234375
0.6773681640625
0.62628173828125
0.81475830078125
0.88348388671875
0.6630859375
0.9744873046875
0.65277099609375
0.4998779296875
0.60791015625
1.43414306640625
0.94281005859375
0.731689453125
0.47930908203125
0.7501220703125
0.92236328125
0.84490966796875
0.85906982421875
1.0067138671875
1.049560546875
0.87042236328125
0.93487548828125
1.1614990234375
0.64569091796875
1.1416015625
0.8128662109375
0.64691162109375
0.678955078125
1.01812744140625
0.5318603515625
0.70953369140625
1.0364990234375
1.0889892578125
0.8553466796875
1.1190185546875
0.77606201171875
0.6834716796875
1.00775146484375
0.99005126953125
1.11004638671875
0.81439208984375
0.8720703125
0.78375244140625
0.47119140625
0.62469482421875
0.49847412109375
0.54534912109375
0.99365234375
0.568603515625
0.80865478515625
0.749267578125
1.00872802734375
0.82476806640625
0.81402587890625
0.991943359375
0.5098876953125
0.82977294921875
0.6434326171875
0.74554443359375
0.50299072265625
0.48431396484375
1.0643310546875
0.7471923828125
1.1026611328125
0.8033447265625
0.82354736328125
0.767333984375
0.74139404296875
0.547119140625
1.095458984375
0.98199462890625
0.70526123046875
0.79718017578125
0.60064697265625
0.55450439453125
0.7666015625
0.96923828125
0.79278564453125
0.88067626953125
0.75628662109375
1.047607421875
0.61126708984375
0.7066650390625
0.5859375
0.630859375
0.54656982421875
0.74481201171875
0.701416015625
0.76513671875
1.20819091796875
0.74810791015625
0.8529052734375
0.7025146484375
0.785888671875
0.68450927734375
0.82696533203125
0.8076171875
0.63153076171875
0.95855712890625
0.6339111328125
1.15203857421875
1.078125
0.696533203125
0.8826904296875
1.35272216796875
0.7274169921875
0.9549560546875
0.96173095703125
0.70379638671875
0.78851318359375
0.91796875
0.56805419921875
0.57928466796875
0.99462890625
1.05841064453125
0.54376220703125
0.85687255859375
0.72015380859375
0.89093017578125
1.08624267578125
0.46746826171875
0.85595703125
1.208251953125
0.8057861328125
0.89239501953125
0.48736572265625
1.1055908203125
0.63580322265625
0.87176513671875
0.796630859375
1.1561279296875
0.540771484375
1.17474365234375
0.71875
0.92523193359375
0.87384033203125
0.76568603515625
0.8275146484375
1.1636962890625
0.997314453125
0.7586669921875
0.6376953125
0.700927734375
0.86077880859375
1.0684814453125
1.00128173828125
0.9195556640625
0.95428466796875
0.72100830078125
0.673828125
1.08050537109375
0.90643310546875
0.9892578125
0.4462890625
0.6962890625
0.72216796875
0.7860107421875
0.67828369140625
0.5928955078125
0.49676513671875
0.57177734375
0.88427734375
0.9517822265625
0.6302490234375
1.00567626953125
0.7166748046875
0.7611083984375
0.8238525390625
0.80810546875
0.74951171875
0.99835205078125
1.0687255859375
0.85052490234375
0.85699462890625
0.9769287109375
0.4935302734375
1.00469970703125
0.66552734375
0.9285888671875
0.553955078125
0.756103515625
0.66400146484375
0.822998046875
0.8507080078125
0.7694091796875
0.73193359375
0.79913330078125
1.32244873046875
0.6220703125
0.866455078125
0.88775634765625
0.82000732421875
0.6463623046875
1.04071044921875
0.6009521484375
1.1729736328125
0.8311767578125
0.82525634765625
1.00921630859375
0.60003662109375
0.81170654296875
0.9169921875
0.6337890625
0.8360595703125
0.7496337890625
0.61907958984375
0.68817138671875
0.70477294921875
0.59991455078125
0.48291015625
0.70599365234375
0.7550048828125
1.14410400390625
0.91400146484375
0.98272705078125
0.83050537109375
0.32269287109375
0.814453125
1.166259765625
1.07049560546875
0.9033203125
0.8404541015625
0.95953369140625
0.917724609375
0.98681640625
0.571533203125
0.62939453125
0.87310791015625
1.089599609375
0.678466796875
0.77276611328125
0.8912353515625
0.9521484375
0.68304443359375
1.09259033203125
1.22332763671875
0.57733154296875
0.6962890625
0.885009765625
0.5579833984375
0.84942626953125
0.550048828125
1.0911865234375
0.94354248046875
0.3961181640625
0.74127197265625
0.78192138671875
0.8870849609375
0.8250732421875
0.7977294921875
1.02191162109375
0.8662109375
0.93402099609375
0.841796875
0.894287109375
0.685302734375
0.641357421875
0.49627685546875
0.8648681640625
0.70709228515625
0.69281005859375
0.9898681640625
0.5987548828125
0.906494140625
0.64471435546875
0.6705322265625
1.365478515625
0.7349853515625
0.45245361328125
1.17071533203125
0.833740234375
0.6444091796875
1.0380859375
0.96990966796875
0.70587158203125
0.6934814453125
1.05133056640625
0.68756103515625
0.6392822265625
0.7884521484375
1.20166015625
0.82769775390625
0.485595703125
0.76324462890625
0.69927978515625
0.5516357421875
0.60546875
1.02569580078125
1.11383056640625
1.30206298828125
1.3211669921875
0.97552490234375
0.9901123046875
0.53106689453125
1.11767578125
0.76739501953125
0.8297119140625
0.62176513671875
0.99822998046875
1.04254150390625
0.82733154296875
0.71685791015625
0.8370361328125
0.5889892578125
0.6712646484375
0.77789306640625
1.12664794921875
1.05340576171875
0.4708251953125
0.669677734375
0.75653076171875
0.7318115234375
0.69256591796875
0.680419921875
0.8363037109375
0.82037353515625
0.6092529296875
0.81024169921875
0.69464111328125
1.06158447265625
1.0902099609375
0.78643798828125
0.6875
0.4771728515625
0.98577880859375
0.56719970703125
0.819091796875
0.95654296875
0.64501953125
0.85699462890625
0.43634033203125
0.70758056640625
0.7647705078125
0.62237548828125
1.0830078125
1.07318115234375
0.57635498046875
0.7362060546875
0.79290771484375
0.48052978515625
0.64459228515625
0.5987548828125
0.6707763671875
0.53350830078125
0.7283935546875
0.6053466796875
0.81219482421875
0.76910400390625
0.44384765625
0.71429443359375
0.8143310546875
0.65447998046875
0.855712890625
0.53668212890625
0.978515625
0.808837890625
0.7200927734375
1.75732421875
0.4205322265625
0.66278076171875
0.55987548828125
1.09063720703125
0.9466552734375
0.60614013671875
0.9232177734375
0.74676513671875
0.5863037109375
0.67138671875
0.66180419921875
