0.26031494140625
0.305908203125
0.47705078125
0.17669677734375
0.1390380859375
0.3277587890625
0.4744873046875
0.3377685546875
0.22491455078125
0.2789306640625
0.15765380859375
0.237060546875
0.60223388671875
0.25054931640625
0.41015625
0.362548828125
0.36968994140625
0.22576904296875
0.527099609375
0.3155517578125
0.18682861328125
0.20086669921875
0.2579345703125
0.235107421875
0.450439453125
0.21917724609375
0.217041015625
0.22027587890625
0.183837890625
0.47137451171875
0.1737060546875
0.32177734375
0.4197998046875
0.11895751953125
0.4305419921875
0.3416748046875
0.22705078125
0.232666015625
0.27740478515625
0.20208740234375
0.28179931640625
0.18292236328125
0.19158935546875
0.33050537109375
0.19342041015625
0.2198486328125
0.17425537109375
0.4541015625
0.21356201171875
0.21563720703125
0.4482421875
0.359375
0.64691162109375
0.1339111328125
0.2374267578125
0.46527099609375
0.1962890625
0.17803955078125
0.50347900390625
0.30859375
0.24932861328125
0.3128662109375
0.6307373046875
0.268310546875
0.21942138671875
0.28326416015625
0.23919677734375
0.28277587890625
0.39093017578125
0.1629638671875
0.5595703125
0.341796875
0.21441650390625
0.16656494140625
0.52362060546875
0.29498291015625
0.4410400390625
0.195556640625
0.29693603515625
0.38970947265625
0.26129150390625
0.2999267578125
0.2379150390625
0.1904296875
0.46954345703125
0.277099609375
0.2000732421875
0.4095458984375
0.235595703125
0.14483642578125
0.40130615234375
0.2550048828125
0.19744873046875
0.4156494140625
0.2283935546875
0.295166015625
0.58917236328125
0.1531982421875
0.10150146484375
0.3443603515625
0.293212890625
0.6475830078125
0.25335693359375
0.38763427734375
0.3985595703125
0.34881591796875
0.3330078125
0.6571044921875
0.2803955078125
0.27435302734375
0.27001953125
0.26373291015625
0.25439453125
0.45269775390625
0.23895263671875
0.22283935546875
0.1331787109375
0.17462158203125
0.30438232421875
0.61993408203125
0.329833984375
0.42138671875
0.3946533203125
0.1964111328125
0.23974609375
0.10906982421875
0.3326416015625
0.20477294921875
0.25067138671875
0.34234619140625
0.28289794921875
0.17437744140625
0.3912353515625
0.17144775390625
0.1243896484375
0.33294677734375
0.2279052734375
0.17340087890625
0.30889892578125
0.17633056640625
0.2066650390625
0.16973876953125
0.23614501953125
0.47039794921875
0.43603515625
0.20135498046875
0.4603271484375
0.29962158203125
0.4136962890625
0.3040771484375
0.1099853515625
0.3968505859375
0.19476318359375
0.21514892578125
0.195068359375
0.2344970703125
0.31988525390625
0.13922119140625
0.1322021484375
0.4521484375
0.16046142578125
0.06903076171875
0.32073974609375
0.66485595703125
0.3731689453125
0.577392578125
0.22967529296875
0.32122802734375
0.4603271484375
0.4346923828125
0.179443359375
0.2806396484375
0.21954345703125
0.30877685546875
0.300048828125
0.22967529296875
0.6241455078125
0.2054443359375
0.33831787109375
0.77001953125
0.16546630859375
0.15460205078125
0.417236328125
0.38006591796875
0.23388671875
0.19146728515625
0.30267333984375
0.441650390625
0.42828369140625
0.22332763671875
0.40972900390625
0.2962646484375
0.65655517578125
0.3114013671875
0.3756103515625
0.81011962890625
0.18896484375
0.1563720703125
0.47247314453125
0.23779296875
0.22210693359375
0.485595703125
0.55322265625
0.1929931640625
0.42095947265625
0.1602783203125
0.20538330078125
0.19769287109375
0.3302001953125
0.22320556640625
0.37860107421875
0.456298828125
0.50543212890625
0.23614501953125
0.40484619140625
0.1512451171875
0.4599609375
0.3890380859375
0.415771484375
0.178955078125
0.40380859375
0.21258544921875
0.2001953125
0.404296875
0.41864013671875
0.63995361328125
0.3505859375
0.20452880859375
0.35455322265625
0.21783447265625
0.25531005859375
0.543212890625
0.1470947265625
0.17523193359375
0.16265869140625
0.29888916015625
0.25518798828125
0.2314453125
0.34857177734375
0.288818359375
0.27557373046875
0.224609375
0.21612548828125
0.54608154296875
0.20489501953125
0.4246826171875
0.13702392578125
0.4525146484375
0.3446044921875
0.37322998046875
0.33935546875
0.55072021484375
0.4091796875
0.19952392578125
0.17718505859375
0.16064453125
0.1842041015625
0.46661376953125
0.43145751953125
0.4588623046875
0.37237548828125
0.3289794921875
0.2030029296875
0.3409423828125
0.65899658203125
0.25592041015625
0.19970703125
0.33721923828125
0.2510986328125
0.219970703125
0.16259765625
0.375244140625
0.35040283203125
0.28656005859375
0.20587158203125
0.28997802734375
0.20635986328125
0.3856201171875
0.66351318359375
0.2706298828125
0.40545654296875
1.0361328125
0.2314453125
0.06671142578125
0.211669921875
0.33331298828125
0.25054931640625
0.4677734375
0.41778564453125
0.1788330078125
0.14727783203125
0.36346435546875
0.35552978515625
0.17071533203125
0.27593994140625
0.1787109375
0.56488037109375
0.473388671875
0.1778564453125
0.6864013671875
0.36065673828125
0.1983642578125
0.17352294921875
0.22216796875
0.373046875
0.27886962890625
0.17962646484375
0.2974853515625
0.20843505859375
0.20404052734375
0.17236328125
0.63677978515625
0.21221923828125
0.39263916015625
0.33111572265625
0.34075927734375
0.25311279296875
0.36572265625
0.37396240234375
0.37945556640625
0.459716796875
0.71807861328125
0.26361083984375
0.15594482421875
0.36181640625
0.430419921875
0.23614501953125
0.61053466796875
0.12750244140625
0.537109375
0.13751220703125
0.2237548828125
0.59613037109375
0.39605712890625
0.24725341796875
0.13916015625
0.3023681640625
0.31707763671875
0.4459228515625
0.33221435546875
0.16644287109375
0.21722412109375
0.3966064453125
0.15399169921875
0.3001708984375
0.2540283203125
0.2525634765625
0.28717041015625
0.31005859375
0.29754638671875
0.25201416015625
0.13641357421875
0.38336181640625
0.3612060546875
0.17755126953125
0.2471923828125
0.487548828125
0.7669677734375
0.20562744140625
0.29302978515625
0.696044921875
0.2291259765625
0.106689453125
0.2818603515625
0.73480224609375
0.16021728515625
0.24810791015625
0.27313232421875
0.2257080078125
0.47503662109375
0.36859130859375
0.3671875
0.2811279296875
0.36376953125
0.642578125
0.2235107421875
0.4100341796875
0.306396484375
0.14898681640625
0.23114013671875
0.2686767578125
0.197021484375
0.280029296875
0.15570068359375
0.3529052734375
0.27618408203125
0.414794921875
0.220947265625
0.41583251953125
0.3492431640625
0.459228515625
0.2064208984375
0.265869140625
0.291259765625
0.60205078125
0.16717529296875
0.27587890625
0.31011962890625
0.46612548828125
0.4207763671875
0.34539794921875
0.19195556640625
0.2513427734375
0.40185546875
0.2349853515625
0.16192626953125
0.3375244140625
0.6595458984375
0.25933837890625
0.42413330078125
0.16351318359375
0.49603271484375
0.28448486328125
0.176513671875
0.37982177734375
0.32806396484375
0.293212890625
0.302978515625
0.369140625
0.769287109375
0.30474853515625
0.28857421875
0.35626220703125
0.3824462890625
0.28564453125
0.19439697265625
0.3321533203125
0.3255615234375
0.249267578125
0.49273681640625
0.2034912109375
0.52215576171875
0.18975830078125
0.26153564453125
0.35455322265625
0.32501220703125
0.35711669921875
0.62164306640625
0.2791748046875
0.34771728515625
0.29052734375
0.38897705078125
0.26593017578125
0.81146240234375
0.34564208984375
0.4405517578125
0.50299072265625
0.2152099609375
0.2637939453125
0.3740234375
0.24603271484375
0.31268310546875
0.1768798828125
0.308349609375
0.582763671875
0.25872802734375
0.27490234375
0.32806396484375
0.36627197265625
0.2825927734375
0.326904296875
0.33953857421875
0.22821044921875
0.2274169921875
0.3492431640625
0.2491455078125
0.2822265625
0.30902099609375
0.1673583984375
0.37969970703125
0.54864501953125
0.3392333984375
0.283935546875
0.20098876953125
0.4468994140625
0.1943359375
0.24993896484375
0.2645263671875
0.4207763671875
0.2120361328125
0.32464599609375
0.201416015625
0.55560302734375
0.47540283203125
0.1507568359375
0.50689697265625
0.15380859375
0.30810546875
0.50787353515625
0.19598388671875
0.169189453125
0.19073486328125
0.1998291015625
0.407470703125
0.399169921875
0.24395751953125
0.281982421875
0.13092041015625
0.14910888671875
0.18402099609375
