0.88336181640625
0.8900146484375
0.50592041015625
0.42547607421875
0.9769287109375
0.9583740234375
0.85296630859375
1.1246337890625
1.25909423828125
0.9088134765625
1.01678466796875
0.79052734375
1.3126220703125
0.78668212890625
0.927001953125
1.088134765625
0.67193603515625
0.6573486328125
1.09637451171875
1.05841064453125
0.73114013671875
1.00640869140625
0.7508544921875
1.27471923828125
0.86578369140625
1.237060546875
0.43408203125
0.90533447265625
0.61663818359375
0.79681396484375
1.049560546875
0.94439697265625
0.8370361328125
1.08795166015625
0.7691650390625
1.08990478515625
0.943603515625
0.97674560546875
0.9483642578125
1.03411865234375
1.1746826171875
0.88116455078125
1.1253662109375
0.80572509765625
0.98748779296875
0.87799072265625
0.5374755859375
0.8505859375
1.0201416015625
0.88555908203125
1.04925537109375
0.99273681640625
0.51263427734375
1.32354736328125
0.6568603515625
1.0836181640625
0.9036865234375
0.6292724609375
0.87884521484375
0.87017822265625
0.88812255859375
0.792724609375
1.09765625
0.7391357421875
0.65985107421875
0.63775634765625
0.94805908203125
0.91357421875
0.57452392578125
0.589599609375
0.78662109375
1.306884765625
1.0618896484375
1.11749267578125
0.6890869140625
0.682373046875
0.90863037109375
0.69219970703125
1.076904296875
0.94561767578125
0.87603759765625
0.89892578125
0.96759033203125
1.01727294921875
1.0262451171875
0.660400390625
0.82659912109375
1.02606201171875
0.58502197265625
1.0433349609375
1.24151611328125
1.00347900390625
0.78411865234375
1.27655029296875
1.05078125
1.125
0.978759765625
0.72705078125
1.0362548828125
0.80841064453125
0.481689453125
0.8167724609375
1.173828125
0.74005126953125
1.083251953125
0.87591552734375
0.88818359375
1.0140380859375
0.9334716796875
0.8046875
0.7154541015625
0.6939697265625
1.1204833984375
0.83416748046875
0.8638916015625
1.01068115234375
0.67938232421875
1.05279541015625
0.725830078125
1.09405517578125
1.01873779296875
1.11358642578125
0.922119140625
0.82391357421875
1.14031982421875
1.1741943359375
1.40728759765625
0.69384765625
0.50115966796875
0.89459228515625
0.82342529296875
0.64385986328125
0.70037841796875
1.37176513671875
0.93231201171875
0.882568359375
0.5992431640625
0.82379150390625
0.899169921875
0.75830078125
1.11962890625
1.1142578125
0.63934326171875
1.041259765625
0.64044189453125
1.13555908203125
0.67230224609375
0.7357177734375
1.10955810546875
1.03436279296875
0.6397705078125
1.24774169921875
1.2198486328125
0.53436279296875
0.7801513671875
0.80352783203125
1.25787353515625
1.0576171875
0.9261474609375
0.602783203125
1.29486083984375
0.903076171875
0.74700927734375
0.84942626953125
0.9453125
1.032470703125
0.60931396484375
1.271240234375
0.7967529296875
0.61956787109375
0.77117919921875
0.7738037109375
0.93157958984375
0.68255615234375
0.72027587890625
0.9754638671875
1.08917236328125
0.956787109375
1.0491943359375
0.97650146484375
0.77191162109375
0.92828369140625
0.98162841796875
1.19219970703125
0.72955322265625
1.61212158203125
0.81103515625
1.02154541015625
0.5684814453125
1.03887939453125
1.2327880859375
1.11602783203125
0.4833984375
1.20452880859375
0.8543701171875
1.16448974609375
0.8101806640625
0.7332763671875
1.0079345703125
0.83819580078125
0.63525390625
1.0733642578125
1.003662109375
1.29876708984375
0.82794189453125
0.89581298828125
0.920654296875
1.01251220703125
0.75146484375
0.776123046875
0.79217529296875
1.180908203125
1.2513427734375
0.5911865234375
0.8994140625
1.3890380859375
1.12786865234375
1.1171875
0.628173828125
0.581298828125
0.9033203125
0.71966552734375
0.9676513671875
0.63311767578125
0.49493408203125
0.89404296875
1.1632080078125
0.85736083984375
1.19134521484375
0.81549072265625
1.010986328125
0.53021240234375
1.0303955078125
0.67095947265625
0.9033203125
0.57269287109375
0.967529296875
0.98187255859375
1.17584228515625
0.9111328125
1.0323486328125
1.019287109375
1.10992431640625
0.48004150390625
1.03607177734375
1.10345458984375
0.8902587890625
0.7646484375
0.76824951171875
0.93402099609375
0.62274169921875
0.86492919921875
0.7166748046875
0.7457275390625
0.8814697265625
0.58636474609375
0.57891845703125
1.01507568359375
1.00775146484375
1.12786865234375
0.99151611328125
1.1895751953125
1.2320556640625
0.8314208984375
0.719970703125
0.7186279296875
1.349853515625
0.688232421875
0.95306396484375
1.2191162109375
1.03619384765625
1.023681640625
0.9466552734375
0.94561767578125
1.1448974609375
0.6348876953125
1.04962158203125
0.830078125
0.7740478515625
0.8812255859375
0.86859130859375
0.83245849609375
0.66900634765625
0.9124755859375
0.85308837890625
0.98028564453125
1.051513671875
0.79791259765625
1.0440673828125
1.22943115234375
0.848876953125
1.0692138671875
1.06689453125
0.80401611328125
1.25360107421875
0.8448486328125
1.10308837890625
0.8035888671875
0.85504150390625
1.1737060546875
0.8328857421875
0.9833984375
0.93035888671875
0.61309814453125
0.60784912109375
0.7449951171875
0.887939453125
1.2572021484375
0.63824462890625
0.94573974609375
1.5640869140625
0.59759521484375
1.28839111328125
1.168701171875
1.2840576171875
1.2764892578125
0.47442626953125
0.83367919921875
0.75433349609375
0.99176025390625
0.7545166015625
0.97247314453125
0.76507568359375
1.04998779296875
1.10015869140625
1.34869384765625
1.1014404296875
0.73541259765625
0.77142333984375
1.03668212890625
0.6385498046875
1.0616455078125
0.72607421875
0.93328857421875
0.7701416015625
0.655517578125
0.84625244140625
0.77923583984375
0.79840087890625
0.691162109375
0.662841796875
1.3201904296875
0.94598388671875
0.83123779296875
1.25054931640625
0.972900390625
0.74163818359375
0.91717529296875
1.1290283203125
0.6622314453125
1.05584716796875
0.91015625
0.94195556640625
1.1676025390625
0.7686767578125
0.94403076171875
0.93280029296875
0.9854736328125
0.93572998046875
0.8565673828125
1.11553955078125
1.4156494140625
0.87451171875
0.87725830078125
0.716552734375
0.57476806640625
1.12677001953125
0.76898193359375
1.0107421875
0.8631591796875
0.60650634765625
0.75970458984375
1.0050048828125
0.74774169921875
0.71221923828125
0.6502685546875
0.84783935546875
0.78839111328125
0.8251953125
0.740478515625
0.80047607421875
0.9271240234375
0.91650390625
0.88629150390625
1.026611328125
1.1885986328125
0.7266845703125
0.90240478515625
0.93695068359375
0.876708984375
0.97216796875
1.218505859375
0.651611328125
0.9173583984375
0.73583984375
0.5565185546875
0.76849365234375
0.84521484375
1.05816650390625
1.259765625
0.85455322265625
0.70806884765625
1.11029052734375
0.89532470703125
0.97235107421875
0.9871826171875
1.339111328125
0.75238037109375
0.78656005859375
1.1593017578125
1.3294677734375
1.177001953125
1.2989501953125
0.914306640625
0.565185546875
1.05474853515625
0.74676513671875
0.79339599609375
0.54193115234375
0.518798828125
0.91351318359375
1.0706787109375
0.9539794921875
0.8016357421875
1.009765625
0.74871826171875
1.23724365234375
0.87225341796875
0.81744384765625
0.70538330078125
1.21099853515625
0.948486328125
0.70660400390625
1.113525390625
0.8458251953125
0.769775390625
1.103759765625
0.87847900390625
0.83197021484375
0.8956298828125
0.89788818359375
0.9862060546875
1.007080078125
1.0123291015625
0.79559326171875
1.2752685546875
0.86407470703125
1.08062744140625
1.1162109375
0.66070556640625
0.897216796875
0.95849609375
1.22100830078125
0.796630859375
0.775390625
0.8759765625
1.02252197265625
0.6600341796875
0.9859619140625
1.3961181640625
1.11474609375
0.77691650390625
1.10955810546875
0.60693359375
0.81512451171875
0.85205078125
0.74139404296875
1.0794677734375
0.7781982421875
0.630126953125
1.006103515625
0.99383544921875
0.904541015625
0.85174560546875
0.63079833984375
0.7591552734375
1.28271484375
0.6444091796875
1.02099609375
0.85546875
0.67034912109375
1.342041015625
0.6207275390625
0.75927734375
0.7703857421875
0.49749755859375
1.19122314453125
0.96527099609375
0.76898193359375
0.80157470703125
0.75921630859375
1.0360107421875
1.03717041015625
0.88580322265625
0.72210693359375
0.80609130859375
0.87103271484375
0.7913818359375
1.10015869140625
1.61968994140625
