0.50909423828125
0.54736328125
0.6116943359375
0.776123046875
0.42138671875
0.87969970703125
0.78765869140625
0.6375732421875
0.8275146484375
0.6046142578125
0.43310546875
0.58489990234375
0.7393798828125
0.40234375
0.402099609375
0.44354248046875
0.7896728515625
0.758544921875
0.655517578125
0.69287109375
0.766845703125
0.9307861328125
0.64630126953125
0.89910888671875
0.651123046875
0.7462158203125
0.4425048828125
0.77490234375
0.60931396484375
0.91082763671875
0.71026611328125
0.517822265625
0.5020751953125
0.4400634765625
0.9150390625
0.675537109375
0.5997314453125
0.86474609375
0.3814697265625
0.61834716796875
0.47503662109375
0.621337890625
0.3170166015625
1.181640625
0.66058349609375
0.51348876953125
0.4256591796875
0.25762939453125
0.784423828125
0.65008544921875
0.69805908203125
0.6729736328125
0.6104736328125
0.628173828125
0.86358642578125
0.47296142578125
0.421875
1.05279541015625
0.92987060546875
0.415283203125
0.5145263671875
0.41851806640625
0.907470703125
0.60382080078125
0.7266845703125
0.6405029296875
0.47900390625
0.295654296875
0.53851318359375
0.706787109375
0.68328857421875
0.51434326171875
0.71484375
0.569091796875
0.93353271484375
0.66900634765625
0.678466796875
0.8116455078125
0.49542236328125
0.5650634765625
0.839111328125
0.7454833984375
0.67022705078125
0.4752197265625
0.52679443359375
0.7310791015625
0.623779296875
0.70166015625
0.5567626953125
0.53741455078125
0.641845703125
0.7115478515625
0.41741943359375
0.67034912109375
0.8892822265625
0.49114990234375
0.71295166015625
0.49566650390625
0.7685546875
0.68994140625
0.50823974609375
0.5989990234375
0.6324462890625
0.7271728515625
0.5244140625
0.67034912109375
0.72796630859375
0.3946533203125
0.6070556640625
0.5164794921875
0.7265625
0.73681640625
0.835205078125
0.60552978515625
1.189697265625
0.76300048828125
0.80169677734375
0.6881103515625
0.562255859375
0.89044189453125
0.49041748046875
0.5303955078125
0.56866455078125
0.92706298828125
1.1751708984375
0.44610595703125
0.52618408203125
1.27197265625
0.35400390625
0.60272216796875
0.63232421875
0.639404296875
0.63653564453125
0.68707275390625
0.508056640625
0.6231689453125
0.5108642578125
0.88433837890625
0.91619873046875
0.74560546875
1.36480712890625
0.8441162109375
0.5008544921875
0.943603515625
0.4267578125
0.86224365234375
0.795654296875
0.68511962890625
0.89410400390625
0.87176513671875
0.43511962890625
0.65325927734375
0.51824951171875
1.19329833984375
0.5511474609375
0.47607421875
0.465576171875
0.51336669921875
0.52880859375
0.46728515625
0.4691162109375
0.6192626953125
0.40216064453125
0.47125244140625
0.78558349609375
0.43975830078125
0.61614990234375
0.58111572265625
0.838623046875
0.509765625
0.65631103515625
0.677001953125
0.68853759765625
0.52557373046875
0.42999267578125
0.79315185546875
0.76025390625
0.64208984375
0.5645751953125
0.7059326171875
0.55511474609375
0.98968505859375
0.74700927734375
0.6270751953125
0.84503173828125
0.93634033203125
0.5460205078125
0.557861328125
0.74481201171875
0.59967041015625
0.55413818359375
0.6822509765625
0.80230712890625
1.18536376953125
0.833984375
0.71771240234375
0.799560546875
0.37548828125
0.5718994140625
0.5169677734375
0.48272705078125
0.536376953125
0.5689697265625
1.07891845703125
0.8775634765625
0.5443115234375
0.571533203125
0.490478515625
0.6998291015625
0.55279541015625
0.35113525390625
0.45599365234375
0.824462890625
0.8238525390625
0.8363037109375
0.5615234375
0.49066162109375
0.546875
0.81341552734375
0.56103515625
0.644287109375
0.4388427734375
0.64825439453125
0.6282958984375
0.66192626953125
0.6114501953125
0.39251708984375
0.2816162109375
0.4954833984375
0.6029052734375
0.6541748046875
0.65557861328125
0.76483154296875
1.01409912109375
0.55487060546875
0.7750244140625
1.23809814453125
0.3564453125
0.75823974609375
0.59637451171875
0.44598388671875
0.541748046875
0.4178466796875
0.67431640625
0.52703857421875
0.71502685546875
0.80902099609375
0.89385986328125
0.66058349609375
0.86236572265625
0.85101318359375
0.8714599609375
0.570556640625
1.0050048828125
0.59210205078125
0.9659423828125
0.7176513671875
0.53326416015625
0.8619384765625
0.6898193359375
0.44281005859375
0.47900390625
0.6317138671875
0.53924560546875
0.36846923828125
0.6583251953125
0.77764892578125
0.78643798828125
1.168701171875
0.700439453125
0.65185546875
0.5262451171875
0.56719970703125
0.7252197265625
0.70941162109375
0.8905029296875
0.3834228515625
0.83441162109375
0.4332275390625
0.7044677734375
0.56134033203125
0.72100830078125
0.73394775390625
0.677490234375
0.98529052734375
1.06756591796875
0.69903564453125
0.35333251953125
0.503173828125
0.89697265625
0.678955078125
0.3570556640625
0.7684326171875
0.63568115234375
0.72723388671875
0.706298828125
0.74847412109375
0.56396484375
0.84381103515625
0.89923095703125
1.03826904296875
0.97698974609375
0.5411376953125
0.6846923828125
0.54400634765625
0.5421142578125
0.60369873046875
0.7010498046875
0.6875
0.49871826171875
0.60479736328125
0.89947509765625
0.4246826171875
0.55059814453125
0.5960693359375
0.75787353515625
0.68975830078125
0.6458740234375
0.5650634765625
0.423583984375
0.69464111328125
0.72808837890625
0.76708984375
0.41595458984375
0.6700439453125
0.50665283203125
0.6357421875
0.87371826171875
0.568359375
0.55242919921875
0.27093505859375
0.7171630859375
0.83294677734375
0.63641357421875
0.5003662109375
0.46923828125
0.31329345703125
0.95867919921875
0.81304931640625
0.63507080078125
0.8643798828125
0.5086669921875
0.758056640625
0.5687255859375
0.5804443359375
0.7911376953125
0.92376708984375
1.4632568359375
1.06243896484375
0.7359619140625
0.7181396484375
0.7105712890625
0.60089111328125
0.7674560546875
0.62689208984375
0.78173828125
0.38763427734375
0.8427734375
1.10345458984375
1.37518310546875
0.552978515625
0.63238525390625
0.9287109375
0.9071044921875
0.3271484375
0.492431640625
0.35772705078125
0.72894287109375
1.15826416015625
0.787109375
0.39166259765625
0.7816162109375
1.11126708984375
0.6409912109375
0.764404296875
0.52777099609375
1.33441162109375
1.0947265625
0.78973388671875
0.78802490234375
0.58428955078125
0.6905517578125
0.4617919921875
0.90045166015625
0.57647705078125
1.14569091796875
0.74560546875
0.7225341796875
0.62738037109375
0.48846435546875
0.5811767578125
0.66290283203125
0.7891845703125
0.54345703125
0.685791015625
0.6412353515625
0.64703369140625
0.573486328125
0.66912841796875
0.4371337890625
0.6627197265625
0.850830078125
0.77252197265625
0.45159912109375
0.88140869140625
0.37115478515625
0.61553955078125
0.546875
0.51495361328125
0.56488037109375
0.46783447265625
0.43304443359375
0.84075927734375
0.75103759765625
0.54913330078125
0.83831787109375
0.97589111328125
0.58062744140625
0.58941650390625
0.546142578125
0.923095703125
0.82830810546875
0.5089111328125
0.682373046875
0.817626953125
0.9488525390625
0.699462890625
0.8001708984375
0.46002197265625
1.07379150390625
0.73681640625
0.53497314453125
0.6683349609375
0.6409912109375
0.6478271484375
0.721923828125
0.45135498046875
0.7615966796875
0.3883056640625
1.0748291015625
0.811767578125
1.05291748046875
0.85101318359375
0.5599365234375
0.870361328125
0.75579833984375
0.45263671875
0.833984375
0.64520263671875
0.607666015625
0.789306640625
0.74176025390625
0.64447021484375
0.5927734375
0.72137451171875
0.93218994140625
0.64947509765625
0.45489501953125
0.71636962890625
0.536376953125
0.6068115234375
0.864501953125
0.2978515625
0.7208251953125
0.5404052734375
1.0133056640625
0.45220947265625
0.63507080078125
0.51580810546875
1.0162353515625
0.97552490234375
0.77642822265625
0.6722412109375
0.69183349609375
0.7218017578125
0.66943359375
0.6009521484375
0.86834716796875
0.62646484375
0.46917724609375
0.68756103515625
0.9652099609375
0.912841796875
0.70184326171875
0.74810791015625
0.96282958984375
0.84393310546875
0.98565673828125
0.46258544921875
0.7784423828125
0.62066650390625
0.62164306640625
0.48345947265625
0.79193115234375
0.6209716796875
0.70123291015625
0.2879638671875
0.67022705078125
0.89599609375
0.42620849609375
