0.8892822265625
0.97467041015625
1.3194580078125
1.0511474609375
0.65570068359375
1.0760498046875
1.09356689453125
1.28082275390625
1.07952880859375
1.2158203125
1.13397216796875
1.38525390625
1.07977294921875
1.14764404296875
1.11883544921875
0.88568115234375
1.16900634765625
0.93914794921875
1.19921875
0.662353515625
0.8990478515625
0.88214111328125
1.27557373046875
1.065185546875
1.3834228515625
1.360107421875
1.22528076171875
1.23223876953125
1.1082763671875
0.85333251953125
1.14105224609375
1.215087890625
1.26190185546875
1.09063720703125
1.322265625
1.09716796875
1.05633544921875
1.22174072265625
0.8406982421875
1.2135009765625
1.05975341796875
0.92010498046875
1.13812255859375
1.56982421875
1.32269287109375
1.24114990234375
1.34912109375
1.27130126953125
1.2249755859375
1.09808349609375
1.075927734375
1.10943603515625
1.10711669921875
1.10321044921875
1.04644775390625
1.21185302734375
1.130615234375
1.1044921875
0.9285888671875
1.20343017578125
0.924560546875
0.872314453125
1.41796875
1.0538330078125
1.407470703125
0.85357666015625
1.26690673828125
1.50103759765625
1.22479248046875
1.14361572265625
0.9835205078125
1.16998291015625
1.46710205078125
1.2294921875
1.173095703125
0.88800048828125
0.85015869140625
0.924072265625
0.98638916015625
1.23333740234375
1.396728515625
0.98040771484375
1.03271484375
1.05224609375
1.3931884765625
0.96832275390625
0.95098876953125
1.1982421875
1.46881103515625
1.12847900390625
1.1044921875
1.14111328125
1.16265869140625
1.2532958984375
0.96978759765625
1.111328125
1.2501220703125
1.416015625
1.00262451171875
0.7529296875
1.19964599609375
1.44903564453125
0.89593505859375
1.381103515625
1.27197265625
0.80096435546875
1.4471435546875
0.94140625
0.68963623046875
0.92083740234375
1.33831787109375
0.78070068359375
0.99334716796875
1.02734375
1.40240478515625
1.19921875
1.01531982421875
0.9097900390625
1.0950927734375
0.95855712890625
1.30450439453125
1.11444091796875
1.260986328125
1.04296875
1.11968994140625
1.2540283203125
1.21063232421875
1.15313720703125
0.84271240234375
1.03399658203125
1.2421875
1.1085205078125
1.17962646484375
1.21209716796875
1.0399169921875
1.20196533203125
1.29901123046875
1.06011962890625
1.12640380859375
0.90753173828125
1.07147216796875
0.91448974609375
1.03179931640625
1.6314697265625
1.19403076171875
0.9847412109375
0.9676513671875
1.1094970703125
1.327392578125
0.69500732421875
1.2506103515625
0.8349609375
1.02001953125
1.088623046875
1.16705322265625
0.91455078125
0.90960693359375
0.99371337890625
0.74444580078125
1.18756103515625
1.1810302734375
1.20098876953125
1.09515380859375
0.9815673828125
1.18426513671875
1.148681640625
0.85992431640625
1.029052734375
1.0347900390625
1.0748291015625
0.97906494140625
0.9910888671875
0.8878173828125
1.21966552734375
0.71514892578125
1.3179931640625
0.94488525390625
1.07366943359375
1.205810546875
1.097412109375
1.35693359375
0.88885498046875
1.095458984375
0.9384765625
0.9268798828125
1.26483154296875
1.3629150390625
1.13189697265625
1.4598388671875
0.89434814453125
1.29388427734375
1.0430908203125
1.1370849609375
1.14263916015625
0.86114501953125
1.3016357421875
1.1060791015625
1.26068115234375
0.74420166015625
1.11370849609375
0.92626953125
1.20361328125
1.0570068359375
1.3387451171875
1.1796875
0.9068603515625
1.15509033203125
1.2652587890625
1.0089111328125
1.03009033203125
1.49365234375
1.152587890625
0.95343017578125
1.1832275390625
0.85723876953125
1.33502197265625
0.955810546875
1.18548583984375
1.1651611328125
1.32421875
1.23291015625
1.02667236328125
0.977783203125
1.55224609375
1.17901611328125
0.87542724609375
0.87255859375
0.892822265625
1.38763427734375
1.04302978515625
1.12457275390625
1.32318115234375
1.281982421875
0.96661376953125
1.08807373046875
1.25921630859375
1.127197265625
1.1307373046875
1.04022216796875
1.21575927734375
1.17620849609375
0.78326416015625
0.802734375
1.0247802734375
1.29278564453125
0.832763671875
1.502197265625
1.3980712890625
1.0733642578125
1.38153076171875
1.06121826171875
1.09405517578125
1.0408935546875
0.82611083984375
0.88653564453125
1.11785888671875
0.77447509765625
1.0498046875
1.148681640625
1.13665771484375
1.18011474609375
1.325927734375
1.29620361328125
1.48455810546875
1.4124755859375
1.09698486328125
1.158203125
1.24896240234375
1.7725830078125
1.00225830078125
1.1363525390625
0.9537353515625
1.01617431640625
1.22802734375
0.9384765625
1.01702880859375
0.68365478515625
0.873046875
0.99835205078125
1.1263427734375
0.9937744140625
1.1070556640625
1.15386962890625
1.0001220703125
0.881103515625
1.06683349609375
0.964599609375
1.64697265625
0.9410400390625
1.40570068359375
0.97601318359375
0.90576171875
0.686279296875
1.21319580078125
1.28271484375
1.287353515625
1.2259521484375
1.270751953125
1.0562744140625
0.705322265625
1.1297607421875
1.21112060546875
1.03802490234375
1.07720947265625
0.84912109375
0.93572998046875
1.180419921875
0.7861328125
1.1339111328125
0.818603515625
1.447998046875
1.13836669921875
1.236572265625
1.22552490234375
1.037353515625
1.1634521484375
0.7783203125
1.12384033203125
0.83843994140625
0.79022216796875
1.28192138671875
1.1654052734375
0.96258544921875
0.92633056640625
1.0286865234375
1.14288330078125
1.0648193359375
1.20489501953125
0.9130859375
1.46405029296875
1.18695068359375
1.06494140625
1.0167236328125
1.36553955078125
1.02911376953125
1.21240234375
0.9481201171875
1.44879150390625
1.177734375
1.199462890625
1.0111083984375
1.263671875
1.05426025390625
1.62335205078125
1.10504150390625
1.41412353515625
0.99322509765625
0.9732666015625
0.95513916015625
0.69305419921875
1.07598876953125
1.16851806640625
1.1068115234375
0.9796142578125
0.99737548828125
1.1690673828125
0.98333740234375
1.04290771484375
1.73712158203125
1.38092041015625
1.1585693359375
1.3516845703125
1.18157958984375
1.3209228515625
0.75616455078125
0.99432373046875
1.17022705078125
1.452392578125
1.1956787109375
1.0838623046875
0.9656982421875
0.97247314453125
0.89202880859375
0.91351318359375
1.04388427734375
0.85296630859375
0.958984375
1.14166259765625
1.14306640625
1.243896484375
1.114990234375
0.89422607421875
0.9632568359375
1.3543701171875
0.883056640625
1.21234130859375
1.06268310546875
1.19708251953125
0.99066162109375
1.2423095703125
0.932373046875
1.56243896484375
1.29583740234375
1.11981201171875
1.0203857421875
1.15771484375
1.13616943359375
1.19451904296875
1.0369873046875
1.23455810546875
0.9110107421875
1.12286376953125
0.85150146484375
1.15966796875
0.7364501953125
1.20416259765625
0.697021484375
0.98553466796875
1.1632080078125
1.17156982421875
1.0732421875
1.34954833984375
0.92340087890625
1.1177978515625
1.2083740234375
1.05450439453125
0.96807861328125
1.053955078125
1.3482666015625
0.811767578125
1.02069091796875
1.35833740234375
1.2889404296875
0.99102783203125
1.4149169921875
1.15130615234375
0.94818115234375
1.21240234375
1.0855712890625
1.1629638671875
1.13739013671875
0.9066162109375
1.2730712890625
0.70294189453125
0.91192626953125
0.94305419921875
0.989501953125
0.838623046875
0.89031982421875
1.29876708984375
1.12774658203125
1.0728759765625
1.2320556640625
1.02392578125
0.6925048828125
1.2147216796875
1.15625
0.97186279296875
0.863037109375
1.15325927734375
1.08599853515625
0.8759765625
1.18853759765625
0.80780029296875
1.42010498046875
1.08258056640625
1.33709716796875
0.8167724609375
1.4373779296875
1.453125
1.11883544921875
1.07086181640625
0.75714111328125
1.15118408203125
0.84295654296875
1.1612548828125
0.6669921875
0.8470458984375
1.39959716796875
1.21826171875
1.3050537109375
1.01275634765625
1.30291748046875
0.89739990234375
1.11138916015625
1.25262451171875
0.87481689453125
1.1485595703125
1.28997802734375
1.36505126953125
1.29791259765625
1.14312744140625
1.14373779296875
0.98590087890625
1.20916748046875
1.08892822265625
1.29949951171875
1.4180908203125
1.19793701171875
1.23309326171875
1.158203125
1.05889892578125
1.27960205078125
1.0531005859375
0.85760498046875
0.94366455078125
1.2176513671875
1.4140625
1.30572509765625
1.2650146484375
