4.769775390625
4.769775390625
4.650146484375
4.9150390625
4.27587890625
4.68994140625
4.230224609375
4.912353515625
4.3759765625
4.641357421875
4.421630859375
4.836669921875
4.40625
4.919677734375
4.677001953125
4.804931640625
5.3017578125
4.622314453125
4.602783203125
4.8505859375
4.735595703125
4.852783203125
4.458740234375
5.133544921875
4.909423828125
5.064453125
4.20458984375
4.757568359375
4.724609375
4.3583984375
4.455078125
4.638916015625
4.821044921875
5.198486328125
4.73193359375
4.560302734375
4.649658203125
4.186767578125
4.2216796875
4.54052734375
4.6298828125
4.92138671875
4.63232421875
4.60400390625
4.643310546875
4.90966796875
4.588623046875
4.58544921875
4.919189453125
5.018310546875
4.54443359375
4.436279296875
4.6572265625
4.556640625
5.08349609375
4.59228515625
4.878173828125
4.3232421875
4.330810546875
4.7138671875
4.98779296875
4.62841796875
4.44091796875
4.632080078125
4.36767578125
4.834228515625
4.6123046875
4.99560546875
4.825439453125
4.497802734375
5.097900390625
4.538330078125
4.461181640625
4.55322265625
4.9296875
4.76220703125
4.64794921875
4.602783203125
4.501220703125
4.909423828125
4.561279296875
4.848388671875
4.508544921875
4.557861328125
4.76318359375
3.97216796875
4.616455078125
4.154052734375
4.902587890625
4.82275390625
4.503173828125
4.64892578125
5.10791015625
4.79736328125
4.773193359375
4.88134765625
4.6162109375
4.41064453125
4.62060546875
4.769287109375
4.79833984375
4.744873046875
4.80126953125
4.457275390625
5.29541015625
4.525390625
4.66796875
4.9267578125
4.852783203125
5.158935546875
4.752197265625
4.7685546875
4.494873046875
4.85400390625
4.34130859375
4.867919921875
4.7392578125
4.18310546875
4.603271484375
4.822998046875
4.816650390625
4.235595703125
4.797607421875
4.40380859375
4.71826171875
4.63427734375
4.571044921875
4.361572265625
4.53369140625
4.62939453125
4.93505859375
4.931884765625
4.515380859375
4.72314453125
4.877685546875
4.4375
4.832763671875
4.959716796875
4.610107421875
5.114990234375
4.8828125
4.390625
4.96875
4.83203125
4.85009765625
4.950439453125
4.454345703125
5.011962890625
4.227783203125
4.739990234375
5.14208984375
4.616455078125
4.332763671875
4.814208984375
4.561279296875
4.729248046875
4.539306640625
4.51416015625
4.643310546875
5.08447265625
5.00244140625
4.614501953125
4.509521484375
4.861083984375
4.45263671875
4.675048828125
4.354736328125
4.73046875
4.460205078125
4.83154296875
4.729736328125
4.1767578125
4.44775390625
4.577392578125
4.736328125
4.61376953125
4.346435546875
5.1513671875
4.916015625
4.746826171875
4.904296875
4.891845703125
4.192138671875
4.40771484375
4.92919921875
4.205322265625
4.81884765625
4.484619140625
4.753662109375
5.12841796875
4.658447265625
4.404052734375
4.56201171875
4.689697265625
4.8720703125
4.72607421875
4.82275390625
4.416015625
4.58544921875
4.642333984375
4.687255859375
4.655517578125
4.783447265625
4.710693359375
5.084716796875
4.787353515625
4.60498046875
4.767578125
4.582275390625
4.9755859375
5.09619140625
4.635009765625
4.874267578125
4.513916015625
4.587646484375
5.156494140625
4.652099609375
5.0048828125
4.844482421875
4.530517578125
4.275390625
4.633056640625
4.88427734375
4.91357421875
4.589111328125
4.662353515625
4.88037109375
4.060791015625
4.554443359375
4.831787109375
4.547119140625
5.138671875
4.635498046875
4.112060546875
4.443115234375
5.04541015625
4.762939453125
5.279052734375
4.504638671875
4.582763671875
5.0830078125
4.74658203125
4.866455078125
5.041748046875
4.494873046875
4.9619140625
5.134033203125
4.6875
5.025146484375
4.712646484375
5.2041015625
4.648681640625
4.80322265625
5.1044921875
4.6787109375
4.47705078125
4.991943359375
4.771728515625
4.67626953125
4.654296875
4.175048828125
4.898681640625
5.1689453125
4.90478515625
4.495849609375
4.296630859375
4.51513671875
4.62353515625
4.3642578125
3.921142578125
5.095947265625
4.8349609375
5.0751953125
4.5673828125
4.703125
4.552978515625
4.752197265625
5.16796875
4.774658203125
5.094482421875
4.446533203125
4.199951171875
4.517578125
4.584228515625
4.459716796875
4.751953125
4.9326171875
4.59912109375
4.8828125
4.75341796875
5.073974609375
5.1298828125
4.873779296875
4.732177734375
5.0634765625
4.66845703125
5.02587890625
4.763916015625
4.693115234375
4.687744140625
5.04736328125
5.088134765625
4.80908203125
4.592529296875
4.412353515625
4.979736328125
4.568603515625
5.0849609375
4.592529296875
4.684814453125
4.975341796875
4.46044921875
4.73291015625
4.588134765625
4.7412109375
4.583984375
4.447998046875
4.981201171875
4.89111328125
4.710693359375
4.87158203125
4.757568359375
4.827392578125
4.679931640625
4.68505859375
4.3984375
5.136474609375
5.059326171875
4.615234375
4.607666015625
5.039306640625
4.6455078125
4.880126953125
4.561767578125
4.693603515625
4.47705078125
4.40869140625
4.72021484375
4.580810546875
4.474365234375
5.39013671875
4.085693359375
4.570556640625
4.592041015625
4.68798828125
4.935302734375
5.031982421875
5.0380859375
4.829345703125
4.3408203125
4.899658203125
4.879150390625
4.595947265625
5.0029296875
4.685302734375
4.3896484375
4.663818359375
4.778564453125
4.532470703125
4.720703125
4.75927734375
4.814697265625
4.763671875
5.0947265625
4.399169921875
4.283203125
4.796875
4.834716796875
4.888427734375
4.37548828125
4.690673828125
5.00048828125
4.519287109375
4.744873046875
4.807861328125
4.75
4.50390625
5.01513671875
4.606201171875
4.851806640625
4.8154296875
4.714111328125
4.804931640625
4.483154296875
5.126953125
4.8251953125
4.43505859375
4.906494140625
4.488525390625
4.830078125
4.596435546875
5.0400390625
4.5048828125
4.9716796875
4.404052734375
4.85888671875
4.604736328125
4.769287109375
4.523681640625
4.980224609375
4.72216796875
5.05224609375
4.69873046875
4.225830078125
4.750732421875
4.625732421875
4.709716796875
4.73681640625
4.8564453125
4.819580078125
4.973388671875
4.787841796875
4.69873046875
4.400634765625
4.49267578125
4.996826171875
4.82373046875
4.791748046875
4.89794921875
4.60595703125
4.48876953125
4.8720703125
4.9921875
4.926513671875
4.610107421875
4.595458984375
4.967529296875
4.673583984375
4.472412109375
4.649169921875
4.526611328125
4.4287109375
5.14404296875
4.80615234375
4.87548828125
5.063720703125
4.8349609375
4.724609375
4.29052734375
4.806396484375
4.591064453125
4.623291015625
5.049072265625
4.4189453125
4.77978515625
4.707275390625
5.22412109375
4.443115234375
4.771240234375
4.948974609375
4.7392578125
4.662353515625
4.504150390625
4.5380859375
4.8916015625
4.936279296875
4.78564453125
4.39208984375
4.162109375
4.936279296875
4.63623046875
4.312255859375
4.8623046875
4.505859375
4.852294921875
4.55224609375
4.548095703125
4.765869140625
4.8427734375
4.65625
4.79296875
4.76220703125
4.999267578125
4.7109375
4.615966796875
4.692626953125
4.856201171875
4.359375
4.318115234375
4.90966796875
4.4501953125
5.104248046875
4.242919921875
4.887451171875
4.32763671875
4.562744140625
4.894775390625
4.9765625
4.758056640625
4.63037109375
4.498779296875
4.70263671875
4.724853515625
4.65087890625
4.44580078125
4.704345703125
5.103515625
4.67041015625
4.646240234375
4.54541015625
4.632568359375
5.186767578125
5.1083984375
4.506103515625
4.755859375
4.448974609375
4.126953125
4.828857421875
4.688720703125
4.4013671875
4.2294921875
4.483154296875
4.39306640625
4.830810546875
4.2509765625
4.760986328125
4.987060546875
4.716796875
4.60888671875
5.255615234375
4.548095703125
4.540771484375
4.928466796875
4.488037109375
4.654296875
4.87353515625
4.951171875
4.395751953125
4.79248046875
4.527099609375
5.046630859375
5.134521484375
4.72900390625
4.71630859375
4.782958984375
4.636474609375
4.863525390625
4.762939453125
4.61865234375
4.67822265625
4.640869140625
5.110595703125
4.82958984375
4.638671875
4.64111328125
4.98486328125
4.515380859375
5.062255859375
4.52392578125
4.85400390625
5.229736328125
4.645751953125
4.75732421875
4.525146484375
5.004150390625
4.63671875
4.275390625
4.594482421875
4.55224609375
4.61083984375
5.09423828125
4.544677734375
4.868896484375
5.29296875
4.5439453125
4.5576171875
4.45751953125
4.743896484375
4.54443359375
4.68701171875
4.824462890625
4.424072265625
4.662841796875
4.47314453125
4.35302734375
4.2900390625
4.709228515625
4.329833984375
4.79345703125
5.1533203125
4.06494140625
4.66357421875
4.60498046875
4.61181640625
4.250244140625
4.869140625
4.677734375
5.21630859375
4.16650390625
5.19677734375
4.507568359375
4.6748046875
4.6298828125
4.71240234375
4.32763671875
4.724365234375
4.6552734375
4.547119140625
4.39892578125
4.765380859375
5.215576171875
4.1943359375
5.154541015625
4.848876953125
4.83203125
4.640380859375
4.422119140625
4.74951171875
4.9755859375
4.63671875
5.09228515625
4.51611328125
4.845947265625
4.848876953125
4.861328125
4.51123046875
4.79248046875
4.59619140625
4.578369140625
4.29248046875
4.62841796875
4.55908203125
4.598876953125
4.540283203125
4.6552734375
4.690185546875
4.49658203125
5.121337890625
4.7216796875
4.8095703125
4.337646484375
4.265625
4.67578125
4.443359375
4.71728515625
4.849365234375
4.631591796875
4.1220703125
4.777587890625
4.206787109375
5.045166015625
4.63232421875
4.18017578125
4.535888671875
4.449951171875
4.62451171875
5.0498046875
4.603759765625
4.95166015625
4.80712890625
4.953125
4.567138671875
4.46044921875
5.062744140625
5.004638671875
4.8427734375
4.656982421875
4.527587890625
4.592529296875
4.635498046875
4.537841796875
3.980712890625
4.4267578125
4.47119140625
4.611328125
4.779541015625
5.14111328125
4.9052734375
5.076171875
4.70703125
4.650634765625
4.78955078125
4.654541015625
4.544677734375
4.345703125
4.459716796875
5.023681640625
4.64990234375
4.598876953125
4.740478515625
4.6328125
4.91748046875
4.74462890625
4.758544921875
4.73388671875
4.749267578125
4.63720703125
4.486328125
4.838623046875
4.440673828125
5.010009765625
4.82177734375
4.61767578125
4.7177734375
4.67724609375
4.79541015625
4.66845703125
4.958740234375
4.68310546875
4.705322265625
4.746826171875
5.104736328125
4.748046875
4.8271484375
4.54736328125
4.722412109375
5.050537109375
4.352294921875
4.49560546875
4.911376953125
5.07275390625
4.770751953125
4.406982421875
4.60205078125
4.78515625
5.016357421875
5.201904296875
4.508544921875
4.79931640625
4.7431640625
4.89990234375
4.648681640625
4.705078125
5.0205078125
5.25634765625
4.628173828125
4.445556640625
4.470947265625
4.5908203125
4.446533203125
4.697509765625
4.661376953125
4.7490234375
4.697265625
4.464599609375
4.666259765625
4.78515625
4.612548828125
4.972900390625
4.71484375
5.00732421875
4.741455078125
4.3798828125
4.703369140625
4.91748046875
4.55615234375
4.479248046875
4.92724609375
4.437255859375
4.46142578125
5.25048828125
4.822265625
4.61279296875
4.673095703125
4.9873046875
4.906982421875
4.93310546875
4.464599609375
4.41552734375
4.683349609375
4.546630859375
4.41943359375
4.721923828125
4.388671875
4.8935546875
4.727294921875
4.87744140625
4.582275390625
4.759521484375
4.47314453125
4.984619140625
4.6171875
4.698486328125
5.175537109375
4.369873046875
4.79833984375
4.837158203125
4.99658203125
5.01953125
5.215087890625
4.635986328125
4.636474609375
4.93359375
5.11083984375
4.6025390625
4.63623046875
4.690185546875
4.87255859375
4.7568359375
4.8603515625
4.756103515625
4.798828125
4.6787109375
4.715576171875
4.57470703125
4.241455078125
4.578369140625
5.092041015625
4.4609375
5.152587890625
5.211669921875
4.5791015625
4.58935546875
4.785888671875
4.93212890625
4.679443359375
4.59912109375
4.5634765625
4.4150390625
4.520263671875
5.072021484375
4.85986328125
4.372314453125
4.61669921875
4.59423828125
4.5068359375
4.7705078125
4.91552734375
4.565185546875
4.558349609375
4.9560546875
4.8349609375
4.638427734375
4.9345703125
4.91455078125
4.4697265625
4.455322265625
4.428955078125
4.82080078125
4.978515625
5.21533203125
4.422119140625
4.679443359375
4.733642578125
4.63623046875
4.60498046875
4.665771484375
4.701904296875
4.7783203125
4.429443359375
4.671142578125
4.90283203125
4.469482421875
4.92236328125
4.816162109375
4.3212890625
4.655517578125
4.5830078125
4.8056640625
4.467041015625
4.114501953125
4.771484375
4.81787109375
4.65576171875
4.318603515625
4.708251953125
4.5009765625
4.66015625
5.1591796875
4.230224609375
4.371337890625
4.8359375
5.042724609375
4.8408203125
4.362060546875
4.415771484375
4.187744140625
4.048095703125
5.33642578125
4.61767578125
5.042724609375
4.861328125
4.94384765625
4.29150390625
4.7646484375
4.702392578125
5.01513671875
4.621337890625
5.085693359375
5.201904296875
4.478515625
4.169677734375
5.000732421875
4.783447265625
4.498291015625
4.97705078125
4.600830078125
4.685546875
4.901123046875
4.6767578125
4.46044921875
5.268798828125
4.796142578125
4.24072265625
4.53466796875
5.28466796875
4.91650390625
4.913330078125
4.679443359375
