3.792236328125
3.792236328125
3.792236328125
3.698486328125
3.65625
3.57861328125
3.295166015625
3.626953125
3.391357421875
3.80126953125
3.88623046875
3.291015625
3.644287109375
3.362548828125
3.74169921875
3.808837890625
3.61962890625
3.83447265625
3.703369140625
3.764892578125
3.629150390625
3.282470703125
3.46826171875
3.75732421875
3.45947265625
4.06787109375
3.2080078125
3.543701171875
3.81005859375
3.519775390625
3.288818359375
3.33056640625
3.762451171875
3.98486328125
3.76953125
3.932861328125
3.4228515625
3.2392578125
3.452880859375
3.205078125
3.581787109375
3.6474609375
3.813232421875
3.271240234375
3.892333984375
3.9462890625
3.506591796875
3.91748046875
3.7548828125
3.751220703125
3.34423828125
3.829345703125
3.79296875
3.668212890625
3.38818359375
3.957763671875
3.702880859375
3.030517578125
3.49853515625
3.5185546875
3.666015625
3.579833984375
3.6044921875
2.95751953125
3.814453125
3.923095703125
3.67626953125
3.35595703125
3.918701171875
3.693359375
3.446044921875
3.770263671875
3.936767578125
3.796142578125
3.521728515625
3.81494140625
3.5615234375
3.384765625
3.572265625
3.948974609375
3.564697265625
3.7314453125
3.519287109375
3.527099609375
3.567626953125
3.46435546875
3.58837890625
3.48828125
3.477294921875
3.681396484375
3.6630859375
3.65283203125
3.77001953125
3.537353515625
3.73486328125
3.45263671875
3.3779296875
3.48974609375
3.49267578125
3.931396484375
3.496826171875
3.451171875
3.863525390625
3.781982421875
3.80517578125
2.855224609375
3.627685546875
3.423095703125
3.477783203125
3.24658203125
3.435791015625
3.373291015625
3.164306640625
3.651611328125
3.55126953125
3.698486328125
3.596435546875
3.5537109375
3.5732421875
3.39111328125
3.574462890625
3.49560546875
3.3232421875
3.6396484375
3.77734375
3.49755859375
3.43017578125
3.386962890625
3.4423828125
3.804931640625
3.509033203125
3.80712890625
3.716064453125
3.1943359375
3.68115234375
3.691162109375
3.771728515625
3.74169921875
3.66357421875
4.272216796875
3.871337890625
3.67529296875
3.605712890625
3.621826171875
3.70263671875
3.552001953125
3.7001953125
3.763427734375
3.648193359375
3.468017578125
3.999755859375
3.255859375
3.663818359375
4.083251953125
3.570068359375
3.8134765625
3.6142578125
3.217041015625
3.450927734375
3.643310546875
3.96142578125
3.56201171875
3.8154296875
3.380126953125
3.847900390625
3.63671875
3.553955078125
3.58984375
3.62158203125
3.63232421875
4.046875
3.498046875
3.800537109375
3.9296875
3.6904296875
3.738037109375
3.413330078125
3.485595703125
3.703369140625
3.660400390625
3.0244140625
3.3310546875
3.440185546875
3.447265625
3.501220703125
3.5908203125
3.801025390625
3.40576171875
3.955322265625
3.395751953125
3.975830078125
3.429443359375
3.995849609375
3.477294921875
3.860595703125
3.620849609375
3.494140625
3.7041015625
3.654296875
3.54345703125
3.526611328125
3.38623046875
3.6259765625
3.84326171875
3.47509765625
3.8037109375
3.516845703125
3.993896484375
3.275634765625
3.803466796875
3.8310546875
3.6474609375
3.7509765625
3.620849609375
3.51123046875
3.448486328125
3.822021484375
3.80224609375
3.530029296875
3.71240234375
3.717529296875
3.7578125
3.837158203125
3.848388671875
3.873291015625
3.927734375
3.565673828125
3.6328125
4.093017578125
3.7099609375
3.282958984375
3.771240234375
3.71435546875
3.3662109375
4.118408203125
3.782958984375
4.140625
3.879638671875
4.019775390625
4.06298828125
3.749755859375
4.00927734375
3.9462890625
3.670654296875
3.453369140625
3.581787109375
3.841796875
3.7783203125
3.587158203125
3.600341796875
3.84033203125
3.66845703125
3.630859375
3.746826171875
2.9765625
3.6845703125
3.523193359375
3.619873046875
3.927978515625
4.167724609375
3.4794921875
4.05712890625
3.402099609375
3.78466796875
3.731201171875
3.850830078125
3.459716796875
3.89794921875
3.72119140625
3.414306640625
3.506591796875
2.99609375
3.5234375
3.777587890625
4.10693359375
3.60205078125
3.61474609375
3.3974609375
3.704345703125
3.72216796875
3.75244140625
3.296875
3.661865234375
3.363525390625
3.565185546875
3.624267578125
3.747802734375
3.5146484375
3.987060546875
3.712890625
3.5810546875
3.413818359375
3.96142578125
3.614990234375
3.788330078125
3.20751953125
3.89306640625
3.683837890625
3.228271484375
4.120361328125
3.8876953125
3.134765625
3.581787109375
3.6767578125
3.468505859375
3.58935546875
3.585205078125
3.35986328125
3.5283203125
3.657470703125
3.749755859375
3.86181640625
3.812255859375
3.75732421875
3.865478515625
3.7919921875
4.042236328125
4.005615234375
3.216552734375
3.77001953125
3.6611328125
3.66845703125
3.540771484375
3.492919921875
3.599609375
3.8994140625
3.83544921875
4.099609375
3.73388671875
3.623291015625
3.49609375
3.541748046875
4.0244140625
3.28125
3.571533203125
3.5341796875
3.764892578125
3.76025390625
3.867919921875
3.850830078125
3.47607421875
3.7265625
3.753173828125
3.71337890625
3.81689453125
3.44970703125
3.931884765625
3.851806640625
3.4033203125
3.60546875
3.88330078125
3.50048828125
3.63134765625
3.490234375
3.849853515625
3.57958984375
3.57080078125
3.8251953125
3.6787109375
3.602783203125
4.046142578125
3.325439453125
3.80908203125
3.49462890625
3.883544921875
3.410888671875
3.557861328125
3.850830078125
3.38623046875
3.38330078125
3.69921875
3.6376953125
3.669189453125
3.56298828125
3.640380859375
3.82373046875
3.414794921875
3.43603515625
4.1259765625
3.7666015625
3.549072265625
3.6494140625
3.712158203125
3.2568359375
3.901123046875
3.7060546875
3.681640625
3.90771484375
3.7373046875
3.44775390625
3.958740234375
3.7734375
3.64306640625
3.55224609375
3.739501953125
3.4765625
3.564697265625
3.13037109375
3.512451171875
3.813232421875
3.354736328125
3.9130859375
3.90234375
3.674560546875
3.53271484375
3.498046875
3.787353515625
3.5732421875
3.921142578125
3.29638671875
3.5869140625
3.976806640625
3.474853515625
3.923583984375
4.001708984375
3.30419921875
3.673095703125
3.96630859375
4.0087890625
3.759765625
3.511962890625
3.56298828125
3.710693359375
3.93115234375
3.462646484375
4.011474609375
3.605224609375
3.704345703125
3.780029296875
3.874755859375
3.591552734375
3.183349609375
3.4345703125
3.1552734375
3.588623046875
4.116455078125
3.036376953125
3.78076171875
3.527587890625
3.23486328125
3.9287109375
3.943115234375
3.43017578125
3.541748046875
3.517822265625
4.033935546875
3.675048828125
3.764892578125
3.70361328125
3.5615234375
3.676513671875
3.754638671875
3.63818359375
3.52001953125
3.223876953125
3.640869140625
3.755126953125
3.591064453125
3.880859375
3.69482421875
3.807861328125
3.401123046875
3.471923828125
3.608154296875
3.5087890625
3.764892578125
3.797607421875
3.730712890625
3.492431640625
3.76025390625
3.566650390625
3.365234375
3.722412109375
3.736328125
3.69970703125
3.58154296875
3.733154296875
3.856689453125
3.5107421875
3.447265625
4.0087890625
3.82373046875
3.48193359375
3.120849609375
3.7783203125
3.672607421875
3.73193359375
3.953369140625
3.638671875
3.799560546875
3.8046875
3.240966796875
3.9296875
3.662109375
3.78076171875
3.595458984375
3.870849609375
3.680419921875
3.503173828125
2.99853515625
3.61279296875
3.60009765625
3.916259765625
3.529296875
3.4990234375
3.82421875
4.056396484375
3.413818359375
3.63330078125
3.863525390625
3.7216796875
3.73974609375
3.63525390625
3.3837890625
3.65283203125
3.535400390625
3.5498046875
3.283447265625
3.5126953125
3.67626953125
3.830322265625
4.036376953125
3.7041015625
4.1181640625
3.619140625
3.853271484375
3.37158203125
3.6455078125
3.38427734375
3.443359375
3.828369140625
3.606201171875
3.98388671875
3.96826171875
3.8974609375
3.176025390625
3.3798828125
3.603759765625
3.95703125
3.084716796875
3.256103515625
4.14599609375
3.896484375
3.706787109375
3.453857421875
3.604248046875
3.72509765625
3.752685546875
3.917236328125
3.90478515625
3.277099609375
3.76611328125
3.791259765625
3.67529296875
3.324462890625
3.85791015625
3.41552734375
3.61962890625
3.685546875
3.6474609375
3.08740234375
3.471435546875
4.008544921875
3.806396484375
3.789306640625
3.367431640625
3.990478515625
3.946044921875
3.5927734375
3.74658203125
3.712646484375
3.465087890625
3.183837890625
4.103271484375
3.538818359375
4.099609375
3.5830078125
3.55908203125
3.73486328125
4.091064453125
3.45751953125
3.134033203125
3.478515625
3.501953125
3.727783203125
3.8203125
3.507568359375
3.67724609375
3.123291015625
3.91259765625
3.2138671875
3.322509765625
3.96923828125
3.693115234375
3.357177734375
3.95458984375
3.1796875
3.652587890625
3.993896484375
3.778076171875
3.814208984375
3.757080078125
3.531005859375
3.62744140625
3.672607421875
4.019775390625
3.69580078125
4.129638671875
3.347900390625
3.48779296875
3.668701171875
3.10595703125
3.436767578125
3.7060546875
3.771240234375
3.78076171875
3.3447265625
3.765625
3.049560546875
3.46728515625
3.6796875
3.656494140625
4.01123046875
3.6162109375
3.70458984375
4.1279296875
3.920654296875
3.671875
3.576904296875
3.459228515625
3.377197265625
3.64306640625
3.60791015625
3.197265625
3.861328125
3.505126953125
3.60791015625
3.803466796875
3.8046875
3.881103515625
3.50439453125
3.420166015625
3.66552734375
3.753173828125
3.551025390625
3.198486328125
3.738525390625
3.69091796875
3.293212890625
3.817138671875
3.5126953125
3.478759765625
3.71875
3.984619140625
3.36279296875
3.679931640625
4.07080078125
3.716552734375
4.006103515625
3.274169921875
3.637451171875
3.460205078125
3.183837890625
3.906005859375
3.620361328125
3.79541015625
3.851806640625
3.521728515625
3.337890625
3.97705078125
3.6474609375
3.41650390625
3.727783203125
3.470458984375
3.776611328125
3.49365234375
3.623779296875
3.45751953125
4.16748046875
3.843994140625
3.52001953125
3.933837890625
3.220947265625
3.924560546875
3.18310546875
3.4609375
3.353271484375
3.86083984375
3.483642578125
3.431640625
3.3515625
3.478515625
3.835205078125
3.595947265625
3.44140625
3.311279296875
3.611083984375
3.85888671875
3.7099609375
3.680908203125
3.496826171875
3.319091796875
3.251708984375
3.905517578125
3.759765625
3.982666015625
3.778076171875
3.56982421875
3.496826171875
3.834228515625
3.66943359375
4.0126953125
3.87353515625
3.699462890625
3.720947265625
3.68701171875
3.814453125
3.54736328125
3.62451171875
3.9072265625
3.55712890625
3.436767578125
3.884521484375
3.54541015625
3.67919921875
3.852783203125
3.623291015625
3.896240234375
3.70703125
3.480712890625
3.7490234375
3.67724609375
3.210693359375
3.32373046875
3.7734375
3.85546875
3.85107421875
3.7216796875
4.1318359375
3.45751953125
3.513427734375
3.508544921875
3.633056640625
3.427978515625
3.765869140625
3.649658203125
3.534912109375
3.749267578125
3.493896484375
3.4970703125
3.294677734375
3.729736328125
3.669189453125
3.89404296875
3.307861328125
3.485107421875
3.86474609375
3.380859375
3.9921875
3.982666015625
3.806396484375
4.01220703125
3.5185546875
3.82470703125
3.642333984375
3.70068359375
3.451904296875
3.770263671875
3.6357421875
3.918212890625
3.579833984375
3.43310546875
3.801513671875
3.5009765625
3.7236328125
3.905029296875
3.824462890625
3.57177734375
3.603271484375
3.50927734375
3.65478515625
3.690673828125
3.87060546875
3.85595703125
3.91650390625
3.58349609375
3.809326171875
3.532958984375
3.270751953125
3.661376953125
4.065673828125
3.724609375
3.34033203125
3.66650390625
3.718505859375
3.184326171875
3.564453125
3.484619140625
3.8017578125
3.68115234375
3.318359375
3.453369140625
3.71533203125
3.672119140625
3.59326171875
3.43701171875
3.60791015625
3.602783203125
3.512939453125
3.687255859375
3.838134765625
3.1474609375
3.80712890625
3.70166015625
3.780517578125
3.58203125
3.740234375
4.038330078125
3.462646484375
3.691650390625
3.72314453125
3.318115234375
3.985107421875
3.936767578125
3.663818359375
3.4111328125
3.00537109375
3.777099609375
3.20166015625
3.481689453125
3.43798828125
3.90087890625
3.66162109375
3.5185546875
3.815673828125
