4.623779296875
4.623779296875
4.623779296875
4.623779296875
4.136962890625
4.314453125
4.949462890625
4.789794921875
4.23291015625
5.025146484375
4.643798828125
4.42626953125
4.76513671875
4.862548828125
4.362548828125
4.59619140625
4.58544921875
4.310791015625
4.7646484375
4.873779296875
4.57568359375
4.798095703125
4.71533203125
4.637939453125
4.747314453125
4.24609375
4.3916015625
4.638916015625
4.44970703125
4.06982421875
4.526611328125
4.55419921875
4.777099609375
4.099609375
4.323486328125
4.91552734375
4.07080078125
4.109375
4.272216796875
4.347412109375
4.048095703125
4.010498046875
4.21826171875
4.595458984375
4.654052734375
4.0302734375
4.203857421875
4.54150390625
4.77001953125
4.576904296875
4.74609375
4.727294921875
4.529052734375
4.359375
5.041015625
4.5615234375
4.544677734375
4.317138671875
4.459228515625
4.595947265625
4.338623046875
4.294677734375
5.353759765625
4.56201171875
4.5234375
4.568359375
4.8828125
4.357177734375
4.774658203125
4.2548828125
4.686767578125
4.867431640625
4.5751953125
4.1357421875
4.670654296875
4.2890625
4.727783203125
4.5244140625
4.247802734375
4.5185546875
4.25341796875
4.320556640625
4.578369140625
4.660888671875
4.35986328125
4.6142578125
4.22021484375
4.290283203125
4.5107421875
3.994873046875
4.790283203125
4.35205078125
4.519775390625
4.571044921875
5.045654296875
4.603759765625
4.460205078125
4.874267578125
4.62158203125
4.3427734375
4.459716796875
4.539306640625
4.5576171875
4.184814453125
4.7763671875
4.63671875
4.110595703125
4.420166015625
4.232177734375
4.825927734375
4.528076171875
4.9462890625
4.77294921875
4.5078125
4.65283203125
4.64208984375
4.988525390625
4.063232421875
4.537841796875
4.800048828125
4.518310546875
4.831787109375
4.581298828125
4.21826171875
4.48974609375
4.94384765625
4.399169921875
4.457763671875
4.41162109375
4.639404296875
4.40966796875
4.177490234375
4.677978515625
4.43505859375
4.202880859375
4.361572265625
4.5615234375
4.876708984375
4.392333984375
4.733642578125
4.6015625
4.098388671875
4.4638671875
4.736328125
4.2998046875
4.169677734375
4.755126953125
4.27587890625
4.69287109375
4.283447265625
4.4140625
4.77490234375
4.546630859375
4.57421875
4.413330078125
4.421630859375
5.03759765625
4.564697265625
4.41162109375
4.8857421875
4.980224609375
4.572021484375
4.217041015625
4.696044921875
4.173095703125
4.779296875
4.783447265625
4.286376953125
4.629150390625
4.40087890625
4.037841796875
4.792236328125
5.11083984375
4.457763671875
4.3369140625
4.391357421875
4.3525390625
4.237060546875
4.532470703125
4.445068359375
4.6357421875
4.362060546875
4.1826171875
4.425048828125
4.482421875
4.405517578125
4.477783203125
4.885498046875
4.296630859375
4.200927734375
4.826904296875
4.49072265625
4.693115234375
4.7626953125
5.20751953125
4.120361328125
4.446533203125
4.037353515625
4.018310546875
4.671630859375
4.144287109375
4.281005859375
4.753662109375
4.826904296875
4.370361328125
4.878173828125
4.548828125
4.437255859375
4.410400390625
4.931640625
4.552978515625
4.56884765625
4.247802734375
4.782958984375
4.711669921875
4.86083984375
4.6337890625
4.252685546875
4.631103515625
4.58642578125
4.491943359375
4.55712890625
4.322998046875
4.557373046875
4.375
4.345458984375
4.398193359375
5.0703125
4.701904296875
4.6259765625
4.38232421875
4.824462890625
4.490478515625
4.360107421875
4.072998046875
4.926513671875
4.451171875
4.15087890625
4.222412109375
4.271728515625
4.77197265625
4.735595703125
4.494384765625
4.759033203125
4.8916015625
4.89404296875
4.7685546875
4.56982421875
4.275634765625
4.500244140625
4.661376953125
5.045654296875
4.47509765625
4.6728515625
4.37548828125
5.005126953125
4.9072265625
4.224853515625
4.49462890625
4.90625
4.31884765625
4.46533203125
4.78271484375
4.5224609375
4.419677734375
4.519775390625
5.071044921875
4.473876953125
4.624267578125
4.658935546875
4.9140625
4.72265625
4.300537109375
4.306396484375
4.3544921875
4.630859375
4.36083984375
4.2626953125
4.37353515625
4.40869140625
4.030517578125
4.61572265625
4.091064453125
4.652099609375
4.73046875
4.97802734375
4.906982421875
4.408447265625
4.532470703125
4.75048828125
4.9912109375
4.595458984375
4.23876953125
4.572021484375
4.579345703125
4.5048828125
4.817138671875
4.560546875
4.881591796875
4.917724609375
4.10986328125
4.1611328125
4.54052734375
4.60205078125
4.51318359375
4.762451171875
4.47607421875
4.97900390625
4.42578125
5.078857421875
4.80419921875
4.912109375
4.800048828125
4.243408203125
4.281494140625
4.531982421875
4.53857421875
4.514404296875
4.677001953125
4.0537109375
4.4541015625
4.19091796875
4.295654296875
4.37353515625
4.2509765625
4.51611328125
5.01708984375
4.573486328125
4.56787109375
4.564208984375
4.684326171875
4.72607421875
4.413330078125
4.873046875
4.33349609375
4.703369140625
4.797607421875
4.563720703125
4.710205078125
4.672119140625
4.515380859375
4.846923828125
4.903076171875
4.67626953125
4.324951171875
4.31201171875
4.556640625
4.26806640625
4.6171875
4.718017578125
4.28173828125
4.300537109375
4.629638671875
4.7314453125
4.517822265625
4.5810546875
4.5546875
4.67626953125
4.282958984375
4.71142578125
4.922607421875
4.727783203125
4.499755859375
4.423828125
4.250244140625
4.769287109375
4.548828125
4.39794921875
4.578857421875
4.60546875
4.162353515625
4.150146484375
4.70751953125
4.587890625
4.295166015625
4.6552734375
4.904052734375
4.756103515625
4.616943359375
4.279052734375
4.458984375
4.4296875
4.846435546875
4.814697265625
4.58349609375
4.48193359375
4.23193359375
5.028076171875
4.5146484375
4.126220703125
4.404541015625
4.648681640625
4.39404296875
4.6416015625
4.412109375
4.3466796875
4.521240234375
4.426025390625
4.509033203125
4.38427734375
4.6142578125
4.733642578125
4.61669921875
4.603759765625
4.24755859375
4.35791015625
4.7158203125
4.18603515625
4.4462890625
4.262451171875
4.183837890625
4.6728515625
4.82470703125
4.29931640625
4.1875
4.655517578125
4.62060546875
4.140380859375
4.44921875
4.215576171875
4.725341796875
4.335205078125
5.056884765625
4.642578125
4.548583984375
4.343017578125
4.503662109375
4.264404296875
4.330810546875
4.704833984375
4.239990234375
4.3603515625
4.77001953125
4.50048828125
4.575439453125
4.5
4.373779296875
4.664794921875
4.68359375
4.411376953125
4.539794921875
4.723388671875
4.622802734375
4.447509765625
4.65478515625
4.75244140625
4.810791015625
4.528076171875
4.666259765625
4.41357421875
4.708251953125
4.170654296875
4.690673828125
4.450927734375
4.935546875
5.141845703125
4.32958984375
4.308349609375
4.564208984375
4.609375
4.9765625
4.3427734375
4.5947265625
4.800048828125
4.335693359375
4.197021484375
5.045654296875
4.160400390625
4.709228515625
4.848876953125
4.538330078125
4.435791015625
3.87109375
4.29150390625
4.746337890625
5.125
5.03515625
4.953857421875
4.833251953125
4.405029296875
4.8486328125
4.317138671875
4.649169921875
4.275634765625
4.57470703125
4.675048828125
4.689208984375
4.395751953125
4.6328125
4.421142578125
4.7197265625
4.10498046875
4.8759765625
4.849609375
4.685546875
4.859130859375
4.374755859375
4.45068359375
4.53662109375
4.794189453125
4.81298828125
4.42822265625
4.813232421875
4.4609375
4.869873046875
5.0009765625
4.447265625
4.61572265625
4.6240234375
4.355224609375
4.305908203125
4.6533203125
4.66357421875
4.174560546875
4.614013671875
4.516845703125
4.550537109375
4.888427734375
4.587158203125
4.1845703125
4.885986328125
4.7041015625
4.3671875
4.4755859375
4.590576171875
4.607421875
4.255859375
4.125
4.07421875
4.44873046875
4.8564453125
4.49755859375
4.814697265625
5.079833984375
4.6689453125
4.70849609375
4.34619140625
4.7177734375
4.505126953125
4.265380859375
4.729248046875
4.452392578125
4.775634765625
4.522216796875
4.579345703125
4.53515625
4.814208984375
4.4423828125
4.6171875
4.395751953125
4.471435546875
4.798095703125
4.56494140625
4.583740234375
4.2099609375
4.3037109375
4.376708984375
4.312255859375
4.35302734375
4.7626953125
4.49951171875
4.23388671875
4.44873046875
4.529541015625
4.7890625
4.124755859375
4.814453125
4.542724609375
4.74951171875
4.63720703125
4.20556640625
4.458984375
4.325439453125
4.314453125
4.456787109375
4.555419921875
4.380615234375
4.6005859375
4.4912109375
4.306640625
4.5947265625
4.374267578125
4.302978515625
4.64892578125
4.339111328125
4.623779296875
4.78662109375
4.1826171875
4.686279296875
4.274658203125
4.8193359375
4.66845703125
4.948974609375
4.624267578125
4.48974609375
4.228759765625
4.5498046875
4.193603515625
4.179931640625
4.83837890625
4.645263671875
4.56591796875
4.96875
4.302734375
4.70361328125
4.513671875
4.504638671875
4.5595703125
4.336669921875
4.682373046875
4.6298828125
4.63134765625
4.6826171875
4.326416015625
4.63671875
4.48779296875
4.759033203125
4.357421875
4.78564453125
4.26123046875
4.73291015625
4.365966796875
4.806884765625
4.276611328125
4.921875
4.523193359375
4.634521484375
4.451904296875
4.523193359375
4.364990234375
4.6787109375
4.19189453125
4.4150390625
4.415283203125
4.10791015625
4.77001953125
4.625732421875
4.676513671875
4.396240234375
4.28857421875
4.631103515625
4.47509765625
4.372314453125
4.738525390625
4.45849609375
4.390625
4.606201171875
4.721435546875
4.608642578125
4.400390625
4.683349609375
4.6962890625
4.0810546875
4.430908203125
4.65087890625
4.080810546875
4.3984375
4.550048828125
4.857177734375
4.205322265625
4.329833984375
4.572998046875
4.62353515625
4.680419921875
4.283447265625
4.6865234375
4.6943359375
4.3681640625
4.38720703125
4.577880859375
4.540283203125
4.833984375
4.461181640625
4.81005859375
4.6025390625
4.666259765625
4.30810546875
4.34130859375
4.734130859375
4.491943359375
4.6435546875
4.53564453125
4.592529296875
4.455078125
4.400146484375
4.626220703125
4.752685546875
4.450439453125
4.217529296875
4.8515625
5.16943359375
4.40576171875
4.630126953125
4.547607421875
4.45703125
4.87646484375
4.209716796875
4.57763671875
4.43701171875
4.234619140625
4.613037109375
4.763916015625
4.315673828125
4.573974609375
4.693115234375
4.59033203125
4.855224609375
4.67236328125
4.91162109375
4.60400390625
4.572998046875
4.254638671875
4.44140625
4.20166015625
4.791259765625
4.22705078125
4.6865234375
4.7177734375
4.73193359375
4.921875
4.45556640625
4.8251953125
4.490234375
4.092529296875
3.94189453125
4.309326171875
4.447021484375
3.903564453125
4.847900390625
4.594970703125
4.872314453125
4.392822265625
4.461669921875
4.73046875
4.654052734375
4.254638671875
4.4365234375
4.818115234375
4.822998046875
4.48974609375
4.479248046875
4.62353515625
4.260498046875
4.536376953125
4.345703125
4.207275390625
4.529052734375
4.154052734375
4.533935546875
4.794677734375
4.421630859375
4.205810546875
4.802001953125
4.109130859375
4.474609375
4.352294921875
4.499267578125
5.178955078125
4.784423828125
4.3759765625
4.683837890625
4.745849609375
4.71923828125
4.34765625
4.644287109375
4.813232421875
4.617919921875
4.283447265625
4.806640625
4.685546875
4.4248046875
4.488525390625
4.2294921875
4.525146484375
4.87158203125
4.69482421875
4.4150390625
4.356689453125
4.822509765625
4.39501953125
4.948486328125
4.600830078125
4.4580078125
4.745849609375
4.582275390625
4.351318359375
4.6787109375
4.123779296875
4.438232421875
4.318115234375
5.03271484375
4.467529296875
4.783203125
4.784912109375
4.73095703125
4.533935546875
4.310546875
4.6591796875
4.739990234375
4.6220703125
4.430908203125
4.869873046875
4.6240234375
4.5380859375
4.283203125
4.895263671875
4.77587890625
4.794189453125
4.240966796875
4.39794921875
4.456298828125
4.34033203125
4.447265625
4.947998046875
4.504638671875
4.076904296875
4.79638671875
4.232177734375
4.895751953125
4.679931640625
4.43505859375
4.081787109375
4.69677734375
5.138427734375
4.451171875
4.534912109375
4.614501953125
4.487548828125
4.140625
4.46728515625
4.8291015625
4.81005859375
4.890625
4.55224609375
4.369873046875
4.271728515625
3.877197265625
4.50146484375
4.446044921875
4.364990234375
4.7900390625
4.2998046875
4.31494140625
4.44482421875
4.539306640625
3.868408203125
4.7587890625
4.897705078125
4.565185546875
4.349853515625
4.680908203125
4.06201171875
4.23095703125
4.562744140625
4.666015625
4.616943359375
4.451171875
4.476318359375
4.482421875
4.4560546875
4.380126953125
4.494140625
4.571044921875
4.7626953125
4.623779296875
4.759765625
4.7490234375
4.183349609375
4.5048828125
4.79638671875
4.869140625
4.230712890625
4.519775390625
4.146240234375
4.6083984375
4.591064453125
4.489013671875
4.23779296875
4.76416015625
4.857666015625
4.508544921875
4.76806640625
4.47119140625
4.340576171875
4.49951171875
4.47119140625
4.08544921875
4.61474609375
4.37158203125
4.807373046875
4.464599609375
4.4267578125
4.71728515625
4.60595703125
4.78564453125
4.550048828125
4.5341796875
4.605712890625
4.533447265625
4.260498046875
4.7841796875
4.590576171875
4.299560546875
4.284912109375
4.398681640625
4.458984375
4.81201171875
4.35205078125
4.307373046875
4.959228515625
4.508056640625
4.46142578125
4.5947265625
4.754150390625
4.596923828125
4.6748046875
4.7626953125
4.8837890625
4.1416015625
4.78759765625
4.701171875
4.28662109375
4.832763671875
4.35400390625
