0.753173828125
0.753173828125
0.753173828125
0.7626953125
0.761474609375
0.86328125
0.61181640625
0.647705078125
0.59912109375
0.76171875
0.813720703125
0.47998046875
0.818115234375
0.69482421875
0.768798828125
0.766845703125
0.747314453125
0.597900390625
0.7919921875
0.8544921875
0.9677734375
0.839111328125
0.62841796875
0.80078125
0.682861328125
0.710693359375
0.731689453125
0.586181640625
0.8662109375
0.68994140625
0.83349609375
0.64990234375
0.777099609375
0.643310546875
0.703369140625
0.701904296875
0.77490234375
0.554931640625
0.70751953125
0.421875
0.76171875
0.62158203125
0.654541015625
0.627197265625
0.71923828125
0.772216796875
0.70703125
0.736328125
0.660400390625
0.870849609375
0.469482421875
0.712158203125
0.69873046875
0.68310546875
0.6494140625
0.764892578125
0.70556640625
0.654541015625
0.740478515625
0.645263671875
0.951416015625
0.645751953125
0.70654296875
0.43798828125
0.659423828125
0.729248046875
0.736572265625
0.765625
0.82080078125
0.76025390625
0.758056640625
0.787353515625
0.791015625
0.79345703125
0.597900390625
0.692626953125
0.603759765625
0.721435546875
0.586669921875
0.60302734375
0.60009765625
0.870361328125
0.848388671875
0.764892578125
0.730224609375
0.7626953125
0.759033203125
1.020263671875
0.568603515625
0.781982421875
0.82568359375
0.671142578125
0.799072265625
0.594482421875
0.87939453125
0.6181640625
0.829833984375
0.71240234375
0.708251953125
0.83251953125
0.721923828125
0.6796875
0.6240234375
0.71337890625
0.743896484375
0.376953125
0.92041015625
0.748779296875
0.603759765625
0.560302734375
0.899658203125
0.638671875
0.489013671875
0.733642578125
0.8154296875
0.640380859375
0.66357421875
0.63525390625
0.904296875
0.467041015625
0.635986328125
0.799560546875
0.470703125
0.65966796875
0.923828125
0.707275390625
0.764404296875
0.545166015625
0.669921875
0.630126953125
0.842041015625
0.79150390625
0.54833984375
0.506103515625
0.7607421875
0.7265625
0.672607421875
0.782470703125
0.781494140625
0.7041015625
0.70361328125
0.788818359375
0.622802734375
0.654541015625
0.54248046875
0.569580078125
0.702880859375
0.833251953125
0.656005859375
0.728759765625
0.681640625
0.527099609375
0.810546875
0.713623046875
0.69482421875
0.803466796875
0.560546875
0.848388671875
0.754638671875
0.679443359375
0.788818359375
0.671142578125
0.79296875
0.7001953125
0.628662109375
0.86767578125
0.922119140625
0.84033203125
0.939208984375
0.787841796875
0.7607421875
1.033935546875
0.7314453125
0.73681640625
0.705810546875
0.797119140625
0.478759765625
0.6494140625
0.7373046875
0.840087890625
0.435302734375
0.49267578125
0.604248046875
0.8369140625
0.801025390625
0.69873046875
0.721435546875
0.598876953125
0.67822265625
0.703369140625
0.791259765625
0.851806640625
0.8486328125
0.645263671875
0.70947265625
0.714599609375
0.689208984375
0.7568359375
0.8125
0.79541015625
0.83349609375
0.720458984375
0.752197265625
0.851318359375
0.720703125
0.684814453125
0.830078125
0.795654296875
0.656982421875
0.739501953125
0.60888671875
0.637939453125
0.75390625
0.706298828125
0.536865234375
0.5400390625
0.61376953125
0.87060546875
0.617431640625
0.7841796875
0.81787109375
1.008544921875
0.68017578125
0.739501953125
0.6171875
0.693603515625
0.777587890625
0.85546875
0.823486328125
0.80517578125
0.536865234375
0.8212890625
0.768310546875
0.611572265625
0.838623046875
0.6962890625
0.875732421875
0.672607421875
0.83642578125
0.705322265625
0.675537109375
0.695068359375
0.76318359375
0.719482421875
0.776611328125
0.80712890625
0.810302734375
0.779296875
0.763916015625
0.794677734375
0.7509765625
0.87841796875
0.763916015625
0.716796875
0.498046875
0.734130859375
0.642578125
0.741943359375
0.657470703125
0.64208984375
0.86865234375
0.68798828125
0.77099609375
0.63330078125
0.81494140625
0.67431640625
0.607421875
0.787353515625
0.6328125
0.69091796875
0.739990234375
0.515380859375
0.740234375
0.73828125
0.795654296875
0.94970703125
0.740966796875
0.767822265625
0.69384765625
0.702880859375
0.617431640625
0.70654296875
0.685791015625
0.482421875
0.60595703125
0.97802734375
0.7265625
0.663330078125
0.650390625
0.920166015625
0.850341796875
0.6142578125
0.736083984375
0.603515625
0.623046875
0.5029296875
0.82763671875
0.716064453125
0.599365234375
0.869873046875
0.663330078125
0.64404296875
0.831787109375
0.656005859375
0.673583984375
0.629638671875
0.755615234375
0.736328125
0.705078125
0.681396484375
0.907958984375
0.70849609375
0.71875
0.74951171875
0.777099609375
0.509765625
0.712158203125
0.73095703125
0.505859375
0.639404296875
0.5830078125
0.873291015625
0.672607421875
0.6982421875
0.71875
0.60498046875
0.651611328125
0.7158203125
0.854736328125
0.595458984375
0.59423828125
0.629638671875
0.695556640625
0.5791015625
0.837646484375
0.6943359375
0.96484375
0.717529296875
0.694091796875
0.607421875
0.80078125
0.765869140625
0.65771484375
0.81591796875
0.822265625
0.609130859375
0.728759765625
0.883544921875
0.578369140625
0.80810546875
0.912109375
0.7216796875
0.707275390625
0.82275390625
0.85693359375
1.022216796875
0.710205078125
0.65673828125
0.8212890625
0.5302734375
0.729736328125
0.583740234375
0.81005859375
0.56396484375
0.798583984375
0.8359375
0.61962890625
0.8359375
0.73828125
0.76171875
0.78271484375
0.9482421875
0.9560546875
0.8154296875
0.67236328125
0.75439453125
0.6435546875
0.7294921875
0.744384765625
0.857177734375
0.9833984375
0.58837890625
0.690673828125
0.894775390625
0.786865234375
0.75048828125
0.56103515625
0.77490234375
0.634765625
0.73681640625
0.864990234375
0.826416015625
0.62939453125
0.688720703125
0.695556640625
0.954833984375
0.822998046875
0.4873046875
0.87890625
0.8037109375
0.529052734375
0.640625
0.767822265625
0.71240234375
0.808837890625
0.56005859375
0.781982421875
0.8115234375
0.8876953125
0.8193359375
0.796875
0.770263671875
0.74853515625
0.91064453125
0.80517578125
0.766845703125
0.714111328125
0.696533203125
0.80322265625
0.7109375
0.732421875
0.8251953125
0.803466796875
0.941650390625
0.49658203125
0.830078125
0.589599609375
0.712646484375
0.704833984375
0.714599609375
0.582275390625
0.572021484375
0.677490234375
0.427734375
0.673583984375
0.727294921875
0.53173828125
0.766845703125
0.639404296875
0.522216796875
0.8212890625
0.74658203125
0.665771484375
0.65478515625
0.71142578125
0.669921875
0.809326171875
0.73095703125
0.71435546875
0.851318359375
0.936279296875
0.68603515625
0.83056640625
0.988037109375
0.799560546875
0.908935546875
0.847900390625
0.8701171875
0.73828125
0.7294921875
0.6865234375
0.816650390625
0.564208984375
0.62548828125
0.90234375
0.642333984375
0.6357421875
0.6572265625
0.67333984375
0.78955078125
0.566650390625
0.7109375
0.825439453125
0.925048828125
0.611328125
0.659423828125
0.619873046875
0.652587890625
0.676025390625
0.614013671875
0.6904296875
0.76806640625
0.839111328125
0.43212890625
0.681396484375
0.65234375
0.810302734375
0.7880859375
0.79345703125
0.778564453125
0.69873046875
0.47216796875
0.81005859375
0.855712890625
0.837890625
0.74169921875
0.665283203125
0.679931640625
0.6318359375
0.57177734375
0.755615234375
0.9365234375
0.662109375
0.744873046875
0.72314453125
0.9580078125
0.863525390625
0.723876953125
0.729736328125
0.82666015625
0.601318359375
0.800048828125
0.676513671875
0.644287109375
0.651123046875
0.674072265625
0.669677734375
0.560302734375
0.634765625
0.93212890625
0.60205078125
0.87109375
0.780029296875
0.714111328125
0.813720703125
0.69189453125
0.5791015625
0.780029296875
0.6884765625
0.729736328125
0.624755859375
0.764404296875
0.76025390625
0.84814453125
0.710205078125
0.473876953125
0.630615234375
0.87548828125
0.731201171875
0.3994140625
0.515625
0.734130859375
0.747802734375
0.764404296875
0.633056640625
0.688232421875
0.737060546875
0.686279296875
0.913330078125
0.881103515625
0.935546875
0.66162109375
0.719970703125
0.740966796875
0.743408203125
0.582275390625
0.668701171875
0.82763671875
0.679443359375
0.72412109375
0.4755859375
0.712158203125
0.763427734375
0.68798828125
0.705810546875
0.83740234375
0.940185546875
0.724609375
0.53515625
0.777099609375
0.655517578125
0.964111328125
0.42578125
0.83935546875
0.86767578125
0.712890625
0.69091796875
0.57958984375
0.948486328125
0.66943359375
0.622314453125
0.5810546875
0.80224609375
0.629638671875
0.580322265625
0.86376953125
0.493408203125
0.820556640625
0.6318359375
0.8681640625
0.595703125
0.751708984375
0.74853515625
0.792236328125
0.70068359375
0.632568359375
0.46533203125
0.7001953125
0.68701171875
0.7763671875
0.84521484375
0.813720703125
0.753173828125
0.659423828125
0.690185546875
0.6728515625
0.92578125
0.659423828125
0.59326171875
0.76953125
0.780029296875
0.57958984375
0.759521484375
0.6083984375
0.73193359375
0.65283203125
0.65234375
0.67041015625
0.424072265625
0.877197265625
0.7421875
0.8583984375
0.73388671875
0.8857421875
0.65185546875
0.726806640625
0.6982421875
0.886474609375
0.72509765625
0.745849609375
0.832763671875
0.724609375
0.67431640625
0.575439453125
0.803466796875
0.550048828125
0.666015625
0.755126953125
0.768798828125
0.887451171875
0.624267578125
0.858154296875
0.517822265625
0.60205078125
0.762451171875
0.4853515625
0.822021484375
0.779296875
0.445068359375
0.7255859375
0.74951171875
0.864990234375
0.80224609375
0.7158203125
0.614990234375
0.676513671875
0.84619140625
0.87255859375
0.8515625
0.600341796875
0.708984375
0.65869140625
0.4990234375
0.734619140625
0.815673828125
0.732177734375
0.75341796875
0.681884765625
0.442138671875
0.757080078125
0.714599609375
0.531005859375
0.713623046875
0.627685546875
0.564697265625
0.925537109375
0.675048828125
0.659912109375
0.71337890625
0.688232421875
0.8515625
0.75927734375
0.607666015625
0.9736328125
0.52978515625
0.593994140625
0.874267578125
0.872802734375
0.830810546875
0.69091796875
0.5859375
0.727294921875
0.876953125
0.619384765625
0.796630859375
0.568359375
0.795654296875
0.74658203125
0.947998046875
0.826904296875
0.700439453125
0.484130859375
0.5322265625
0.711669921875
0.6865234375
0.81640625
0.606201171875
0.768310546875
0.5380859375
0.577392578125
0.509521484375
0.9248046875
0.62890625
0.67431640625
0.81494140625
0.673095703125
0.69580078125
0.66796875
0.87841796875
0.7548828125
0.5302734375
0.664794921875
0.695556640625
0.9599609375
0.685546875
0.6748046875
0.669677734375
0.659423828125
0.777099609375
0.54052734375
0.8125
0.723876953125
0.525146484375
0.501220703125
0.66357421875
0.6123046875
0.772216796875
0.730224609375
0.928466796875
0.621826171875
0.730224609375
0.59326171875
0.682373046875
0.66796875
0.840576171875
0.62939453125
0.81591796875
0.837158203125
0.63671875
0.7412109375
0.596923828125
0.839599609375
0.78564453125
0.739501953125
0.441162109375
0.66162109375
0.822021484375
0.7744140625
0.706787109375
0.7763671875
0.682861328125
0.798828125
0.623046875
0.6953125
0.885986328125
0.766845703125
0.57373046875
0.556396484375
0.939208984375
0.758056640625
0.708251953125
0.743896484375
0.778564453125
0.711669921875
0.830322265625
0.86083984375
0.7685546875
0.646728515625
0.591552734375
0.773193359375
0.648681640625
0.666259765625
0.77490234375
0.642822265625
0.607421875
0.71435546875
0.87158203125
0.71875
0.678466796875
0.718994140625
0.702392578125
0.670166015625
0.5283203125
0.986328125
0.537841796875
0.674560546875
0.79443359375
0.6533203125
0.58251953125
0.7802734375
0.623779296875
0.60693359375
0.575927734375
0.658203125
0.87353515625
0.78857421875
0.910400390625
0.5380859375
0.81005859375
0.965576171875
0.662109375
0.545166015625
0.7373046875
0.708984375
0.66650390625
0.727783203125
0.987548828125
0.775146484375
0.81494140625
0.78173828125
0.878662109375
0.64794921875
0.687255859375
0.80224609375
0.7548828125
0.589111328125
0.60400390625
0.758544921875
0.700439453125
0.658935546875
0.616943359375
0.730224609375
0.771728515625
0.671142578125
0.68994140625
