4.905029296875
4.905029296875
4.905029296875
5.180908203125
5.313232421875
4.9345703125
4.48681640625
4.765869140625
4.75927734375
5.04833984375
4.89990234375
4.40087890625
5.2021484375
4.684814453125
4.6552734375
5.350830078125
4.9755859375
4.643310546875
5.033203125
5.0185546875
4.631103515625
5.076416015625
4.922607421875
5.070068359375
4.204345703125
4.3251953125
4.605712890625
4.809326171875
4.316650390625
5.13916015625
4.695068359375
4.8271484375
5.07080078125
4.9931640625
5.08056640625
5.1845703125
4.631591796875
5.01025390625
4.99072265625
4.942626953125
4.775146484375
4.746337890625
4.668701171875
5.00927734375
4.421142578125
4.652099609375
5.2138671875
4.9033203125
5.0693359375
4.604736328125
4.89306640625
4.96240234375
4.612060546875
4.635498046875
4.747802734375
4.55908203125
4.858154296875
4.512939453125
5.379150390625
4.571533203125
4.779296875
5.100341796875
4.97705078125
4.70166015625
4.83837890625
4.673095703125
5.1845703125
4.5771484375
5.082763671875
5.01025390625
4.756591796875
5.024658203125
4.76953125
4.848876953125
4.971923828125
4.48681640625
4.453857421875
4.552490234375
5.013671875
4.758544921875
4.872314453125
4.8828125
5.19677734375
4.5244140625
4.536865234375
4.679931640625
4.929443359375
4.631591796875
5.02734375
4.88623046875
4.9130859375
4.729736328125
4.742919921875
4.57373046875
5.037109375
4.85302734375
4.5595703125
5.3369140625
4.57421875
4.80029296875
4.79541015625
4.815185546875
4.884033203125
5.01806640625
4.869140625
5.130126953125
4.328125
4.57568359375
4.95849609375
4.562255859375
4.549072265625
4.791015625
4.695068359375
4.757080078125
4.880126953125
4.72802734375
5.007080078125
4.563232421875
4.73583984375
4.994384765625
4.625732421875
4.876953125
5.260986328125
5.046142578125
4.761962890625
5.207275390625
4.63037109375
5.25
4.6455078125
4.7568359375
4.6796875
4.964111328125
5.114990234375
4.7529296875
5.147216796875
4.516357421875
4.678466796875
4.69482421875
5.0166015625
5.3798828125
4.807373046875
5.12939453125
4.751953125
4.80712890625
4.811279296875
4.810791015625
4.8271484375
4.852783203125
5.0185546875
4.353515625
4.77587890625
4.85546875
5.26953125
4.964111328125
4.73974609375
4.941650390625
5.019775390625
4.628662109375
4.77783203125
4.778076171875
4.923095703125
4.984619140625
4.83447265625
4.58837890625
4.8935546875
5.045166015625
4.79443359375
4.8505859375
4.8955078125
4.732421875
5.333740234375
5.126708984375
5.037109375
5.02734375
4.724365234375
4.211669921875
4.487548828125
4.853271484375
4.848876953125
5.103515625
4.793701171875
4.865478515625
4.837158203125
5.000244140625
4.72802734375
4.59423828125
5.189697265625
4.53662109375
4.925048828125
4.64697265625
4.684814453125
4.577880859375
5.25830078125
4.539794921875
4.34765625
4.74169921875
5.24462890625
4.364501953125
4.691650390625
4.81298828125
5.174072265625
4.472412109375
4.778564453125
4.8310546875
4.870361328125
4.795166015625
4.82763671875
4.4296875
5.1669921875
5.09814453125
5.46533203125
4.786376953125
4.672119140625
5.081298828125
4.629638671875
5.332763671875
4.460693359375
4.87109375
4.655517578125
4.833251953125
4.84765625
4.928466796875
5.17626953125
5.078125
5.23291015625
4.739990234375
4.786376953125
4.986328125
4.787353515625
5.0537109375
4.9638671875
5.22412109375
4.970458984375
4.88671875
5.01806640625
5.013671875
4.907470703125
4.92236328125
5.100830078125
5.033935546875
4.40673828125
5.2236328125
5.142333984375
4.83203125
5.09716796875
4.718994140625
4.54833984375
5.050537109375
5.0595703125
4.989013671875
4.939453125
5.314208984375
4.9111328125
4.970947265625
4.704345703125
4.992919921875
4.686767578125
4.689208984375
4.950439453125
5.1591796875
4.53466796875
4.802490234375
4.75634765625
4.9990234375
5.341064453125
4.458251953125
4.99169921875
4.55322265625
5.041259765625
4.942626953125
4.85205078125
4.748779296875
5.29833984375
4.815185546875
5.12744140625
4.82275390625
4.574951171875
4.870849609375
5.2177734375
4.8515625
4.802490234375
5.356201171875
5.164794921875
4.831787109375
5.3056640625
5.130615234375
4.551025390625
5.176025390625
5.20947265625
4.71142578125
4.84765625
4.795654296875
4.7265625
4.90869140625
5.12353515625
5.061767578125
5.43359375
5.03515625
4.8330078125
4.798095703125
4.5302734375
4.452880859375
5.0673828125
4.78564453125
4.472900390625
4.571533203125
4.94482421875
5.098876953125
4.595458984375
5.067626953125
4.990234375
4.644775390625
4.79443359375
4.82763671875
5.288818359375
4.52099609375
4.80859375
4.8603515625
4.545654296875
4.931884765625
5.14794921875
4.313232421875
4.60205078125
4.7099609375
4.75244140625
4.96923828125
4.543212890625
4.578125
5.101806640625
4.962646484375
4.609619140625
4.84912109375
4.545654296875
5.065185546875
4.87451171875
4.9169921875
4.79833984375
5.013427734375
5.078125
4.630126953125
5.269287109375
4.703857421875
4.651123046875
4.719970703125
4.580322265625
4.612060546875
5.00341796875
4.662841796875
4.806396484375
5.064453125
4.534912109375
4.850830078125
4.87744140625
5.000244140625
4.831298828125
4.9111328125
5.034423828125
5.036865234375
4.950927734375
4.79736328125
4.963134765625
5.250244140625
4.763427734375
4.5341796875
5.28076171875
5.248046875
4.7216796875
5.0068359375
4.877197265625
4.33544921875
4.662353515625
4.6044921875
4.756103515625
5.19482421875
4.8740234375
4.71826171875
4.91357421875
4.78076171875
4.63720703125
4.756591796875
4.884033203125
4.775634765625
4.41650390625
5.17822265625
4.6669921875
4.851806640625
4.783935546875
4.356689453125
4.739990234375
4.97021484375
4.593505859375
5.198486328125
4.6591796875
4.677734375
4.956787109375
4.694091796875
4.944580078125
4.9189453125
4.558837890625
5.0771484375
4.903076171875
4.89013671875
4.97607421875
4.842529296875
4.902587890625
5.220703125
5.08740234375
4.6923828125
5.187744140625
4.260009765625
4.87353515625
4.74560546875
5.45556640625
5.333251953125
5.033203125
5.167236328125
5.076416015625
4.604736328125
4.712646484375
4.890625
5.1357421875
4.365234375
4.960693359375
4.805419921875
5.438232421875
4.72705078125
5.280517578125
5.00146484375
4.729736328125
4.94580078125
4.5
5.055908203125
4.83154296875
4.84130859375
4.421142578125
5.123291015625
5.054443359375
4.865966796875
4.83447265625
4.29296875
5.290771484375
5.032958984375
4.620849609375
5.04052734375
5.150634765625
4.576416015625
4.9091796875
4.7080078125
5.2939453125
4.99169921875
5.129638671875
4.8154296875
4.87353515625
4.9599609375
4.94384765625
4.746826171875
4.79833984375
4.822509765625
4.67626953125
5.159423828125
4.815673828125
5.22705078125
4.302001953125
5.305908203125
4.8564453125
4.386962890625
5.495361328125
4.8369140625
4.38134765625
4.96923828125
4.860107421875
4.986572265625
4.938232421875
5.148681640625
4.556640625
4.73974609375
5.10791015625
5.072265625
4.774169921875
4.386474609375
4.9775390625
4.683349609375
4.582275390625
4.53662109375
4.584716796875
4.828857421875
4.50244140625
4.905517578125
4.795166015625
4.801513671875
5.141357421875
5.1884765625
5.220458984375
4.71142578125
4.83837890625
4.99658203125
4.64892578125
4.89501953125
4.652587890625
5.183349609375
4.845458984375
4.929443359375
4.83056640625
4.802001953125
4.677978515625
4.815673828125
5.191650390625
5.032470703125
5.092529296875
4.846435546875
5.06591796875
4.5146484375
4.82861328125
5.120361328125
4.96923828125
4.564208984375
4.74658203125
4.835205078125
5.093505859375
4.8291015625
4.614501953125
5.198486328125
4.48046875
5.236083984375
4.994384765625
5.202392578125
4.5478515625
4.8583984375
4.363037109375
5.193603515625
4.80859375
4.62451171875
4.7978515625
4.808837890625
5.19287109375
4.592529296875
4.724365234375
4.898193359375
4.80029296875
4.80322265625
5.167724609375
4.78662109375
4.774169921875
4.969482421875
5.034423828125
4.790283203125
5.063232421875
4.837646484375
4.81103515625
4.771728515625
4.899169921875
5.044677734375
4.6787109375
4.53955078125
5.05712890625
4.52392578125
4.8359375
4.709228515625
5.083740234375
4.879150390625
4.6376953125
4.864501953125
4.836669921875
4.644287109375
5.14892578125
4.76953125
4.92822265625
4.56591796875
4.78076171875
4.90234375
4.62109375
4.727294921875
4.583740234375
4.629638671875
4.64892578125
4.74609375
4.759765625
4.618408203125
4.986083984375
4.594970703125
4.6953125
4.568359375
4.846923828125
5.102294921875
4.43359375
5.07275390625
5.252197265625
4.977783203125
4.7646484375
4.796142578125
4.77001953125
5.08349609375
4.916015625
5.09716796875
4.44140625
4.822021484375
5.189208984375
5.11572265625
4.9306640625
4.811279296875
4.978515625
4.73583984375
5.118408203125
4.858642578125
4.58251953125
4.3125
5.109619140625
4.673095703125
4.900634765625
4.528076171875
4.848388671875
4.580810546875
4.888427734375
4.469970703125
4.869384765625
4.74462890625
4.88037109375
4.990966796875
4.656494140625
5.016357421875
4.404296875
4.736328125
5.18017578125
4.69140625
4.5576171875
4.937744140625
5.061279296875
5.268798828125
4.84521484375
4.509765625
4.880859375
4.817626953125
4.812255859375
5.01318359375
4.875
4.516845703125
5.170654296875
4.634033203125
5.077392578125
5.044189453125
4.61083984375
5.07763671875
5.009765625
4.73828125
5.161376953125
4.623046875
5.33447265625
4.341552734375
4.6103515625
5.00341796875
4.9951171875
5.31494140625
5.11669921875
5.22265625
4.64599609375
5.4580078125
4.6103515625
5.24951171875
4.720703125
4.810791015625
5.24365234375
4.799560546875
5.1591796875
4.634521484375
4.838134765625
4.233154296875
4.892578125
4.889892578125
4.781005859375
4.600830078125
4.998291015625
5.56591796875
4.5869140625
4.754638671875
5.32763671875
4.621826171875
5.332763671875
4.795166015625
4.91455078125
5.283935546875
4.862548828125
4.94482421875
4.821533203125
4.796630859375
5.320556640625
4.95751953125
5.5185546875
5.114501953125
4.6005859375
4.881103515625
4.615234375
5.25537109375
4.489501953125
4.82080078125
5.072509765625
4.674560546875
4.577392578125
4.5615234375
5.084716796875
4.60302734375
4.945068359375
5.107666015625
4.89111328125
5.248046875
4.795654296875
4.8828125
5.681640625
5.169921875
5.074462890625
5.146240234375
5.3095703125
5.284423828125
5.264404296875
4.572021484375
4.80615234375
5.095947265625
4.35107421875
4.64208984375
4.951416015625
5.081298828125
5.01708984375
4.8193359375
4.9658203125
4.884521484375
4.909912109375
5.156982421875
5.23779296875
4.72998046875
4.866455078125
5.08203125
5.062744140625
4.99951171875
5.086669921875
4.74072265625
4.773193359375
5.27587890625
4.7607421875
4.543212890625
4.677490234375
5.144287109375
4.36376953125
4.740966796875
4.814208984375
4.564453125
4.807373046875
4.8125
5.083984375
4.73095703125
4.9990234375
4.493408203125
4.82763671875
4.573486328125
4.95458984375
5.2216796875
4.93603515625
4.8779296875
4.779052734375
4.777587890625
4.801025390625
4.6396484375
4.8388671875
4.312255859375
5.33447265625
5.0732421875
5.115234375
4.592041015625
5.343994140625
4.781494140625
4.798583984375
4.86181640625
4.940673828125
5.14453125
5.035888671875
4.90673828125
4.7138671875
5.0341796875
4.548828125
4.82861328125
5.005859375
4.979736328125
4.923095703125
4.869140625
4.8115234375
5.06982421875
4.577880859375
4.973876953125
5.11962890625
5.19873046875
4.88330078125
4.917724609375
5.068115234375
5.073974609375
4.66796875
5.024658203125
4.96240234375
4.649169921875
4.375732421875
5.376220703125
4.853271484375
5.024658203125
5.21142578125
4.9638671875
4.637451171875
4.686767578125
4.897216796875
5.362548828125
4.712646484375
4.78857421875
4.916748046875
4.745849609375
4.8037109375
4.9130859375
5.197021484375
4.402099609375
4.802490234375
4.88134765625
4.926025390625
4.9150390625
4.94970703125
4.70068359375
4.52197265625
4.594970703125
4.923583984375
5.077880859375
4.880615234375
4.534912109375
5.016357421875
4.816650390625
5.149169921875
4.869140625
5.328369140625
4.595703125
4.26171875
5.190185546875
5.074462890625
4.883056640625
4.983642578125
5.028564453125
4.384521484375
4.995849609375
4.867919921875
5.20166015625
4.79248046875
5.0986328125
4.87646484375
4.772705078125
4.85693359375
4.851806640625
4.58251953125
4.922607421875
4.8115234375
4.468017578125
4.567138671875
5.0771484375
4.47119140625
5.1005859375
5.1845703125
5.150634765625
4.9453125
4.432373046875
5.07080078125
4.75244140625
4.8369140625
4.942626953125
4.7822265625
4.801025390625
5.044189453125
5.227294921875
5.040771484375
5.17041015625
4.876953125
4.975830078125
5.56982421875
4.834716796875
4.805908203125
4.839111328125
4.334228515625
5.41552734375
4.689453125
4.902099609375
5.153564453125
5.1943359375
4.679443359375
4.57958984375
4.722412109375
4.39404296875
5.396240234375
4.617919921875
4.844970703125
4.775390625
5.14794921875
4.961669921875
4.9814453125
4.72265625
4.896484375
4.87353515625
4.8994140625
4.905029296875
4.94970703125
5.013671875
4.689208984375
4.6806640625
