5.165771484375
5.165771484375
5.107421875
5.349853515625
4.587158203125
5.0537109375
4.609375
5.295166015625
4.8251953125
5.0224609375
4.82421875
5.176025390625
4.78076171875
5.204833984375
5.072998046875
5.202392578125
5.714599609375
5.04638671875
4.974853515625
5.2890625
5.117431640625
5.251220703125
4.805908203125
5.573974609375
5.229248046875
5.4814453125
4.5908203125
5.2021484375
5.11767578125
4.71044921875
4.90625
5.023681640625
5.20849609375
5.602783203125
5.160400390625
4.96240234375
4.996826171875
4.563232421875
4.586669921875
4.93896484375
5.03271484375
5.351318359375
5.02587890625
5.0302734375
4.993896484375
5.270751953125
5.0166015625
4.971435546875
5.338623046875
5.374755859375
4.950927734375
4.866455078125
5.084716796875
4.955322265625
5.42724609375
4.9345703125
5.298583984375
4.704833984375
4.724853515625
5.00341796875
5.40478515625
5.05859375
4.789306640625
5.1298828125
4.749755859375
5.278564453125
5.048583984375
5.376708984375
5.185546875
4.881591796875
5.56005859375
4.884765625
4.830322265625
5.001953125
5.29052734375
5.1279296875
5.099365234375
4.992431640625
4.897705078125
5.392333984375
4.962158203125
5.2734375
4.883056640625
4.884521484375
5.156005859375
4.34375
5.040283203125
4.4599609375
5.3154296875
5.265380859375
4.931396484375
5.03369140625
5.444580078125
5.204833984375
5.230712890625
5.29931640625
5.00732421875
4.7705078125
5.040771484375
5.23046875
5.224365234375
5.126708984375
5.201904296875
4.89404296875
5.70458984375
4.924072265625
5.10205078125
5.393798828125
5.219482421875
5.617431640625
5.134033203125
5.22998046875
4.84814453125
5.279052734375
4.80126953125
5.250244140625
5.121826171875
4.58935546875
5.0087890625
5.22412109375
5.2548828125
4.5625
5.20361328125
4.852783203125
5.194091796875
5.031494140625
4.952880859375
4.766357421875
4.892822265625
5.02587890625
5.32958984375
5.345458984375
4.89599609375
5.1162109375
5.286865234375
4.8994140625
5.2392578125
5.40185546875
4.97900390625
5.520751953125
5.212646484375
4.79541015625
5.279541015625
5.254638671875
5.253662109375
5.35693359375
4.810546875
5.409912109375
4.572998046875
5.010009765625
5.60205078125
5.052734375
4.73193359375
5.218505859375
4.94287109375
5.162841796875
4.977783203125
4.9287109375
5.072265625
5.5361328125
5.393798828125
4.953857421875
4.93994140625
5.318603515625
4.86328125
5.095703125
4.757080078125
5.1591796875
4.822265625
5.2451171875
5.132080078125
4.604248046875
4.816650390625
4.981201171875
5.0693359375
5.050537109375
4.771240234375
5.526611328125
5.289306640625
5.191162109375
5.273193359375
5.301025390625
4.609619140625
4.77490234375
5.31982421875
4.670654296875
5.23046875
4.8671875
5.203857421875
5.578857421875
5.073486328125
4.7587890625
4.95361328125
5.17822265625
5.287353515625
5.0869140625
5.150634765625
4.786376953125
4.9970703125
4.986328125
5.090576171875
5.05908203125
5.216796875
5.088623046875
5.4951171875
5.17529296875
5.03076171875
5.166259765625
4.9931640625
5.42041015625
5.514404296875
5.042724609375
5.255615234375
4.928955078125
4.976806640625
5.54443359375
4.955078125
5.4404296875
5.232666015625
4.8974609375
4.593994140625
5.033447265625
5.2939453125
5.33984375
4.9970703125
5.09619140625
5.178955078125
4.489501953125
4.965576171875
5.318603515625
4.932373046875
5.54345703125
5.069580078125
4.4873046875
4.816650390625
5.453857421875
5.138916015625
5.7275390625
4.936767578125
5.002685546875
5.473388671875
5.15478515625
5.276611328125
5.473388671875
4.88232421875
5.29248046875
5.48779296875
5.056884765625
5.384765625
5.139404296875
5.621337890625
5.001953125
5.203125
5.498291015625
5.093505859375
4.841552734375
5.32373046875
5.16015625
5.101318359375
5.110595703125
4.574951171875
5.245361328125
5.517822265625
5.31494140625
4.82666015625
4.67333984375
4.9140625
5.00634765625
4.697265625
4.254150390625
5.45947265625
5.257080078125
5.443359375
4.96728515625
5.120849609375
4.930908203125
5.14208984375
5.587646484375
5.130615234375
5.4765625
4.867919921875
4.52294921875
4.907958984375
4.977783203125
4.8623046875
5.08349609375
5.373046875
5.0546875
5.273681640625
5.110107421875
5.4375
5.5654296875
5.21630859375
5.0966796875
5.465087890625
5.057861328125
5.52197265625
5.19091796875
5.136474609375
5.099609375
5.533935546875
5.486328125
5.273193359375
4.9609375
4.8291015625
5.3193359375
4.9306640625
5.44140625
5.016845703125
5.063232421875
5.3876953125
4.889892578125
5.115478515625
4.96533203125
5.125732421875
5.028564453125
4.89501953125
5.39013671875
5.27099609375
5.0927734375
5.3125
5.11376953125
5.219482421875
5.0732421875
5.1533203125
4.78125
5.541259765625
5.430908203125
4.971435546875
5.001953125
5.467529296875
5.03857421875
5.2138671875
5.026611328125
5.11083984375
4.85498046875
4.787841796875
5.14697265625
4.93017578125
4.88427734375
5.78125
4.433349609375
4.9638671875
5.004638671875
5.0546875
5.358154296875
5.454833984375
5.437744140625
5.243408203125
4.73828125
5.318603515625
5.30615234375
5.0
5.393798828125
5.120361328125
4.73828125
5.057861328125
5.206298828125
4.922119140625
5.0380859375
5.191162109375
5.255126953125
5.1826171875
5.49072265625
4.774169921875
4.70751953125
5.242431640625
5.17529296875
5.33349609375
4.803955078125
5.07470703125
5.400390625
4.91845703125
5.129150390625
5.185302734375
5.121337890625
4.90966796875
5.352294921875
5.00830078125
5.215087890625
5.23291015625
5.0732421875
5.169921875
4.838623046875
5.518310546875
5.25537109375
4.90380859375
5.33251953125
4.882080078125
5.205810546875
4.966064453125
5.40283203125
4.952880859375
5.4111328125
4.825927734375
5.241943359375
5.005126953125
5.2041015625
4.912109375
5.392578125
5.135009765625
5.509033203125
5.1376953125
4.6220703125
5.1611328125
5.04443359375
5.102783203125
5.155029296875
5.291259765625
5.230712890625
5.392333984375
5.21044921875
5.035888671875
4.833740234375
4.850830078125
5.3779296875
5.2509765625
5.17333984375
5.362060546875
5.044677734375
4.888671875
5.30810546875
5.412841796875
5.330078125
5.021728515625
5.004150390625
5.3251953125
5.08154296875
4.810302734375
5.0166015625
4.9189453125
4.769775390625
5.520751953125
5.208251953125
5.28173828125
5.456298828125
5.245849609375
5.071044921875
4.64794921875
5.16455078125
5.005126953125
5.10009765625
5.4072265625
4.806396484375
5.26318359375
5.123779296875
5.609619140625
4.795166015625
5.20166015625
5.34130859375
5.11767578125
5.07421875
4.8916015625
4.952392578125
5.2236328125
5.311279296875
5.2431640625
4.8291015625
4.53173828125
5.328125
4.99755859375
4.732421875
5.2822265625
4.87060546875
5.232177734375
4.913330078125
4.958984375
5.223876953125
5.245849609375
5.044921875
5.203857421875
5.154296875
5.398681640625
5.05419921875
5.015869140625
5.036376953125
5.25439453125
4.757568359375
4.784912109375
5.3623046875
4.91015625
5.512451171875
4.60302734375
5.29638671875
4.73828125
4.917724609375
5.297607421875
5.438720703125
5.194580078125
5.059814453125
4.947021484375
5.174560546875
5.135986328125
5.088623046875
4.83935546875
5.070068359375
5.507568359375
5.144287109375
5.07861328125
4.955078125
5.077392578125
5.59619140625
5.598876953125
4.999267578125
5.093017578125
4.86376953125
4.54931640625
5.306396484375
5.154541015625
4.85107421875
4.63818359375
4.843994140625
4.822509765625
5.205078125
4.62841796875
5.206787109375
5.4326171875
5.054931640625
5.01416015625
5.680908203125
4.8720703125
4.918212890625
5.315185546875
4.913818359375
5.046630859375
5.20751953125
5.345458984375
4.763671875
5.26904296875
4.937744140625
5.3994140625
5.541015625
5.1103515625
5.118896484375
5.195556640625
5.078857421875
5.2041015625
5.056640625
4.99072265625
5.010986328125
5.113037109375
5.459228515625
5.239013671875
5.074951171875
5.0048828125
5.38623046875
4.92626953125
5.569091796875
4.955322265625
5.288818359375
5.59423828125
5.12060546875
5.164794921875
4.90576171875
5.362548828125
5.033935546875
4.692626953125
4.97119140625
4.94140625
5.038330078125
5.509765625
4.91552734375
5.24658203125
5.6494140625
4.9306640625
4.91845703125
4.926025390625
5.065185546875
4.921875
5.101806640625
5.236083984375
4.822021484375
5.05322265625
4.8466796875
4.74755859375
4.66064453125
5.091796875
4.67236328125
5.26220703125
5.58203125
4.41650390625
5.100341796875
5.04150390625
4.980712890625
4.691162109375
5.276611328125
5.050048828125
5.671630859375
4.548828125
5.518310546875
4.953125
5.03125
4.97705078125
5.14697265625
4.725341796875
5.1240234375
5.069091796875
4.927734375
4.78759765625
5.21923828125
5.60693359375
4.580810546875
5.578857421875
5.24365234375
5.21826171875
5.06103515625
4.81982421875
5.136474609375
5.374267578125
5.06982421875
5.510009765625
4.92626953125
5.30615234375
5.22412109375
5.248046875
4.864990234375
5.200927734375
5.037841796875
4.9443359375
4.704833984375
4.94384765625
4.93701171875
5.01953125
4.97900390625
5.037353515625
5.087158203125
4.86083984375
5.562744140625
5.097900390625
5.29736328125
4.69970703125
4.646240234375
5.02685546875
4.782958984375
5.14306640625
5.215087890625
5.00830078125
4.526123046875
5.143310546875
4.645751953125
5.42724609375
5.030029296875
4.56591796875
4.95068359375
4.840087890625
5.0771484375
5.440673828125
5.0341796875
5.43408203125
5.1796875
5.36328125
4.968994140625
4.816162109375
5.396240234375
5.42431640625
5.230224609375
5.14599609375
4.900390625
4.95947265625
5.03369140625
4.87255859375
4.3623046875
4.8271484375
4.862548828125
5.0576171875
5.173583984375
5.544677734375
5.30078125
5.519775390625
5.1689453125
5.117431640625
5.176025390625
5.053955078125
4.905029296875
4.7529296875
4.87646484375
5.441650390625
5.041748046875
4.946044921875
5.134033203125
5.017333984375
5.35107421875
5.135009765625
5.22021484375
5.11865234375
5.122802734375
5.050537109375
4.92138671875
5.245849609375
4.88330078125
5.4208984375
5.2490234375
5.0322265625
5.134521484375
5.05810546875
5.223876953125
5.0048828125
5.36669921875
5.081787109375
5.15087890625
5.13232421875
5.494873046875
5.109375
5.170166015625
4.968505859375
5.091796875
5.437744140625
4.7236328125
4.92919921875
5.337158203125
5.489013671875
5.22802734375
4.81494140625
4.97265625
5.167236328125
5.352783203125
5.53515625
4.90966796875
5.21484375
5.1708984375
5.263916015625
5.095458984375
5.114501953125
5.406005859375
5.65283203125
5.012939453125
4.861083984375
4.873291015625
5.0322265625
4.80908203125
5.0888671875
5.057861328125
5.15673828125
5.088134765625
4.877685546875
5.101806640625
5.1416015625
5.024658203125
5.366455078125
5.06494140625
5.391357421875
5.15771484375
4.836181640625
5.09130859375
5.36376953125
4.9931640625
4.819580078125
5.32958984375
4.85302734375
4.888427734375
5.72119140625
5.26318359375
4.978271484375
5.094482421875
5.440185546875
5.285400390625
5.334228515625
4.88330078125
4.813720703125
5.080810546875
4.99462890625
4.7158203125
5.127685546875
4.853759765625
5.26171875
5.15869140625
5.309326171875
4.94921875
5.13037109375
4.80615234375
5.40771484375
4.973876953125
5.107666015625
5.5263671875
4.720703125
5.177734375
5.233642578125
5.425048828125
5.341552734375
5.598388671875
5.01806640625
4.99658203125
5.368408203125
5.55322265625
4.954345703125
5.0283203125
5.0517578125
5.28662109375
5.163330078125
5.221923828125
5.150390625
5.206298828125
5.067626953125
5.142578125
4.98388671875
4.642822265625
4.941162109375
5.535400390625
4.920166015625
5.576171875
5.63037109375
5.015380859375
5.040771484375
5.193115234375
5.3017578125
5.07470703125
5.03076171875
4.917724609375
4.88427734375
4.997314453125
5.462158203125
5.153076171875
4.77001953125
4.938720703125
4.994140625
4.872802734375
5.149658203125
5.347900390625
4.949951171875
4.9296875
5.31591796875
5.196044921875
5.001708984375
5.31005859375
5.3828125
4.806884765625
4.908203125
4.8271484375
5.248046875
5.328125
5.62744140625
4.78955078125
4.983642578125
5.10791015625
5.073974609375
5.025634765625
4.9921875
5.176513671875
5.15087890625
4.799560546875
5.05908203125
5.391845703125
4.8349609375
5.302978515625
5.18994140625
4.754638671875
5.095947265625
4.966064453125
5.23828125
4.8310546875
4.533447265625
5.15234375
5.268310546875
5.1025390625
4.76513671875
5.151611328125
4.8984375
5.004638671875
5.61474609375
4.63720703125
4.783935546875
5.201416015625
5.449462890625
5.269287109375
4.77294921875
4.779296875
4.582275390625
4.458740234375
5.820556640625
5.029541015625
5.361328125
5.283935546875
5.337158203125
4.71826171875
5.073974609375
5.1162109375
5.440673828125
4.986083984375
5.45849609375
5.648681640625
4.88427734375
4.58837890625
5.38720703125
5.1513671875
4.97998046875
5.427001953125
5.0615234375
5.080078125
5.34716796875
5.047607421875
4.869384765625
5.74609375
5.23095703125
4.599853515625
4.91552734375
5.652099609375
5.33251953125
5.277099609375
5.0927734375
