5.08203125
5.08203125
5.08203125
5.130615234375
4.834228515625
5.380859375
5.461669921875
5.65185546875
4.980224609375
5.387939453125
5.09326171875
4.954833984375
5.15283203125
5.40185546875
5.3369140625
5.14697265625
5.522216796875
5.265625
5.36669921875
4.702392578125
5.2900390625
4.9697265625
4.474365234375
5.13623046875
5.119384765625
4.625244140625
4.898681640625
4.9091796875
5.49853515625
5.08154296875
4.956787109375
5.21728515625
4.90673828125
4.9375
4.809814453125
5.08447265625
5.1142578125
4.970947265625
4.92724609375
5.36474609375
4.996826171875
5.07763671875
4.874755859375
4.5625
5.240234375
5.126220703125
4.864013671875
4.91259765625
4.9345703125
5.331787109375
5.19580078125
4.724365234375
4.93017578125
5.315185546875
5.28173828125
5.201904296875
4.6328125
5.552734375
4.848876953125
4.8212890625
4.8935546875
4.8447265625
5.434326171875
5.39892578125
5.230712890625
4.33984375
5.238037109375
5.43896484375
4.58984375
5.493896484375
4.303466796875
5.02587890625
4.9033203125
4.669677734375
4.6689453125
5.339599609375
5.123291015625
5.173583984375
4.949951171875
4.85595703125
5.065673828125
4.639404296875
5.127685546875
5.037109375
4.75927734375
4.50341796875
5.20263671875
5.284912109375
5.25634765625
5.016845703125
4.66845703125
5.277099609375
5.0849609375
4.83447265625
4.26123046875
4.68896484375
5.00537109375
5.069580078125
4.832763671875
4.97705078125
4.706298828125
4.802978515625
4.9111328125
5.3544921875
4.88232421875
5.06396484375
4.859130859375
4.910888671875
5.391357421875
4.93798828125
5.000732421875
4.908935546875
5.173095703125
5.392333984375
4.818115234375
5.474609375
5.3447265625
5.300048828125
5.208251953125
5.220458984375
4.809326171875
4.88623046875
4.968505859375
5.331298828125
5.092041015625
5.140380859375
5.35595703125
5.078125
5.1787109375
5.05029296875
4.686279296875
5.361572265625
4.9013671875
4.894287109375
5.10791015625
5.14501953125
5.3798828125
5.451416015625
4.68310546875
5.438720703125
4.806396484375
4.5087890625
5.122802734375
5.271484375
4.86962890625
5.31298828125
5.265869140625
5.17578125
5.214111328125
5.3857421875
5.165283203125
5.130615234375
5.508056640625
5.58056640625
5.255859375
5.529541015625
5.01904296875
5.309814453125
4.654052734375
5.128173828125
5.013916015625
5.047607421875
5.45556640625
4.841064453125
5.1435546875
5.06884765625
5.138427734375
5.080322265625
5.125732421875
5.283935546875
5.086181640625
4.6455078125
5.398681640625
5.1572265625
5.177490234375
5.446533203125
5.160888671875
5.18310546875
4.689697265625
5.052001953125
4.603271484375
5.57470703125
5.220947265625
4.74658203125
4.89501953125
5.04345703125
4.96484375
5.404541015625
5.145751953125
5.2392578125
5.189208984375
4.720458984375
4.732666015625
5.3154296875
5.04345703125
4.83935546875
4.787109375
5.271728515625
5.30517578125
4.520751953125
5.173583984375
4.52734375
4.685791015625
4.87890625
4.946533203125
5.00244140625
4.591552734375
4.969482421875
4.820068359375
5.43212890625
5.1240234375
5.48095703125
4.8623046875
5.12255859375
5.33935546875
5.47998046875
5.31103515625
4.5322265625
5.335693359375
5.045654296875
4.844482421875
4.75146484375
4.91357421875
5.2421875
5.17236328125
4.813232421875
4.880859375
5.43994140625
4.823486328125
5.074951171875
4.88427734375
4.630615234375
4.841552734375
4.995849609375
4.990234375
4.595947265625
5.45556640625
5.38671875
4.89501953125
4.655517578125
5.04248046875
4.88232421875
4.61669921875
5.04443359375
5.014892578125
4.76171875
5.072509765625
5.212646484375
5.377197265625
4.6103515625
5.239501953125
4.755615234375
4.947021484375
5.2080078125
5.11865234375
4.890869140625
5.07177734375
5.0771484375
5.034423828125
4.931884765625
4.86279296875
5.159912109375
5.0078125
5.321044921875
5.343017578125
5.005859375
5.125
4.378662109375
4.69580078125
5.138671875
5.260986328125
5.010498046875
5.118896484375
5.35498046875
4.9384765625
5.156494140625
4.97802734375
4.940185546875
5.236083984375
4.78759765625
4.9619140625
4.84375
5.375732421875
4.970458984375
4.880615234375
5.008056640625
5.062744140625
5.517822265625
5.046630859375
5.193603515625
5.10546875
4.92041015625
4.816650390625
5.429443359375
5.023193359375
4.66748046875
5.26904296875
4.803466796875
4.942138671875
5.1484375
5.019775390625
5.11767578125
4.59814453125
4.85546875
4.969482421875
5.274169921875
5.05517578125
5.392822265625
5.10693359375
5.629638671875
5.370849609375
4.69384765625
5.486328125
5.069580078125
5.008056640625
4.80322265625
5.4248046875
5.158935546875
4.559326171875
5.237548828125
5.171875
5.172119140625
4.736083984375
4.875732421875
4.995361328125
5.13037109375
5.245361328125
5.3759765625
4.532470703125
5.139892578125
4.665771484375
4.762451171875
4.873291015625
5.43115234375
4.44189453125
5.02001953125
5.051025390625
5.15771484375
4.803955078125
4.898681640625
4.58447265625
4.837158203125
5.18310546875
4.805419921875
5.125732421875
5.0126953125
5.121826171875
5.358154296875
4.9404296875
5.242919921875
5.635009765625
4.73486328125
4.411865234375
5.1689453125
4.6533203125
4.96923828125
4.8271484375
4.9609375
5.035888671875
5.035888671875
4.986572265625
4.863037109375
5.453125
5.574462890625
4.645263671875
5.077392578125
4.882568359375
4.63818359375
4.968994140625
5.38671875
5.10546875
5.164794921875
4.896240234375
4.727783203125
5.03759765625
5.072265625
4.712158203125
4.49169921875
5.116943359375
5.28564453125
5.27001953125
5.00634765625
5.042236328125
5.218505859375
5.411865234375
4.9921875
5.28857421875
4.7783203125
4.5634765625
4.703125
5.127197265625
4.89990234375
5.234375
4.84130859375
5.04736328125
5.007568359375
5.179443359375
5.100830078125
5.054931640625
5.285400390625
4.919677734375
4.837158203125
5.266845703125
5.0419921875
5.112060546875
4.81884765625
5.099853515625
5.36767578125
5.322021484375
5.3349609375
4.9990234375
5.512451171875
5.140380859375
4.779541015625
4.870361328125
5.40771484375
5.32177734375
5.2626953125
4.851318359375
5.08203125
4.923583984375
5.2529296875
5.33984375
4.837890625
5.134521484375
4.78857421875
4.971435546875
5.1337890625
5.06005859375
4.8037109375
4.96728515625
4.94140625
4.792236328125
5.1474609375
5.257568359375
5.376953125
5.257080078125
5.335693359375
5.177978515625
5.146240234375
5.530517578125
4.814208984375
5.344482421875
4.93701171875
4.842529296875
5.220703125
5.035888671875
5.077880859375
5.119873046875
5.04736328125
4.79443359375
4.996826171875
5.10205078125
4.8857421875
4.910888671875
5.280517578125
4.330810546875
5.260009765625
5.228759765625
4.98876953125
4.870361328125
5.0712890625
5.0537109375
5.4306640625
4.95458984375
5.015380859375
4.740966796875
5.052978515625
5.58837890625
4.962646484375
4.818359375
4.8720703125
4.6201171875
4.922607421875
4.573486328125
4.923583984375
5.53173828125
5.38427734375
4.8447265625
5.46484375
5.5693359375
5.001220703125
5.0625
4.7041015625
5.068603515625
5.48779296875
5.07958984375
4.973388671875
4.5673828125
5.0400390625
5.302490234375
4.939453125
5.16943359375
5.4580078125
4.6044921875
5.06982421875
5.045654296875
5.11279296875
4.840087890625
4.8291015625
5.233154296875
4.783447265625
5.218505859375
5.02978515625
5.291015625
4.990234375
5.171630859375
5.25390625
4.7490234375
5.253173828125
5.111083984375
4.9560546875
5.241943359375
4.912841796875
4.798828125
4.984130859375
5.076904296875
4.724365234375
5.214599609375
4.931640625
5.08349609375
5.028564453125
5.290283203125
5.292236328125
5.010498046875
4.977294921875
5.02685546875
5.134521484375
4.802490234375
5.058837890625
5.120849609375
4.614013671875
5.13525390625
4.85302734375
5.374755859375
4.89404296875
4.956787109375
4.953369140625
4.5068359375
5.179443359375
5.401123046875
5.2763671875
4.600341796875
5.180908203125
4.867431640625
5.16455078125
5.068603515625
4.95068359375
5.214111328125
5.14306640625
5.02734375
5.006591796875
4.696533203125
5.235107421875
5.050537109375
5.023681640625
5.56787109375
5.49462890625
4.849365234375
5.026611328125
5.649169921875
5.15576171875
4.633056640625
5.1611328125
4.912353515625
4.67138671875
4.83154296875
5.14697265625
4.667724609375
5.310791015625
5.050048828125
4.857421875
4.6015625
5.13818359375
5.20751953125
5.390869140625
5.231201171875
5.426513671875
5.12841796875
5.110107421875
5.07470703125
5.100830078125
4.977783203125
4.881591796875
4.984130859375
4.982177734375
5.022705078125
5.28369140625
5.19970703125
4.860107421875
4.786865234375
4.7587890625
5.4072265625
4.781005859375
5.21240234375
5.13720703125
5.170166015625
4.87939453125
5.421142578125
5.05419921875
5.158935546875
4.78173828125
5.198486328125
4.988525390625
4.6376953125
5.0458984375
5.0517578125
5.0537109375
4.85498046875
5.0126953125
5.393310546875
4.71142578125
5.119384765625
4.784423828125
5.59375
4.7529296875
4.833984375
5.013916015625
5.13330078125
4.6123046875
5.03564453125
5.5283203125
5.034912109375
4.483154296875
5.508544921875
5.0830078125
4.841796875
4.840576171875
4.969482421875
4.520751953125
4.812744140625
5.1201171875
5.236083984375
5.140380859375
4.52392578125
4.926513671875
5.029541015625
4.700927734375
4.7529296875
5.023193359375
5.070068359375
4.721435546875
5.166748046875
5.159423828125
4.587646484375
5.34814453125
4.804931640625
4.984375
4.946044921875
5.13330078125
4.63671875
4.90576171875
4.720458984375
4.68994140625
5.419189453125
4.828857421875
4.97900390625
4.967041015625
5.036865234375
5.1171875
5.0341796875
5.08544921875
4.9990234375
4.8486328125
4.821044921875
4.773681640625
5.133056640625
4.41455078125
5.007568359375
5.156005859375
5.04052734375
4.9130859375
4.609375
5.477294921875
5.0732421875
5.071044921875
5.414794921875
5.0322265625
4.97216796875
4.666259765625
5.13720703125
5.12109375
5.09228515625
5.26025390625
4.785888671875
5.134765625
5.354736328125
5.045166015625
5.192626953125
5.23486328125
4.933349609375
5.311279296875
4.656005859375
4.507080078125
5.054443359375
4.8017578125
4.833984375
4.744140625
5.025390625
5.051025390625
5.02685546875
4.920166015625
5.008544921875
5.0400390625
4.449462890625
4.8388671875
4.847412109375
4.909423828125
5.000244140625
5.23095703125
5.047607421875
4.94775390625
4.989013671875
4.627197265625
5.0322265625
5.36865234375
5.33837890625
5.211181640625
5.10546875
5.114013671875
4.84033203125
5.02294921875
4.60888671875
4.99462890625
5.25244140625
5.2490234375
5.553955078125
4.730712890625
5.091064453125
5.501708984375
5.23779296875
4.61669921875
5.197265625
4.491455078125
4.982421875
4.97265625
5.280029296875
5.1513671875
4.885498046875
4.912109375
4.988037109375
4.875
5.195556640625
4.6962890625
4.510009765625
5.01220703125
5.228271484375
5.00634765625
5.1494140625
5.18896484375
5.100341796875
4.9765625
5.313232421875
4.82958984375
5.2529296875
4.6396484375
5.33154296875
4.925537109375
4.831298828125
5.148193359375
5.22802734375
4.76318359375
4.427734375
5.172607421875
5.094482421875
5.263427734375
4.910400390625
4.920654296875
4.8720703125
4.801513671875
4.973876953125
5.226318359375
4.79052734375
5.34130859375
5.152099609375
4.748779296875
4.942626953125
5.269287109375
5.2607421875
4.802978515625
4.72216796875
5.0185546875
5.00341796875
5.40576171875
5.022705078125
5.288818359375
4.97705078125
5.07568359375
5.232421875
5.29541015625
4.76708984375
4.978759765625
4.91015625
5.155029296875
5.11865234375
5.12255859375
4.81689453125
5.125732421875
5.195556640625
5.04541015625
4.783447265625
5.197509765625
5.471923828125
5.148681640625
4.62939453125
5.342041015625
4.79833984375
4.826904296875
4.8798828125
5.047607421875
4.871826171875
5.16064453125
4.969482421875
5.0107421875
5.068115234375
5.354736328125
5.298095703125
5.278076171875
5.26220703125
5.61279296875
4.741455078125
5.123779296875
4.74169921875
5.449462890625
4.827392578125
4.97216796875
4.9130859375
4.949951171875
5.126708984375
5.305908203125
4.819580078125
5.0
5.28759765625
5.261474609375
5.030029296875
5.101806640625
4.9775390625
4.94677734375
5.302490234375
5.10205078125
4.88916015625
5.153076171875
5.06982421875
5.057373046875
4.943603515625
5.207275390625
4.9541015625
5.332763671875
5.268798828125
5.16015625
4.956298828125
4.76025390625
4.78857421875
4.7607421875
4.91845703125
5.048095703125
4.999267578125
4.694091796875
4.6328125
4.5478515625
5.010986328125
4.3486328125
4.42236328125
5.1416015625
5.092529296875
4.947021484375
5.23388671875
5.622802734375
5.254150390625
4.7333984375
5.379150390625
4.996826171875
5.167236328125
5.253662109375
4.94287109375
5.00732421875
5.12646484375
5.1962890625
4.9599609375
5.59033203125
5.019775390625
4.95361328125
5.0546875
5.1005859375
5.212890625
5.044677734375
5.032470703125
5.297119140625
5.200927734375
5.47265625
5.4736328125
5.15869140625
5.189697265625
4.967041015625
4.992431640625
5.309326171875
5.051025390625
5.559814453125
5.0322265625
4.911865234375
4.998046875
4.955322265625
5.005126953125
4.843505859375
4.842041015625
5.0107421875
4.883056640625
4.36376953125
5.056640625
4.675537109375
