3.673583984375
3.689453125
3.733154296875
3.87060546875
3.805908203125
3.721923828125
4.078369140625
3.513671875
4.137451171875
4.109619140625
3.766357421875
3.71923828125
3.6640625
4.13671875
4.04296875
3.855224609375
3.95263671875
3.787841796875
4.14208984375
4.114013671875
4.1455078125
4.010986328125
3.798583984375
4.207763671875
4.079833984375
4.055908203125
4.017333984375
3.795166015625
4.198974609375
3.970703125
3.7587890625
4.47998046875
4.00830078125
3.65771484375
3.817626953125
3.38232421875
4.219482421875
3.435302734375
3.910888671875
3.91455078125
3.930908203125
3.819091796875
3.765625
3.84326171875
3.828369140625
4.13818359375
4.06103515625
3.87890625
4.12890625
3.5185546875
3.684326171875
3.95166015625
3.760009765625
3.96044921875
4.169677734375
3.754150390625
4.062744140625
3.71728515625
4.267578125
4.149658203125
3.79541015625
3.969482421875
3.697265625
3.923583984375
3.45556640625
4.2734375
4.02392578125
4.211181640625
3.851806640625
3.70654296875
3.873291015625
3.8037109375
3.948974609375
3.8388671875
3.716552734375
3.78076171875
4.130859375
3.34033203125
3.9013671875
4.47509765625
3.864013671875
3.91748046875
4.205322265625
4.19091796875
3.513427734375
4.001708984375
4.133544921875
3.4501953125
3.720458984375
3.5908203125
3.86669921875
4.029541015625
3.7802734375
4.035400390625
4.182373046875
3.6875
3.614990234375
3.959228515625
3.552978515625
3.7080078125
3.507080078125
4.27001953125
3.586669921875
3.94287109375
4.009765625
3.995361328125
3.9384765625
3.965576171875
3.801025390625
4.025634765625
3.612548828125
3.103759765625
3.84716796875
4.077880859375
3.5029296875
3.768798828125
4.162841796875
3.477783203125
3.455322265625
3.747802734375
3.739501953125
3.30859375
3.997314453125
4.121826171875
4.14501953125
3.91796875
3.8486328125
3.419189453125
3.708984375
3.873291015625
4.359619140625
4.092041015625
3.5693359375
3.53369140625
3.634765625
3.783203125
3.727783203125
3.447998046875
3.636474609375
3.781005859375
4.229736328125
4.216064453125
4.04150390625
3.943359375
4.257568359375
3.8486328125
3.97509765625
3.78515625
4.08642578125
3.634033203125
3.65380859375
3.96337890625
4.053466796875
3.974365234375
3.8291015625
3.9072265625
3.849853515625
4.003173828125
3.947509765625
3.828125
3.51806640625
4.059814453125
3.781982421875
4.14599609375
4.007568359375
3.42041015625
3.953369140625
3.09912109375
4.06005859375
4.149169921875
3.927734375
3.542236328125
3.570068359375
3.81201171875
3.7646484375
3.760498046875
3.66748046875
3.796142578125
3.53564453125
3.90576171875
3.667724609375
3.66748046875
4.1357421875
3.550048828125
3.84521484375
4.141845703125
4.008056640625
3.814453125
3.625
3.776611328125
3.96533203125
3.70361328125
3.705322265625
4.649658203125
3.54541015625
3.9326171875
3.7060546875
4.104736328125
3.09326171875
4.224609375
4.01416015625
4.003662109375
4.294189453125
3.98388671875
4.01708984375
3.93359375
3.493408203125
4.129638671875
3.880859375
3.884033203125
4.0947265625
3.3486328125
3.561767578125
3.778076171875
3.721923828125
4.258056640625
4.023193359375
3.604248046875
4.080810546875
4.031982421875
4.224365234375
3.682373046875
3.697265625
3.692138671875
4.028076171875
3.634521484375
3.620849609375
3.95849609375
3.99072265625
3.3681640625
4.180419921875
3.8046875
3.775146484375
3.46337890625
3.739013671875
3.94189453125
4.10986328125
4.12451171875
3.623046875
3.623779296875
3.32763671875
4.037353515625
3.66455078125
4.20068359375
4.0166015625
4.066650390625
4.023681640625
4.0810546875
3.62890625
3.878662109375
3.963623046875
3.95849609375
3.888427734375
3.07470703125
3.818359375
3.93603515625
3.90576171875
3.20556640625
3.930908203125
4.312744140625
3.91943359375
3.82568359375
3.81640625
3.85205078125
3.73779296875
3.789794921875
4.0302734375
4.148681640625
3.5283203125
4.301025390625
3.9970703125
3.63720703125
3.498779296875
4.41943359375
3.881591796875
4.222412109375
3.824462890625
3.4853515625
4.082275390625
4.336669921875
4.0546875
3.836669921875
3.96826171875
3.75927734375
4.003662109375
4.1689453125
3.972412109375
4.228515625
4.1826171875
4.013671875
3.679931640625
4.073486328125
4.01611328125
4.012939453125
3.9306640625
4.073486328125
4.235595703125
3.873779296875
3.95849609375
4.02490234375
3.585693359375
3.7138671875
3.452880859375
3.786376953125
3.51318359375
3.85009765625
4.281982421875
3.273681640625
4.135986328125
3.913330078125
3.439208984375
3.111083984375
3.682373046875
3.568115234375
4.115478515625
3.542724609375
3.452392578125
4.10009765625
4.013671875
3.459716796875
4.50390625
3.979248046875
4.16943359375
3.681640625
3.7568359375
3.5068359375
4.213134765625
3.801025390625
3.531494140625
4.0283203125
4.023681640625
3.9921875
4.173828125
3.949462890625
3.58935546875
3.7978515625
3.8916015625
3.936279296875
3.871826171875
3.879638671875
3.985595703125
4.099365234375
4.14208984375
3.702880859375
4.156982421875
4.242431640625
3.8564453125
4.050048828125
3.560302734375
3.664794921875
3.973388671875
3.925537109375
3.898681640625
4.294921875
3.7529296875
3.39892578125
3.936279296875
3.742919921875
3.7822265625
4.26708984375
4.11669921875
3.76318359375
3.84375
3.78515625
3.973876953125
4.13134765625
4.0244140625
3.84814453125
3.708984375
3.802001953125
3.838134765625
3.49951171875
4.070068359375
3.550537109375
3.56640625
4.17333984375
3.5263671875
3.79833984375
4.099853515625
4.137939453125
4.02587890625
4.00146484375
3.734130859375
3.747314453125
3.998779296875
3.98388671875
3.74755859375
3.705810546875
3.80078125
3.611572265625
3.94140625
3.70654296875
3.8623046875
4.05126953125
3.772216796875
3.864990234375
4.3310546875
3.832275390625
3.32861328125
4.075927734375
4.32470703125
3.723388671875
4.332275390625
3.777587890625
3.68115234375
4.001953125
3.443115234375
4.037353515625
3.97314453125
3.341796875
4.073974609375
3.415771484375
3.877685546875
3.775634765625
3.69189453125
3.404541015625
3.741455078125
4.06201171875
3.3583984375
3.767333984375
3.77294921875
4.312744140625
3.982666015625
3.745361328125
3.747314453125
4.149658203125
3.4326171875
4.253662109375
3.390869140625
3.555419921875
3.566162109375
3.579833984375
3.68505859375
3.575439453125
3.75
3.842041015625
3.763916015625
3.6875
4.15625
3.970703125
4.117919921875
4.040771484375
3.154052734375
3.57080078125
4.142822265625
4.021484375
3.965576171875
4.09619140625
4.183837890625
4.12060546875
4.2333984375
4.039794921875
3.386962890625
3.8447265625
3.907958984375
4.29736328125
3.99609375
4.25146484375
4.221923828125
3.44140625
4.0087890625
3.53759765625
3.768310546875
4.080078125
3.916259765625
3.841796875
3.900390625
3.661376953125
3.796630859375
3.955078125
3.82470703125
3.566650390625
4.125244140625
4.033447265625
3.888671875
3.70703125
3.841064453125
3.780029296875
3.935546875
3.984130859375
3.685791015625
3.78759765625
3.731201171875
3.727783203125
4.026123046875
3.7900390625
3.505126953125
3.747802734375
3.781005859375
3.814453125
4.145263671875
4.11962890625
3.906005859375
4.2197265625
4.23974609375
4.003662109375
3.980712890625
3.605224609375
4.050537109375
4.300537109375
3.875732421875
3.8232421875
3.80615234375
3.513427734375
4.16064453125
3.857421875
3.88427734375
3.99755859375
3.849365234375
3.38671875
3.97607421875
3.797607421875
4.04931640625
4.16064453125
4.0888671875
4.290283203125
3.7666015625
4.026123046875
3.90625
3.852294921875
3.73974609375
4.20458984375
4.146484375
3.910400390625
3.742431640625
3.65576171875
3.96875
3.658447265625
3.63720703125
3.803955078125
4.006103515625
4.345703125
4.322265625
4.132080078125
3.943603515625
3.857177734375
3.832275390625
3.826904296875
3.593505859375
3.76513671875
4.1103515625
3.63623046875
3.92333984375
3.70849609375
4.20068359375
3.850341796875
3.51904296875
4.17431640625
3.95849609375
3.858642578125
4.047119140625
3.854248046875
4.090087890625
3.919189453125
3.52587890625
4.386962890625
4.19873046875
3.83056640625
4.029052734375
3.89599609375
3.849609375
3.5439453125
4.044189453125
3.615478515625
3.8095703125
3.66162109375
4.1748046875
3.917236328125
3.794921875
4.29736328125
4.15966796875
3.724853515625
3.475341796875
3.743408203125
4.3662109375
3.772705078125
3.9462890625
3.828369140625
3.737548828125
4.012451171875
4.26953125
3.99658203125
3.83251953125
3.705078125
3.724609375
3.755615234375
3.953369140625
3.759765625
4.01123046875
4.07470703125
3.611328125
3.806396484375
3.67431640625
3.847412109375
4.067626953125
3.6962890625
3.994140625
3.883544921875
4.080078125
3.78076171875
4.177490234375
4.43505859375
4.23583984375
3.570068359375
3.505126953125
4.021728515625
3.84228515625
3.839599609375
3.564453125
4.022216796875
4.1259765625
3.568603515625
4.240478515625
3.956298828125
4.020751953125
3.987060546875
3.72705078125
3.86865234375
3.7392578125
4.15576171875
3.749755859375
3.977294921875
4.239990234375
3.431884765625
3.55810546875
4.034912109375
3.96630859375
3.870361328125
3.58056640625
4.045654296875
3.96337890625
4.072265625
4.015380859375
4.029296875
3.812744140625
4.117431640625
3.760986328125
4.157470703125
3.646728515625
3.86181640625
4.16357421875
3.46435546875
3.67578125
3.608642578125
3.53857421875
3.677734375
4.06884765625
3.655517578125
3.715087890625
3.868408203125
3.833251953125
4.092529296875
3.392822265625
3.90283203125
3.6005859375
4.2236328125
4.1396484375
3.49072265625
3.87353515625
3.770263671875
3.814697265625
3.135009765625
3.658447265625
4.16259765625
3.8203125
3.875
4.037841796875
4.110595703125
3.534912109375
3.974609375
4.00927734375
3.93359375
3.990966796875
4.099853515625
3.974609375
4.063232421875
4.023193359375
3.733154296875
3.4599609375
3.66748046875
3.485595703125
3.7080078125
3.7138671875
3.776123046875
3.78857421875
3.55908203125
3.89892578125
3.92919921875
3.85595703125
3.689208984375
3.458251953125
4.140625
4.1650390625
4.17578125
3.955078125
3.777099609375
3.787841796875
4.083740234375
3.607177734375
3.760986328125
4.2529296875
3.8193359375
4.086669921875
4.332763671875
3.674560546875
4.046630859375
3.6787109375
3.80615234375
3.367431640625
4.185791015625
4.010498046875
3.68505859375
3.767333984375
3.920654296875
3.474609375
3.217529296875
3.67578125
4.17724609375
3.815185546875
4.178466796875
4.025634765625
3.691162109375
4.125
3.87841796875
4.215087890625
3.77978515625
3.83544921875
4.1669921875
3.7509765625
4.021484375
3.98388671875
3.8427734375
3.583984375
4.098388671875
3.894775390625
3.5888671875
3.704833984375
4.08837890625
3.853515625
4.119140625
3.949462890625
4.05419921875
3.926513671875
3.897216796875
3.800048828125
3.719482421875
3.5947265625
3.653076171875
3.735107421875
3.9638671875
3.516845703125
3.851318359375
4.036865234375
3.662109375
3.881591796875
3.885986328125
3.813232421875
4.16796875
4.093505859375
3.9560546875
4.150390625
3.874267578125
3.7353515625
3.727783203125
3.620361328125
3.95849609375
3.857177734375
3.8330078125
3.212158203125
4.073974609375
4.011474609375
3.345703125
4.08251953125
3.693115234375
4.028564453125
3.716064453125
3.6376953125
3.820068359375
3.962646484375
4.008056640625
3.966796875
3.8701171875
3.873291015625
3.9248046875
4.07568359375
4.164794921875
3.646484375
3.985107421875
3.425048828125
3.988525390625
3.45263671875
3.546142578125
3.519287109375
3.662109375
4.174072265625
3.848876953125
3.666259765625
4.36181640625
3.94482421875
3.807861328125
3.9072265625
4.017333984375
3.722412109375
3.780517578125
3.78076171875
3.35498046875
3.867919921875
3.6904296875
3.876708984375
4.035888671875
3.788818359375
3.878173828125
3.8125
4.130126953125
3.46435546875
3.71240234375
3.954833984375
3.987548828125
3.6650390625
3.6279296875
3.9052734375
4.13671875
3.47802734375
3.9921875
3.990234375
3.771484375
4.005615234375
3.958740234375
3.85888671875
4.3076171875
3.780029296875
3.716064453125
3.807861328125
3.818115234375
4.117919921875
3.65185546875
3.871337890625
4.171630859375
3.896240234375
4.246826171875
