0.753173828125
0.753173828125
0.753173828125
0.798583984375
0.632080078125
0.724609375
0.64404296875
0.8837890625
0.647216796875
0.652099609375
0.6767578125
0.6943359375
0.76171875
0.724609375
0.818115234375
0.91650390625
0.736572265625
0.708740234375
0.7275390625
0.797119140625
0.908203125
0.73974609375
0.86865234375
0.760986328125
0.61865234375
0.675048828125
0.6279296875
0.813720703125
0.708984375
0.8349609375
0.41748046875
0.758056640625
0.585693359375
0.658447265625
0.75537109375
0.897216796875
0.8662109375
0.80712890625
0.754150390625
0.787841796875
0.646484375
0.62744140625
0.779052734375
0.896240234375
0.738037109375
0.755126953125
0.52783203125
0.64501953125
0.701904296875
0.53271484375
0.737060546875
0.77490234375
0.90380859375
0.68359375
0.879638671875
0.723876953125
0.91552734375
0.647216796875
0.6064453125
0.548095703125
0.646728515625
0.4951171875
0.645263671875
0.70947265625
0.782958984375
0.721923828125
0.6298828125
0.826416015625
0.676513671875
0.60986328125
0.6474609375
0.648193359375
0.674072265625
0.814453125
0.613525390625
0.642333984375
0.8779296875
0.585693359375
0.7880859375
0.7978515625
0.69873046875
0.61376953125
0.736083984375
0.9033203125
0.787841796875
0.69775390625
0.83837890625
0.714599609375
0.773193359375
0.71630859375
0.849609375
0.806884765625
0.861328125
0.43798828125
0.599853515625
0.716552734375
0.62841796875
0.584228515625
0.629150390625
0.800537109375
0.69970703125
0.6923828125
0.611328125
0.90283203125
0.722900390625
0.51904296875
0.76953125
0.63720703125
0.721435546875
0.7197265625
0.711669921875
0.705810546875
0.572509765625
0.62158203125
0.848388671875
0.809814453125
0.868408203125
0.572509765625
0.756103515625
0.6259765625
0.8017578125
0.693359375
0.671142578125
0.6416015625
0.945068359375
0.640380859375
0.662841796875
0.857666015625
0.93798828125
0.774169921875
0.73681640625
0.8388671875
0.86669921875
0.721923828125
0.75341796875
0.66845703125
0.5361328125
0.86767578125
0.603759765625
0.708251953125
0.713134765625
0.658447265625
0.8369140625
0.835205078125
0.77587890625
0.722412109375
0.8154296875
0.7041015625
0.648681640625
0.65625
0.727783203125
0.61962890625
0.905029296875
0.723876953125
0.551513671875
0.755126953125
0.72607421875
0.6923828125
0.689697265625
0.792724609375
0.766845703125
0.79150390625
0.7353515625
0.736328125
0.635498046875
0.694091796875
0.573974609375
0.592041015625
0.70361328125
0.773681640625
0.726806640625
0.702880859375
0.750732421875
0.54248046875
0.73291015625
0.582763671875
0.582275390625
0.876953125
0.686279296875
0.912353515625
0.833251953125
0.69482421875
0.547607421875
0.755859375
0.692138671875
0.753173828125
0.754638671875
0.855224609375
0.732177734375
0.683837890625
0.49462890625
0.83544921875
0.817138671875
0.939208984375
0.70947265625
0.795654296875
0.691162109375
0.43115234375
0.63330078125
0.654541015625
0.59716796875
0.6494140625
0.824462890625
0.8828125
0.797607421875
0.7001953125
0.479736328125
0.863525390625
0.58154296875
0.8369140625
0.7822265625
0.71484375
0.7861328125
0.705322265625
0.899658203125
0.886962890625
0.797607421875
0.69921875
1.006591796875
0.786376953125
0.587158203125
0.768798828125
0.74755859375
0.706298828125
0.792236328125
0.788330078125
0.6328125
0.661865234375
0.94091796875
0.83984375
0.789306640625
0.73388671875
0.93212890625
0.594970703125
0.489013671875
0.800048828125
0.4755859375
0.853515625
0.770263671875
0.814453125
0.7470703125
0.7763671875
0.708740234375
0.699462890625
0.584228515625
0.708251953125
0.726318359375
0.85498046875
0.501708984375
0.751708984375
0.6171875
0.9521484375
0.800537109375
0.62548828125
0.7109375
0.810302734375
0.7021484375
0.84716796875
0.615234375
0.76953125
0.6416015625
0.70703125
0.768310546875
0.5498046875
0.514404296875
0.7060546875
0.7783203125
0.544677734375
0.7705078125
0.55859375
0.690185546875
0.635009765625
0.834716796875
0.679931640625
0.744140625
0.8173828125
0.734619140625
0.668701171875
0.7392578125
0.745361328125
0.859375
0.65283203125
0.857177734375
0.784423828125
0.716796875
0.87109375
0.751953125
0.5712890625
0.62451171875
0.72509765625
0.58740234375
0.879150390625
0.8017578125
0.738037109375
0.74267578125
0.81494140625
0.64453125
0.736572265625
0.8330078125
0.72412109375
0.84814453125
0.61279296875
0.734619140625
0.786376953125
0.64892578125
0.645751953125
0.874755859375
0.482177734375
0.676025390625
0.68017578125
0.63134765625
0.96728515625
0.97802734375
0.793212890625
0.476318359375
0.850341796875
0.736572265625
0.53662109375
0.589599609375
0.830810546875
0.66943359375
0.673583984375
0.747314453125
0.77294921875
0.784912109375
0.83984375
0.653076171875
0.68505859375
0.783935546875
0.77734375
0.67578125
0.82421875
0.759765625
0.5908203125
0.71728515625
0.742919921875
0.73046875
0.73779296875
0.770263671875
0.8203125
0.719970703125
0.693115234375
0.41162109375
0.62060546875
0.755859375
0.836669921875
0.7509765625
0.96142578125
0.670166015625
0.47998046875
0.794189453125
0.73681640625
0.595458984375
0.6806640625
0.70654296875
0.760986328125
0.8125
0.71630859375
1.00927734375
0.770751953125
0.7861328125
0.66064453125
0.671142578125
0.44677734375
0.556640625
0.7705078125
0.689453125
0.505859375
0.753662109375
0.735595703125
0.57666015625
0.628173828125
0.67236328125
0.67041015625
0.675537109375
0.69384765625
0.755859375
0.660888671875
0.7265625
0.675537109375
0.912109375
0.618408203125
0.799072265625
0.706298828125
0.61083984375
0.76611328125
0.76953125
0.729736328125
0.51123046875
0.656005859375
0.666748046875
0.764892578125
0.67041015625
0.8271484375
0.8359375
0.63232421875
0.560302734375
0.458251953125
0.46826171875
0.9482421875
0.7060546875
0.7783203125
0.68359375
0.7041015625
0.763916015625
0.718994140625
0.6474609375
0.88330078125
0.745849609375
0.812255859375
0.83251953125
0.76318359375
0.8095703125
0.869140625
0.92431640625
0.798095703125
0.809814453125
0.697998046875
0.7138671875
0.760498046875
0.697998046875
0.81201171875
0.6181640625
0.766845703125
0.7607421875
0.705322265625
0.669921875
0.68603515625
0.61767578125
0.826171875
0.566162109375
0.440185546875
0.836181640625
0.954833984375
0.751708984375
0.81787109375
0.6884765625
0.827880859375
0.685546875
0.636474609375
0.7568359375
0.597412109375
0.72314453125
0.81298828125
0.7451171875
0.796142578125
0.50830078125
0.8486328125
0.74951171875
0.53955078125
0.678466796875
0.7705078125
0.798583984375
0.627197265625
0.5439453125
0.64697265625
0.61962890625
0.72802734375
0.727294921875
0.498291015625
0.56201171875
0.790283203125
0.822265625
0.663330078125
0.556884765625
0.637451171875
0.548583984375
0.513671875
0.8642578125
0.81201171875
0.813720703125
0.760986328125
0.850341796875
0.65673828125
0.570068359375
0.936767578125
0.685546875
0.821533203125
0.79736328125
0.46533203125
0.69140625
0.7548828125
0.711181640625
0.839599609375
0.716796875
0.570556640625
0.408447265625
0.833984375
0.713134765625
0.71533203125
0.891845703125
0.707275390625
0.484375
0.6865234375
0.65185546875
0.936279296875
0.606689453125
0.7724609375
0.794677734375
0.552734375
0.56494140625
0.73828125
0.694580078125
0.78173828125
0.909912109375
0.72802734375
0.845703125
0.586181640625
0.716552734375
0.671142578125
0.51611328125
0.561279296875
0.78466796875
0.77294921875
0.823974609375
0.77880859375
0.960693359375
0.539306640625
0.689697265625
0.9140625
0.705810546875
0.766845703125
0.576416015625
0.619384765625
0.54248046875
0.551513671875
0.739501953125
0.814208984375
0.808837890625
0.81298828125
0.79345703125
0.703857421875
0.84375
0.407470703125
0.7119140625
0.75341796875
0.83935546875
0.69970703125
0.887939453125
0.719970703125
0.705078125
0.64697265625
0.677490234375
0.65625
0.531005859375
0.778076171875
0.718505859375
0.863525390625
0.76513671875
0.61376953125
0.71826171875
0.651123046875
0.703125
0.814697265625
0.790283203125
0.8193359375
0.950927734375
0.62939453125
0.7421875
0.829833984375
0.54345703125
0.693603515625
0.670654296875
0.751708984375
0.6513671875
0.710205078125
0.746826171875
0.635498046875
0.8017578125
0.769775390625
0.75146484375
0.61669921875
0.688720703125
0.484130859375
0.773681640625
0.856201171875
0.990966796875
0.76171875
0.8486328125
0.740234375
0.65625
0.737060546875
0.7900390625
0.6103515625
0.893798828125
0.7373046875
0.62109375
0.68359375
0.70361328125
0.763427734375
0.77978515625
0.544677734375
0.80126953125
0.818603515625
0.777099609375
0.75927734375
0.785400390625
0.61865234375
0.655517578125
0.791259765625
0.484375
1.005859375
0.81103515625
0.574462890625
0.5107421875
0.622802734375
0.677490234375
0.744140625
0.695068359375
0.821044921875
1.0009765625
0.80078125
0.69189453125
0.788330078125
0.78466796875
0.52099609375
0.652099609375
0.81689453125
0.71923828125
0.884765625
0.789306640625
0.9365234375
0.65966796875
0.727294921875
0.681396484375
0.69873046875
0.759765625
0.583984375
0.702392578125
0.7763671875
0.776611328125
0.506103515625
0.764404296875
0.68212890625
0.690185546875
0.496337890625
0.721435546875
0.746826171875
0.76953125
0.787109375
0.92138671875
0.759521484375
0.9052734375
0.750732421875
0.8681640625
0.82958984375
0.793212890625
0.8330078125
0.73974609375
0.801025390625
0.551513671875
0.7255859375
0.723876953125
0.772705078125
0.57275390625
0.814208984375
0.67724609375
0.693359375
0.845703125
0.89453125
0.518310546875
0.7431640625
0.970703125
0.779296875
0.760498046875
0.580810546875
0.72509765625
0.86669921875
0.883544921875
0.616455078125
0.861328125
0.67431640625
0.7548828125
0.575439453125
0.665283203125
0.7705078125
0.771240234375
0.61279296875
0.7822265625
0.60546875
0.926025390625
0.720703125
0.693603515625
0.583251953125
0.638427734375
0.865478515625
0.695556640625
0.501708984375
0.886962890625
0.79052734375
0.691162109375
0.8642578125
0.706298828125
0.91259765625
0.787109375
0.736328125
0.73046875
0.579345703125
0.63671875
0.789306640625
0.63818359375
0.84521484375
0.75341796875
0.6640625
0.818359375
0.70654296875
0.70703125
0.8740234375
0.6630859375
0.70849609375
0.6767578125
0.94140625
0.5751953125
0.52734375
0.459228515625
0.659912109375
0.688232421875
0.912109375
0.695068359375
0.9736328125
0.7646484375
0.739501953125
0.60107421875
0.71142578125
0.57568359375
0.762451171875
0.58837890625
0.629150390625
0.80224609375
0.829833984375
0.6474609375
0.61669921875
0.6220703125
0.489501953125
0.661376953125
0.8359375
0.81298828125
0.502685546875
0.70703125
0.86767578125
0.406494140625
0.682373046875
0.667724609375
0.46484375
0.627685546875
0.722412109375
0.7890625
0.628662109375
0.70751953125
0.70849609375
0.700439453125
0.68896484375
0.8427734375
0.82373046875
0.79931640625
0.8447265625
0.76416015625
0.6865234375
0.789794921875
0.62060546875
0.79052734375
0.8701171875
0.705322265625
0.842041015625
0.73095703125
0.808349609375
0.551513671875
0.7900390625
0.629638671875
0.660400390625
0.65869140625
0.505859375
0.888427734375
1.068603515625
0.81494140625
0.782958984375
0.5244140625
0.733154296875
0.701904296875
0.734375
0.691650390625
0.641357421875
0.653076171875
0.722412109375
0.828369140625
0.73583984375
0.7685546875
0.7822265625
0.701416015625
0.881591796875
0.83935546875
0.529541015625
0.66357421875
0.812255859375
0.726318359375
0.928466796875
0.687255859375
0.770751953125
0.652099609375
0.60546875
0.987060546875
0.673095703125
0.837158203125
0.53076171875
0.83203125
0.68994140625
0.861083984375
0.772705078125
0.566162109375
0.5791015625
0.868896484375
0.947998046875
0.682861328125
0.75390625
0.698974609375
0.620361328125
0.631103515625
0.710205078125
0.872314453125
0.73876953125
1.039306640625
0.513427734375
0.78369140625
0.613037109375
0.633544921875
0.684814453125
0.708251953125
0.857177734375
0.689697265625
0.57568359375
0.7734375
0.630615234375
0.670166015625
0.6787109375
0.7490234375
0.525390625
0.73876953125
0.692626953125
0.657470703125
0.65869140625
0.918212890625
0.67041015625
0.5927734375
0.666259765625
0.63818359375
0.67529296875
0.533447265625
0.71875
0.5693359375
0.775634765625
0.875
0.82763671875
0.68212890625
0.478515625
0.728271484375
0.7373046875
0.702880859375
0.7216796875
0.839111328125
0.680419921875
0.853759765625
0.813232421875
0.658203125
0.656982421875
0.5751953125
0.551025390625
0.81005859375
0.833251953125
0.7822265625
0.716064453125
0.6552734375
0.55859375
0.505615234375
0.6611328125
0.534912109375
0.73095703125
0.666748046875
0.878662109375
0.7080078125
0.578369140625
0.732421875
0.6064453125
0.626220703125
0.8193359375
0.5517578125
0.78662109375
0.545654296875
0.7890625
0.6875
0.68798828125
0.561279296875
0.804443359375
0.66845703125
0.503173828125
0.843017578125
0.738525390625
0.825927734375
0.691650390625
0.773193359375
0.809814453125
0.64404296875
0.797607421875
0.54736328125
0.767822265625
0.674072265625
0.770751953125
