0.753173828125
0.753173828125
0.790283203125
0.61181640625
0.796142578125
0.6806640625
0.546142578125
0.774169921875
0.745849609375
0.742919921875
0.618896484375
0.797119140625
0.756591796875
0.8388671875
0.543701171875
0.647216796875
0.704833984375
0.56396484375
0.69482421875
0.626708984375
0.785888671875
0.81494140625
0.675048828125
0.62646484375
0.692626953125
0.587646484375
0.849853515625
0.643310546875
0.697021484375
0.67578125
0.806396484375
0.91552734375
0.91650390625
0.7294921875
0.8056640625
0.933837890625
0.77685546875
0.743896484375
0.99853515625
0.646728515625
0.67578125
0.647216796875
0.760498046875
0.654296875
0.495361328125
0.747802734375
0.71484375
0.781494140625
0.826416015625
0.693603515625
0.78955078125
0.71240234375
0.780517578125
0.64892578125
1.050048828125
0.698486328125
0.826171875
0.740478515625
0.9150390625
0.88916015625
0.65625
0.734130859375
0.752197265625
0.629150390625
0.708251953125
0.836669921875
0.763916015625
0.718994140625
0.611328125
0.665771484375
0.77880859375
0.597900390625
0.84033203125
0.663330078125
0.703125
0.721435546875
0.60009765625
0.66796875
0.543212890625
0.9052734375
0.6123046875
0.9755859375
0.485595703125
0.66015625
0.782470703125
0.832275390625
0.842529296875
0.55859375
0.810791015625
0.42333984375
0.78125
0.83642578125
0.7880859375
0.74365234375
0.73681640625
0.819091796875
0.68505859375
0.8115234375
0.693359375
0.665283203125
0.376953125
0.66748046875
0.757080078125
0.603759765625
0.5283203125
0.698486328125
0.639404296875
0.56689453125
0.534912109375
0.733642578125
0.7353515625
0.935546875
0.7041015625
0.648681640625
0.832763671875
0.64404296875
0.748046875
0.725341796875
0.68505859375
0.7626953125
0.777099609375
0.669189453125
0.542724609375
0.710205078125
0.470703125
0.948974609375
0.68408203125
0.65869140625
0.679443359375
0.584716796875
0.779296875
0.730712890625
0.787353515625
0.753662109375
0.79150390625
0.636962890625
0.76708984375
0.673095703125
0.645263671875
0.86669921875
1.03515625
0.723876953125
0.826171875
0.796142578125
0.687255859375
0.67919921875
0.750732421875
0.54248046875
0.572998046875
0.572509765625
0.71044921875
0.703857421875
0.66845703125
0.72021484375
0.527099609375
0.455078125
0.837646484375
0.626708984375
0.709228515625
0.752685546875
0.6796875
0.695068359375
0.78662109375
0.517333984375
0.78466796875
0.679443359375
0.800048828125
0.83544921875
0.823486328125
0.7978515625
0.708251953125
0.73681640625
0.75341796875
0.760498046875
0.478759765625
0.870361328125
0.797607421875
0.435302734375
0.6904296875
0.7158203125
0.927734375
0.619873046875
0.655517578125
0.582763671875
0.79638671875
0.634521484375
0.64208984375
0.756103515625
0.76220703125
0.748291015625
0.627197265625
0.8486328125
0.533203125
0.650146484375
0.786376953125
0.728515625
0.62451171875
0.714599609375
0.733154296875
0.7568359375
0.83349609375
0.85400390625
0.83349609375
0.752197265625
0.800537109375
0.6357421875
0.67626953125
0.88037109375
0.434326171875
0.640625
0.655517578125
0.672607421875
0.76220703125
0.706298828125
0.55322265625
0.60888671875
0.689453125
0.637939453125
0.822998046875
0.75390625
0.3837890625
0.7412109375
0.8544921875
0.67578125
0.6533203125
0.671630859375
0.7412109375
0.751708984375
0.4931640625
0.7685546875
0.6171875
0.593017578125
0.69287109375
0.727294921875
0.857421875
0.9404296875
0.834228515625
0.758056640625
0.839111328125
0.691162109375
0.798828125
0.62548828125
0.83544921875
0.65673828125
0.580322265625
0.48193359375
0.77490234375
0.782958984375
0.838623046875
0.504150390625
0.6162109375
0.672607421875
0.73046875
0.7080078125
0.76220703125
0.544677734375
0.6943359375
0.8720703125
0.598876953125
0.79638671875
0.93359375
0.901123046875
0.5869140625
0.8173828125
0.618896484375
0.830810546875
0.87841796875
0.72021484375
0.776611328125
0.466796875
0.57275390625
0.792724609375
0.667724609375
0.746337890625
0.625244140625
0.7119140625
0.97509765625
0.740966796875
0.54345703125
0.56591796875
0.69873046875
0.603515625
0.7275390625
0.86865234375
0.5732421875
0.69775390625
0.753662109375
0.740966796875
0.72412109375
0.6787109375
0.619384765625
0.71435546875
0.747802734375
0.71240234375
0.941162109375
0.629638671875
0.6513671875
0.78955078125
0.477294921875
0.816162109375
0.70458984375
0.6474609375
0.8134765625
0.844970703125
0.700927734375
0.7294921875
0.694580078125
0.769775390625
0.72412109375
0.617431640625
0.808349609375
0.70947265625
0.83935546875
0.742431640625
0.944580078125
0.765625
0.724853515625
0.724609375
0.674560546875
0.767822265625
0.650390625
0.920166015625
0.73291015625
0.748779296875
0.935546875
0.4970703125
0.64208984375
0.7587890625
0.774169921875
0.779541015625
0.7080078125
0.98681640625
0.704833984375
0.64404296875
0.637451171875
0.473388671875
0.91064453125
0.821533203125
0.572265625
0.672607421875
0.77587890625
0.733642578125
0.734619140625
0.476806640625
0.55859375
0.74609375
0.711181640625
0.652587890625
0.558837890625
0.733154296875
0.793212890625
0.793701171875
0.733154296875
0.741455078125
0.79736328125
0.677001953125
0.68359375
0.806884765625
0.55224609375
0.912109375
0.68359375
0.62744140625
0.744873046875
0.880859375
0.829833984375
0.905517578125
0.8486328125
0.6884765625
0.670166015625
0.7421875
0.775390625
0.667724609375
0.532958984375
0.6298828125
0.80908203125
0.50927734375
0.8720703125
0.8505859375
0.717041015625
0.8125
0.651611328125
0.66796875
0.705078125
0.7431640625
0.873291015625
0.679931640625
0.728515625
0.759033203125
0.5751953125
0.65771484375
0.628173828125
0.531982421875
0.705810546875
0.693359375
0.735107421875
0.662841796875
0.72265625
0.64697265625
0.69482421875
0.376953125
0.445556640625
0.441650390625
0.527587890625
0.628173828125
0.73388671875
0.953857421875
0.73974609375
0.76708984375
0.6962890625
0.743408203125
0.7099609375
0.8779296875
0.756591796875
0.683837890625
0.73486328125
0.900390625
0.715087890625
0.81201171875
0.546875
0.71337890625
0.715087890625
0.7783203125
0.61474609375
0.5771484375
0.76318359375
0.723876953125
0.86669921875
0.71533203125
0.553955078125
0.796630859375
0.77490234375
0.8447265625
0.61767578125
0.652587890625
0.8505859375
0.772705078125
0.76123046875
0.8056640625
0.565185546875
0.75048828125
0.76953125
0.65283203125
0.677490234375
0.869140625
1.006103515625
0.82177734375
0.8056640625
0.640380859375
0.83837890625
0.94970703125
0.626708984375
0.84716796875
0.656982421875
0.9873046875
0.703125
0.76953125
0.69873046875
0.689208984375
0.729736328125
0.78662109375
0.818115234375
0.8818359375
0.883544921875
0.67822265625
0.8486328125
0.66259765625
0.7705078125
0.688232421875
0.4853515625
0.64697265625
0.7119140625
0.842041015625
0.896240234375
0.53955078125
0.61962890625
0.638671875
0.7060546875
0.822265625
0.70166015625
0.8388671875
0.6728515625
0.56640625
0.91259765625
0.74267578125
0.843994140625
0.760986328125
0.676025390625
0.65673828125
0.872314453125
0.73583984375
0.548095703125
0.572021484375
0.79833984375
0.986572265625
0.599609375
0.6162109375
0.743896484375
0.522216796875
0.79541015625
0.730712890625
0.82958984375
0.757568359375
0.70361328125
0.653564453125
0.70654296875
0.58154296875
0.718505859375
0.564208984375
0.677734375
0.720947265625
0.778076171875
0.7861328125
0.76904296875
0.71435546875
0.86865234375
0.737060546875
0.752197265625
0.697998046875
0.69677734375
0.8701171875
0.7919921875
0.772216796875
0.810546875
0.8056640625
0.6357421875
1.006591796875
0.643310546875
0.64111328125
0.873291015625
0.942138671875
0.671142578125
0.7392578125
0.541748046875
0.574462890625
0.71826171875
0.841796875
0.676025390625
0.67529296875
0.62451171875
0.875732421875
0.70703125
0.77392578125
0.67724609375
0.612060546875
0.80810546875
0.551513671875
0.677001953125
0.81298828125
0.69873046875
0.739990234375
0.691650390625
0.524169921875
0.837890625
0.8203125
0.51708984375
0.75341796875
0.82080078125
0.6318359375
0.647216796875
0.665283203125
0.629150390625
0.902099609375
0.64697265625
0.7861328125
0.62451171875
0.651611328125
0.9580078125
0.529541015625
0.80517578125
0.77587890625
0.74072265625
0.6552734375
0.704833984375
0.504638671875
0.6845703125
0.580078125
0.491943359375
0.780029296875
0.923828125
0.781494140625
0.71044921875
0.73046875
0.751708984375
0.869873046875
0.69384765625
0.848876953125
0.818603515625
0.74462890625
0.6328125
0.5986328125
0.72314453125
0.71484375
0.79931640625
0.538818359375
0.75146484375
0.688720703125
0.632568359375
0.6787109375
0.76318359375
0.885498046875
0.57421875
0.552978515625
0.911865234375
0.978271484375
0.780517578125
0.81201171875
0.62060546875
0.721923828125
0.6591796875
0.712158203125
0.8056640625
0.538330078125
0.684326171875
0.777587890625
0.64892578125
0.6181640625
0.805419921875
1.0048828125
0.7705078125
0.869873046875
0.516845703125
0.5625
0.650146484375
0.796630859375
0.881591796875
0.65576171875
0.710693359375
0.725830078125
0.825927734375
0.765869140625
0.80224609375
0.849365234375
0.753173828125
0.71826171875
0.61865234375
0.493408203125
0.68115234375
0.6904296875
0.847412109375
0.493896484375
0.81689453125
0.855712890625
0.658447265625
0.61376953125
0.600830078125
0.65966796875
0.43505859375
0.79248046875
0.943115234375
0.616455078125
0.7763671875
0.887939453125
0.90283203125
0.775634765625
0.657470703125
0.6552734375
0.882568359375
0.755126953125
0.75634765625
0.7001953125
0.81689453125
0.647705078125
0.6083984375
0.73046875
0.864990234375
0.885009765625
0.65283203125
0.64111328125
0.79345703125
0.653564453125
0.506591796875
0.84423828125
0.70263671875
0.71533203125
0.77734375
0.789794921875
0.643310546875
0.846923828125
0.884033203125
0.650634765625
0.718017578125
0.474609375
0.833251953125
0.661865234375
0.7939453125
0.708740234375
0.5400390625
0.771240234375
0.7041015625
0.586669921875
0.832275390625
0.636962890625
0.57177734375
0.659423828125
0.765869140625
0.653564453125
0.665283203125
0.802734375
0.86376953125
0.693603515625
0.698974609375
0.7880859375
0.72216796875
0.705078125
0.9580078125
0.5078125
0.513916015625
0.647216796875
0.780517578125
0.803955078125
0.53125
0.73193359375
0.72900390625
0.832275390625
0.802978515625
0.836669921875
0.65869140625
0.4990234375
0.63671875
0.815185546875
0.9833984375
0.6923828125
0.713623046875
0.59375
0.430908203125
0.676025390625
0.617919921875
0.712890625
0.538330078125
0.800537109375
0.844482421875
0.830322265625
0.83447265625
0.814453125
0.76025390625
0.759521484375
0.8046875
0.793212890625
0.464599609375
0.8515625
0.68017578125
0.811279296875
0.60107421875
0.788818359375
0.57568359375
0.77294921875
0.719970703125
0.753173828125
0.783203125
0.778564453125
0.727294921875
0.597412109375
0.850830078125
1.00341796875
0.83740234375
0.478759765625
1.076416015625
0.787109375
0.91748046875
0.867919921875
0.741943359375
0.700439453125
0.744140625
0.8427734375
0.71044921875
0.823486328125
0.84423828125
0.980224609375
0.781005859375
0.56494140625
0.712646484375
0.66455078125
0.6708984375
0.83935546875
0.736572265625
0.79296875
0.644287109375
0.734375
0.548583984375
0.733154296875
0.87841796875
0.650634765625
0.550048828125
0.808349609375
0.734375
0.751708984375
0.740234375
0.69189453125
0.7080078125
0.778076171875
0.695556640625
0.740966796875
0.7685546875
0.689208984375
0.575439453125
0.647705078125
0.70947265625
0.828369140625
0.543212890625
0.677734375
0.701416015625
0.823974609375
0.501220703125
0.700927734375
0.772216796875
0.738525390625
0.751953125
0.82958984375
0.6943359375
0.7158203125
0.596923828125
0.839599609375
0.861083984375
0.53271484375
0.662841796875
0.86376953125
0.61376953125
0.702880859375
0.7294921875
0.67578125
0.724609375
0.701416015625
0.776611328125
0.4736328125
0.60546875
0.556396484375
0.786376953125
0.7216796875
0.761962890625
0.633544921875
0.78076171875
0.79833984375
0.705810546875
0.745849609375
0.693359375
0.655029296875
0.70361328125
0.8857421875
0.741455078125
0.624755859375
0.65869140625
0.7685546875
0.6337890625
0.837890625
0.822265625
0.533447265625
0.713623046875
0.5693359375
0.659423828125
0.76416015625
0.667236328125
0.775146484375
0.5595703125
0.553955078125
0.599365234375
0.82275390625
0.7216796875
0.747314453125
0.638916015625
0.828125
0.80859375
0.658203125
0.656982421875
0.855712890625
0.6708984375
0.814453125
0.42919921875
0.920654296875
0.833251953125
0.6318359375
0.62841796875
0.614990234375
0.77734375
0.54248046875
0.66748046875
0.572509765625
0.591552734375
0.505859375
0.77587890625
0.8310546875
0.801513671875
0.76318359375
0.72021484375
0.793212890625
0.767578125
0.803466796875
0.880126953125
0.7265625
0.626220703125
0.49853515625
0.781005859375
0.7099609375
0.964599609375
0.7177734375
0.9306640625
0.506103515625
0.690673828125
0.684814453125
0.477294921875
0.71337890625
0.4541015625
