2.291015625
2.291015625
1.93701171875
2.424560546875
2.048828125
2.143798828125
1.820068359375
2.319091796875
2.01318359375
2.276123046875
1.746826171875
2.126953125
2.167236328125
2.629150390625
2.222900390625
2.4033203125
2.570068359375
2.193603515625
2.056884765625
2.22998046875
1.956787109375
2.607666015625
1.91162109375
2.3642578125
2.498779296875
2.18701171875
1.8251953125
2.136474609375
2.190185546875
1.9638671875
2.094482421875
2.319091796875
2.376953125
2.35595703125
2.035888671875
2.20263671875
2.1357421875
1.84033203125
1.720947265625
2.339599609375
2.274658203125
1.9736328125
2.05908203125
2.15087890625
2.0029296875
2.202880859375
2.0341796875
2.04248046875
2.2177734375
2.47509765625
1.974853515625
1.669921875
2.043212890625
1.99609375
2.458740234375
2.06884765625
2.3310546875
2.025390625
1.831298828125
2.18798828125
2.092041015625
1.95263671875
1.933349609375
1.93994140625
2.08203125
2.099609375
2.01416015625
2.08349609375
2.1875
2.15576171875
2.1865234375
2.354736328125
2.090087890625
2.078369140625
2.38720703125
2.2529296875
1.9482421875
1.82080078125
2.021728515625
2.13671875
1.947265625
2.125
2.1142578125
1.950439453125
2.23974609375
1.6943359375
2.07763671875
1.910400390625
2.1318359375
2.31689453125
1.909912109375
2.241455078125
2.319580078125
2.1533203125
2.443603515625
2.232177734375
2.087646484375
1.92333984375
2.069091796875
2.07861328125
2.383544921875
2.205810546875
1.98193359375
1.822021484375
2.510986328125
2.17333984375
2.01416015625
2.228515625
2.211669921875
2.25439453125
2.428955078125
2.0224609375
2.0146484375
2.04443359375
2.09375
2.464111328125
2.164306640625
1.8671875
2.1748046875
2.427001953125
2.16455078125
1.792724609375
2.256591796875
1.69580078125
2.17236328125
2.069091796875
2.29443359375
1.927734375
2.32666015625
2.218017578125
2.2158203125
2.12939453125
2.08740234375
2.114990234375
2.375732421875
1.969970703125
2.2626953125
1.999267578125
2.200927734375
2.255615234375
2.274169921875
2.074951171875
2.515625
2.154541015625
2.021240234375
2.02197265625
2.09814453125
2.25
1.830322265625
2.4658203125
2.30859375
2.2470703125
1.874755859375
2.218017578125
2.343017578125
2.084716796875
2.07666015625
1.939453125
2.40478515625
2.514892578125
2.44140625
2.259033203125
2.077392578125
2.053955078125
1.948486328125
2.44677734375
2.063720703125
2.09130859375
2.414306640625
2.171875
2.139404296875
2.05126953125
2.033935546875
2.01123046875
2.330322265625
2.127685546875
1.859375
2.03564453125
2.075439453125
2.056884765625
2.168701171875
2.2041015625
1.5830078125
2.1240234375
2.33984375
1.90966796875
2.263671875
1.872802734375
2.107177734375
2.096435546875
2.4267578125
2.05224609375
2.009765625
1.813232421875
2.1669921875
2.4794921875
2.0947265625
1.93896484375
2.30859375
2.182373046875
2.043701171875
2.25
2.00634765625
2.205078125
2.294677734375
2.087646484375
2.0205078125
2.139892578125
2.24267578125
2.239501953125
2.294189453125
1.94287109375
2.208251953125
2.001953125
2.2333984375
2.515380859375
2.22900390625
2.17138671875
2.267822265625
2.204833984375
1.784423828125
2.0859375
2.10693359375
2.286376953125
2.238525390625
2.189697265625
2.3115234375
1.767822265625
1.8203125
2.306396484375
2.049072265625
2.323974609375
2.11572265625
1.605712890625
2.076416015625
2.4609375
2.168701171875
2.420654296875
2.188232421875
1.868408203125
2.0927734375
2.14892578125
2.2265625
2.265380859375
1.969970703125
2.447021484375
2.291259765625
2.37158203125
2.337890625
2.19482421875
2.64208984375
2.193115234375
2.262451171875
2.384521484375
2.03271484375
2.08447265625
2.472900390625
2.38330078125
2.133544921875
2.1552734375
2.001708984375
2.547607421875
2.393310546875
2.2783203125
2.218505859375
2.06787109375
1.680419921875
2.099853515625
1.7177734375
1.62890625
2.494873046875
2.27734375
2.21142578125
2.408203125
2.059326171875
2.16796875
2.077880859375
2.461181640625
2.114501953125
2.1689453125
1.9169921875
2.10400390625
1.93896484375
2.037841796875
1.959716796875
2.265380859375
2.20654296875
1.97802734375
2.3203125
2.363525390625
2.48486328125
2.1845703125
2.31005859375
2.299072265625
2.285888671875
2.208740234375
2.485107421875
2.08056640625
1.855712890625
2.1787109375
2.1953125
2.439208984375
2.20458984375
2.08984375
2.031982421875
2.403564453125
1.942626953125
2.549560546875
1.97705078125
2.251708984375
2.48095703125
1.923095703125
2.268798828125
2.176513671875
1.95556640625
2.20751953125
1.831298828125
2.396240234375
2.406982421875
2.38037109375
2.326171875
2.27392578125
1.935302734375
2.08154296875
2.099365234375
1.93115234375
2.31298828125
2.69140625
2.14453125
2.10498046875
2.436279296875
2.31201171875
2.32763671875
2.087646484375
2.05810546875
1.948974609375
1.866943359375
2.153564453125
2.082275390625
1.84716796875
2.498291015625
1.8505859375
2.090087890625
2.173828125
2.07958984375
2.257080078125
2.1767578125
2.2880859375
2.11767578125
2.0234375
2.109130859375
2.297119140625
1.99267578125
2.4482421875
2.32080078125
2.195556640625
1.907958984375
2.17822265625
2.257568359375
2.300537109375
1.966796875
2.259765625
2.52587890625
2.326904296875
2.105224609375
1.73828125
2.21630859375
2.32177734375
2.22607421875
1.803466796875
2.31005859375
2.255126953125
2.033935546875
1.94970703125
2.2314453125
2.19873046875
1.982666015625
2.383056640625
1.843017578125
2.257568359375
2.19091796875
2.49755859375
2.27099609375
2.474609375
2.14794921875
2.62451171875
2.104736328125
2.1181640625
1.95263671875
2.235107421875
2.222412109375
2.152099609375
2.080322265625
1.90771484375
1.927001953125
2.28173828125
2.37109375
2.15673828125
2.029296875
2.32421875
2.191162109375
2.125
2.21875
1.938720703125
2.134521484375
2.149658203125
2.275634765625
2.25244140625
2.114990234375
2.12548828125
2.338623046875
2.2294921875
2.19384765625
1.9501953125
2.040283203125
2.448974609375
2.24609375
2.1689453125
2.473388671875
2.34130859375
2.14599609375
2.562744140625
2.333984375
2.302734375
2.248779296875
1.93603515625
2.477783203125
2.239013671875
2.11083984375
2.025390625
2.157470703125
2.120361328125
2.4140625
2.23291015625
2.299560546875
2.21533203125
2.348388671875
2.169189453125
2.06884765625
2.18798828125
2.052001953125
2.302734375
2.5185546875
1.998046875
1.967529296875
2.40673828125
2.53662109375
2.15185546875
2.057373046875
2.11669921875
2.252197265625
2.283935546875
1.885986328125
1.938720703125
2.392822265625
2.046142578125
2.281005859375
1.84814453125
1.976806640625
2.415283203125
2.123779296875
2.019287109375
2.114501953125
2.278564453125
2.30224609375
2.299560546875
1.983642578125
2.2431640625
2.225341796875
2.128662109375
2.111572265625
2.027099609375
2.26171875
2.09619140625
2.31201171875
2.20458984375
2.623046875
1.908935546875
1.927001953125
2.28857421875
2.099853515625
2.37353515625
1.938232421875
2.054931640625
1.972900390625
2.053955078125
2.1513671875
2.280029296875
1.93505859375
2.075439453125
2.2333984375
2.276123046875
2.106201171875
2.103271484375
2.381591796875
2.359130859375
2.217529296875
2.25927734375
2.2802734375
1.859619140625
2.26513671875
2.2177734375
2.11962890625
1.984619140625
2.15576171875
1.955078125
1.732421875
2.072021484375
2.056640625
1.691650390625
1.691162109375
1.92041015625
2.029052734375
2.35986328125
1.68017578125
2.29931640625
2.29296875
2.22265625
2.1318359375
2.36474609375
2.119873046875
2.174072265625
2.331787109375
2.0341796875
2.20556640625
2.372802734375
2.346435546875
2.0625
2.2001953125
1.666748046875
2.384521484375
2.43701171875
2.03369140625
2.284423828125
2.3134765625
2.003173828125
2.35009765625
2.3095703125
2.2265625
2.341064453125
1.756591796875
2.26904296875
2.37744140625
2.212890625
1.91162109375
2.254150390625
2.169189453125
2.2734375
2.197021484375
2.209716796875
2.262939453125
2.059326171875
2.3818359375
1.80908203125
2.271484375
2.321533203125
2.044677734375
2.144775390625
2.00732421875
2.097412109375
2.39208984375
2.3515625
2.37255859375
2.35888671875
2.08203125
2.059814453125
2.1220703125
2.078369140625
2.058837890625
2.165283203125
2.05810546875
2.11572265625
1.955322265625
2.0673828125
1.957763671875
2.09814453125
2.125244140625
2.1044921875
2.24951171875
2.278076171875
1.908203125
2.165771484375
2.077880859375
2.01513671875
1.988525390625
2.518798828125
1.97216796875
2.196533203125
1.781005859375
2.365478515625
1.764404296875
2.202392578125
2.1474609375
2.076171875
2.015625
2.072998046875
1.951171875
1.735595703125
1.924560546875
1.930419921875
2.384765625
1.944091796875
2.002197265625
2.283203125
2.075927734375
2.165283203125
1.707275390625
2.267578125
2.191162109375
2.087646484375
2.48876953125
2.034912109375
1.963134765625
2.26123046875
2.1826171875
2.0908203125
2.17822265625
1.736328125
2.011962890625
1.993408203125
2.078125
2.1005859375
2.02294921875
1.909912109375
2.376953125
2.26416015625
2.114013671875
2.278564453125
2.22998046875
1.987060546875
1.964111328125
2.04248046875
2.255615234375
2.199462890625
2.10107421875
2.375732421875
2.088134765625
1.97216796875
2.24951171875
1.83935546875
2.445068359375
2.250732421875
1.57373046875
1.90380859375
2.29638671875
2.0888671875
2.40234375
2.076171875
2.2353515625
2.34326171875
2.32666015625
2.119873046875
2.093505859375
2.33056640625
2.0732421875
2.328125
2.051025390625
2.022705078125
2.038818359375
2.3369140625
2.519287109375
1.7333984375
1.9169921875
2.36767578125
1.8681640625
2.20654296875
2.510498046875
2.35546875
2.4189453125
2.143310546875
1.91357421875
2.3125
2.142822265625
2.0048828125
1.89013671875
2.0234375
2.055419921875
2.208984375
1.91162109375
2.131591796875
2.038330078125
2.239990234375
2.195556640625
2.06982421875
2.16064453125
2.145263671875
2.086181640625
1.990234375
2.39697265625
2.14453125
2.151123046875
2.353271484375
2.05615234375
2.10107421875
2.118408203125
2.08740234375
2.06494140625
2.341796875
2.0693359375
2.128173828125
2.039306640625
2.396240234375
2.177490234375
2.57177734375
2.105712890625
2.35546875
2.1845703125
1.912841796875
2.068115234375
2.222900390625
2.213134765625
2.0986328125
1.931640625
2.225341796875
2.50927734375
2.28369140625
2.36279296875
2.03515625
2.484619140625
2.016845703125
2.422607421875
2.0146484375
2.2724609375
2.37890625
2.332763671875
2.20556640625
1.9765625
2.052978515625
1.994873046875
2.1513671875
2.083740234375
2.228759765625
2.08837890625
2.322998046875
1.986328125
2.104248046875
2.468994140625
2.281982421875
2.16943359375
2.105712890625
2.23193359375
2.30615234375
1.811279296875
2.375732421875
2.065185546875
1.675537109375
1.958740234375
2.07275390625
2.10498046875
2.197998046875
2.452392578125
2.333740234375
2.3095703125
2.511474609375
2.1015625
2.2685546875
2.416259765625
1.934326171875
1.965576171875
2.033203125
1.85009765625
1.977783203125
1.88671875
1.84375
2.229248046875
2.05712890625
2.1943359375
2.193603515625
2.17724609375
1.9296875
2.2373046875
2.01171875
2.329833984375
2.477294921875
2.04150390625
2.428955078125
2.224365234375
2.449951171875
2.33544921875
2.336181640625
2.062744140625
2.0771484375
2.424560546875
2.296630859375
2.251708984375
2.355224609375
2.222412109375
2.47021484375
2.27587890625
2.255859375
2.2197265625
2.096435546875
2.004150390625
2.01708984375
2.009765625
1.867919921875
2.33740234375
2.224365234375
2.073974609375
2.34423828125
2.37255859375
1.979248046875
2.001708984375
2.30615234375
2.25537109375
1.89697265625
1.955810546875
2.127197265625
1.782470703125
1.90625
2.35107421875
2.024658203125
1.823974609375
2.155029296875
1.988037109375
1.9775390625
2.17431640625
2.2158203125
2.027099609375
2.07568359375
2.450439453125
2.1630859375
1.975341796875
2.393798828125
2.111328125
2.26123046875
2.1826171875
1.9033203125
2.318603515625
2.0234375
2.183349609375
2.087158203125
2.038330078125
2.171630859375
2.1357421875
2.066162109375
2.013916015625
2.182373046875
2.116455078125
1.81103515625
2.115478515625
2.1611328125
2.142578125
2.24658203125
2.223388671875
1.95703125
2.348876953125
2.212890625
2.255615234375
2.0634765625
1.61962890625
1.959228515625
2.096923828125
2.080322265625
1.99072265625
1.931884765625
1.91845703125
1.833740234375
2.396240234375
2.111328125
1.897705078125
2.446533203125
2.205078125
2.23583984375
1.820556640625
1.829833984375
1.776611328125
1.961181640625
2.2138671875
1.99951171875
2.42431640625
2.22802734375
2.2568359375
1.918212890625
2.28759765625
2.04248046875
2.145263671875
2.087890625
2.3115234375
2.2314453125
2.0927734375
1.796630859375
2.12451171875
2.40966796875
1.832763671875
2.254638671875
2.158935546875
2.29150390625
2.07373046875
2.160400390625
2.189208984375
2.153076171875
2.2353515625
1.859130859375
2.033447265625
2.371826171875
2.014892578125
2.3056640625
2.4970703125
