0.276123046875
0.276123046875
0.276123046875
0.2939453125
0.345947265625
0.435791015625
0.2900390625
0.286376953125
0.327880859375
0.345458984375
0.3154296875
0.363525390625
0.327392578125
0.32421875
0.295654296875
0.33935546875
0.338623046875
0.35498046875
0.32861328125
0.31787109375
0.303466796875
0.158447265625
0.219482421875
0.330322265625
0.33056640625
0.171630859375
0.283203125
0.31201171875
0.26171875
0.17041015625
0.31494140625
0.2939453125
0.36328125
0.286865234375
0.3271484375
0.334228515625
0.388427734375
0.296875
0.408203125
0.27734375
0.286865234375
0.28466796875
0.243408203125
0.207275390625
0.278564453125
0.284912109375
0.2734375
0.306640625
0.376953125
0.322021484375
0.367919921875
0.34130859375
0.27490234375
0.28271484375
0.303955078125
0.270751953125
0.4560546875
0.31201171875
0.349853515625
0.238525390625
0.389892578125
0.2822265625
0.30078125
0.352783203125
0.33984375
0.39306640625
0.335693359375
0.343017578125
0.191650390625
0.30078125
0.161865234375
0.34814453125
0.254638671875
0.258056640625
0.255615234375
0.331298828125
0.362548828125
0.26953125
0.330078125
0.325927734375
0.38623046875
0.1708984375
0.251953125
0.301513671875
0.232666015625
0.282470703125
0.27783203125
0.233154296875
0.343017578125
0.323486328125
0.3134765625
0.276611328125
0.356689453125
0.2646484375
0.2646484375
0.386474609375
0.250244140625
0.396728515625
0.3623046875
0.28173828125
0.359375
0.3505859375
0.21484375
0.274658203125
0.3515625
0.3291015625
0.389892578125
0.32080078125
0.326171875
0.3427734375
0.29443359375
0.1806640625
0.3271484375
0.271240234375
0.26611328125
0.3291015625
0.339599609375
0.286376953125
0.281005859375
0.35302734375
0.3232421875
0.150146484375
0.191162109375
0.286865234375
0.360107421875
0.340576171875
0.30029296875
0.376708984375
0.270263671875
0.247802734375
0.173583984375
0.233154296875
0.395263671875
0.399658203125
0.361328125
0.347900390625
0.305908203125
0.26513671875
0.1962890625
0.3291015625
0.42626953125
0.55029296875
0.370849609375
0.3525390625
0.408935546875
0.28955078125
0.288818359375
0.35498046875
0.440673828125
0.25927734375
0.26220703125
0.311767578125
0.3388671875
0.2978515625
0.399169921875
0.322998046875
0.26318359375
0.42333984375
0.1875
0.38525390625
0.30126953125
0.271484375
0.346435546875
0.304443359375
0.3876953125
0.418212890625
0.37841796875
0.324951171875
0.44677734375
0.270751953125
0.2724609375
0.30615234375
0.330810546875
0.370849609375
0.300048828125
0.326171875
0.27587890625
0.446533203125
0.38037109375
0.241943359375
0.319580078125
0.271484375
0.30810546875
0.369384765625
0.20849609375
0.293212890625
0.34326171875
0.385986328125
0.390625
0.340087890625
0.385009765625
0.236572265625
0.362548828125
0.263916015625
0.2958984375
0.380126953125
0.3818359375
0.328369140625
0.306640625
0.33544921875
0.3662109375
0.14794921875
0.214599609375
0.3232421875
0.32470703125
0.460205078125
0.460205078125
0.341552734375
0.21240234375
0.28662109375
0.334228515625
0.334228515625
0.286865234375
0.328857421875
0.312744140625
0.31640625
0.318603515625
0.256103515625
0.44384765625
0.341796875
0.286865234375
0.31103515625
0.4267578125
0.350830078125
0.3447265625
0.307861328125
0.367919921875
0.2236328125
0.381591796875
0.335205078125
0.30224609375
0.25927734375
0.3056640625
0.344482421875
0.295654296875
0.247802734375
0.2607421875
0.31689453125
0.390380859375
0.398681640625
0.393798828125
0.181640625
0.420166015625
0.386474609375
0.301513671875
0.35107421875
0.237548828125
0.35107421875
0.321044921875
0.356201171875
0.23974609375
0.185546875
0.269775390625
0.35205078125
0.42919921875
0.3671875
0.289306640625
0.266357421875
0.331298828125
0.30126953125
0.218994140625
0.31689453125
0.452392578125
0.30615234375
0.377197265625
0.428466796875
0.341552734375
0.17919921875
0.25341796875
0.417724609375
0.414306640625
0.32666015625
0.39990234375
0.37255859375
0.335693359375
0.311767578125
0.28564453125
0.35986328125
0.274658203125
0.2783203125
0.33154296875
0.199951171875
0.3173828125
0.342041015625
0.31591796875
0.19384765625
0.212646484375
0.327392578125
0.26611328125
0.305419921875
0.3720703125
0.2763671875
0.287353515625
0.408447265625
0.311279296875
0.413818359375
0.365966796875
0.446533203125
0.437255859375
0.266357421875
0.291015625
0.27294921875
0.224609375
0.39208984375
0.234130859375
0.294677734375
0.3134765625
0.37744140625
0.2900390625
0.307373046875
0.31005859375
0.28662109375
0.311767578125
0.375244140625
0.315185546875
0.29248046875
0.2900390625
0.324951171875
0.3486328125
0.292236328125
0.39208984375
0.45703125
0.31640625
0.29833984375
0.484619140625
0.335693359375
0.375732421875
0.310791015625
0.25634765625
0.3115234375
0.182373046875
0.383544921875
0.23388671875
0.29248046875
0.33740234375
0.34912109375
0.41552734375
0.2724609375
0.228271484375
0.18701171875
0.185302734375
0.176025390625
0.388671875
0.28466796875
0.2939453125
0.352783203125
0.39208984375
0.185302734375
0.185791015625
0.30224609375
0.239990234375
0.2373046875
0.167724609375
0.2529296875
0.403076171875
0.330078125
0.342529296875
0.427001953125
0.472900390625
0.33203125
0.340576171875
0.361328125
0.47119140625
0.349853515625
0.24462890625
0.4189453125
0.4013671875
0.158935546875
0.31396484375
0.355712890625
0.326416015625
0.359619140625
0.22607421875
0.376953125
0.2900390625
0.315673828125
0.2333984375
0.416015625
0.20751953125
0.36181640625
0.34130859375
0.265625
0.330078125
0.394287109375
0.369140625
0.254638671875
0.423583984375
0.387939453125
0.270263671875
0.162109375
0.245849609375
0.384521484375
0.3583984375
0.16015625
0.22509765625
0.30859375
0.2900390625
0.30859375
0.331298828125
0.37548828125
0.40673828125
0.218017578125
0.319580078125
0.347900390625
0.277587890625
0.2744140625
0.353759765625
0.347900390625
0.33935546875
0.351318359375
0.246826171875
0.30615234375
0.273193359375
0.36328125
0.32080078125
0.256103515625
0.373291015625
0.26416015625
0.279052734375
0.308349609375
0.299560546875
0.3701171875
0.40185546875
0.221435546875
0.33642578125
0.199951171875
0.228515625
0.256591796875
0.280517578125
0.500244140625
0.211669921875
0.314697265625
0.32275390625
0.361083984375
0.30126953125
0.27001953125
0.345947265625
0.281494140625
0.380859375
0.347412109375
0.27734375
0.294921875
0.35498046875
0.35009765625
0.1923828125
0.33984375
0.4326171875
0.364013671875
0.28662109375
0.394775390625
0.293701171875
0.26220703125
0.428955078125
0.309326171875
0.468505859375
0.340576171875
0.311767578125
0.357666015625
0.381591796875
0.309814453125
0.477783203125
0.38232421875
0.31591796875
0.323974609375
0.317626953125
0.389892578125
0.361572265625
0.25927734375
0.339599609375
0.3251953125
0.32763671875
0.3427734375
0.166748046875
0.4228515625
0.164306640625
0.298583984375
0.24755859375
0.285888671875
0.29052734375
0.31396484375
0.27392578125
0.314697265625
0.330810546875
0.234619140625
0.384033203125
0.3291015625
0.309326171875
0.30810546875
0.410400390625
0.377685546875
0.246826171875
0.268310546875
0.28466796875
0.281005859375
0.208984375
0.3232421875
0.289794921875
0.3232421875
0.282470703125
0.285400390625
0.36669921875
0.170166015625
0.411865234375
0.282958984375
0.3642578125
0.3525390625
0.340576171875
0.367431640625
0.3232421875
0.3037109375
0.304443359375
0.406982421875
0.353515625
0.2451171875
0.412841796875
0.275146484375
0.459716796875
0.210693359375
0.2734375
0.338134765625
0.322998046875
0.34765625
0.390625
0.385986328125
0.2919921875
0.20654296875
0.191650390625
0.296630859375
0.393310546875
0.16015625
0.347412109375
0.3828125
0.36181640625
0.340576171875
0.47265625
0.281982421875
0.3193359375
0.279052734375
0.18408203125
0.359619140625
0.434814453125
0.406005859375
0.25048828125
0.2509765625
0.227783203125
0.3681640625
0.36328125
0.389404296875
0.400146484375
0.335205078125
0.30859375
0.338623046875
0.39111328125
0.375244140625
0.347412109375
0.38818359375
0.252197265625
0.26806640625
0.268310546875
0.2705078125
0.23388671875
0.4208984375
0.30908203125
0.33642578125
0.206787109375
0.2490234375
0.1630859375
0.388916015625
0.233154296875
0.278076171875
0.3740234375
0.385498046875
0.39208984375
0.24365234375
0.344482421875
0.293212890625
0.3017578125
0.331298828125
0.307861328125
0.32568359375
0.353759765625
0.304443359375
0.275390625
0.250244140625
0.398681640625
0.29833984375
0.346435546875
0.326904296875
0.300537109375
0.521728515625
0.141357421875
0.260009765625
0.409912109375
0.360595703125
0.247314453125
0.32568359375
0.42578125
0.32470703125
0.22998046875
0.37548828125
0.33349609375
0.284423828125
0.270751953125
0.41943359375
0.4375
0.283203125
0.339111328125
0.314697265625
0.15234375
0.38330078125
0.2998046875
0.232666015625
0.29052734375
0.367919921875
0.326171875
0.35693359375
0.41650390625
0.33740234375
0.249755859375
0.202392578125
0.302978515625
0.272705078125
0.368408203125
0.14990234375
0.418701171875
0.266845703125
0.346435546875
0.440185546875
0.285888671875
0.187744140625
0.331787109375
0.3486328125
0.187255859375
0.266845703125
0.229248046875
0.32958984375
0.295654296875
0.3720703125
0.2001953125
0.34765625
0.310791015625
0.281494140625
0.310546875
0.473388671875
0.3505859375
0.312744140625
0.30078125
0.37939453125
0.34130859375
0.3955078125
0.380859375
0.3857421875
0.222900390625
0.51904296875
0.34521484375
0.418212890625
0.474609375
0.403076171875
0.322509765625
0.265380859375
0.416259765625
0.20849609375
0.30078125
0.21435546875
0.39697265625
0.50341796875
0.25048828125
0.34619140625
0.2587890625
0.364501953125
0.355712890625
0.32080078125
0.376708984375
0.287841796875
0.263671875
0.213623046875
0.337890625
0.371826171875
0.370849609375
0.314697265625
0.353759765625
0.22119140625
0.36181640625
0.302001953125
0.2275390625
0.344482421875
0.363525390625
0.3701171875
0.316650390625
0.3974609375
0.34912109375
0.311767578125
0.3876953125
0.20654296875
0.281494140625
0.45947265625
0.16552734375
0.18505859375
0.36083984375
0.366455078125
0.431640625
0.376220703125
0.32861328125
0.188720703125
0.1572265625
0.363037109375
0.16845703125
0.223388671875
0.318603515625
0.218994140625
0.296142578125
0.28125
0.355224609375
0.390380859375
0.317626953125
0.385009765625
0.2939453125
0.314453125
0.388427734375
0.364501953125
0.4326171875
0.45361328125
0.398193359375
0.30517578125
0.265625
0.35693359375
0.35791015625
0.24755859375
0.34619140625
0.22314453125
0.3125
0.198974609375
0.318359375
0.39208984375
0.370849609375
0.343505859375
0.299560546875
0.386474609375
0.34765625
0.35888671875
0.296630859375
0.573974609375
0.340087890625
0.4833984375
0.29638671875
0.382080078125
0.3359375
0.194580078125
0.4287109375
0.2705078125
0.284423828125
0.398681640625
0.319580078125
0.314208984375
0.275146484375
0.373779296875
0.302490234375
0.36376953125
0.488037109375
0.3369140625
0.247314453125
0.29345703125
0.269287109375
0.364990234375
0.346435546875
0.31640625
0.251220703125
0.331298828125
0.33984375
0.298583984375
0.369384765625
0.28466796875
0.443603515625
0.290771484375
0.405517578125
0.2666015625
0.287353515625
0.30712890625
0.2998046875
0.273193359375
0.26416015625
0.4033203125
0.34423828125
0.25390625
0.226806640625
0.320556640625
0.26123046875
0.295166015625
0.34619140625
0.24951171875
0.5048828125
0.30078125
0.345703125
0.288330078125
0.43798828125
0.358154296875
0.2353515625
0.35595703125
0.394775390625
0.285400390625
0.4873046875
0.371826171875
0.326416015625
0.30859375
0.519775390625
0.333984375
0.36767578125
0.334228515625
0.291015625
0.392333984375
0.349853515625
0.344970703125
0.304443359375
0.322265625
0.27734375
0.364501953125
0.37353515625
0.3564453125
0.2734375
0.292236328125
0.3173828125
0.3076171875
0.29150390625
0.37890625
0.349853515625
0.236572265625
0.2314453125
0.3046875
0.3046875
0.407470703125
0.2177734375
0.35595703125
0.364990234375
0.1982421875
0.311279296875
0.400634765625
0.326171875
0.41162109375
0.275146484375
0.3173828125
0.281494140625
0.336669921875
0.308349609375
0.30029296875
0.385009765625
0.267822265625
0.3251953125
0.40576171875
0.366455078125
0.384033203125
0.335205078125
0.275146484375
0.399169921875
0.381591796875
0.1982421875
0.320556640625
0.424072265625
0.339599609375
0.26416015625
0.15185546875
0.379150390625
0.146484375
0.218017578125
0.258544921875
0.311767578125
0.279541015625
0.36474609375
0.2880859375
0.348876953125
0.240234375
0.278076171875
0.37841796875
0.329345703125
0.256103515625
0.36328125
0.3134765625
0.32275390625
0.37255859375
0.3017578125
0.3193359375
0.285888671875
0.318359375
0.299560546875
0.344970703125
0.33984375
0.27197265625
0.4130859375
0.295166015625
0.3408203125
0.29638671875
0.315673828125
0.3251953125
0.3837890625
0.31103515625
0.316650390625
0.22314453125
0.36181640625
0.270751953125
0.310302734375
0.168212890625
0.4521484375
0.32861328125
0.38623046875
0.370361328125
0.317626953125
0.38720703125
0.340087890625
0.244873046875
0.3759765625
0.333251953125
