1.75634765625
1.75634765625
1.75634765625
1.82763671875
1.670166015625
1.86279296875
1.9326171875
2.028076171875
1.61962890625
2.169921875
1.865966796875
1.86962890625
1.813232421875
1.943359375
1.66064453125
1.60546875
1.88671875
1.851806640625
2.02294921875
1.720458984375
1.843017578125
1.326416015625
1.63037109375
1.6806640625
1.943115234375
1.29638671875
1.626220703125
1.59326171875
2.048828125
1.405029296875
1.62890625
1.90771484375
1.816162109375
1.568359375
1.661865234375
2.18994140625
2.1416015625
1.550048828125
1.746826171875
1.851318359375
1.5634765625
1.631103515625
1.447998046875
1.67626953125
1.94384765625
1.865478515625
1.766357421875
1.795654296875
1.970458984375
2.048828125
1.84326171875
1.576416015625
1.64599609375
1.84423828125
1.592041015625
1.951416015625
1.760986328125
1.880859375
1.668212890625
1.59326171875
1.7333984375
1.746826171875
1.693603515625
1.60302734375
1.95849609375
1.551513671875
2.041748046875
1.6396484375
1.390380859375
1.74609375
1.205322265625
1.547119140625
1.50146484375
1.4775390625
1.62841796875
1.631103515625
1.9716796875
1.785888671875
1.758056640625
1.57861328125
2.14013671875
1.388671875
1.422607421875
1.524169921875
1.4580078125
1.548095703125
1.6494140625
1.822509765625
1.739990234375
1.582275390625
1.708251953125
1.56982421875
1.8349609375
1.379150390625
1.454833984375
1.68896484375
1.5830078125
1.813720703125
1.955322265625
1.630859375
1.643798828125
1.754638671875
1.460205078125
1.71728515625
1.577392578125
1.605712890625
1.766845703125
1.624755859375
1.86572265625
1.61328125
1.801025390625
1.33642578125
1.748779296875
1.91162109375
1.554931640625
2.230224609375
1.862548828125
1.771484375
1.890625
1.8388671875
1.676513671875
1.2861328125
1.41845703125
1.7861328125
1.613525390625
1.8388671875
1.87548828125
1.607421875
1.86962890625
1.735595703125
1.43603515625
1.78857421875
1.85986328125
1.8212890625
1.662109375
1.67041015625
1.824462890625
1.80078125
1.37353515625
1.89501953125
1.729736328125
1.628662109375
1.72705078125
1.787109375
1.77197265625
1.645751953125
1.76513671875
1.894775390625
1.97900390625
1.712646484375
1.608642578125
1.7275390625
1.763916015625
1.86767578125
1.789794921875
1.908935546875
1.623291015625
1.703857421875
1.476318359375
1.647705078125
1.5849609375
1.58544921875
1.902099609375
1.43212890625
1.699951171875
1.674072265625
2.039306640625
1.740478515625
1.97021484375
2.20751953125
1.6162109375
1.448486328125
1.62255859375
1.97216796875
1.850830078125
2.110595703125
1.8876953125
1.65234375
1.576171875
1.53125
1.559814453125
1.76904296875
1.7998046875
2.00439453125
1.544677734375
1.87646484375
1.702880859375
2.02001953125
1.90966796875
2.127197265625
1.633544921875
1.473876953125
1.618896484375
1.86767578125
1.536865234375
1.70849609375
1.506591796875
1.91015625
1.61279296875
1.372802734375
1.832275390625
1.254150390625
1.60986328125
1.556640625
1.688232421875
1.633056640625
1.453369140625
1.773193359375
1.447509765625
1.91015625
1.662109375
1.951904296875
1.672119140625
1.921875
1.825927734375
2.0615234375
1.827392578125
1.5625
1.701416015625
1.624267578125
1.5205078125
1.559326171875
1.84326171875
1.7666015625
1.973876953125
1.742919921875
1.8388671875
1.80322265625
1.903076171875
1.77490234375
1.582763671875
1.61279296875
1.44873046875
1.818359375
1.89404296875
1.617431640625
1.76611328125
1.88232421875
1.859619140625
1.84130859375
1.884521484375
1.50244140625
1.78076171875
1.785400390625
1.801025390625
1.422119140625
1.519287109375
1.62255859375
1.780029296875
1.6416015625
1.54541015625
1.48779296875
1.505126953125
1.66845703125
1.732666015625
2.002685546875
1.554443359375
1.6455078125
1.822509765625
1.884033203125
1.56689453125
1.84912109375
1.877685546875
1.865478515625
1.850341796875
1.573974609375
2.01806640625
1.32421875
1.56689453125
2.158935546875
1.95361328125
1.714111328125
1.6669921875
1.937744140625
2.00146484375
2.054443359375
1.63623046875
1.550537109375
1.637451171875
1.47021484375
1.659423828125
1.54541015625
1.98486328125
1.807373046875
1.921630859375
1.45361328125
1.614013671875
2.06103515625
1.772216796875
1.7001953125
1.75048828125
1.5810546875
1.480712890625
1.834228515625
1.89599609375
1.6337890625
1.697021484375
1.828857421875
1.69482421875
1.78955078125
1.840087890625
1.87646484375
1.57275390625
1.680419921875
1.6953125
1.679443359375
1.6982421875
1.912109375
1.802001953125
1.999755859375
2.10302734375
1.528564453125
2.00341796875
1.7666015625
1.734375
1.804443359375
1.781494140625
1.952880859375
1.810791015625
1.84326171875
1.92822265625
1.900146484375
1.51708984375
1.590576171875
1.715087890625
1.878173828125
1.757080078125
1.72900390625
1.504150390625
1.900146484375
1.40234375
1.60888671875
1.657470703125
1.884033203125
1.658203125
1.790771484375
1.869384765625
1.613525390625
1.410888671875
1.545166015625
1.489501953125
1.351318359375
1.984375
1.46826171875
1.790771484375
1.922119140625
1.677734375
1.5068359375
1.526611328125
1.67041015625
1.838623046875
1.43603515625
1.177001953125
1.75537109375
1.637451171875
1.893310546875
1.57421875
1.722900390625
2.032958984375
2.004150390625
1.83203125
1.537109375
2.07275390625
1.8642578125
1.48583984375
1.872802734375
1.859619140625
1.388671875
1.84814453125
1.949462890625
1.8427734375
1.6552734375
1.611572265625
1.843994140625
2.028076171875
1.585693359375
1.392578125
1.723876953125
1.39208984375
1.93505859375
1.832275390625
1.56201171875
1.440673828125
1.7021484375
1.92041015625
1.613037109375
1.760498046875
1.8740234375
1.618896484375
1.330078125
1.5244140625
1.666015625
1.677978515625
1.44189453125
1.588134765625
1.847900390625
1.802490234375
1.882080078125
1.6728515625
1.779052734375
1.9716796875
1.472900390625
1.937744140625
1.79150390625
1.839111328125
1.43310546875
1.5888671875
1.9990234375
2.036865234375
1.92138671875
1.451171875
1.824951171875
1.66259765625
1.72607421875
1.7412109375
1.824951171875
1.89306640625
1.783203125
1.6513671875
1.90966796875
1.54248046875
2.134765625
1.9501953125
1.623779296875
1.914306640625
1.328369140625
1.4833984375
1.68212890625
1.8076171875
1.831298828125
1.594482421875
1.98876953125
1.76953125
1.793701171875
1.8154296875
1.70654296875
1.76171875
1.93798828125
1.827392578125
1.884521484375
2.006103515625
1.814208984375
1.952392578125
1.71826171875
1.3876953125
1.612060546875
2.263671875
1.641357421875
1.833740234375
1.83544921875
1.47607421875
1.894775390625
2.135986328125
1.533447265625
1.6083984375
1.85107421875
1.4697265625
1.954345703125
1.7646484375
1.6943359375
1.629150390625
1.62255859375
1.616943359375
2.04345703125
1.666259765625
1.943115234375
1.65380859375
1.666015625
1.896728515625
1.740966796875
1.88427734375
1.98974609375
1.44287109375
2.007080078125
1.47412109375
1.933349609375
1.757568359375
1.780517578125
1.66357421875
1.797119140625
1.912353515625
1.676513671875
1.693603515625
1.545166015625
1.861083984375
1.619384765625
1.89013671875
1.69482421875
1.774169921875
1.84765625
1.75
1.576171875
1.82958984375
2.0244140625
1.34521484375
1.521728515625
1.797607421875
1.85009765625
1.509521484375
1.54443359375
1.72900390625
1.195068359375
1.7978515625
1.748046875
1.703857421875
1.68798828125
1.952880859375
1.78857421875
1.69775390625
1.8095703125
1.87060546875
1.900146484375
1.887939453125
1.4140625
1.441650390625
1.783203125
1.641845703125
1.313232421875
1.720458984375
1.802001953125
1.67919921875
1.946044921875
1.7841796875
1.880615234375
1.654052734375
1.543212890625
1.549560546875
1.756591796875
1.851806640625
1.376220703125
1.910400390625
1.390380859375
1.73779296875
1.705810546875
1.703125
1.47021484375
1.78076171875
1.719970703125
1.494140625
1.8896484375
1.89599609375
2.058837890625
1.401123046875
1.782958984375
1.43603515625
1.88671875
1.843994140625
1.777587890625
1.636474609375
1.7255859375
1.6943359375
1.87744140625
1.9501953125
1.744384765625
1.936767578125
1.8623046875
1.77001953125
1.937255859375
1.505859375
1.55859375
1.907958984375
1.684814453125
1.799560546875
1.90625
1.50146484375
1.56005859375
1.449462890625
1.71728515625
1.429443359375
1.951171875
1.892333984375
1.776123046875
1.64404296875
1.6630859375
1.859375
1.78466796875
1.910400390625
1.934326171875
2.02978515625
1.580810546875
1.721923828125
1.6357421875
1.79638671875
1.522705078125
1.9951171875
1.546875
1.916259765625
1.8134765625
1.880126953125
1.656494140625
1.19482421875
1.44775390625
1.86865234375
1.757080078125
1.775390625
1.85986328125
1.648193359375
1.58154296875
1.827392578125
1.91259765625
1.799560546875
1.720947265625
1.825439453125
1.824462890625
1.715087890625
1.6220703125
1.939208984375
1.78662109375
1.29248046875
1.640625
1.9453125
1.44140625
1.800537109375
1.82666015625
1.549560546875
1.592041015625
1.728759765625
1.65966796875
1.508544921875
1.524658203125
1.791748046875
1.91015625
1.8583984375
1.111083984375
2.031982421875
1.7587890625
1.74609375
1.73388671875
1.750732421875
1.393798828125
1.810791015625
1.58349609375
1.42236328125
1.656494140625
1.409423828125
1.792236328125
1.682373046875
1.72021484375
1.43017578125
1.819091796875
1.84326171875
1.596923828125
1.915283203125
1.721435546875
1.610107421875
1.730712890625
1.58203125
1.797607421875
1.772705078125
1.85986328125
1.774658203125
1.8994140625
1.6796875
1.739013671875
1.868408203125
1.556884765625
1.57470703125
1.934326171875
1.579833984375
1.95166015625
1.8896484375
1.40380859375
1.5703125
1.5380859375
2.0029296875
1.717041015625
1.61083984375
1.412353515625
1.7685546875
1.8837890625
1.70361328125
1.67822265625
1.484375
1.806640625
1.548583984375
1.6181640625
1.6474609375
1.799072265625
1.71484375
1.465087890625
1.942138671875
1.60791015625
1.74365234375
1.775634765625
1.65576171875
1.7724609375
1.619873046875
1.661376953125
1.537109375
1.942626953125
1.5966796875
1.824951171875
1.621826171875
1.281982421875
1.749755859375
1.803466796875
1.341552734375
1.48779296875
1.975341796875
1.725830078125
1.6142578125
1.80322265625
1.648681640625
1.441162109375
1.218017578125
2.02783203125
1.4697265625
1.39892578125
1.6708984375
1.614501953125
1.616455078125
1.541015625
1.745849609375
1.79931640625
1.748779296875
2.0107421875
1.845703125
1.828369140625
1.6669921875
1.703369140625
1.739013671875
1.7705078125
1.5869140625
1.884521484375
1.8544921875
1.943359375
1.990966796875
1.4609375
2.125
1.859619140625
1.899169921875
1.35498046875
1.86865234375
1.603271484375
1.923095703125
1.65234375
1.88720703125
1.656005859375
1.72265625
1.70556640625
1.757080078125
1.653076171875
1.71484375
1.7568359375
1.37060546875
1.775634765625
1.863525390625
1.444091796875
1.90771484375
1.7470703125
1.757080078125
1.82568359375
1.828125
1.968017578125
1.75732421875
1.555908203125
1.710693359375
1.520263671875
1.817626953125
1.768798828125
1.77783203125
1.461181640625
1.5419921875
1.972412109375
1.8369140625
1.720458984375
1.538330078125
1.8515625
1.91650390625
1.8603515625
1.9287109375
1.84375
1.78759765625
1.856689453125
1.87548828125
1.451904296875
1.787353515625
1.806396484375
1.864501953125
1.69873046875
1.5126953125
1.857666015625
1.763427734375
1.88818359375
1.668701171875
1.874755859375
1.710205078125
1.567626953125
1.6943359375
1.834228515625
1.90234375
1.8369140625
1.802001953125
1.5439453125
1.88134765625
1.806640625
1.681884765625
1.739990234375
2.024658203125
1.775634765625
1.831787109375
1.990234375
2.062255859375
1.7578125
1.80712890625
1.845458984375
1.89306640625
1.682861328125
1.83056640625
2.08642578125
2.0078125
1.935546875
1.60107421875
1.626708984375
1.64892578125
1.908447265625
1.90966796875
1.657470703125
1.923583984375
2.047119140625
1.655517578125
1.660888671875
1.600341796875
1.90869140625
1.753173828125
1.528076171875
1.446533203125
1.953125
1.713623046875
1.76123046875
1.47802734375
1.88232421875
1.726318359375
1.545166015625
1.71875
2.074951171875
1.64697265625
1.85986328125
1.72705078125
1.814208984375
1.66259765625
1.900634765625
1.913330078125
1.924560546875
1.8701171875
1.79931640625
1.616943359375
1.762451171875
1.87841796875
1.641845703125
1.549072265625
1.732666015625
2.02734375
1.8505859375
1.61669921875
1.741943359375
2.010498046875
1.73193359375
1.603759765625
1.389892578125
1.708251953125
1.319580078125
1.4404296875
1.766357421875
1.81640625
1.63037109375
1.801513671875
1.80322265625
1.810302734375
1.462646484375
1.884765625
1.830810546875
1.77587890625
1.564697265625
1.637939453125
1.432861328125
1.478515625
1.586181640625
1.59326171875
1.7314453125
1.802001953125
1.888916015625
1.773681640625
1.74072265625
1.70849609375
1.557861328125
1.756591796875
1.9609375
1.522705078125
1.777587890625
1.82763671875
1.877685546875
1.8251953125
1.700439453125
1.580322265625
1.60498046875
1.906494140625
1.899658203125
1.776123046875
1.423095703125
1.951904296875
1.88916015625
1.909912109375
1.68798828125
1.68505859375
1.925537109375
1.6904296875
1.46875
1.747802734375
1.5361328125
