1.86083984375
2.001953125
2.006103515625
2.233642578125
2.057373046875
2.06591796875
2.145263671875
1.877197265625
2.267578125
2.269287109375
2.042724609375
1.8720703125
2.054443359375
2.32568359375
2.265869140625
2.144775390625
2.3369140625
1.956787109375
2.39794921875
2.5244140625
2.283447265625
2.283447265625
2.360595703125
2.1884765625
2.3486328125
2.3388671875
2.332275390625
2.138671875
2.24755859375
2.311279296875
2.035888671875
2.39501953125
2.258544921875
2.10302734375
2.1357421875
1.532958984375
2.40478515625
1.689208984375
2.065185546875
2.240234375
2.009521484375
2.17626953125
1.955810546875
2.3271484375
2.18359375
2.22216796875
2.330322265625
2.08251953125
2.139892578125
1.902099609375
2.094970703125
1.99609375
1.96826171875
2.2001953125
2.341796875
2.090087890625
2.484619140625
1.8095703125
2.36865234375
2.2802734375
2.0576171875
2.039794921875
1.877685546875
2.30517578125
1.972412109375
2.450439453125
2.21533203125
2.289306640625
2.107177734375
2.2265625
2.07470703125
2.216796875
2.255615234375
2.13525390625
2.170654296875
1.825439453125
2.298583984375
1.72607421875
2.29638671875
2.31982421875
1.988037109375
2.253662109375
2.279052734375
2.38720703125
1.885009765625
2.2822265625
2.296630859375
2.009765625
1.9794921875
1.970458984375
2.23779296875
2.117919921875
1.954833984375
2.383544921875
2.33447265625
2.07568359375
1.864013671875
2.36669921875
1.876220703125
1.994140625
2.03955078125
2.367919921875
2.19580078125
2.232177734375
2.261962890625
2.287353515625
2.110107421875
2.299072265625
2.068359375
2.125732421875
1.989501953125
1.441162109375
1.96826171875
2.244384765625
1.808349609375
2.130126953125
2.248046875
1.76171875
1.843017578125
2.162353515625
2.21875
1.825927734375
2.260498046875
2.40771484375
2.31494140625
2.144287109375
2.120361328125
1.850341796875
1.968505859375
2.256591796875
2.4482421875
2.266357421875
1.69580078125
1.8720703125
2.00830078125
1.9990234375
2.02392578125
1.8671875
1.969970703125
2.2421875
2.25634765625
2.329833984375
2.0322265625
1.889404296875
2.34912109375
2.0634765625
2.224609375
2.345947265625
2.220458984375
1.836181640625
2.21826171875
1.996337890625
2.389404296875
2.332275390625
2.16748046875
2.262939453125
2.10693359375
2.249755859375
2.18994140625
2.084716796875
1.83984375
2.400146484375
2.226806640625
2.241455078125
2.192626953125
2.011962890625
2.17626953125
1.58984375
2.2294921875
2.18115234375
2.1826171875
1.841064453125
1.99169921875
2.010498046875
1.9306640625
2.260986328125
1.861083984375
2.000244140625
1.894775390625
1.92333984375
2.0927734375
2.188232421875
2.155517578125
1.874755859375
2.159423828125
2.154296875
2.3173828125
2.149658203125
1.95703125
2.308349609375
2.272705078125
2.044677734375
2.0830078125
2.55029296875
2.078125
2.205078125
2.400146484375
2.267578125
1.665771484375
2.414794921875
2.293212890625
2.245361328125
2.46923828125
2.084716796875
2.32373046875
2.14111328125
1.981689453125
2.393798828125
2.32470703125
2.4326171875
2.173828125
1.8046875
1.991455078125
2.080078125
1.9921875
2.515380859375
2.228271484375
2.1171875
2.208251953125
2.342529296875
2.220947265625
1.96923828125
2.086669921875
2.10986328125
2.3115234375
2.03857421875
1.8203125
1.975830078125
2.0693359375
1.777099609375
2.24169921875
2.11572265625
1.98388671875
1.96826171875
2.068603515625
2.31787109375
2.21630859375
2.442138671875
1.94287109375
1.9150390625
1.706298828125
2.432373046875
1.953857421875
2.33056640625
2.1220703125
2.16650390625
2.135986328125
2.206787109375
2.25634765625
2.164306640625
2.378173828125
2.220458984375
2.37158203125
1.656494140625
2.256591796875
2.107666015625
2.021484375
1.724609375
2.1064453125
2.26025390625
2.102294921875
1.9375
2.283447265625
2.216552734375
2.078125
2.388671875
2.359375
2.339111328125
1.846435546875
2.680419921875
2.4091796875
1.9140625
2.197265625
2.26025390625
1.93505859375
2.405517578125
2.220703125
1.914306640625
2.26953125
2.237548828125
2.352294921875
2.289306640625
2.1728515625
1.940673828125
2.0869140625
2.403564453125
2.15966796875
2.392578125
2.32470703125
2.05029296875
1.81103515625
2.17626953125
2.346923828125
2.27490234375
2.07177734375
2.26904296875
2.25390625
2.442138671875
2.30810546875
2.42578125
1.93115234375
2.079833984375
1.857421875
2.0029296875
1.849365234375
2.18798828125
2.44140625
1.696533203125
2.483642578125
2.231201171875
2.049560546875
1.668212890625
2.048583984375
1.877197265625
2.35791015625
1.8720703125
1.99755859375
2.271484375
2.316650390625
1.8740234375
2.498291015625
2.27197265625
2.3994140625
2.23486328125
2.090087890625
1.747802734375
2.243408203125
2.151123046875
2.035888671875
2.201416015625
2.18310546875
2.314208984375
2.35205078125
2.277587890625
1.984375
1.838134765625
2.169189453125
2.240478515625
2.151123046875
2.196533203125
2.351806640625
2.037109375
2.294189453125
2.1669921875
2.4228515625
2.445068359375
2.298828125
1.99365234375
2.01025390625
2.116455078125
2.38037109375
2.21630859375
1.996337890625
2.203125
1.946044921875
1.899169921875
2.2119140625
2.265869140625
1.839599609375
2.383056640625
2.191162109375
2.192626953125
2.02978515625
2.474609375
2.235107421875
2.42041015625
2.436767578125
2.2001953125
2.03125
2.37109375
2.0546875
1.777099609375
2.229248046875
1.8515625
2.033203125
2.20947265625
1.966064453125
2.0810546875
2.083251953125
2.066650390625
2.47802734375
2.20556640625
2.024658203125
2.03125
2.216552734375
2.168701171875
2.126220703125
2.2587890625
2.366943359375
2.031982421875
2.20458984375
2.040283203125
2.2158203125
2.447998046875
2.1923828125
2.034423828125
2.319091796875
2.327392578125
1.84619140625
2.30859375
2.370361328125
1.847900390625
2.5107421875
2.08056640625
2.118896484375
2.430419921875
1.8349609375
2.044189453125
2.0380859375
1.842529296875
2.204833984375
1.76904296875
2.18896484375
2.084228515625
2.040283203125
1.6669921875
1.998046875
2.30126953125
1.70751953125
2.05029296875
2.3115234375
2.36376953125
2.256103515625
1.9658203125
1.933837890625
2.455322265625
2.104736328125
2.7236328125
2.0498046875
1.88818359375
1.914794921875
2.132568359375
2.278564453125
2.109130859375
1.916748046875
2.146728515625
2.003662109375
1.888671875
2.334716796875
2.3681640625
2.2705078125
2.261474609375
1.67431640625
2.058837890625
2.463134765625
2.22509765625
2.47705078125
2.40234375
2.27099609375
2.311279296875
2.390869140625
2.046142578125
1.69287109375
2.26025390625
2.0185546875
2.359375
2.116943359375
2.44677734375
2.3984375
2.03662109375
2.166748046875
1.86474609375
1.90966796875
2.314453125
2.072998046875
2.01171875
1.94140625
1.9541015625
2.18359375
2.315185546875
2.010498046875
2.0302734375
2.454833984375
2.19482421875
2.372802734375
2.0908203125
2.2421875
2.058349609375
2.20849609375
2.279541015625
2.061279296875
1.99755859375
2.078857421875
2.24462890625
2.3115234375
2.295654296875
1.754150390625
2.050048828125
2.174072265625
2.35107421875
2.386474609375
2.304443359375
2.039306640625
2.3017578125
2.37744140625
2.04296875
2.299072265625
2.0107421875
2.32275390625
2.31640625
2.03369140625
2.11865234375
2.193115234375
1.925537109375
2.4921875
2.241943359375
2.25390625
2.278076171875
1.983642578125
1.671875
2.307861328125
2.0283203125
2.2734375
2.400146484375
2.357666015625
2.262939453125
1.986572265625
2.3623046875
2.340087890625
2.01318359375
2.259765625
2.367431640625
2.320556640625
2.3486328125
2.11865234375
1.902099609375
2.221435546875
2.10791015625
2.030029296875
2.114990234375
2.26611328125
2.35888671875
2.350341796875
2.347412109375
2.229736328125
2.165283203125
2.14794921875
2.23486328125
1.92529296875
1.93896484375
2.247802734375
1.974365234375
2.224365234375
2.222412109375
2.3310546875
2.33251953125
2.082763671875
2.373779296875
2.18310546875
1.976806640625
2.363525390625
2.0625
2.400634765625
2.299560546875
2.017333984375
2.600830078125
2.423828125
2.19677734375
2.32568359375
2.1474609375
2.083984375
2.015625
2.302734375
1.966552734375
2.126708984375
2.030517578125
2.47802734375
2.341552734375
2.182373046875
2.416259765625
2.002197265625
2.14892578125
1.796142578125
2.194091796875
2.4228515625
2.267333984375
2.19775390625
2.2890625
1.931884765625
2.154296875
2.265380859375
2.3017578125
2.22900390625
2.1025390625
2.034912109375
1.962646484375
2.216796875
1.908447265625
2.357666015625
2.269287109375
1.990966796875
2.08740234375
1.736328125
2.07470703125
2.4033203125
2.0869140625
2.52001953125
2.17431640625
2.2119140625
2.04736328125
2.648681640625
2.50927734375
2.266845703125
2.010009765625
2.067626953125
2.2060546875
2.191162109375
2.016845703125
1.91357421875
2.36083984375
2.36767578125
1.800537109375
2.44873046875
2.231201171875
2.2353515625
2.34326171875
2.044677734375
2.419921875
1.883544921875
2.2646484375
2.197021484375
2.560546875
2.35986328125
1.796875
1.96875
2.08544921875
2.376708984375
2.038330078125
2.0234375
2.503173828125
2.121826171875
2.262451171875
2.156494140625
2.455078125
2.018798828125
2.3173828125
2.078857421875
2.272705078125
2.15673828125
2.15380859375
2.232666015625
1.712890625
2.078125
2.217041015625
1.75
2.19384765625
2.153076171875
2.034912109375
1.978759765625
2.06494140625
2.28564453125
2.2216796875
1.899658203125
2.238037109375
1.794189453125
2.762939453125
2.232421875
2.10595703125
1.95458984375
1.96435546875
2.107177734375
1.769287109375
1.92041015625
2.469970703125
2.183837890625
2.017333984375
2.361083984375
2.213134765625
1.81640625
2.185546875
2.1630859375
2.35986328125
2.18603515625
2.427978515625
2.30126953125
2.302734375
2.34326171875
2.269287109375
1.78173828125
2.0712890625
1.810791015625
2.210693359375
2.10009765625
2.001953125
2.24267578125
2.1494140625
2.32568359375
2.57421875
2.4580078125
2.054931640625
1.77880859375
2.3505859375
2.18505859375
2.23193359375
2.313720703125
2.32763671875
2.3759765625
2.238037109375
1.93359375
2.049560546875
2.361083984375
2.333740234375
2.1845703125
2.5341796875
2.049560546875
2.1015625
2.20751953125
1.97216796875
1.8515625
2.34228515625
2.32958984375
2.020263671875
2.22021484375
2.248046875
2.23828125
1.564453125
1.734130859375
2.346435546875
2.099853515625
2.169921875
2.13671875
2.04150390625
2.295166015625
2.296875
2.401611328125
2.197998046875
1.99072265625
2.155517578125
2.125732421875
2.155517578125
2.091796875
2.169921875
1.987548828125
2.289794921875
2.348388671875
2.211181640625
2.003173828125
2.326416015625
2.152099609375
2.373779296875
2.2705078125
2.255859375
2.248291015625
2.2666015625
2.2822265625
2.094970703125
1.95654296875
1.972412109375
2.026611328125
2.295654296875
1.823974609375
2.080322265625
2.28955078125
1.972412109375
2.11083984375
2.090087890625
2.0419921875
2.450439453125
2.275390625
2.25537109375
2.38037109375
2.279052734375
2.240478515625
2.027099609375
1.9033203125
1.916259765625
2.26708984375
2.291748046875
1.64501953125
2.207275390625
2.2861328125
1.7216796875
2.351318359375
1.95654296875
2.33447265625
2.239013671875
1.980712890625
2.076416015625
2.011962890625
2.219970703125
2.181396484375
2.085205078125
2.38818359375
2.02490234375
2.12451171875
2.421142578125
2.125732421875
2.153076171875
1.65576171875
2.271484375
1.769775390625
1.87548828125
2.062255859375
2.095947265625
2.52392578125
2.130126953125
2.17236328125
2.396240234375
2.01025390625
1.988037109375
2.130859375
2.126220703125
1.935791015625
1.9736328125
1.994873046875
1.864990234375
2.135986328125
1.991455078125
2.131591796875
2.18701171875
2.07421875
2.23095703125
2.291259765625
2.34619140625
1.918212890625
1.9189453125
2.1943359375
2.223388671875
1.99951171875
2.046142578125
2.085693359375
2.469482421875
2.072998046875
2.295166015625
2.32470703125
2.066650390625
2.40966796875
2.272705078125
2.173828125
2.385009765625
2.05615234375
2.189208984375
1.98974609375
2.169677734375
2.45556640625
2.136474609375
2.162109375
2.517822265625
2.1123046875
2.36083984375
