4.18701171875
4.18701171875
4.18701171875
4.201171875
3.861083984375
4.3603515625
4.401611328125
4.432861328125
3.97802734375
4.45751953125
4.29150390625
4.0673828125
4.181640625
4.35400390625
4.26123046875
4.08056640625
4.561279296875
4.271484375
4.378173828125
3.84765625
4.215087890625
3.999755859375
3.524169921875
4.129638671875
4.183837890625
3.613525390625
3.93310546875
3.837158203125
4.60400390625
3.826904296875
4.062255859375
4.215087890625
3.84375
3.953125
3.90380859375
4.19921875
4.347900390625
3.905517578125
4.06787109375
4.4951171875
4.0625
4.237548828125
3.841796875
3.610107421875
4.26953125
4.2841796875
3.880859375
3.97998046875
4.0234375
4.511962890625
4.33251953125
3.7001953125
3.914306640625
4.335693359375
4.15966796875
4.20947265625
3.764404296875
4.42529296875
3.830322265625
3.840576171875
3.927978515625
3.845947265625
4.310546875
4.2509765625
4.30810546875
3.45751953125
4.28564453125
4.255615234375
3.51220703125
4.431884765625
3.403076171875
4.094482421875
3.936767578125
3.737548828125
3.865966796875
4.447509765625
4.2109375
4.259033203125
4.02197265625
3.875244140625
4.318359375
3.696533203125
4.021728515625
4.02099609375
3.682373046875
3.641357421875
4.08154296875
4.27490234375
4.274169921875
3.92822265625
3.751953125
4.0546875
4.142822265625
3.867919921875
3.3955078125
3.7490234375
4.068115234375
4.046875
3.9775390625
4.1279296875
3.836669921875
3.835205078125
3.838134765625
4.369384765625
4.0419921875
4.017822265625
3.8935546875
3.93017578125
4.4384765625
3.96533203125
4.056396484375
3.946044921875
4.0439453125
4.389404296875
3.96142578125
4.609375
4.36279296875
4.400146484375
4.313720703125
4.1865234375
4.02880859375
3.74462890625
3.947265625
4.359375
3.930908203125
4.2431640625
4.34033203125
3.931396484375
4.272216796875
4.078857421875
3.703857421875
4.4375
4.0185546875
3.95703125
4.117919921875
4.20556640625
4.382568359375
4.384765625
3.718994140625
4.503173828125
3.843017578125
3.500732421875
4.14599609375
4.357421875
4.058837890625
4.309814453125
4.27197265625
4.076904296875
4.193115234375
4.367919921875
4.15234375
4.1474609375
4.4931640625
4.4130859375
4.135986328125
4.396728515625
4.15673828125
4.290283203125
3.6884765625
4.01025390625
3.98779296875
3.98583984375
4.294677734375
3.84375
4.224365234375
4.09228515625
4.314697265625
4.005615234375
4.177490234375
4.424072265625
4.2294921875
3.811279296875
4.3310546875
4.333984375
4.23095703125
4.358154296875
4.21435546875
4.28515625
3.625732421875
4.052978515625
3.68408203125
4.335205078125
4.18798828125
3.95458984375
3.9501953125
4.08935546875
3.935302734375
4.56298828125
4.180419921875
4.33837890625
3.989013671875
3.78515625
3.831298828125
4.287353515625
4.1748046875
4.00341796875
3.81787109375
4.33251953125
4.332275390625
3.643798828125
4.141357421875
3.430419921875
3.8271484375
3.891845703125
3.888671875
4.124755859375
3.611328125
4.050537109375
3.81005859375
4.41845703125
4.23974609375
4.423828125
3.830322265625
4.286865234375
4.280517578125
4.61669921875
4.227783203125
3.519287109375
4.213134765625
4.0927734375
3.84228515625
3.837158203125
4.011474609375
4.20751953125
4.097900390625
3.772705078125
3.9130859375
4.41748046875
3.91943359375
4.074951171875
3.935546875
3.728515625
3.930419921875
4.092529296875
4.0791015625
3.67529296875
4.29638671875
4.2578125
4.087890625
3.809814453125
4.197998046875
3.790771484375
3.705322265625
3.961669921875
3.958740234375
3.79931640625
3.9853515625
4.233154296875
4.168212890625
3.633544921875
4.162353515625
3.8203125
3.93994140625
4.151123046875
4.169921875
3.992919921875
3.877685546875
4.13818359375
4.1015625
4.008544921875
3.863037109375
4.216064453125
4.087890625
4.39697265625
4.359130859375
4.027587890625
4.27294921875
3.40087890625
3.696044921875
4.30810546875
4.381591796875
3.997314453125
4.146240234375
4.340087890625
4.074951171875
4.236572265625
4.072021484375
3.993408203125
4.146484375
3.8359375
4.154052734375
3.912841796875
4.427978515625
4.064697265625
3.934814453125
4.147705078125
4.13330078125
4.536865234375
4.117431640625
4.207275390625
4.151611328125
3.982177734375
3.8095703125
4.422607421875
3.990234375
3.8173828125
4.1904296875
3.908447265625
4.001708984375
4.190185546875
4.211669921875
4.265380859375
3.6630859375
3.856201171875
3.974609375
4.2373046875
4.102294921875
4.439453125
4.14599609375
4.563232421875
4.444580078125
3.78955078125
4.50732421875
4.16650390625
4.162841796875
3.91015625
4.29052734375
4.225830078125
3.72705078125
4.180908203125
4.2392578125
4.1591796875
3.72900390625
3.913330078125
4.022705078125
4.344970703125
4.126220703125
4.234375
3.51513671875
4.201171875
3.677490234375
3.802978515625
4.18896484375
4.255126953125
3.582763671875
4.093994140625
4.12158203125
4.091552734375
3.73876953125
3.9228515625
3.6591796875
3.70703125
4.22314453125
3.825439453125
4.15771484375
4.090576171875
4.1357421875
4.310302734375
4.129638671875
4.053466796875
4.66650390625
3.68408203125
3.440673828125
4.216064453125
3.88427734375
4.03369140625
3.792724609375
3.93798828125
3.954833984375
4.083740234375
4.060791015625
3.89013671875
4.43896484375
4.586181640625
3.6435546875
4.130126953125
4.048095703125
3.6259765625
3.972412109375
4.529296875
4.16552734375
4.0361328125
3.9208984375
3.80859375
4.068115234375
3.956298828125
3.747802734375
3.684326171875
4.06689453125
4.422119140625
4.235107421875
4.02099609375
4.015380859375
4.2392578125
4.397216796875
3.97705078125
4.2900390625
3.796630859375
3.62451171875
3.745361328125
4.0498046875
3.96728515625
4.28369140625
3.942626953125
4.03662109375
4.21630859375
4.111572265625
4.068359375
4.1337890625
4.29345703125
4.0478515625
3.842041015625
4.24072265625
4.1494140625
4.193359375
3.780029296875
4.102294921875
4.351806640625
4.365966796875
4.4052734375
3.946533203125
4.462890625
4.140625
3.786865234375
4.0283203125
4.522705078125
4.380126953125
4.4365234375
3.96484375
4.187255859375
3.884521484375
4.348388671875
4.220703125
3.937255859375
4.230224609375
3.817138671875
3.892822265625
4.117431640625
4.118896484375
3.9892578125
4.06640625
4.071533203125
3.75634765625
4.21337890625
4.205078125
4.3662109375
4.27490234375
4.3701171875
4.1826171875
4.10400390625
4.63232421875
4.00830078125
4.38525390625
4.046142578125
3.898193359375
4.197509765625
4.166259765625
4.025146484375
4.10693359375
4.117431640625
3.8330078125
4.077392578125
4.05859375
3.982177734375
3.76953125
4.2734375
3.35791015625
4.295166015625
4.17236328125
4.038330078125
3.896728515625
4.149169921875
4.047607421875
4.61767578125
3.93017578125
3.95751953125
3.8779296875
4.059814453125
4.48291015625
4.120849609375
4.013671875
4.147216796875
3.6904296875
4.113037109375
3.63720703125
4.04931640625
4.250732421875
4.43359375
3.979736328125
4.402587890625
4.712646484375
4.121337890625
4.09912109375
3.859375
4.2158203125
4.2646484375
4.1396484375
3.992431640625
3.745361328125
4.023681640625
4.317626953125
3.947265625
4.171142578125
4.551513671875
3.607666015625
4.107666015625
4.10498046875
4.148193359375
3.9462890625
3.8896484375
4.362548828125
3.662109375
4.279541015625
4.106689453125
4.360595703125
3.9736328125
4.131591796875
4.227783203125
3.88330078125
4.150390625
4.0966796875
4.1796875
4.236328125
3.7412109375
3.800537109375
4.16162109375
4.01611328125
3.6416015625
4.15869140625
3.96337890625
3.9677734375
3.98876953125
4.29052734375
4.3330078125
4.137451171875
4.087890625
4.082763671875
4.0927734375
3.90087890625
3.984375
4.043701171875
3.743408203125
4.23583984375
3.89990234375
4.343994140625
3.91748046875
4.090087890625
3.84716796875
3.4619140625
4.27880859375
4.4287109375
4.351318359375
3.552490234375
4.250244140625
3.947265625
4.078125
4.072021484375
4.035888671875
4.09033203125
4.09521484375
4.10205078125
3.91748046875
3.886474609375
4.251953125
4.161865234375
4.075927734375
4.344482421875
4.5224609375
3.825439453125
3.875732421875
4.502685546875
4.064697265625
3.7294921875
4.16357421875
4.004638671875
3.7607421875
3.81103515625
4.125
3.66162109375
4.333251953125
4.09765625
3.93310546875
3.711181640625
4.0419921875
4.194580078125
4.287841796875
4.258544921875
4.362548828125
4.26416015625
4.15185546875
4.1181640625
4.133056640625
4.02783203125
3.881103515625
4.09423828125
4.044677734375
4.15478515625
4.3447265625
4.284423828125
3.904052734375
3.578125
3.762451171875
4.35546875
3.9013671875
4.158935546875
4.1298828125
4.177734375
3.8271484375
4.422607421875
4.122314453125
4.194580078125
3.8193359375
4.10791015625
4.07666015625
3.67919921875
4.042236328125
4.2353515625
4.119140625
3.80810546875
4.072509765625
4.417236328125
3.64697265625
4.1669921875
3.8955078125
4.440185546875
3.77197265625
3.784423828125
4.003662109375
4.052978515625
3.825439453125
4.162353515625
4.4990234375
4.13671875
3.418212890625
4.49267578125
4.117431640625
3.88818359375
3.686279296875
4.03515625
3.6376953125
3.93994140625
4.1611328125
4.113525390625
4.131103515625
3.520751953125
4.031494140625
3.9111328125
3.84033203125
3.700927734375
3.976318359375
4.08203125
3.7314453125
4.132080078125
4.058837890625
3.643798828125
4.33203125
3.92138671875
3.996826171875
3.946044921875
4.142578125
3.8193359375
3.968505859375
3.771240234375
3.747314453125
4.365966796875
3.960693359375
4.036865234375
4.042724609375
3.99609375
4.016845703125
4.099853515625
4.027099609375
4.036865234375
3.80419921875
3.884033203125
3.846923828125
4.05419921875
3.543212890625
4.081787109375
4.123779296875
3.980224609375
3.99560546875
3.6689453125
4.407470703125
3.98779296875
4.0595703125
4.261474609375
4.005126953125
3.99560546875
3.735107421875
4.191162109375
4.154296875
4.04833984375
4.274658203125
3.73681640625
4.20458984375
4.30078125
4.121337890625
3.975830078125
4.369384765625
4.067626953125
4.365478515625
3.685791015625
3.493408203125
4.148681640625
3.7958984375
3.74462890625
3.724365234375
4.10595703125
4.05029296875
4.061767578125
3.974365234375
3.87158203125
4.019775390625
3.4521484375
3.901611328125
3.827392578125
3.81640625
4.02392578125
4.117431640625
4.017333984375
4.029296875
4.06005859375
3.67822265625
4.171142578125
4.44189453125
4.360595703125
4.32275390625
4.08447265625
4.148681640625
3.783447265625
4.1015625
3.77783203125
4.069580078125
4.196533203125
4.398193359375
4.328125
3.787841796875
4.119384765625
4.536376953125
4.255615234375
3.559814453125
4.190673828125
3.71240234375
4.203369140625
4.017578125
4.194091796875
4.126708984375
3.928955078125
4.002685546875
4.06884765625
3.841552734375
4.19091796875
3.791748046875
3.562255859375
3.987548828125
4.16845703125
3.955810546875
4.197509765625
4.203125
4.06884765625
3.955322265625
4.380126953125
3.94580078125
4.221435546875
3.7548828125
4.302978515625
4.051513671875
3.875244140625
4.13818359375
4.19970703125
3.839599609375
3.654296875
4.035888671875
4.2275390625
4.271240234375
3.893798828125
3.89404296875
3.92578125
3.93701171875
4.123779296875
4.287841796875
3.918701171875
4.411865234375
4.34375
3.671142578125
4.218017578125
4.294677734375
4.287841796875
3.90185546875
3.731689453125
4.115478515625
4.123046875
4.434326171875
4.041748046875
4.413330078125
4.02099609375
3.9794921875
4.21923828125
4.303955078125
3.965087890625
4.090576171875
3.998046875
4.23193359375
4.118896484375
4.1875
3.7939453125
4.11572265625
4.177734375
4.079345703125
3.875732421875
4.2607421875
4.365966796875
4.261474609375
3.912109375
4.3408203125
3.93505859375
3.813232421875
4.005615234375
4.085693359375
4.036865234375
4.409423828125
3.94580078125
3.967529296875
4.12939453125
4.33203125
4.39111328125
4.277587890625
4.201904296875
4.686767578125
3.750244140625
4.064208984375
3.81494140625
4.46142578125
3.980224609375
3.92041015625
3.826171875
4.189453125
4.13671875
4.328369140625
3.849853515625
4.106201171875
4.149169921875
4.328369140625
3.91259765625
4.127685546875
4.00634765625
4.1875
4.30029296875
4.05859375
3.85791015625
4.224853515625
4.080810546875
4.1044921875
4.020751953125
4.259765625
4.01025390625
4.34130859375
4.362060546875
4.017822265625
4.07275390625
3.8271484375
3.93896484375
3.8603515625
4.02685546875
4.0556640625
4.053466796875
3.791015625
3.743896484375
3.610595703125
3.962646484375
3.409912109375
3.5791015625
4.174072265625
4.198974609375
4.18896484375
4.28759765625
4.61767578125
4.276611328125
3.766845703125
4.35546875
4.08740234375
4.42041015625
4.153564453125
3.864990234375
3.957763671875
4.007568359375
4.101318359375
3.956787109375
4.521728515625
4.087890625
4.091064453125
4.28955078125
4.139404296875
4.240234375
4.05029296875
4.012451171875
4.38134765625
4.093017578125
4.392578125
4.442626953125
4.077880859375
4.307861328125
3.981689453125
4.041748046875
4.3349609375
4.114013671875
4.4931640625
4.105224609375
3.871337890625
4.06640625
4.134765625
3.976318359375
3.869873046875
3.906005859375
4.0712890625
3.887939453125
3.454833984375
4.0615234375
3.8466796875
