0.753173828125
0.753173828125
0.753173828125
0.753173828125
0.65478515625
0.6708984375
0.918212890625
0.838134765625
0.458984375
0.6767578125
0.732177734375
0.654541015625
0.658935546875
0.756591796875
0.773193359375
0.79736328125
0.729248046875
0.840576171875
0.91357421875
0.810791015625
0.708740234375
0.551025390625
0.63427734375
0.51416015625
0.785888671875
0.86865234375
0.721923828125
0.748046875
0.471923828125
0.776123046875
0.496826171875
0.581787109375
0.79443359375
0.585693359375
0.986328125
0.6455078125
0.754150390625
0.5751953125
0.896240234375
0.86181640625
0.419189453125
0.717529296875
0.60693359375
0.761962890625
0.748779296875
0.62451171875
0.57470703125
0.742431640625
0.67041015625
0.614501953125
0.799560546875
0.815673828125
0.689453125
0.69140625
0.481201171875
0.75390625
0.75537109375
0.774658203125
0.916015625
0.70947265625
0.746337890625
0.7373046875
0.60546875
0.774169921875
0.71484375
0.711669921875
0.74951171875
0.75830078125
0.71240234375
0.585205078125
0.5146484375
0.723876953125
0.702880859375
0.773193359375
0.61962890625
0.568603515625
0.5263671875
0.680908203125
0.70654296875
0.74365234375
0.6298828125
0.632568359375
0.718994140625
0.78857421875
0.887939453125
0.51904296875
0.792236328125
0.6962890625
0.95263671875
0.72216796875
0.673828125
0.78369140625
0.682373046875
0.848388671875
0.534912109375
0.538330078125
0.568603515625
0.855224609375
0.771484375
0.80029296875
0.861572265625
0.81640625
0.638427734375
0.620849609375
0.945068359375
0.71435546875
0.66796875
0.4775390625
0.86328125
0.525146484375
0.83251953125
0.582275390625
0.564697265625
0.721923828125
0.68505859375
0.59814453125
0.5009765625
0.658447265625
0.70068359375
0.69482421875
0.698486328125
0.849609375
0.605224609375
0.915283203125
0.489013671875
0.82861328125
0.707275390625
0.8232421875
0.63916015625
0.904052734375
0.74267578125
0.851806640625
0.779296875
0.533203125
0.765869140625
0.758056640625
0.822998046875
0.755126953125
0.74560546875
0.83740234375
0.59912109375
0.845947265625
0.824462890625
0.5
0.830078125
0.810791015625
0.641845703125
0.70068359375
0.553955078125
0.826904296875
0.767578125
0.795654296875
0.70068359375
0.72119140625
0.622802734375
0.47265625
0.619384765625
0.518310546875
0.570068359375
0.5849609375
0.735595703125
0.663330078125
0.51123046875
0.797607421875
0.62841796875
0.9541015625
0.900146484375
0.835693359375
0.678466796875
0.714599609375
0.68359375
0.837646484375
0.60009765625
0.66357421875
0.756591796875
0.547607421875
0.695068359375
0.783203125
0.701904296875
0.6630859375
0.673583984375
0.67333984375
0.703369140625
0.708984375
0.758056640625
0.794189453125
0.7333984375
0.6533203125
0.751953125
0.667724609375
0.777587890625
0.642578125
0.85546875
0.675537109375
0.872314453125
0.644775390625
0.6142578125
0.671142578125
0.7099609375
0.588134765625
0.720458984375
0.59033203125
0.828125
0.67333984375
0.731689453125
0.524169921875
0.8603515625
0.69873046875
0.90966796875
0.583740234375
0.637451171875
0.76513671875
0.9814453125
0.72802734375
0.81689453125
0.75244140625
0.65234375
0.598876953125
0.845947265625
0.649658203125
0.84423828125
0.8486328125
0.533203125
0.716796875
0.68359375
0.62451171875
0.859130859375
0.765869140625
0.72216796875
0.8125
0.85400390625
0.792236328125
0.939208984375
0.60107421875
0.57373046875
0.84228515625
0.504638671875
0.89306640625
0.831787109375
0.7080078125
0.798583984375
0.898681640625
0.706787109375
0.7412109375
0.743896484375
0.744873046875
0.822509765625
0.559326171875
0.741455078125
0.584716796875
0.50048828125
0.64794921875
0.6171875
0.666259765625
0.6337890625
0.5888671875
0.849609375
0.85546875
0.955322265625
0.93310546875
0.634521484375
0.8056640625
0.662109375
0.733642578125
0.640380859375
0.533203125
0.79541015625
0.962890625
0.62548828125
1.011962890625
0.48193359375
0.986572265625
0.78857421875
0.8359375
0.842529296875
0.72607421875
0.81005859375
0.54345703125
0.727783203125
0.865966796875
0.934814453125
0.906005859375
0.571044921875
0.5224609375
0.703125
0.92529296875
0.779296875
0.7236328125
0.76318359375
0.75390625
0.779052734375
0.692138671875
0.625244140625
0.60546875
0.73095703125
0.929931640625
0.7412109375
0.80029296875
0.657958984375
0.75048828125
0.7021484375
0.7373046875
0.77294921875
0.70654296875
0.714111328125
0.718017578125
0.6015625
0.639404296875
0.72412109375
0.809326171875
0.612060546875
0.847412109375
0.67431640625
0.61376953125
0.770263671875
0.602294921875
0.682373046875
0.73193359375
0.747314453125
0.7021484375
0.84814453125
0.578125
0.78955078125
0.7529296875
0.767822265625
0.69189453125
0.599853515625
0.620849609375
0.844970703125
0.592529296875
0.736328125
0.689208984375
0.762939453125
0.730224609375
0.76123046875
0.96728515625
0.457275390625
0.632568359375
0.60595703125
0.891845703125
0.663330078125
0.74951171875
0.650390625
0.65966796875
0.652099609375
0.7880859375
0.8232421875
0.7587890625
0.781982421875
0.69580078125
0.830810546875
0.64404296875
0.506591796875
0.72021484375
0.585205078125
0.692138671875
0.91064453125
0.646240234375
0.98046875
0.74853515625
0.68505859375
0.783935546875
0.777099609375
0.8984375
0.733642578125
0.686279296875
0.944091796875
0.74951171875
0.543212890625
0.791015625
0.83544921875
0.733154296875
0.693115234375
0.505859375
0.736083984375
0.639892578125
0.520263671875
0.82666015625
0.6875
0.592529296875
0.90380859375
0.8271484375
0.756103515625
0.55712890625
0.739501953125
0.7001953125
0.60205078125
0.8857421875
0.86962890625
0.846923828125
0.93212890625
0.5400390625
0.734130859375
0.7138671875
0.591064453125
0.7744140625
0.96826171875
0.80322265625
0.725830078125
0.69970703125
0.707275390625
0.548583984375
0.87060546875
0.644287109375
0.71435546875
0.566650390625
0.7783203125
0.7822265625
0.746337890625
0.779541015625
0.792236328125
0.51123046875
0.849853515625
0.748779296875
0.552978515625
0.777587890625
0.748779296875
0.86083984375
0.671142578125
0.46826171875
0.546875
0.686767578125
0.78369140625
0.68359375
0.763916015625
0.745849609375
0.4453125
0.5234375
0.817138671875
0.756591796875
0.539306640625
0.6826171875
0.814697265625
0.636962890625
0.8310546875
0.710693359375
0.56005859375
0.505615234375
0.76123046875
0.970947265625
0.68408203125
0.773681640625
0.69921875
0.747802734375
0.71630859375
0.705322265625
0.695556640625
0.744873046875
0.738525390625
0.735595703125
0.700439453125
0.6787109375
0.648681640625
0.440185546875
0.819580078125
0.730712890625
0.61328125
0.803955078125
0.7744140625
0.707763671875
0.800048828125
1.0966796875
0.67578125
0.697265625
0.887939453125
0.766357421875
0.62646484375
0.715576171875
0.76513671875
0.7802734375
0.53955078125
0.470947265625
0.68408203125
0.688232421875
0.74072265625
0.536376953125
0.91064453125
0.619873046875
0.872314453125
0.8115234375
0.702880859375
0.95751953125
0.744873046875
0.820556640625
0.738525390625
0.5576171875
0.851806640625
0.805908203125
0.677978515625
0.8037109375
0.66064453125
0.766845703125
0.89404296875
0.61865234375
0.718017578125
0.76806640625
0.89599609375
0.7998046875
0.800048828125
0.700439453125
0.665771484375
1.188232421875
0.518310546875
0.56884765625
0.75732421875
0.687744140625
0.78759765625
0.7646484375
0.687255859375
1.0244140625
0.772216796875
0.77490234375
0.8056640625
0.677490234375
0.67138671875
0.713134765625
0.806640625
0.663818359375
0.72802734375
0.64111328125
0.84228515625
0.86962890625
0.843017578125
0.885986328125
0.870361328125
0.735107421875
0.705322265625
0.716552734375
0.621826171875
0.77197265625
0.5537109375
0.4658203125
0.818359375
0.890380859375
0.810546875
0.7421875
0.666259765625
0.678466796875
0.81005859375
0.855712890625
0.7099609375
0.590576171875
0.78662109375
0.57177734375
0.73486328125
0.90380859375
0.6728515625
0.923095703125
0.71533203125
0.823486328125
0.61962890625
0.69921875
0.67919921875
0.70751953125
0.834716796875
0.74267578125
0.66015625
0.826171875
0.761474609375
0.839111328125
0.6181640625
0.91015625
0.704833984375
0.54052734375
0.87109375
0.923828125
0.753662109375
0.838134765625
0.856201171875
0.813720703125
0.65673828125
0.648193359375
0.63525390625
0.851318359375
0.6953125
0.821533203125
0.74462890625
0.689697265625
0.773681640625
0.834228515625
0.925537109375
0.6103515625
0.76708984375
0.61181640625
0.710693359375
0.543212890625
0.63330078125
0.76806640625
0.578125
0.68359375
0.7919921875
0.6015625
1.0712890625
0.7900390625
0.73681640625
0.6591796875
0.481689453125
0.593505859375
0.538330078125
0.552978515625
0.760498046875
0.49267578125
0.769775390625
0.4814453125
0.596435546875
0.871826171875
0.712890625
0.64990234375
0.88330078125
0.59423828125
0.869384765625
0.69091796875
0.67236328125
0.77587890625
0.948486328125
0.79345703125
0.753173828125
0.709716796875
0.765869140625
0.782958984375
0.638671875
0.69189453125
0.8076171875
0.48974609375
0.7353515625
0.68701171875
0.8720703125
0.934814453125
0.560791015625
0.887939453125
0.609619140625
0.6494140625
0.90283203125
0.6103515625
0.860107421875
0.66455078125
0.690185546875
0.683837890625
0.75634765625
0.515869140625
0.8486328125
0.496337890625
0.572265625
0.750732421875
0.8681640625
0.647705078125
0.57275390625
0.64013671875
0.826904296875
0.729736328125
0.73974609375
0.65234375
0.8251953125
0.6259765625
0.6982421875
0.792236328125
0.77734375
0.75
0.779296875
0.760498046875
0.74169921875
0.83251953125
0.688720703125
0.6923828125
0.84423828125
0.7548828125
0.663818359375
0.777099609375
0.718017578125
0.567626953125
0.58740234375
0.594970703125
0.69580078125
0.70166015625
0.727783203125
0.537109375
0.799072265625
0.7822265625
0.648193359375
0.849365234375
0.740478515625
0.751220703125
0.65869140625
0.5830078125
0.762451171875
0.631591796875
0.580810546875
0.6923828125
0.677978515625
0.7314453125
0.77294921875
0.832763671875
0.76904296875
0.77783203125
0.69287109375
0.78466796875
0.614013671875
0.513916015625
0.768310546875
0.886962890625
0.58984375
0.80224609375
0.91259765625
0.58642578125
0.835205078125
0.726318359375
0.55908203125
0.64697265625
0.77490234375
0.6494140625
0.7080078125
0.7509765625
0.841796875
0.712890625
0.550048828125
1.019775390625
0.58935546875
0.482421875
0.776611328125
0.8154296875
0.708984375
0.850341796875
0.6630859375
0.7353515625
0.8115234375
0.763916015625
0.805419921875
0.7646484375
0.788818359375
0.593994140625
0.775146484375
0.963623046875
0.828857421875
0.789306640625
0.867431640625
0.830078125
0.74755859375
0.777099609375
0.70947265625
0.83740234375
0.5615234375
0.6845703125
0.7919921875
0.8486328125
0.697509765625
0.562744140625
0.773681640625
0.61083984375
0.64013671875
0.765380859375
0.631591796875
0.740966796875
0.614013671875
0.823974609375
0.7333984375
0.62890625
0.635498046875
0.6591796875
0.73828125
0.591796875
0.8623046875
0.84423828125
0.49267578125
0.861328125
0.81640625
0.60498046875
0.735107421875
0.56494140625
0.572265625
0.760009765625
0.593505859375
0.77099609375
0.618408203125
0.67822265625
0.829833984375
0.5966796875
0.61083984375
0.83984375
0.5830078125
0.673583984375
0.81494140625
0.477783203125
0.629638671875
0.806884765625
0.739013671875
0.857666015625
0.83984375
0.910400390625
1.068603515625
0.97265625
0.701416015625
0.81787109375
0.71826171875
0.78369140625
0.643798828125
0.81103515625
0.7060546875
0.839111328125
0.662109375
0.743408203125
0.6748046875
0.637939453125
0.575439453125
0.68994140625
0.54052734375
0.669921875
0.73583984375
0.826171875
0.817138671875
0.61083984375
0.82080078125
0.655517578125
0.772216796875
0.799560546875
0.6396484375
0.76708984375
0.751953125
0.662109375
0.87255859375
0.853515625
0.840576171875
0.704833984375
0.69140625
0.52880859375
0.65625
0.825927734375
0.737548828125
0.7548828125
0.78662109375
0.8154296875
0.535400390625
0.678955078125
0.768310546875
0.727294921875
0.69580078125
0.801513671875
0.744140625
0.598876953125
0.939208984375
0.806396484375
0.78271484375
0.72216796875
0.679931640625
0.689697265625
0.768310546875
0.74267578125
0.8291015625
0.81103515625
0.6787109375
0.603515625
0.53173828125
0.66455078125
0.632080078125
0.65673828125
0.54052734375
0.657958984375
0.570556640625
0.818359375
0.716552734375
0.6279296875
1.004638671875
0.478271484375
0.804931640625
0.60986328125
0.775634765625
0.6240234375
0.669677734375
0.657958984375
0.890869140625
0.732177734375
0.760986328125
0.771728515625
0.58349609375
0.537841796875
0.760986328125
0.67626953125
0.641845703125
0.796630859375
0.540771484375
0.7744140625
0.75634765625
0.853759765625
0.658203125
0.58251953125
0.724365234375
0.6201171875
0.5341796875
0.89208984375
0.826171875
0.7373046875
0.816650390625
0.685546875
0.757568359375
0.703369140625
0.486572265625
0.635498046875
0.8271484375
0.75244140625
0.56005859375
0.72265625
0.7099609375
0.722900390625
0.71826171875
0.8193359375
0.69873046875
0.669677734375
0.795654296875
0.74951171875
0.670166015625
0.61279296875
0.76611328125
0.65087890625
0.79638671875
0.658935546875
0.525390625
0.71923828125
0.768310546875
0.7470703125
0.70654296875
0.80908203125
0.64404296875
0.631103515625
0.753662109375
0.68017578125
0.81005859375
