5.165771484375
5.165771484375
5.165771484375
5.20849609375
4.911865234375
5.458251953125
5.52978515625
5.759521484375
5.063232421875
5.47509765625
5.1728515625
5.02001953125
5.243896484375
5.478515625
5.4189453125
5.2392578125
5.604248046875
5.337646484375
5.4521484375
4.773193359375
5.3828125
5.046875
4.548583984375
5.22216796875
5.202392578125
4.70361328125
4.974853515625
4.993896484375
5.580810546875
5.17041015625
5.02978515625
5.3095703125
4.995361328125
5.018798828125
4.896240234375
5.160400390625
5.186767578125
5.072265625
5.00830078125
5.44677734375
5.093017578125
5.1484375
4.949951171875
4.647216796875
5.310546875
5.20751953125
4.947998046875
4.98291015625
5.013427734375
5.404052734375
5.268798828125
4.810302734375
5.022216796875
5.407958984375
5.369384765625
5.290771484375
4.711669921875
5.62158203125
4.927978515625
4.88427734375
4.9892578125
4.9423828125
5.527587890625
5.475830078125
5.3056640625
4.42578125
5.32958984375
5.50830078125
4.682373046875
5.57421875
4.37109375
5.09375
4.99169921875
4.74755859375
4.7451171875
5.41650390625
5.216796875
5.244140625
5.04638671875
4.9228515625
5.124755859375
4.724853515625
5.2158203125
5.1064453125
4.85595703125
4.573486328125
5.291748046875
5.370361328125
5.326171875
5.1298828125
4.749755859375
5.36279296875
5.170654296875
4.923828125
4.3447265625
4.776611328125
5.07861328125
5.166015625
4.90869140625
5.052734375
4.79541015625
4.878662109375
5.001953125
5.4609375
4.947265625
5.13330078125
4.944580078125
4.995849609375
5.474365234375
5.025634765625
5.0771484375
4.997802734375
5.26904296875
5.48193359375
4.884521484375
5.5458984375
5.432373046875
5.368408203125
5.291259765625
5.2998046875
4.880859375
4.97802734375
5.053466796875
5.41845703125
5.183349609375
5.22216796875
5.43603515625
5.168212890625
5.260009765625
5.126708984375
4.769775390625
5.437744140625
4.977783203125
4.97802734375
5.1904296875
5.214111328125
5.478515625
5.54638671875
4.76904296875
5.508544921875
4.89208984375
4.58935546875
5.209228515625
5.35400390625
4.947021484375
5.382568359375
5.345703125
5.279052734375
5.306884765625
5.471435546875
5.247314453125
5.22900390625
5.592041015625
5.67529296875
5.361083984375
5.62451171875
5.091064453125
5.407958984375
4.744873046875
5.2236328125
5.10205078125
5.119384765625
5.548828125
4.9287109375
5.215087890625
5.130859375
5.21240234375
5.156005859375
5.19921875
5.36669921875
5.163818359375
4.73193359375
5.48388671875
5.23193359375
5.25
5.5361328125
5.235595703125
5.262939453125
4.768798828125
5.149169921875
4.693115234375
5.658203125
5.304443359375
4.822265625
4.981201171875
5.1298828125
5.050537109375
5.474853515625
5.21484375
5.326416015625
5.289306640625
4.777587890625
4.831787109375
5.410400390625
5.12158203125
4.925537109375
4.8671875
5.342529296875
5.39453125
4.592041015625
5.244873046875
4.62939453125
4.7587890625
4.95458984375
5.041015625
5.090576171875
4.67919921875
5.034912109375
4.90673828125
5.5048828125
5.19677734375
5.56298828125
4.9619140625
5.192138671875
5.423095703125
5.55615234375
5.3955078125
4.635986328125
5.416748046875
5.126220703125
4.947021484375
4.82568359375
5.00146484375
5.31689453125
5.247802734375
4.901123046875
4.980712890625
5.51171875
4.912109375
5.166748046875
4.966064453125
4.71533203125
4.920654296875
5.075439453125
5.073974609375
4.670166015625
5.55029296875
5.4658203125
4.955078125
4.732177734375
5.10595703125
4.968017578125
4.701416015625
5.133056640625
5.112548828125
4.837646484375
5.1640625
5.294189453125
5.47119140625
4.714111328125
5.306884765625
4.84130859375
5.035888671875
5.295166015625
5.1875
4.970703125
5.18896484375
5.15673828125
5.120849609375
5.01025390625
4.938720703125
5.234375
5.09033203125
5.384765625
5.431884765625
5.086669921875
5.21630859375
4.46533203125
4.77294921875
5.2109375
5.32373046875
5.101318359375
5.18994140625
5.444580078125
4.9970703125
5.239990234375
5.05615234375
5.025634765625
5.315185546875
4.8642578125
5.039306640625
4.933349609375
5.461181640625
5.05078125
4.96728515625
5.075439453125
5.130615234375
5.59423828125
5.104736328125
5.28125
5.197998046875
5.0009765625
4.908447265625
5.512451171875
5.117919921875
4.74462890625
5.361083984375
4.87646484375
5.01953125
5.23095703125
5.0966796875
5.1904296875
4.693115234375
4.938232421875
5.0634765625
5.377685546875
5.153076171875
5.475830078125
5.177001953125
5.728515625
5.44140625
4.770263671875
5.56396484375
5.1484375
5.093017578125
4.88232421875
5.513671875
5.240966796875
4.634765625
5.3349609375
5.2509765625
5.25732421875
4.827880859375
4.961669921875
5.078857421875
5.200927734375
5.325439453125
5.472412109375
4.620361328125
5.234375
4.740478515625
4.855712890625
4.93896484375
5.52587890625
4.53515625
5.086669921875
5.126220703125
5.24951171875
4.88427734375
4.981689453125
4.65234375
4.937744140625
5.262939453125
4.887451171875
5.221435546875
5.092041015625
5.203857421875
5.451904296875
5.0244140625
5.336181640625
5.721923828125
4.81787109375
4.486572265625
5.248291015625
4.724609375
5.057861328125
4.91845703125
5.04931640625
5.120361328125
5.124755859375
5.06103515625
4.95458984375
5.53564453125
5.64404296875
4.736083984375
5.16064453125
4.950439453125
4.734375
5.06103515625
5.46142578125
5.177978515625
5.26904296875
4.9833984375
4.807373046875
5.120849609375
5.164794921875
4.803955078125
4.56787109375
5.20263671875
5.360107421875
5.35498046875
5.09130859375
5.128173828125
5.282958984375
5.503173828125
5.072998046875
5.37353515625
4.86572265625
4.652099609375
4.7841796875
5.2080078125
4.98779296875
5.3115234375
4.910400390625
5.133544921875
5.09228515625
5.286376953125
5.17578125
5.121826171875
5.367431640625
4.9970703125
4.915283203125
5.364990234375
5.1376953125
5.188232421875
4.889404296875
5.189208984375
5.4619140625
5.39501953125
5.429931640625
5.0849609375
5.595947265625
5.217529296875
4.85888671875
4.948974609375
5.474609375
5.412841796875
5.312744140625
4.929931640625
5.171875
5.004150390625
5.3251953125
5.44189453125
4.9208984375
5.2021484375
4.887451171875
5.06005859375
5.220458984375
5.154052734375
4.869384765625
5.0283203125
5.0380859375
4.89306640625
5.222900390625
5.344970703125
5.456298828125
5.331298828125
5.4072265625
5.25537109375
5.22509765625
5.609619140625
4.89208984375
5.420654296875
5.0224609375
4.923828125
5.310302734375
5.12158203125
5.16064453125
5.189208984375
5.11767578125
4.87744140625
5.083984375
5.20263671875
4.94677734375
5.004150390625
5.36279296875
4.424560546875
5.3466796875
5.308837890625
5.072265625
4.958984375
5.154296875
5.149658203125
5.49951171875
5.03662109375
5.117919921875
4.828369140625
5.149169921875
5.683837890625
5.050048828125
4.89501953125
4.932861328125
4.705322265625
5.0009765625
4.659423828125
5.011962890625
5.6123046875
5.469970703125
4.917724609375
5.55029296875
5.639404296875
5.072021484375
5.148681640625
4.775634765625
5.13916015625
5.595703125
5.15771484375
5.05810546875
4.622802734375
5.144287109375
5.379638671875
5.03515625
5.254638671875
5.542236328125
4.68359375
5.14599609375
5.132568359375
5.19677734375
4.91259765625
4.916748046875
5.311767578125
4.873291015625
5.3134765625
5.1220703125
5.365966796875
5.09228515625
5.24462890625
5.33349609375
4.825927734375
5.35205078125
5.206787109375
5.025634765625
5.327880859375
5.0048828125
4.883056640625
5.054931640625
5.148193359375
4.81640625
5.307861328125
5.01416015625
5.159912109375
5.113037109375
5.38818359375
5.35791015625
5.096923828125
5.0546875
5.114990234375
5.232177734375
4.88330078125
5.150146484375
5.220947265625
4.700439453125
5.20166015625
4.9345703125
5.462158203125
4.98583984375
5.041259765625
5.0390625
4.59765625
5.255859375
5.459228515625
5.347900390625
4.696533203125
5.2685546875
4.947265625
5.25439453125
5.14599609375
5.031005859375
5.303466796875
5.219970703125
5.101318359375
5.1064453125
4.767578125
5.316162109375
5.123779296875
5.10498046875
5.667724609375
5.5751953125
4.930908203125
5.119140625
5.7294921875
5.25048828125
4.71533203125
5.243408203125
4.999755859375
4.748046875
4.90576171875
5.23095703125
4.750244140625
5.396240234375
5.11181640625
4.93896484375
4.692626953125
5.238525390625
5.279296875
5.492431640625
5.315673828125
5.5166015625
5.199462890625
5.198486328125
5.1640625
5.181396484375
5.066162109375
4.97021484375
5.059326171875
5.064208984375
5.1064453125
5.3798828125
5.2802734375
4.950439453125
4.877685546875
4.842041015625
5.49755859375
4.87060546875
5.313232421875
5.211669921875
5.2578125
4.9794921875
5.51025390625
5.128173828125
5.24267578125
4.868896484375
5.29052734375
5.0771484375
4.732177734375
5.1357421875
5.124755859375
5.14111328125
4.927734375
5.1064453125
5.48583984375
4.79541015625
5.19677734375
4.86474609375
5.6630859375
4.84326171875
4.9208984375
5.093505859375
5.215576171875
4.6923828125
5.113525390625
5.612548828125
5.113525390625
4.569580078125
5.595947265625
5.170654296875
4.918212890625
4.9404296875
5.06103515625
4.594970703125
4.89990234375
5.20361328125
5.330810546875
5.220947265625
4.605712890625
5.017333984375
5.122314453125
4.7763671875
4.844482421875
5.110107421875
5.140380859375
4.807373046875
5.25
5.254150390625
4.6669921875
5.4345703125
4.874267578125
5.0634765625
5.041259765625
5.225341796875
4.720947265625
4.991455078125
4.794189453125
4.76611328125
5.505126953125
4.8916015625
5.076416015625
5.044677734375
5.14208984375
5.216552734375
5.120849609375
5.17431640625
5.073974609375
4.948974609375
4.901123046875
4.863525390625
5.205322265625
4.49755859375
5.0771484375
5.230224609375
5.13720703125
4.99658203125
4.693115234375
5.55029296875
5.176025390625
5.1689453125
5.506591796875
5.124755859375
5.053955078125
4.7529296875
5.213134765625
5.20849609375
5.177978515625
5.35107421875
4.870849609375
5.213623046875
5.44580078125
5.122802734375
5.286865234375
5.30712890625
4.9990234375
5.391845703125
4.745849609375
4.590576171875
5.14013671875
4.871826171875
4.922607421875
4.81787109375
5.110107421875
5.134521484375
5.114013671875
4.998779296875
5.10498046875
5.10888671875
4.5439453125
4.924072265625
4.92919921875
4.994384765625
5.081787109375
5.31787109375
5.150390625
5.0302734375
5.072509765625
4.7080078125
5.109375
5.45703125
5.431640625
5.2861328125
5.178955078125
5.198974609375
4.92919921875
5.10498046875
4.69921875
5.07958984375
5.337158203125
5.318115234375
5.65966796875
4.805419921875
5.167236328125
5.576904296875
5.31201171875
4.70947265625
5.2734375
4.5673828125
5.053955078125
5.036376953125
5.359619140625
5.25048828125
4.9736328125
4.984375
5.06982421875
4.9619140625
5.291748046875
4.77392578125
4.58544921875
5.0888671875
5.304443359375
5.09326171875
5.238037109375
5.274658203125
5.181396484375
5.07275390625
5.391357421875
4.90283203125
5.34033203125
4.72509765625
5.416015625
4.976806640625
4.918701171875
5.227783203125
5.316162109375
4.846923828125
4.494140625
5.26318359375
5.16455078125
5.3525390625
4.99658203125
5.01123046875
4.956298828125
4.884521484375
5.064208984375
5.30322265625
4.86376953125
5.413330078125
5.219970703125
4.853759765625
5.004150390625
5.358642578125
5.3603515625
4.88427734375
4.800537109375
5.107666015625
5.0859375
5.486328125
5.10400390625
5.359130859375
5.0537109375
5.156982421875
5.3115234375
5.383056640625
4.844482421875
5.060302734375
4.98486328125
5.234619140625
5.196533203125
5.20556640625
4.89794921875
5.219482421875
5.288818359375
5.137451171875
4.869873046875
5.284423828125
5.56201171875
5.221923828125
4.6884765625
5.410888671875
4.85986328125
4.92138671875
4.967041015625
5.119140625
4.9482421875
5.21435546875
5.060302734375
5.089599609375
5.155029296875
5.440673828125
5.379638671875
5.367431640625
5.34375
5.695556640625
4.8447265625
5.19921875
4.8154296875
5.51953125
4.89697265625
5.0703125
4.999267578125
5.0283203125
5.196044921875
5.38623046875
4.897705078125
5.0751953125
5.386474609375
5.328125
5.124755859375
5.171142578125
5.07080078125
5.022216796875
5.376708984375
5.19482421875
4.968505859375
5.22802734375
5.151123046875
5.15283203125
5.0419921875
5.28515625
5.0380859375
5.413330078125
5.352783203125
5.255615234375
5.025634765625
4.845947265625
4.8662109375
4.8349609375
5.008544921875
5.137939453125
5.095947265625
4.7744140625
4.71337890625
4.621826171875
5.1025390625
4.439453125
4.49072265625
5.219970703125
5.170654296875
5.0087890625
5.30810546875
5.694580078125
5.34228515625
4.8125
5.4716796875
5.08154296875
5.227294921875
5.339111328125
5.034912109375
5.08544921875
5.22314453125
5.2802734375
5.0576171875
5.6826171875
5.095947265625
5.029296875
5.116455078125
5.18115234375
5.2998046875
5.134033203125
5.117431640625
5.36962890625
5.307861328125
5.561279296875
5.556396484375
5.252197265625
5.2548828125
5.043701171875
5.085205078125
5.38720703125
5.12109375
5.639404296875
5.119873046875
4.990966796875
5.080078125
5.039306640625
5.0927734375
4.919921875
4.93310546875
5.09619140625
4.960693359375
4.44921875
5.142333984375
4.763916015625
