4.80419921875
4.89111328125
4.803466796875
4.930908203125
4.99609375
4.8583984375
5.1865234375
4.590087890625
5.013671875
5.1328125
4.983154296875
4.88330078125
4.616943359375
5.15625
5.103515625
4.873046875
5.061767578125
4.965087890625
5.299072265625
5.14453125
5.15478515625
4.925537109375
4.83642578125
5.4677734375
4.974853515625
5.1259765625
5.125
4.921142578125
5.4345703125
5.02392578125
4.993896484375
5.597900390625
5.024658203125
4.812744140625
4.859375
4.368896484375
5.293212890625
4.654296875
5.076904296875
4.894775390625
5.072265625
4.716552734375
5.021728515625
4.718505859375
5.0107421875
5.379638671875
5.169921875
4.9599609375
5.267333984375
4.5673828125
4.7802734375
5.1357421875
4.7841796875
5.140869140625
5.312744140625
4.775146484375
5.095458984375
4.822265625
5.1884765625
5.22802734375
4.8193359375
5.323974609375
4.85888671875
4.966552734375
4.61669921875
5.240234375
5.129150390625
5.485107421875
4.989013671875
4.658935546875
5.113525390625
4.8994140625
5.002197265625
4.89208984375
4.684814453125
4.963134765625
5.253173828125
4.422119140625
4.912841796875
5.615966796875
4.931640625
4.919189453125
5.327880859375
5.13818359375
4.513427734375
5.138916015625
5.2529296875
4.60107421875
4.818115234375
4.696044921875
4.965576171875
5.247314453125
4.844970703125
5.06787109375
5.249755859375
4.8115234375
4.727783203125
5.06689453125
4.61572265625
5.000732421875
4.499267578125
5.32568359375
4.55419921875
5.14404296875
5.040283203125
5.066650390625
5.1162109375
5.142578125
4.893310546875
5.05908203125
4.571044921875
4.213134765625
4.88232421875
5.239501953125
4.60302734375
4.810791015625
5.38671875
4.73583984375
4.43603515625
4.8310546875
4.817626953125
4.271484375
5.131591796875
5.102294921875
5.152587890625
4.867431640625
4.808837890625
4.783447265625
4.75732421875
5.044921875
5.460693359375
5.171630859375
4.655517578125
4.654052734375
4.9541015625
4.977294921875
4.816162109375
4.511962890625
4.69677734375
4.794921875
5.28271484375
5.4052734375
5.31005859375
5.119384765625
5.36083984375
4.929443359375
5.056884765625
4.87548828125
5.038818359375
4.75341796875
4.561767578125
5.064208984375
5.2197265625
5.051513671875
5.07958984375
5.00048828125
4.963623046875
5.156005859375
5.252197265625
4.977294921875
4.629150390625
5.220947265625
4.7392578125
5.10009765625
5.0615234375
4.2998046875
5.00439453125
4.253173828125
5.353759765625
5.21923828125
4.958740234375
4.70654296875
4.591796875
4.87646484375
5.10302734375
4.75244140625
4.87353515625
4.844970703125
4.689208984375
5.060302734375
4.645263671875
4.633056640625
5.296630859375
4.73681640625
4.85986328125
5.22216796875
5.207275390625
4.908935546875
4.702880859375
4.95947265625
5.023681640625
4.869384765625
4.86572265625
5.69580078125
4.666015625
4.927978515625
4.67724609375
5.180908203125
4.223388671875
5.2822265625
5.2265625
5.169189453125
5.47216796875
5.254638671875
5.18212890625
4.96435546875
4.547119140625
5.101318359375
5.02099609375
4.90185546875
5.35302734375
4.54443359375
4.5458984375
5.054443359375
4.778076171875
5.388671875
4.958251953125
4.60986328125
5.35107421875
5.122314453125
5.3349609375
4.867431640625
4.71337890625
4.66455078125
5.069091796875
4.66552734375
4.795654296875
5.107421875
5.031982421875
4.324462890625
5.335205078125
4.886474609375
4.89404296875
4.477294921875
4.910888671875
5.161865234375
5.2197265625
5.13525390625
4.599853515625
4.686767578125
4.352294921875
5.199462890625
4.787353515625
5.27392578125
5.014404296875
5.19287109375
5.179443359375
5.138916015625
4.73486328125
5.023681640625
5.032470703125
5.0966796875
4.915771484375
4.250732421875
4.81494140625
4.948974609375
5.079345703125
4.2919921875
5.042236328125
5.38232421875
4.937744140625
4.886962890625
4.77294921875
5.023681640625
4.84033203125
4.686767578125
4.96435546875
5.21484375
4.433837890625
5.38427734375
5.24169921875
4.7109375
4.429931640625
5.339599609375
5.16943359375
5.349365234375
5.01806640625
4.65771484375
5.212158203125
5.41650390625
5.050537109375
4.8447265625
5.19677734375
4.9267578125
5.3056640625
5.193603515625
4.924072265625
5.2001953125
5.33740234375
5.064208984375
4.796630859375
5.146728515625
4.950439453125
4.922607421875
5.14501953125
5.171875
5.387451171875
4.959716796875
5.020751953125
5.099365234375
4.625
4.7880859375
4.61572265625
4.995361328125
4.67431640625
4.925048828125
5.35791015625
4.492431640625
5.147216796875
4.8310546875
4.4599609375
4.093017578125
4.715087890625
4.591552734375
5.17138671875
4.689453125
4.444580078125
5.2001953125
5.162109375
4.5166015625
5.625
5.03076171875
5.30419921875
4.66162109375
4.80029296875
4.76708984375
5.348876953125
4.98779296875
4.58740234375
5.2353515625
5.088623046875
5.286865234375
5.3046875
5.07177734375
4.744873046875
5.02734375
4.944091796875
5.05126953125
4.89404296875
4.983154296875
4.99365234375
5.4951171875
5.16259765625
4.74267578125
5.321044921875
5.37109375
4.813232421875
5.2939453125
4.5341796875
4.806884765625
4.76708984375
5.056396484375
4.995361328125
5.55810546875
4.980224609375
4.449951171875
5.03076171875
5.015625
4.95654296875
5.2158203125
5.25439453125
4.838134765625
4.7958984375
4.6826171875
5.059326171875
5.06201171875
5.26123046875
4.759033203125
4.7724609375
4.83935546875
4.96142578125
4.722900390625
5.1279296875
4.7529296875
4.690185546875
5.373046875
4.64794921875
4.699951171875
5.44287109375
5.330810546875
5.16943359375
5.261962890625
4.917236328125
4.733154296875
4.98876953125
5.181884765625
4.85791015625
4.7421875
4.7421875
4.800048828125
5.02978515625
4.703369140625
4.900390625
5.142578125
4.8701171875
5.102783203125
5.3310546875
4.7333984375
4.4482421875
5.024658203125
5.4052734375
4.886962890625
5.527099609375
4.88671875
4.737060546875
5.101318359375
4.694091796875
5.0126953125
5.19580078125
4.438232421875
5.182861328125
4.4658203125
4.980224609375
4.904541015625
4.695068359375
4.47998046875
4.77392578125
5.27734375
4.49755859375
4.810546875
4.9150390625
5.5126953125
5.044189453125
4.8857421875
4.775634765625
5.1474609375
4.481201171875
5.26318359375
4.541748046875
4.812255859375
4.59912109375
4.572509765625
4.72265625
4.7099609375
4.972900390625
4.90576171875
4.927490234375
4.73681640625
5.2080078125
5.072265625
5.31494140625
5.125732421875
4.2978515625
4.52197265625
5.277587890625
5.16455078125
4.93212890625
5.1630859375
5.37939453125
5.139892578125
5.53173828125
5.3798828125
4.52587890625
4.9248046875
5.1123046875
5.200927734375
5.230224609375
5.2919921875
5.218505859375
4.6533203125
4.978759765625
4.594482421875
4.767578125
5.22021484375
5.07861328125
5.003173828125
5.113037109375
4.7509765625
4.80908203125
5.024658203125
4.923095703125
4.565673828125
5.21533203125
5.1865234375
4.96923828125
4.809326171875
4.908447265625
4.8662109375
5.03515625
4.9365234375
4.74658203125
5.007568359375
4.636474609375
4.771728515625
5.05029296875
4.876953125
4.724365234375
5.007080078125
4.758544921875
4.945556640625
5.3486328125
5.2041015625
4.910400390625
5.3046875
5.1845703125
5.22119140625
4.970458984375
4.718017578125
5.098876953125
5.578125
4.953125
5.010498046875
4.8583984375
4.765869140625
5.205322265625
5.074951171875
4.9423828125
5.141845703125
4.8564453125
4.401611328125
4.91357421875
4.92724609375
5.358154296875
5.04345703125
5.230712890625
5.46826171875
4.8544921875
5.142578125
5.180908203125
5.0
4.73193359375
5.237060546875
5.265380859375
4.9755859375
4.775390625
4.84228515625
5.067138671875
4.676513671875
4.67626953125
4.9755859375
5.25732421875
5.517578125
5.324462890625
5.19775390625
5.037353515625
4.933837890625
4.82568359375
4.81689453125
4.767333984375
5.064453125
5.2578125
4.62158203125
5.009521484375
4.738525390625
5.386962890625
4.83447265625
4.473388671875
5.28466796875
5.072509765625
5.21484375
5.037841796875
4.98681640625
5.0810546875
5.13134765625
4.545166015625
5.43701171875
5.132568359375
4.73583984375
5.185791015625
4.8388671875
5.0244140625
4.553466796875
5.10595703125
4.650634765625
4.798095703125
4.78857421875
5.07373046875
4.873046875
4.640625
5.444091796875
5.404541015625
4.9384765625
4.44970703125
4.71826171875
5.59619140625
4.725830078125
4.946044921875
4.811767578125
4.8330078125
4.971923828125
5.6064453125
5.0595703125
4.89892578125
4.790283203125
4.75244140625
4.9130859375
5.024169921875
5.03076171875
5.125732421875
5.366943359375
4.62353515625
4.872314453125
4.854736328125
5.033935546875
5.118896484375
4.6875
4.938720703125
4.975830078125
5.06298828125
4.752197265625
5.196533203125
5.546875
5.2685546875
4.5546875
4.556396484375
5.055908203125
4.9775390625
4.881591796875
4.719482421875
4.974853515625
5.104248046875
4.72802734375
5.32958984375
5.085205078125
5.22802734375
5.03515625
4.866455078125
4.61181640625
4.923095703125
5.22265625
4.868896484375
5.033447265625
5.294189453125
4.570068359375
4.636962890625
5.322998046875
4.900390625
4.941162109375
4.703125
5.110107421875
5.074951171875
5.258544921875
5.05322265625
4.978759765625
5.0
5.312744140625
4.77880859375
5.2314453125
4.712158203125
5.0048828125
5.340576171875
4.471923828125
4.986083984375
4.73193359375
4.745361328125
4.69140625
5.0751953125
4.839599609375
4.83837890625
4.862060546875
4.865234375
5.175048828125
4.375732421875
5.031005859375
4.850830078125
5.158935546875
5.110107421875
4.54638671875
5.0498046875
4.8388671875
5.0
4.197265625
4.82958984375
5.310302734375
4.9052734375
4.99169921875
5.095703125
5.327880859375
4.599365234375
5.1240234375
5.1875
5.08984375
5.00439453125
5.113037109375
5.121826171875
5.00390625
4.910888671875
4.7255859375
4.520751953125
4.635986328125
4.54345703125
4.739501953125
4.9228515625
4.8125
4.58642578125
4.602294921875
4.913330078125
4.906982421875
4.830322265625
4.870849609375
4.436279296875
5.08251953125
5.426513671875
5.235595703125
4.929931640625
4.78759765625
4.7568359375
5.110107421875
4.60009765625
4.89501953125
5.35986328125
5.083740234375
5.229736328125
5.461669921875
4.57080078125
5.243896484375
4.577880859375
4.921142578125
4.436279296875
5.3564453125
5.078369140625
4.8876953125
4.718505859375
5.041259765625
4.505126953125
4.42041015625
4.9814453125
5.277587890625
4.8232421875
5.230712890625
5.263427734375
4.574951171875
5.37939453125
4.841552734375
5.216552734375
4.98095703125
4.89453125
5.18212890625
4.766357421875
5.2021484375
5.10498046875
4.8408203125
4.740234375
5.361572265625
4.744140625
4.73828125
4.65380859375
5.235107421875
4.8056640625
5.405029296875
5.056640625
5.073974609375
5.01513671875
4.8525390625
4.90380859375
4.753173828125
4.716796875
4.77197265625
4.878662109375
4.85400390625
4.612060546875
5.05126953125
5.195556640625
4.7265625
5.034912109375
5.12158203125
4.818115234375
5.173828125
5.284912109375
5.003662109375
5.091796875
4.93212890625
4.83642578125
4.87353515625
4.6591796875
5.090576171875
4.9541015625
4.821533203125
4.353271484375
5.059814453125
4.882080078125
4.550537109375
5.10595703125
4.797119140625
5.056396484375
4.71484375
4.61181640625
4.94091796875
5.23974609375
5.080810546875
4.954345703125
4.959228515625
4.818359375
5.197998046875
5.310302734375
5.181640625
4.715087890625
5.0322265625
4.436279296875
5.142822265625
4.65478515625
4.80517578125
4.501708984375
4.734619140625
5.200927734375
5.154541015625
4.75146484375
5.406982421875
5.102294921875
4.88427734375
5.015869140625
5.08740234375
4.886474609375
4.926025390625
4.9140625
4.2529296875
5.047607421875
4.89404296875
4.984130859375
5.111572265625
4.844970703125
5.056884765625
4.8046875
5.2548828125
4.53173828125
4.810546875
5.112548828125
5.19189453125
4.650634765625
4.756103515625
5.19482421875
5.22265625
4.564453125
4.995849609375
4.984375
5.001708984375
5.001953125
5.177734375
4.892333984375
5.412109375
4.98583984375
4.702880859375
5.062744140625
4.8740234375
5.033935546875
4.756103515625
4.971923828125
5.09912109375
5.078369140625
5.4248046875
