2.9951171875
2.9951171875
2.9951171875
2.852294921875
2.88427734375
2.771240234375
2.556640625
2.88720703125
2.799560546875
2.974365234375
3.23291015625
2.487548828125
2.819091796875
2.706298828125
3.120849609375
2.91162109375
2.822509765625
2.912841796875
2.951171875
2.85791015625
2.887939453125
2.5390625
2.702880859375
3.110107421875
2.7412109375
3.0947265625
2.450927734375
2.727294921875
2.978515625
2.77001953125
2.633544921875
2.592041015625
3.0146484375
3.099365234375
3.029541015625
3.068603515625
2.686279296875
2.5048828125
2.7158203125
2.3994140625
2.779296875
2.834716796875
3.0546875
2.54833984375
3.091064453125
3.109130859375
2.74267578125
3.10986328125
2.869140625
2.90966796875
2.483154296875
3.1083984375
3.13623046875
2.737060546875
2.6982421875
3.14306640625
3.03466796875
2.35107421875
2.747802734375
2.7626953125
2.814453125
2.8720703125
2.733154296875
2.2177734375
2.94970703125
3.056884765625
2.820556640625
2.589111328125
3.140869140625
2.97900390625
2.625
2.958740234375
3.164794921875
2.9853515625
2.668701171875
2.98876953125
2.720947265625
2.75390625
2.7783203125
3.104248046875
2.7529296875
2.9423828125
2.73681640625
2.656982421875
2.7255859375
2.661865234375
2.682861328125
2.78955078125
2.6259765625
2.888427734375
2.85693359375
2.888427734375
2.97021484375
2.794921875
3.016357421875
2.58251953125
2.617431640625
2.832275390625
2.737060546875
3.124267578125
2.713134765625
2.70458984375
2.96044921875
3.025146484375
2.924072265625
2.02734375
2.82568359375
2.69677734375
2.677001953125
2.454833984375
2.770751953125
2.6865234375
2.354248046875
2.8896484375
2.77734375
2.888671875
2.80712890625
2.690185546875
2.736083984375
2.576171875
2.89501953125
2.74609375
2.465576171875
2.92578125
2.986083984375
2.818603515625
2.596923828125
2.630126953125
2.709716796875
2.87158203125
2.814697265625
3.03173828125
2.8251953125
2.406982421875
2.949951171875
2.8271484375
2.9912109375
2.9736328125
2.83251953125
3.3984375
3.017333984375
3.0361328125
2.846923828125
2.841796875
2.7392578125
2.686767578125
2.96533203125
2.966796875
2.892333984375
2.714111328125
3.09375
2.53955078125
2.850830078125
3.195068359375
2.967041015625
2.87841796875
2.757080078125
2.5224609375
2.661376953125
2.863525390625
3.273681640625
2.770263671875
3.03857421875
2.571044921875
2.99755859375
2.8271484375
2.7548828125
2.785888671875
2.74560546875
2.80029296875
3.213134765625
2.809326171875
2.919677734375
3.0849609375
2.9033203125
3.086669921875
2.52880859375
2.697998046875
2.927734375
2.974609375
2.283447265625
2.5888671875
2.709228515625
2.708740234375
2.903564453125
2.7216796875
3.1298828125
2.635009765625
3.08740234375
2.616455078125
3.109130859375
2.7158203125
3.177001953125
2.84228515625
3.155029296875
2.814453125
2.5703125
2.94189453125
2.941162109375
2.908447265625
2.843505859375
2.602294921875
2.802001953125
2.99853515625
2.743408203125
3.031494140625
2.814697265625
3.12939453125
2.607666015625
2.91650390625
2.9873046875
2.923828125
2.963623046875
2.81640625
2.62646484375
2.678955078125
3.005859375
2.9443359375
2.728515625
3.086669921875
2.767578125
3.048095703125
3.0341796875
3.056884765625
2.9345703125
3.086669921875
2.735107421875
2.9658203125
3.17626953125
2.975830078125
2.543212890625
2.965087890625
3.0048828125
2.5
3.270263671875
2.985595703125
3.440185546875
3.179931640625
3.257568359375
3.29150390625
2.843994140625
3.0478515625
3.036865234375
2.822021484375
2.642822265625
2.875
3.068603515625
3.0107421875
2.6669921875
2.8818359375
2.94921875
3.031005859375
2.97021484375
2.863525390625
2.211181640625
2.86181640625
2.79296875
2.811767578125
2.995849609375
3.17626953125
2.735107421875
3.124755859375
2.717041015625
2.95947265625
2.9619140625
3.084228515625
2.64794921875
2.9814453125
2.84375
2.6630859375
2.70166015625
2.40478515625
2.75634765625
2.931640625
3.2685546875
2.816650390625
2.85595703125
2.6123046875
2.889404296875
2.93212890625
2.900146484375
2.58544921875
2.782470703125
2.453369140625
2.721435546875
2.8525390625
2.9326171875
2.7685546875
3.1142578125
3.1259765625
2.845947265625
2.57958984375
3.217529296875
2.77392578125
2.893310546875
2.475341796875
3.044189453125
2.8974609375
2.46435546875
3.4033203125
3.130126953125
2.4931640625
2.827392578125
2.841796875
2.53662109375
2.81591796875
3.0107421875
2.620361328125
2.747802734375
2.98388671875
3.064697265625
3.0458984375
2.961669921875
2.968994140625
3.052734375
2.79443359375
3.10302734375
3.20166015625
2.414306640625
2.943359375
2.73828125
2.81982421875
2.80712890625
2.751708984375
2.820068359375
2.956298828125
3.042236328125
3.314697265625
2.986328125
2.729248046875
2.784423828125
2.66650390625
3.173095703125
2.48876953125
2.741943359375
2.753173828125
3.0185546875
3.10546875
3.117431640625
2.965087890625
2.74267578125
2.986572265625
2.927978515625
2.904296875
2.97802734375
2.6123046875
3.251953125
3.1533203125
2.578125
2.8828125
3.22216796875
2.83349609375
2.938720703125
2.67236328125
3.0263671875
2.968994140625
2.93798828125
2.962158203125
2.9775390625
2.755126953125
3.23388671875
2.621826171875
3.013427734375
2.68896484375
3.022705078125
2.682373046875
2.67041015625
3.0478515625
2.61767578125
2.706298828125
2.911376953125
2.995849609375
2.999755859375
2.87451171875
2.6796875
3.0693359375
2.607421875
2.620849609375
3.19482421875
3.0224609375
2.902587890625
2.824462890625
2.80517578125
2.60986328125
3.00732421875
2.97412109375
2.841552734375
3.160888671875
2.8896484375
2.7216796875
3.316650390625
3.009521484375
2.797119140625
2.780029296875
2.87841796875
2.87744140625
2.926025390625
2.35302734375
2.806640625
3.0263671875
2.63427734375
3.157958984375
3.157958984375
2.837890625
2.7216796875
2.674072265625
2.971435546875
2.793701171875
3.085205078125
2.54736328125
2.763671875
3.118408203125
2.7470703125
3.003662109375
3.10791015625
2.613525390625
2.913330078125
3.16162109375
3.14404296875
2.9326171875
2.78173828125
2.8564453125
2.9072265625
3.115234375
2.64306640625
3.217529296875
2.777099609375
3.02294921875
3.1015625
2.98779296875
2.791259765625
2.40478515625
2.79541015625
2.337646484375
2.697265625
3.30859375
2.309326171875
3.064453125
2.75830078125
2.498779296875
3.060302734375
3.051025390625
2.6416015625
2.82568359375
2.733642578125
3.13037109375
2.872314453125
2.8564453125
2.8447265625
2.86572265625
2.948486328125
2.976318359375
2.872314453125
2.81787109375
2.44091796875
2.9296875
2.88671875
2.8037109375
2.989501953125
2.888427734375
3.012939453125
2.814453125
2.67626953125
2.812744140625
2.79248046875
2.987060546875
2.9345703125
2.923828125
2.760498046875
2.973388671875
2.75390625
2.6103515625
2.97607421875
2.952880859375
2.850830078125
2.780517578125
2.973388671875
3.11962890625
2.681640625
2.701904296875
3.24755859375
3.0791015625
2.813232421875
2.335693359375
2.952392578125
2.90625
3.062744140625
3.100830078125
2.92822265625
3.03662109375
3.023193359375
2.463134765625
3.0546875
2.83056640625
3.013916015625
2.916259765625
3.06201171875
2.859619140625
2.700927734375
2.33642578125
2.818359375
2.8486328125
3.013671875
2.82373046875
2.70166015625
3.074951171875
3.267578125
2.61083984375
2.801513671875
3.025390625
2.885009765625
2.9248046875
2.832763671875
2.623779296875
2.85791015625
2.8603515625
2.70849609375
2.49365234375
2.691162109375
2.952880859375
3.0078125
3.1298828125
2.952392578125
3.116943359375
2.886474609375
2.99658203125
2.56689453125
2.91455078125
2.73974609375
2.730712890625
2.96630859375
2.7744140625
3.0625
3.173095703125
2.96484375
2.54541015625
2.5771484375
2.97216796875
3.092041015625
2.268798828125
2.50732421875
3.279541015625
3.142333984375
2.95556640625
2.63134765625
2.856201171875
2.83203125
2.89453125
3.097412109375
3.05712890625
2.57177734375
2.94970703125
2.915283203125
2.853515625
2.6376953125
2.943115234375
2.693115234375
2.86328125
2.977294921875
2.858642578125
2.349365234375
2.704833984375
3.239501953125
3.084716796875
2.9091796875
2.656494140625
3.271240234375
2.987548828125
2.693115234375
2.96875
2.9990234375
2.74267578125
2.332275390625
3.18212890625
2.82568359375
3.25634765625
2.77001953125
2.79150390625
3.000244140625
3.21142578125
2.637451171875
2.357421875
2.691650390625
2.640869140625
2.953125
3.116455078125
2.59619140625
3.010009765625
2.406005859375
3.05029296875
2.351806640625
2.62890625
3.067138671875
2.941162109375
2.549072265625
3.123291015625
2.408935546875
2.90234375
3.115966796875
2.97607421875
2.9892578125
3.033203125
2.818603515625
2.82373046875
2.832763671875
3.14111328125
2.941650390625
3.244140625
2.60986328125
2.687744140625
2.907958984375
2.31396484375
2.748046875
2.900146484375
2.899658203125
2.99951171875
2.545654296875
3.041015625
2.29052734375
2.716064453125
2.9443359375
2.91943359375
3.174072265625
2.86376953125
2.923583984375
3.324462890625
2.982177734375
3.062744140625
2.836181640625
2.859130859375
2.6630859375
2.865966796875
2.801025390625
2.39990234375
3.089599609375
2.618896484375
2.780029296875
3.033935546875
3.030517578125
2.994873046875
2.75
2.656982421875
2.738525390625
2.859375
2.74658203125
2.380859375
2.929931640625
2.864501953125
2.451904296875
3.05029296875
2.625244140625
2.697509765625
2.9130859375
3.138916015625
2.5146484375
2.8173828125
3.463134765625
2.841552734375
3.2060546875
2.565185546875
2.836181640625
2.782958984375
2.4609375
3.08935546875
2.8828125
2.9541015625
2.9501953125
2.721435546875
2.50341796875
3.166259765625
2.88916015625
2.558837890625
2.984619140625
2.67236328125
2.95556640625
2.724853515625
2.890625
2.75048828125
3.2412109375
2.94873046875
2.81396484375
3.08251953125
2.415283203125
3.13916015625
2.517578125
2.72314453125
2.705322265625
2.984619140625
2.624267578125
2.654296875
2.50244140625
2.703125
3.15380859375
2.805908203125
2.750732421875
2.527099609375
2.90380859375
3.027587890625
3.046875
2.860595703125
2.727294921875
2.65576171875
2.443115234375
3.162841796875
3.064453125
3.254638671875
2.829833984375
2.8203125
2.60400390625
2.973388671875
2.744384765625
3.2705078125
3.0078125
2.865478515625
3.019287109375
2.898193359375
3.002197265625
2.7890625
2.805419921875
3.109130859375
2.713623046875
2.69384765625
3.056396484375
2.742431640625
2.9267578125
2.9267578125
2.78759765625
3.119873046875
2.982666015625
2.64697265625
2.96923828125
2.867431640625
2.44189453125
2.560302734375
2.92578125
2.8994140625
3.015869140625
2.9990234375
3.24365234375
2.6708984375
2.71044921875
2.728271484375
2.979736328125
2.619873046875
2.96240234375
2.7685546875
2.848876953125
2.957275390625
2.8193359375
2.8046875
2.508056640625
2.858154296875
2.929443359375
3.119140625
2.42919921875
2.79833984375
3.1875
2.544921875
3.13623046875
3.16455078125
2.946044921875
3.066650390625
2.772216796875
3.05859375
2.9287109375
2.85595703125
2.64208984375
2.83056640625
2.9326171875
3.110107421875
2.7197265625
2.61572265625
2.9052734375
2.741455078125
2.9169921875
3.06298828125
3.034423828125
2.708251953125
2.76416015625
2.765869140625
2.78125
2.880615234375
3.065185546875
2.97265625
3.020263671875
2.7705078125
3.041015625
2.671142578125
2.555419921875
2.82958984375
3.1826171875
2.857421875
2.5283203125
2.894287109375
2.888427734375
2.327392578125
2.783447265625
2.734130859375
2.9130859375
2.943603515625
2.524658203125
2.614013671875
2.857177734375
2.77587890625
2.7021484375
2.697998046875
2.80078125
2.667236328125
2.687744140625
2.931396484375
3.008056640625
2.44287109375
3.074462890625
2.992431640625
2.988525390625
2.867431640625
3.021484375
3.21875
2.677978515625
2.927978515625
2.877685546875
2.63427734375
3.068603515625
3.149169921875
2.939453125
2.638671875
2.349853515625
2.956787109375
2.393798828125
2.692138671875
2.677734375
3.023193359375
2.884521484375
2.76611328125
3.1279296875
