4.332763671875
4.332763671875
4.332763671875
4.006103515625
4.248779296875
4.711181640625
4.14599609375
4.12744140625
4.195068359375
4.364013671875
4.5810546875
4.442138671875
4.38720703125
4.244140625
4.648193359375
4.417724609375
4.220947265625
4.14306640625
4.470947265625
4.296875
4.56201171875
4.175048828125
4.47900390625
3.925537109375
4.269775390625
4.46240234375
4.520751953125
4.29833984375
4.535888671875
4.376220703125
3.5361328125
4.517822265625
4.46484375
4.25634765625
4.40234375
4.36279296875
4.384521484375
4.413818359375
4.1162109375
3.86572265625
4.255615234375
4.05029296875
4.02197265625
4.299560546875
4.48193359375
4.3515625
3.9072265625
5.228515625
4.603515625
4.10498046875
4.445556640625
3.986083984375
4.0576171875
4.55078125
4.380126953125
4.456787109375
4.080322265625
4.091552734375
4.34912109375
3.854736328125
4.102783203125
3.94580078125
4.346435546875
4.359130859375
4.125244140625
4.165771484375
4.43994140625
3.93408203125
4.112060546875
3.9267578125
4.50634765625
3.662841796875
4.0205078125
4.15576171875
3.951904296875
4.848876953125
4.030517578125
4.121826171875
4.8349609375
4.555908203125
4.337646484375
4.267822265625
4.053466796875
3.86328125
4.340576171875
4.083984375
4.325927734375
4.41455078125
4.40087890625
4.229736328125
4.18798828125
3.8671875
4.040283203125
3.5703125
4.19970703125
4.221435546875
4.0625
4.271484375
4.138916015625
4.15478515625
4.27099609375
4.590576171875
3.796875
4.385986328125
4.57958984375
3.533203125
4.23095703125
4.3984375
3.9111328125
4.498291015625
4.110595703125
3.991943359375
3.880126953125
3.985107421875
4.0888671875
4.346435546875
4.51318359375
4.0244140625
4.186279296875
4.39599609375
3.943603515625
4.6474609375
4.151611328125
4.518798828125
4.390869140625
3.748779296875
4.12841796875
4.452392578125
4.225830078125
4.089111328125
4.326171875
4.6201171875
4.059326171875
4.118896484375
4.27587890625
4.51171875
4.1748046875
4.288330078125
4.1982421875
4.686767578125
4.31689453125
4.162109375
4.382568359375
4.31787109375
4.37939453125
4.3232421875
4.09326171875
4.30224609375
4.024658203125
3.992919921875
4.438232421875
4.3515625
4.2138671875
3.892333984375
3.6142578125
4.35888671875
4.343017578125
4.29833984375
4.30419921875
4.199462890625
4.509521484375
4.3291015625
4.683349609375
4.50732421875
3.953857421875
4.4755859375
4.06298828125
4.18310546875
4.542724609375
4.161376953125
4.6748046875
4.503173828125
4.399658203125
4.357666015625
4.114501953125
3.96826171875
3.9619140625
4.670166015625
4.082763671875
4.42724609375
4.372314453125
4.462158203125
4.059326171875
4.140380859375
4.306640625
4.2626953125
4.13720703125
4.2158203125
4.1669921875
4.251708984375
3.923583984375
3.98583984375
4.358642578125
4.280029296875
4.158935546875
4.61279296875
4.40087890625
3.549072265625
4.536865234375
4.343994140625
3.794189453125
4.0927734375
4.313720703125
4.348876953125
4.046875
4.2265625
3.99072265625
4.5244140625
3.885009765625
3.984619140625
4.333251953125
4.355712890625
4.186279296875
4.21923828125
3.998779296875
4.234375
4.091552734375
4.564697265625
4.218017578125
4.571044921875
4.006103515625
4.33447265625
4.43994140625
4.01220703125
4.235595703125
4.3515625
4.4912109375
3.923583984375
4.379638671875
4.212646484375
3.841796875
4.3134765625
3.8310546875
4.137451171875
3.729248046875
3.98779296875
3.877197265625
4.6220703125
4.02587890625
4.41650390625
4.452392578125
4.023681640625
4.14453125
4.545654296875
4.173095703125
4.1591796875
4.114990234375
4.13037109375
4.146728515625
3.99560546875
4.5244140625
4.142578125
4.152099609375
4.199462890625
4.163818359375
4.401611328125
4.140380859375
4.34521484375
3.961181640625
4.247802734375
4.279052734375
4.67333984375
4.239013671875
4.251220703125
4.255126953125
4.416748046875
4.3828125
3.884765625
4.250244140625
4.000244140625
4.001953125
4.42431640625
4.2880859375
4.318115234375
4.412353515625
4.0732421875
4.034912109375
4.731689453125
4.636962890625
4.276611328125
3.719482421875
4.295166015625
4.30908203125
4.03271484375
4.3623046875
4.618896484375
4.506103515625
3.947265625
4.242919921875
4.357177734375
4.138427734375
4.190185546875
4.05859375
4.161865234375
4.27001953125
4.22216796875
3.716552734375
4.3583984375
4.349609375
3.99560546875
4.472900390625
4.09912109375
4.367431640625
4.6630859375
4.142333984375
3.944580078125
3.730224609375
4.03662109375
4.3369140625
4.338134765625
4.135986328125
4.39013671875
4.212158203125
4.561279296875
4.011962890625
4.201904296875
4.499755859375
3.830078125
3.849365234375
4.37646484375
3.71484375
4.152587890625
4.092529296875
3.911865234375
4.500244140625
4.03271484375
4.1279296875
4.223876953125
3.99365234375
4.51904296875
4.143798828125
4.21630859375
4.281005859375
4.242431640625
4.870361328125
4.297119140625
4.139404296875
4.216796875
4.270263671875
4.444091796875
4.09033203125
4.494140625
3.607177734375
4.02099609375
4.2431640625
4.389892578125
3.980712890625
4.401123046875
4.471435546875
4.02880859375
4.38623046875
4.25732421875
4.303466796875
4.617431640625
4.3759765625
4.347412109375
3.9814453125
4.28271484375
4.158935546875
3.94677734375
4.294189453125
4.317626953125
4.1044921875
3.984375
3.904541015625
4.19873046875
4.42236328125
3.896240234375
3.570556640625
4.3662109375
4.0966796875
4.19091796875
4.256591796875
4.29443359375
4.505615234375
4.51953125
4.169921875
4.48779296875
4.351318359375
4.18505859375
4.3935546875
4.40234375
4.151123046875
3.917724609375
3.9599609375
3.974365234375
4.2197265625
4.60009765625
3.9580078125
4.48291015625
4.279296875
4.261474609375
4.367431640625
4.239501953125
4.501708984375
4.07568359375
3.7529296875
3.759521484375
4.12353515625
4.126953125
4.639892578125
4.576416015625
4.516845703125
3.95263671875
4.139892578125
4.60693359375
4.640625
3.97119140625
4.2236328125
4.348388671875
4.24658203125
4.2060546875
4.5009765625
4.232177734375
4.2119140625
4.1015625
4.170654296875
3.996337890625
4.026123046875
4.403076171875
4.031005859375
4.4541015625
4.052001953125
4.1455078125
4.350341796875
4.42138671875
3.86767578125
4.07958984375
4.508056640625
4.0966796875
4.05908203125
3.768798828125
4.368408203125
4.005615234375
4.147216796875
4.344482421875
4.1103515625
4.5283203125
4.375732421875
4.04541015625
4.43310546875
4.04296875
4.364501953125
4.150146484375
4.09716796875
4.132080078125
4.16748046875
3.9873046875
4.354736328125
4.182861328125
3.868408203125
4.415771484375
4.4423828125
4.00244140625
3.940185546875
4.0771484375
4.75537109375
4.150634765625
4.5517578125
4.16943359375
4.166259765625
4.618408203125
4.38720703125
4.57958984375
3.8583984375
3.89990234375
4.230224609375
4.009765625
4.68310546875
4.260986328125
4.298828125
4.12890625
4.224609375
4.19677734375
3.89404296875
4.378173828125
4.352294921875
4.189453125
4.2734375
4.020751953125
4.29736328125
4.37060546875
4.2978515625
4.16943359375
4.435302734375
4.321044921875
3.856201171875
4.439453125
4.287353515625
4.417724609375
4.39404296875
4.024658203125
4.282958984375
3.980224609375
4.236083984375
4.24169921875
4.23974609375
4.521240234375
4.389404296875
3.749755859375
3.838623046875
4.5224609375
3.873291015625
4.193115234375
3.78857421875
4.25390625
4.428466796875
4.10693359375
4.23095703125
4.51318359375
4.04541015625
4.068115234375
4.37158203125
4.435302734375
4.01953125
4.234375
4.498046875
4.252197265625
4.727783203125
4.227294921875
4.209228515625
4.479736328125
4.04931640625
4.034912109375
3.63818359375
3.725341796875
4.43359375
4.588623046875
4.280029296875
4.240478515625
4.119384765625
4.278076171875
4.065673828125
4.073974609375
4.364990234375
4.34912109375
4.28662109375
4.236083984375
3.977294921875
4.3349609375
4.449951171875
4.0048828125
4.69580078125
3.9375
4.15478515625
4.052490234375
4.272216796875
4.59814453125
4.34521484375
4.324462890625
4.324951171875
4.21240234375
4.46533203125
4.425048828125
4.246337890625
4.25244140625
4.258056640625
4.251708984375
4.253173828125
4.42626953125
4.041748046875
4.236572265625
4.433837890625
4.611083984375
4.489501953125
4.534912109375
4.175048828125
3.8662109375
4.27001953125
3.958984375
4.3662109375
4.074462890625
4.072998046875
3.9931640625
4.135009765625
4.243896484375
3.875732421875
4.244140625
4.227294921875
4.107177734375
4.2099609375
4.2265625
4.199951171875
3.94775390625
4.457275390625
3.862548828125
4.500244140625
4.373779296875
3.972412109375
4.51904296875
4.446533203125
3.9404296875
4.54345703125
4.584716796875
4.279541015625
3.94677734375
3.961181640625
4.21484375
4.222412109375
3.93798828125
4.107666015625
4.15869140625
4.154052734375
4.185302734375
3.7724609375
4.20458984375
4.225830078125
4.771484375
4.16796875
4.754638671875
4.27490234375
4.530517578125
3.64013671875
4.377685546875
4.53564453125
4.0654296875
4.0986328125
4.784912109375
4.393310546875
4.059814453125
4.348876953125
3.755126953125
4.0546875
4.4521484375
4.427001953125
4.34326171875
4.69970703125
4.095458984375
4.23828125
4.33154296875
3.843017578125
3.864501953125
3.98974609375
4.309814453125
4.263671875
3.97119140625
4.162353515625
4.513671875
4.125732421875
4.251220703125
4.0849609375
4.359130859375
4.16357421875
4.23046875
4.18017578125
4.0859375
4.3740234375
4.127685546875
4.2734375
4.129638671875
4.015380859375
4.326416015625
4.211181640625
4.46728515625
4.24658203125
4.630859375
4.366943359375
4.109130859375
4.0087890625
4.27880859375
4.177490234375
4.418701171875
4.298583984375
4.115234375
4.397216796875
4.14990234375
4.2275390625
4.523193359375
4.17724609375
4.4697265625
4.20458984375
4.21533203125
3.853271484375
3.77001953125
4.139892578125
4.464111328125
4.24853515625
4.2314453125
4.36865234375
4.104736328125
4.437744140625
4.556640625
3.967041015625
4.113525390625
4.44384765625
4.482421875
4.40869140625
4.0009765625
4.505859375
3.763916015625
4.378662109375
4.3505859375
4.1416015625
4.388427734375
3.98828125
4.21484375
4.292724609375
3.95166015625
4.055419921875
4.190673828125
4.152587890625
4.0859375
4.483642578125
4.257568359375
4.35107421875
4.37255859375
4.3388671875
4.274169921875
4.218505859375
4.20361328125
4.42041015625
4.283935546875
4.210693359375
3.8232421875
3.737548828125
3.9599609375
4.490478515625
4.495849609375
4.079833984375
4.559326171875
4.2939453125
4.2177734375
3.947509765625
4.156005859375
3.9375
4.54248046875
4.256591796875
4.240234375
4.500244140625
4.005126953125
3.498046875
4.038330078125
4.20361328125
3.741455078125
4.564453125
4.2265625
4.71533203125
3.78564453125
4.1513671875
3.849365234375
3.430419921875
4.6298828125
4.484375
3.882568359375
4.03466796875
4.18017578125
4.0009765625
3.989013671875
4.13623046875
4.288330078125
4.056884765625
3.94970703125
4.113525390625
4.0087890625
4.087646484375
4.374267578125
4.12353515625
4.26513671875
3.813232421875
4.63134765625
4.46337890625
3.97216796875
4.257080078125
4.130615234375
4.16796875
4.2939453125
4.082763671875
4.1171875
3.90771484375
4.440185546875
4.012939453125
3.831787109375
4.074462890625
3.901123046875
4.29150390625
4.392578125
3.878173828125
4.211181640625
4.631591796875
4.23779296875
4.3662109375
4.260498046875
4.331298828125
4.186767578125
4.431884765625
3.96435546875
4.192138671875
4.620849609375
4.0087890625
3.871337890625
4.385009765625
4.087890625
4.40234375
4.675048828125
4.349365234375
4.68408203125
4.5537109375
3.953369140625
4.59619140625
4.176513671875
3.9072265625
4.23486328125
4.330810546875
4.281005859375
4.5771484375
3.899169921875
4.033203125
4.50390625
4.090087890625
3.888916015625
4.142578125
4.631591796875
3.9990234375
4.062255859375
4.12939453125
4.126220703125
4.371337890625
4.71142578125
4.04736328125
4.747314453125
4.111083984375
4.01416015625
4.310791015625
4.5009765625
4.47509765625
3.95849609375
4.2353515625
4.1630859375
3.63427734375
4.33251953125
4.445556640625
4.2578125
4.368408203125
4.281982421875
4.245361328125
3.65625
3.812255859375
4.239013671875
3.8974609375
3.734130859375
4.11962890625
4.287109375
3.846923828125
4.297119140625
4.4287109375
4.237548828125
4.170654296875
4.105712890625
4.151123046875
4.6064453125
4.3046875
4.38232421875
4.071533203125
3.765869140625
4.40966796875
4.218017578125
4.463134765625
4.09912109375
4.538818359375
4.483154296875
4.455810546875
4.543212890625
4.361572265625
4.2431640625
3.82080078125
3.970458984375
4.161376953125
4.084228515625
4.332275390625
4.434326171875
4.88623046875
4.063720703125
3.85986328125
4.3818359375
3.614990234375
4.461181640625
4.333251953125
4.30712890625
4.09521484375
4.138427734375
4.7626953125
4.137939453125
4.40869140625
4.07177734375
4.25048828125
3.979736328125
4.095947265625
4.422607421875
3.908935546875
4.12060546875
4.501220703125
4.359375
4.36962890625
4.05224609375
4.198974609375
4.02734375
4.232666015625
4.56005859375
4.643798828125
4.400390625
4.1064453125
4.501953125
3.89697265625
4.007568359375
4.50927734375
4.54150390625
