2.291015625
2.291015625
2.291015625
2.291015625
1.92822265625
2.234375
2.4755859375
2.35595703125
2.253173828125
2.267578125
2.13720703125
2.44580078125
2.0283203125
1.66748046875
1.927001953125
2.31982421875
2.288818359375
2.38623046875
2.25390625
2.265869140625
1.783935546875
2.037841796875
2.06884765625
2.367431640625
2.43994140625
2.17333984375
1.956787109375
2.607666015625
2.283447265625
1.962646484375
2.1787109375
2.399658203125
2.319091796875
2.614990234375
2.061767578125
2.076416015625
2.631591796875
2.3095703125
2.258544921875
2.175048828125
1.9921875
2.25244140625
2.1962890625
1.96826171875
2.373046875
2.167724609375
2.006103515625
2.094970703125
1.99609375
2.185791015625
2.2626953125
1.90625
2.339599609375
2.3525390625
1.889404296875
2.135986328125
1.92626953125
2.21826171875
2.060791015625
2.288330078125
1.9921875
2.458740234375
2.093994140625
2.464599609375
2.052490234375
2.15185546875
2.404541015625
2.3623046875
1.883056640625
2.670166015625
2.443603515625
2.173095703125
2.292236328125
2.0791015625
2.4375
2.275390625
1.64794921875
2.253662109375
2.204345703125
2.066650390625
2.318359375
1.790771484375
1.82080078125
2.125
2.07421875
1.950439453125
2.051025390625
1.873046875
2.251708984375
1.876220703125
2.144287109375
2.08837890625
2.04638671875
2.340576171875
2.192626953125
2.141357421875
2.257080078125
2.415283203125
2.29638671875
2.119384765625
2.09375
2.4248046875
2.1162109375
2.144287109375
2.084228515625
2.03076171875
2.3017578125
2.3046875
2.256591796875
2.05908203125
2.389892578125
2.392822265625
1.980712890625
2.228271484375
2.330322265625
2.08740234375
1.716064453125
2.27880859375
1.9609375
1.76904296875
1.891357421875
1.927490234375
2.289794921875
2.245849609375
2.284423828125
2.29736328125
2.220458984375
1.88525390625
2.310546875
2.143310546875
2.039794921875
2.37109375
1.897705078125
2.125244140625
2.11083984375
1.96240234375
2.27685546875
2.422119140625
2.3408203125
1.939453125
2.345703125
2.3046875
2.323974609375
2.192626953125
2.06884765625
2.063720703125
2.2265625
2.2294921875
2.06494140625
2.16357421875
2.1904296875
2.361328125
1.711181640625
1.82470703125
2.06103515625
2.056884765625
2.10595703125
2.435546875
2.41015625
2.222900390625
2.33740234375
1.872802734375
2.272216796875
2.020263671875
2.164794921875
2.17578125
2.009521484375
2.4267578125
2.03466796875
2.232177734375
1.95703125
2.3388671875
2.25
2.2890625
1.837890625
2.366455078125
2.161865234375
2.267578125
2.2607421875
2.3203125
2.37890625
2.32373046875
2.404541015625
2.080810546875
2.19970703125
1.81298828125
2.234130859375
2.465576171875
2.23681640625
2.173828125
2.291015625
2.336669921875
2.10400390625
1.896484375
1.92529296875
1.969970703125
1.887939453125
2.5361328125
1.910400390625
1.9716796875
2.127685546875
2.365966796875
2.187255859375
1.930908203125
1.970458984375
2.043701171875
2.131103515625
2.32666015625
2.073974609375
2.252197265625
2.10107421875
2.173828125
2.314697265625
1.9658203125
2.400390625
2.121826171875
2.474365234375
2.319091796875
2.199462890625
2.4609375
2.152099609375
2.14208984375
2.058349609375
2.31787109375
2.0927734375
2.20947265625
2.14697265625
2.12548828125
2.255126953125
2.1220703125
2.206787109375
2.02490234375
2.246826171875
1.6982421875
2.229248046875
2.107666015625
2.218994140625
2.233642578125
2.363525390625
2.11083984375
2.056640625
2.001708984375
1.927734375
2.393310546875
2.3583984375
2.071044921875
2.0029296875
2.086669921875
2.05859375
2.591064453125
2.319091796875
2.14501953125
2.063720703125
2.308349609375
2.4248046875
2.3681640625
2.420654296875
2.054931640625
2.166259765625
2.171142578125
2.25927734375
2.04833984375
2.50439453125
2.280517578125
2.31884765625
2.412841796875
2.055419921875
2.214599609375
2.280517578125
2.052734375
2.34423828125
2.01171875
2.249755859375
2.322021484375
2.46337890625
2.1396484375
2.244384765625
1.996337890625
2.44140625
2.38037109375
2.20361328125
2.11767578125
2.231201171875
2.052734375
2.123046875
1.81103515625
2.346923828125
2.328125
2.10791015625
2.218994140625
1.962646484375
2.30810546875
2.1181640625
2.228515625
2.1337890625
2.44140625
2.086181640625
1.83642578125
1.859130859375
1.998046875
2.310302734375
1.9482421875
2.03125
2.10498046875
2.40185546875
1.778076171875
2.140625
2.07373046875
2.135009765625
2.3994140625
1.610595703125
1.98779296875
1.90380859375
2.3115234375
2.19775390625
2.00439453125
1.999755859375
1.818603515625
1.81884765625
2.18310546875
1.927978515625
2.487060546875
2.012939453125
2.037109375
2.4326171875
2.294189453125
2.17822265625
2.40576171875
1.948974609375
1.73828125
2.157470703125
2.420654296875
2.32177734375
2.1455078125
2.085693359375
2.444091796875
2.218017578125
2.2314453125
2.12744140625
2.240478515625
2.029541015625
2.38427734375
2.166259765625
2.34033203125
2.2451171875
1.930419921875
2.14794921875
1.869873046875
2.304931640625
1.77294921875
2.43359375
2.18310546875
2.458740234375
2.0078125
2.072998046875
2.130615234375
2.18212890625
1.8740234375
2.149658203125
1.71826171875
1.966064453125
2.45654296875
2.4228515625
2.127685546875
2.473388671875
2.287353515625
2.20703125
2.248779296875
1.8798828125
2.228515625
2.01123046875
1.854248046875
2.08935546875
2.12451171875
2.30322265625
2.095458984375
2.290771484375
2.104736328125
2.2431640625
1.975341796875
2.12646484375
2.10791015625
2.43115234375
2.489013671875
2.224609375
1.9287109375
2.28369140625
2.1884765625
2.138671875
2.556396484375
1.738037109375
1.7294921875
2.388916015625
2.36376953125
1.952392578125
2.096923828125
2.415283203125
2.16064453125
2.143798828125
2.14111328125
2.42041015625
2.04052734375
2.305419921875
2.04296875
2.228271484375
2.225341796875
2.2353515625
2.162109375
1.984130859375
2.255126953125
2.36328125
2.342041015625
2.283203125
2.024169921875
2.100830078125
1.932861328125
2.06201171875
1.930908203125
2.158447265625
2.2509765625
2.328857421875
2.3369140625
2.00927734375
2.27685546875
2.111083984375
1.819580078125
2.359375
2.39111328125
1.859619140625
2.298095703125
2.31298828125
1.6552734375
2.26513671875
1.95703125
2.06689453125
2.316162109375
2.5361328125
1.9404296875
2.258056640625
2.056640625
2.010498046875
2.15185546875
2.34033203125
2.320556640625
2.19482421875
2.21337890625
2.372802734375
2.279541015625
2.2861328125
2.052978515625
2.29931640625
2.13232421875
2.236083984375
1.982421875
2.22314453125
2.213623046875
2.034423828125
1.925537109375
2.206298828125
2.347900390625
2.05615234375
1.6240234375
2.212890625
1.9951171875
1.91162109375
2.2841796875
1.72900390625
2.100341796875
2.39599609375
2.23095703125
2.377685546875
2.263671875
2.271728515625
2.256591796875
2.115966796875
2.057861328125
2.2216796875
2.2880859375
2.119873046875
2.400146484375
2.253173828125
2.209716796875
2.35107421875
2.0927734375
2.115234375
2.01318359375
2.27490234375
2.17431640625
2.076416015625
2.221435546875
2.34814453125
2.26611328125
2.0166015625
2.034423828125
2.30322265625
2.11328125
2.10400390625
2.234130859375
1.98974609375
2.396728515625
2.44580078125
2.0400390625
2.199462890625
2.308349609375
1.818359375
2.143310546875
1.99072265625
1.8232421875
2.228271484375
2.34033203125
2.22900390625
1.77392578125
2.22802734375
1.988525390625
2.52978515625
2.225341796875
2.0625
1.868408203125
2.568115234375
2.203125
2.190673828125
2.33642578125
2.0947265625
2.079833984375
2.267333984375
2.47705078125
2.165283203125
2.08544921875
2.463134765625
1.954833984375
2.175537109375
2.072998046875
2.07373046875
2.46435546875
2.030517578125
2.010986328125
2.302978515625
2.092041015625
2.384765625
2.30224609375
2.32666015625
2.3740234375
2.182373046875
2.028564453125
2.1103515625
2.119384765625
2.189697265625
2.240478515625
2.5419921875
2.554443359375
2.34130859375
1.87841796875
2.212890625
1.764892578125
2.25390625
2.30908203125
1.817626953125
2.181884765625
2.11572265625
2.40869140625
1.826171875
2.362060546875
2.0908203125
2.02587890625
2.51953125
1.9951171875
2.33154296875
2.14208984375
2.04736328125
2.1591796875
1.857666015625
2.138671875
2.278564453125
2.181884765625
2.136474609375
2.078369140625
1.937744140625
2.185546875
2.17529296875
2.217529296875
2.43359375
2.32421875
2.222900390625
2.46240234375
2.1142578125
2.306396484375
1.9521484375
2.19482421875
2.15087890625
1.99462890625
2.02294921875
2.198974609375
2.06494140625
2.208740234375
2.320068359375
2.042724609375
2.350830078125
1.740234375
2.250732421875
2.344970703125
2.31591796875
2.330078125
1.907958984375
2.268798828125
2.457275390625
2.105712890625
2.119384765625
2.077392578125
2.090576171875
2.3095703125
2.345703125
2.338623046875
2.2646484375
2.318359375
2.145263671875
2.33642578125
2.19873046875
2.02392578125
1.788330078125
1.883544921875
2.15673828125
2.334716796875
2.57568359375
1.71337890625
2.202392578125
2.30712890625
2.1171875
1.89794921875
1.899658203125
2.128173828125
2.228271484375
2.205322265625
2.402587890625
1.9794921875
2.18408203125
1.846435546875
2.020751953125
1.7978515625
1.9482421875
2.178955078125
2.1591796875
2.684814453125
2.370361328125
2.09716796875
2.193115234375
2.2666015625
2.13134765625
2.406494140625
2.0302734375
2.443603515625
1.894287109375
2.048828125
1.99560546875
2.443115234375
2.04833984375
2.392822265625
2.249755859375
2.244873046875
1.987548828125
2.347412109375
2.046875
2.165771484375
2.136962890625
2.11865234375
2.32763671875
2.1962890625
2.36669921875
2.0234375
2.3759765625
2.078369140625
1.675537109375
2.13232421875
2.177490234375
2.45458984375
2.452392578125
2.215576171875
1.813720703125
2.245849609375
1.72509765625
1.80859375
2.281982421875
2.3291015625
2.265869140625
2.3037109375
2.020263671875
1.953857421875
1.9931640625
2.1044921875
2.417724609375
1.962646484375
2.00048828125
2.207275390625
2.26611328125
2.023681640625
2.25830078125
2.190185546875
2.2373046875
2.126953125
2.25390625
2.329833984375
2.33154296875
2.3212890625
1.884521484375
2.095947265625
2.099365234375
2.09521484375
2.27978515625
2.091796875
2.16943359375
1.953369140625
2.310546875
2.224853515625
2.022216796875
1.74169921875
2.099609375
2.206787109375
2.3720703125
2.317138671875
2.26171875
2.196044921875
2.003173828125
2.232177734375
2.186279296875
1.810791015625
2.26123046875
2.25439453125
2.353271484375
2.073974609375
2.293701171875
2.042724609375
2.04931640625
2.2119140625
2.133056640625
2.199462890625
1.52099609375
2.331787109375
2.05078125
1.923583984375
2.29931640625
2.074951171875
2.0546875
2.278076171875
2.308837890625
2.349365234375
2.129638671875
2.1025390625
2.08935546875
2.44287109375
2.393798828125
1.93017578125
2.066162109375
1.98388671875
2.166259765625
2.0322265625
2.25537109375
2.189697265625
2.08203125
1.884521484375
2.275390625
1.76123046875
1.901611328125
2.024658203125
2.195068359375
2.60888671875
1.931396484375
2.07763671875
2.257568359375
1.975830078125
1.91455078125
2.229736328125
2.192626953125
1.98388671875
1.994140625
2.31591796875
2.115478515625
2.235107421875
2.047119140625
2.078125
2.35498046875
2.255615234375
2.39306640625
1.99755859375
2.12451171875
2.28125
1.8701171875
2.359130859375
2.10888671875
2.29931640625
2.474365234375
2.087646484375
1.909423828125
2.187744140625
1.99072265625
2.29736328125
1.77587890625
2.23828125
2.25732421875
2.244140625
2.111328125
2.291259765625
1.930908203125
2.074951171875
2.014892578125
2.323974609375
2.335693359375
1.84375
2.076904296875
2.201171875
2.336669921875
2.250244140625
1.755615234375
2.09326171875
2.15673828125
2.575439453125
2.356201171875
1.832763671875
2.220458984375
2.054443359375
2.155517578125
2.282958984375
1.662841796875
2.184814453125
2.158203125
2.45556640625
2.162109375
1.704833984375
2.252685546875
2.122802734375
2.24609375
2.0419921875
2.36083984375
2.302978515625
1.571044921875
1.751708984375
