1.048828125
0.474609375
0.8564453125
0.794921875
0.626953125
1.1240234375
0.876953125
0.505859375
0.8837890625
0.6298828125
0.8349609375
0.7119140625
0.8349609375
0.8134765625
0.716796875
0.7607421875
1.0087890625
0.7265625
0.5927734375
0.99609375
0.859375
0.703125
0.7626953125
0.8623046875
0.38671875
0.466796875
0.943359375
0.8896484375
0.947265625
0.9912109375
0.7939453125
0.5166015625
0.64453125
0.7783203125
0.7294921875
0.6513671875
0.4658203125
0.86328125
0.6025390625
0.9052734375
1.0302734375
0.380859375
0.9150390625
0.521484375
0.8076171875
0.7802734375
0.7939453125
0.396484375
0.4677734375
0.5341796875
0.794921875
0.8154296875
0.5654296875
1.140625
0.65625
0.4375
0.6357421875
0.931640625
0.7685546875
0.794921875
0.6748046875
0.638671875
0.5830078125
0.806640625
0.779296875
0.947265625
0.623046875
0.763671875
0.41796875
0.6767578125
0.771484375
0.513671875
0.498046875
0.626953125
0.8095703125
0.6884765625
1.4296875
0.7783203125
0.7236328125
0.5380859375
0.69921875
0.8994140625
0.4921875
0.982421875
0.671875
0.7421875
0.6025390625
0.5625
0.951171875
0.875
0.6533203125
1.1103515625
0.53515625
0.7998046875
0.7509765625
0.5732421875
0.70703125
0.7568359375
0.9267578125
0.6005859375
0.7109375
0.748046875
0.6240234375
0.341796875
0.8857421875
0.8671875
0.9638671875
0.3857421875
0.541015625
0.599609375
0.83984375
0.9248046875
0.630859375
0.6640625
1.1962890625
0.6181640625
0.7568359375
0.6845703125
0.345703125
1.080078125
0.369140625
0.853515625
0.4130859375
0.361328125
0.44921875
0.703125
0.8427734375
0.9150390625
0.5888671875
0.603515625
0.873046875
0.724609375
0.7744140625
1.083984375
0.9697265625
0.666015625
0.712890625
0.771484375
0.654296875
0.4951171875
0.490234375
0.9697265625
0.6796875
0.865234375
0.716796875
0.861328125
1.158203125
0.9287109375
0.708984375
0.5986328125
0.580078125
0.798828125
0.7880859375
0.5986328125
0.294921875
0.7958984375
0.9990234375
0.3857421875
0.814453125
0.7548828125
0.783203125
0.400390625
0.6748046875
0.7265625
0.6083984375
0.619140625
0.7216796875
0.5703125
0.6279296875
0.875
1.0078125
0.56640625
0.943359375
1.3193359375
0.748046875
0.6708984375
0.576171875
0.474609375
0.5478515625
0.7734375
0.89453125
0.787109375
0.611328125
0.7958984375
0.65625
0.892578125
1.1015625
0.8955078125
0.7099609375
0.6279296875
0.728515625
0.755859375
0.619140625
0.591796875
0.951171875
0.8017578125
0.6123046875
0.6943359375
0.5908203125
0.55078125
1.22265625
0.412109375
0.5537109375
0.9365234375
1.087890625
0.8271484375
1.0537109375
1.025390625
0.7470703125
0.5146484375
0.79296875
1.150390625
0.84765625
0.78125
0.91015625
0.6572265625
0.9306640625
0.443359375
0.287109375
0.529296875
0.7421875
0.67578125
0.6455078125
0.7470703125
0.7431640625
0.9111328125
0.6328125
0.7373046875
0.5791015625
0.5830078125
0.482421875
0.73828125
0.8720703125
0.7236328125
0.4833984375
0.5244140625
0.8564453125
1.205078125
0.669921875
0.4501953125
0.509765625
0.8125
0.74609375
0.7138671875
0.8125
0.87109375
0.81640625
0.650390625
0.6728515625
0.865234375
0.4658203125
0.525390625
0.8251953125
0.498046875
0.8427734375
0.5947265625
0.8115234375
0.7265625
0.583984375
0.6630859375
0.6845703125
1.0078125
0.84375
0.98828125
0.5419921875
0.716796875
0.77734375
0.5712890625
0.6591796875
0.49609375
0.4990234375
0.791015625
0.98828125
0.759765625
0.9775390625
0.6982421875
0.5087890625
0.53125
0.7158203125
0.6845703125
0.712890625
0.8701171875
0.572265625
0.609375
0.7958984375
0.3095703125
0.8115234375
1.025390625
0.79296875
0.560546875
0.74609375
0.7822265625
0.7431640625
1.048828125
1.08984375
0.6259765625
0.357421875
1.0625
0.7138671875
0.5439453125
0.58203125
0.65625
0.501953125
0.5693359375
0.423828125
0.4462890625
0.9140625
0.7236328125
0.3837890625
0.6591796875
1.0
0.3701171875
0.4951171875
0.9111328125
0.5654296875
0.8447265625
0.9892578125
0.5556640625
0.5498046875
0.7724609375
0.70703125
0.9716796875
0.8994140625
1.0283203125
0.763671875
0.365234375
0.7333984375
0.916015625
0.5859375
0.8388671875
0.53125
0.5849609375
0.5966796875
0.6337890625
0.8603515625
1.2099609375
0.8330078125
0.744140625
0.748046875
1.2568359375
0.908203125
0.73046875
0.943359375
0.83203125
0.7275390625
0.849609375
0.541015625
0.6669921875
0.97265625
0.69921875
1.0517578125
0.6591796875
0.7060546875
0.609375
0.8564453125
0.5703125
0.76953125
0.5654296875
0.7646484375
0.8876953125
0.544921875
1.0302734375
1.068359375
0.6591796875
0.7353515625
1.0302734375
0.8935546875
0.6982421875
0.8916015625
0.8701171875
0.638671875
0.3837890625
0.6162109375
0.755859375
0.818359375
0.8017578125
0.6787109375
0.71484375
0.4482421875
0.6015625
0.494140625
0.80078125
0.9541015625
0.5380859375
1.1708984375
0.6181640625
0.9072265625
0.5791015625
0.509765625
0.599609375
0.71484375
0.673828125
0.61328125
0.8232421875
0.939453125
0.9091796875
0.8291015625
0.708984375
0.7919921875
0.4921875
0.7548828125
1.041015625
0.7626953125
0.8271484375
0.755859375
0.587890625
0.6064453125
0.416015625
0.9345703125
0.7412109375
0.587890625
0.8671875
0.9111328125
0.931640625
1.138671875
0.54296875
0.7421875
0.6181640625
0.705078125
0.8515625
0.4306640625
0.8642578125
0.6318359375
0.521484375
1.0888671875
0.4931640625
0.966796875
0.67578125
1.07421875
1.1181640625
1.046875
1.0302734375
0.4833984375
0.291015625
0.611328125
0.6533203125
0.861328125
0.9130859375
0.67578125
1.005859375
1.0673828125
0.84765625
0.4970703125
0.431640625
0.3974609375
0.5234375
0.55859375
1.03515625
1.2021484375
0.708984375
0.5537109375
0.376953125
0.771484375
0.6533203125
1.078125
0.62109375
0.666015625
0.9111328125
0.9111328125
0.732421875
0.7119140625
0.7333984375
0.9892578125
0.779296875
0.7822265625
0.958984375
0.76171875
0.841796875
0.4208984375
0.4658203125
0.7919921875
1.033203125
0.5615234375
0.8076171875
0.9013671875
0.96875
0.740234375
0.9541015625
0.3798828125
0.837890625
0.4296875
0.5927734375
0.6640625
0.90234375
0.951171875
1.1025390625
0.345703125
0.478515625
0.537109375
0.6982421875
1.0009765625
0.5634765625
0.50390625
0.7216796875
0.6318359375
0.7802734375
0.8154296875
0.763671875
0.6455078125
0.5439453125
0.9228515625
0.8154296875
1.0859375
0.5048828125
0.431640625
0.60546875
0.662109375
0.5869140625
0.740234375
1.068359375
0.73046875
0.7490234375
0.9228515625
0.607421875
0.5986328125
0.7421875
0.9931640625
0.4208984375
0.6103515625
0.9775390625
0.9921875
0.4326171875
0.9287109375
0.8486328125
0.62109375
0.5673828125
0.7099609375
0.7529296875
0.6982421875
0.8701171875
0.8310546875
0.58203125
0.3720703125
0.5341796875
0.52734375
0.8994140625
0.5341796875
0.845703125
0.658203125
0.90234375
0.85546875
0.787109375
0.7451171875
0.4736328125
0.755859375
0.7568359375
0.68359375
0.7509765625
0.736328125
0.458984375
0.8935546875
0.65625
0.88671875
0.6484375
0.689453125
0.89453125
0.5107421875
0.9072265625
1.0703125
0.8505859375
1.3544921875
0.853515625
0.5341796875
0.7783203125
0.568359375
0.3984375
0.5810546875
0.6318359375
1.0126953125
0.4072265625
0.869140625
0.9248046875
0.8134765625
0.7060546875
0.837890625
0.5068359375
0.98046875
0.638671875
0.6513671875
0.69140625
0.5478515625
1.09375
0.7080078125
0.697265625
0.5634765625
0.7353515625
0.720703125
0.845703125
0.744140625
1.0947265625
0.572265625
0.595703125
0.6201171875
0.646484375
0.5576171875
0.3779296875
0.5380859375
0.48828125
0.7587890625
0.751953125
0.83984375
0.5517578125
0.607421875
0.65625
0.67578125
1.0595703125
0.5361328125
0.7724609375
1.025390625
0.71875
0.759765625
0.6435546875
0.2822265625
0.59765625
0.4365234375
0.9296875
1.0419921875
0.794921875
0.6279296875
0.654296875
0.6201171875
0.7890625
0.373046875
0.62109375
0.4248046875
0.5185546875
0.6494140625
0.404296875
1.185546875
0.3759765625
0.6337890625
0.9169921875
0.515625
0.7861328125
1.0322265625
0.724609375
0.951171875
0.7939453125
0.517578125
0.5791015625
0.5888671875
0.7841796875
0.6591796875
1.3203125
1.0263671875
0.875
0.642578125
0.7626953125
0.7197265625
0.91015625
0.91796875
0.33203125
1.5126953125
0.8876953125
0.5810546875
0.779296875
0.7734375
0.3759765625
0.544921875
0.509765625
0.4716796875
0.7802734375
0.380859375
0.705078125
1.1201171875
1.0029296875
0.73046875
0.5537109375
0.56640625
0.943359375
0.9228515625
0.9990234375
0.775390625
0.654296875
0.7041015625
0.6279296875
0.6962890625
1.099609375
1.16796875
0.7275390625
0.53125
0.724609375
0.75
0.6015625
0.650390625
0.6552734375
0.794921875
0.93359375
1.171875
0.748046875
0.53125
0.568359375
0.751953125
0.9140625
0.5458984375
0.8525390625
0.85546875
0.7294921875
0.7275390625
0.708984375
0.5791015625
1.025390625
0.8779296875
0.5595703125
0.5537109375
0.4384765625
0.744140625
0.623046875
0.935546875
1.1416015625
0.626953125
0.5693359375
0.330078125
0.69921875
0.6298828125
0.4951171875
0.751953125
0.9287109375
0.5341796875
0.994140625
0.751953125
0.8095703125
1.2001953125
0.5439453125
0.84765625
0.5009765625
1.0439453125
1.00390625
0.6865234375
0.6435546875
0.6767578125
0.544921875
1.0751953125
0.560546875
0.6689453125
0.83984375
0.9912109375
0.5810546875
1.5888671875
0.9775390625
0.302734375
0.6748046875
0.6083984375
0.5517578125
0.77734375
0.658203125
0.8466796875
0.8779296875
0.6611328125
0.7705078125
0.8271484375
0.8671875
0.548828125
0.6328125
0.916015625
0.4951171875
0.72265625
0.5517578125
0.98046875
0.3095703125
0.9462890625
0.515625
0.8359375
0.6806640625
0.826171875
0.6435546875
0.96484375
0.869140625
0.7958984375
1.1923828125
0.67578125
0.796875
0.73046875
0.8701171875
0.9677734375
0.7548828125
0.615234375
0.8935546875
0.5673828125
0.78125
0.9951171875
0.5546875
0.591796875
1.150390625
0.80078125
0.6328125
0.8701171875
0.7998046875
0.6416015625
0.7353515625
0.5419921875
0.6396484375
0.7529296875
0.8935546875
0.69140625
0.501953125
0.455078125
0.6767578125
0.875
0.8740234375
0.6552734375
0.560546875
0.5
0.41015625
0.9248046875
0.5869140625
0.5693359375
0.7333984375
1.025390625
0.8447265625
0.8583984375
0.5263671875
0.962890625
0.6513671875
0.7109375
0.626953125
0.931640625
0.65234375
0.9921875
0.6767578125
0.7568359375
1.2041015625
1.015625
0.8173828125
0.7685546875
1.01953125
0.615234375
0.3916015625
0.7158203125
0.6572265625
0.5859375
0.9111328125
0.7041015625
0.5478515625
0.916015625
0.8974609375
0.5849609375
0.5927734375
0.6064453125
0.9443359375
0.609375
0.5087890625
0.677734375
0.7919921875
1.1640625
0.69921875
0.4951171875
0.6015625
0.7578125
0.974609375
0.732421875
0.7490234375
0.771484375
0.6884765625
0.4501953125
0.689453125
0.458984375
0.333984375
0.609375
0.56640625
0.8984375
0.52734375
0.7880859375
0.9091796875
0.83984375
0.3017578125
0.83203125
0.642578125
0.7900390625
0.7666015625
0.7685546875
0.7607421875
0.375
0.8662109375
0.64453125
0.81640625
0.951171875
0.1845703125
0.6328125
1.05078125
0.8310546875
0.6845703125
0.767578125
1.0751953125
0.85546875
0.478515625
0.5576171875
0.96484375
0.5615234375
0.5625
0.46875
0.810546875
0.8310546875
1.09375
0.61328125
1.208984375
0.6474609375
0.8388671875
0.494140625
0.630859375
0.556640625
0.6513671875
0.6611328125
1.15234375
1.0185546875
0.6298828125
0.6650390625
0.7109375
1.0302734375
0.8046875
0.63671875
0.7138671875
0.5107421875
0.75390625
0.7177734375
0.5595703125
1.2763671875
0.3330078125
0.732421875
0.6220703125
0.6103515625
0.67578125
0.69140625
0.611328125
0.66015625
0.9052734375
0.740234375
1.1171875
0.748046875
0.5966796875
0.38671875
0.875
0.986328125
0.6875
0.59765625
0.8525390625
0.763671875
0.4208984375
0.60546875
0.4462890625
0.6904296875
0.4453125
0.68359375
0.8017578125
0.6376953125
0.4296875
0.65625
1.0244140625
0.7294921875
0.80078125
0.7109375
0.7099609375
0.8857421875
0.3583984375
0.5322265625
0.51171875
0.40625
0.79296875
0.66015625
0.6845703125
0.892578125
0.5576171875
0.912109375
0.6357421875
1.2509765625
1.056640625
0.9345703125
0.478515625
0.4697265625
1.1640625
0.7451171875
0.88671875
0.6865234375
0.623046875
0.6796875
0.677734375
0.529296875
0.53515625
1.140625
0.609375
0.6318359375
0.966796875
1.0009765625
0.7490234375
0.853515625
0.7509765625
0.8564453125
0.888671875
0.7138671875
0.802734375
0.8349609375
0.7587890625
0.57421875
0.5458984375
0.2802734375
0.7412109375
0.708984375
0.7275390625
0.7744140625
0.4384765625
