0.6181640625
0.46875
1.0029296875
0.513671875
0.4765625
0.916015625
0.658203125
1.033203125
0.857421875
0.3427734375
0.89453125
0.953125
0.482421875
0.73046875
1.0390625
0.857421875
1.0224609375
0.6826171875
0.5771484375
0.748046875
0.9072265625
0.7890625
0.6474609375
0.859375
0.662109375
0.7958984375
0.8330078125
0.5205078125
0.7353515625
1.013671875
0.5244140625
1.0576171875
0.7841796875
0.876953125
0.7275390625
0.7998046875
0.7880859375
0.64453125
0.990234375
0.71875
0.85546875
0.796875
1.013671875
0.8076171875
0.8134765625
0.80859375
0.740234375
0.6865234375
0.9052734375
0.837890625
0.5556640625
0.79296875
0.9326171875
0.8798828125
0.7763671875
0.611328125
0.7001953125
0.7939453125
0.8525390625
0.9560546875
0.490234375
0.7236328125
0.83984375
0.6123046875
0.5869140625
0.5
0.826171875
0.8916015625
0.966796875
0.5966796875
0.58203125
0.8203125
0.9013671875
0.947265625
0.892578125
0.685546875
0.4716796875
0.8720703125
0.70703125
0.6513671875
0.8671875
0.7392578125
0.982421875
0.779296875
0.453125
0.84375
0.7978515625
0.7919921875
0.7216796875
0.5390625
0.5712890625
0.94921875
0.7548828125
0.888671875
0.9267578125
0.8369140625
0.8388671875
0.6259765625
0.8623046875
0.6728515625
0.6162109375
0.69921875
0.833984375
0.6328125
0.80078125
0.64453125
0.8115234375
1.1240234375
1.033203125
0.765625
0.8837890625
0.8583984375
0.4482421875
0.892578125
0.8388671875
1.298828125
0.8505859375
0.8095703125
0.728515625
0.7509765625
1.103515625
0.837890625
0.59765625
0.62890625
0.568359375
1.0322265625
0.8857421875
0.6328125
0.6416015625
0.58203125
0.8388671875
0.51953125
0.95703125
0.962890625
0.5400390625
0.6005859375
0.693359375
1.0107421875
0.7099609375
0.810546875
0.9765625
0.515625
0.96484375
0.5126953125
0.6025390625
0.7373046875
0.6513671875
1.12109375
0.6552734375
0.58984375
0.78125
1.1083984375
0.5654296875
0.88671875
0.728515625
0.5791015625
0.603515625
0.6669921875
0.8017578125
0.7509765625
1.01171875
0.6953125
0.673828125
0.91015625
1.0224609375
0.958984375
0.732421875
0.5927734375
0.861328125
0.9296875
0.759765625
0.435546875
0.9638671875
0.6650390625
1.1787109375
0.7236328125
0.8515625
1.0576171875
0.537109375
0.7666015625
0.59765625
0.7294921875
0.6884765625
0.9599609375
0.7041015625
0.7822265625
1.1279296875
0.8359375
0.8798828125
0.6669921875
0.7373046875
0.7138671875
0.9697265625
0.6552734375
0.51171875
0.767578125
0.708984375
0.6123046875
0.576171875
0.5458984375
0.8486328125
0.439453125
0.7900390625
0.55859375
0.978515625
0.88671875
0.6103515625
0.775390625
1.0419921875
0.5625
0.478515625
0.755859375
0.64453125
0.91796875
0.5078125
0.5869140625
1.0146484375
0.7060546875
0.701171875
1.0654296875
0.953125
0.82421875
0.541015625
0.8935546875
0.7763671875
0.783203125
0.697265625
1.0927734375
0.8115234375
0.818359375
0.6640625
1.125
0.857421875
0.84765625
0.76171875
0.81640625
0.57421875
0.9521484375
0.7783203125
0.755859375
0.8291015625
0.4970703125
1.1123046875
0.7578125
0.49609375
0.8349609375
0.7060546875
0.9267578125
0.6171875
0.90234375
0.703125
0.947265625
0.4111328125
0.822265625
0.900390625
0.8701171875
0.7216796875
0.7197265625
0.65625
0.6708984375
0.7490234375
0.7607421875
0.6240234375
0.8310546875
0.7607421875
0.6640625
0.75
0.9169921875
0.6845703125
0.58203125
0.953125
0.845703125
1.2822265625
0.4921875
1.0927734375
0.5341796875
0.744140625
0.64453125
1.044921875
0.4912109375
0.4462890625
1.3935546875
0.9638671875
1.1552734375
0.68359375
0.96484375
0.6455078125
0.8251953125
0.8896484375
1.056640625
0.8671875
0.7880859375
0.578125
1.025390625
1.3662109375
0.7734375
0.90234375
0.9736328125
0.7978515625
0.6416015625
0.7783203125
1.4453125
0.779296875
0.8310546875
0.7421875
0.353515625
0.9482421875
0.6689453125
0.9833984375
0.9169921875
1.1083984375
0.9140625
0.904296875
0.8193359375
0.8046875
0.5322265625
0.8828125
0.9072265625
0.7265625
0.7705078125
0.71875
0.6171875
0.8984375
0.984375
1.0654296875
0.703125
0.869140625
0.9658203125
0.8818359375
0.9873046875
0.8515625
0.826171875
0.8271484375
0.70703125
0.67578125
0.53125
0.767578125
1.19140625
0.779296875
0.6162109375
0.8251953125
0.69140625
0.54296875
0.5732421875
0.875
0.6943359375
0.77734375
0.5771484375
1.03125
0.7490234375
0.490234375
0.671875
0.4521484375
0.7822265625
0.595703125
1.091796875
0.525390625
0.982421875
0.6171875
0.5732421875
0.9658203125
0.810546875
0.638671875
0.7294921875
0.552734375
0.9658203125
0.59765625
0.8056640625
0.66015625
0.85546875
0.8974609375
0.5576171875
0.8857421875
0.6943359375
1.001953125
0.5244140625
0.7900390625
0.580078125
0.71875
0.9091796875
0.8671875
0.58984375
1.248046875
0.6728515625
0.5625
0.7626953125
1.0283203125
1.001953125
0.8623046875
0.7177734375
0.4931640625
0.80078125
0.6015625
0.802734375
0.7236328125
0.8203125
0.6611328125
1.1513671875
0.8623046875
0.966796875
0.921875
1.0595703125
0.814453125
0.7177734375
0.7783203125
0.5537109375
0.7841796875
0.927734375
0.6201171875
0.8388671875
0.8916015625
0.625
0.708984375
0.9638671875
1.2451171875
1.2392578125
0.7119140625
0.86328125
0.837890625
0.791015625
0.8505859375
0.78515625
0.921875
0.6396484375
1.2724609375
0.6630859375
0.7314453125
0.7919921875
0.8515625
0.8349609375
1.0224609375
0.845703125
0.697265625
0.9755859375
0.65234375
0.2568359375
0.9033203125
0.556640625
1.0478515625
1.013671875
0.6669921875
1.025390625
0.78515625
0.8447265625
0.904296875
0.810546875
1.150390625
1.013671875
0.66015625
0.76171875
1.04296875
0.640625
0.61328125
0.9453125
0.44140625
0.6884765625
0.583984375
0.56640625
0.837890625
0.9462890625
1.0439453125
0.7998046875
0.9248046875
0.5302734375
0.8564453125
0.892578125
0.9033203125
0.73828125
0.728515625
0.7548828125
0.6650390625
0.7294921875
0.5966796875
0.7548828125
0.6826171875
0.798828125
1.0478515625
0.5703125
0.763671875
0.8583984375
0.9443359375
0.455078125
0.6328125
0.626953125
1.337890625
0.6484375
1.19921875
0.8525390625
0.9560546875
0.6640625
0.8037109375
0.4892578125
0.67578125
0.7880859375
0.76171875
1.0595703125
0.7431640625
0.3916015625
0.97265625
0.978515625
0.5634765625
0.5859375
0.685546875
1.115234375
0.794921875
0.845703125
0.8388671875
0.9130859375
1.0947265625
0.771484375
0.5791015625
0.6826171875
0.6943359375
1.03515625
0.6591796875
0.7646484375
0.869140625
0.9482421875
1.0068359375
0.58984375
0.8056640625
0.744140625
0.720703125
0.955078125
0.74609375
0.5380859375
0.96484375
0.9208984375
0.90234375
0.6484375
0.5888671875
0.599609375
0.744140625
0.6923828125
0.763671875
0.658203125
0.708984375
0.4541015625
0.818359375
0.75390625
0.97265625
0.716796875
0.8369140625
0.603515625
0.7216796875
1.0068359375
0.875
0.8046875
0.6298828125
0.6005859375
0.724609375
0.830078125
0.6650390625
0.5712890625
0.7119140625
0.9052734375
0.869140625
0.587890625
0.8203125
0.7724609375
1.0771484375
0.76171875
0.6123046875
0.482421875
0.7763671875
0.63671875
0.7578125
0.408203125
0.306640625
0.7890625
0.6171875
0.6650390625
0.4736328125
0.9921875
0.84765625
0.712890625
0.8984375
0.5107421875
0.6796875
0.78515625
0.8642578125
1.1298828125
1.0302734375
0.6416015625
0.765625
0.8525390625
1.2099609375
0.908203125
0.3974609375
0.9462890625
1.0
0.5302734375
0.7861328125
0.640625
0.6474609375
0.806640625
0.916015625
0.87109375
1.1572265625
0.76171875
0.6220703125
0.810546875
0.6982421875
1.064453125
0.966796875
0.6787109375
0.6640625
0.646484375
0.8974609375
0.7060546875
0.66796875
0.89453125
0.873046875
0.6162109375
0.7265625
0.8095703125
0.697265625
0.7138671875
0.5
0.5224609375
0.8916015625
0.8310546875
0.537109375
0.78515625
0.7353515625
0.9755859375
0.8681640625
0.6572265625
0.5703125
0.8505859375
0.7587890625
0.87890625
0.6611328125
0.76171875
0.6005859375
0.8857421875
0.7158203125
0.6669921875
1.0087890625
0.6337890625
0.8369140625
0.611328125
0.912109375
0.833984375
1.4404296875
0.9453125
1.015625
0.416015625
0.373046875
0.80859375
0.736328125
0.744140625
0.48828125
0.849609375
1.125
0.771484375
0.794921875
0.796875
0.66015625
0.6640625
0.7763671875
0.990234375
0.5537109375
0.978515625
1.0654296875
0.6572265625
0.69921875
0.8779296875
0.4873046875
0.77734375
0.6005859375
0.740234375
0.91015625
0.7060546875
0.6953125
0.962890625
0.955078125
0.5888671875
0.587890625
0.65625
0.9150390625
0.7041015625
1.091796875
0.6376953125
0.447265625
0.638671875
0.671875
0.7216796875
0.734375
0.62890625
1.15625
0.587890625
0.9580078125
0.56640625
0.767578125
1.1630859375
0.63671875
0.982421875
0.623046875
0.5732421875
0.6572265625
0.79296875
0.7197265625
0.9541015625
0.83984375
0.5986328125
0.8037109375
0.7138671875
0.8017578125
0.75390625
0.69921875
0.7421875
1.0126953125
0.54296875
0.607421875
0.7373046875
0.6123046875
1.310546875
0.703125
1.05078125
0.5810546875
0.94140625
0.5087890625
1.01171875
0.5498046875
0.712890625
0.697265625
0.962890625
0.6396484375
0.6611328125
0.66796875
0.9443359375
0.8251953125
0.52734375
0.9189453125
0.953125
1.0595703125
0.6142578125
0.7509765625
0.72265625
0.7666015625
0.521484375
0.646484375
0.70703125
0.5322265625
0.833984375
1.2119140625
0.4140625
0.9052734375
0.748046875
0.6015625
1.068359375
0.6826171875
1.111328125
0.5322265625
0.794921875
1.0302734375
0.748046875
0.6103515625
0.6455078125
0.7958984375
0.7958984375
0.986328125
0.9189453125
0.8525390625
0.7890625
1.0380859375
0.7578125
0.7119140625
0.9345703125
1.037109375
0.9033203125
0.9482421875
0.74609375
0.8466796875
0.6328125
0.5439453125
1.0009765625
0.7998046875
0.685546875
0.9453125
0.88671875
1.0703125
0.97265625
0.7392578125
0.6337890625
0.66015625
0.6162109375
0.6015625
1.1484375
0.8857421875
0.83984375
0.763671875
0.6953125
0.896484375
0.8037109375
0.9501953125
1.1611328125
0.7001953125
0.69140625
0.7578125
0.7236328125
0.8427734375
0.5244140625
0.7607421875
0.802734375
0.5751953125
0.7705078125
0.595703125
0.76171875
0.7314453125
1.0029296875
0.72265625
0.8916015625
0.7421875
0.5703125
0.9111328125
0.75390625
0.744140625
0.755859375
0.59765625
0.6865234375
0.4609375
0.6416015625
0.5888671875
1.115234375
0.7509765625
0.6064453125
0.9306640625
0.8115234375
0.6123046875
1.017578125
0.5791015625
0.6123046875
0.5146484375
1.3837890625
0.7412109375
0.8857421875
1.1806640625
0.69921875
0.9912109375
0.734375
0.673828125
0.6005859375
0.5751953125
0.72265625
0.6240234375
0.501953125
0.5810546875
0.568359375
0.8408203125
0.7099609375
0.6142578125
1.1474609375
0.5009765625
0.966796875
0.9287109375
0.8408203125
0.6787109375
0.671875
1.2646484375
0.6669921875
0.8291015625
0.6611328125
0.7001953125
0.587890625
0.8037109375
1.2451171875
0.576171875
0.7783203125
0.83984375
0.6435546875
0.8310546875
0.7822265625
0.6474609375
0.7255859375
0.98828125
0.939453125
1.3369140625
0.78515625
0.9208984375
0.564453125
0.8037109375
0.970703125
1.0390625
1.021484375
0.732421875
0.8369140625
0.5712890625
0.7138671875
0.7392578125
0.6630859375
0.4052734375
0.607421875
0.8603515625
1.0380859375
0.8369140625
1.0205078125
0.853515625
0.751953125
0.6181640625
0.818359375
0.9990234375
0.7236328125
0.537109375
0.9892578125
0.6806640625
0.919921875
0.7939453125
0.583984375
0.6923828125
1.1376953125
0.97265625
0.6845703125
0.69921875
0.763671875
0.5478515625
0.7333984375
0.64453125
0.8291015625
0.9658203125
0.6845703125
0.65234375
0.8173828125
0.8955078125
0.68359375
0.984375
0.6826171875
0.74609375
0.6533203125
1.029296875
0.7568359375
1.06640625
0.8232421875
0.4619140625
0.5751953125
0.802734375
0.7841796875
0.6748046875
0.6025390625
0.8720703125
0.7685546875
0.775390625
1.1845703125
0.9326171875
0.7841796875
0.65234375
0.6630859375
0.9130859375
0.6259765625
0.8876953125
0.7724609375
0.6025390625
0.7431640625
0.482421875
0.798828125
0.544921875
0.888671875
0.609375
0.62109375
0.802734375
0.6572265625
0.8505859375
0.8583984375
1.2216796875
0.5263671875
0.7890625
0.814453125
0.908203125
0.9169921875
1.10546875
0.69921875
1.1435546875
0.7978515625
0.830078125
0.8818359375
0.9228515625
1.03515625
0.97265625
0.4912109375
0.8515625
0.3994140625
1.177734375
0.896484375
0.74609375
0.5185546875
0.6357421875
0.6474609375
0.7490234375
0.849609375
0.638671875
0.5791015625
0.6982421875
0.7998046875
0.71875
0.9384765625
0.6767578125
0.482421875
0.9365234375
0.8037109375
