0.779296875
0.90625
0.458984375
0.7041015625
0.341796875
0.5419921875
0.7900390625
0.6318359375
0.8359375
0.578125
0.677734375
0.869140625
0.6201171875
0.58984375
0.66796875
0.7421875
0.685546875
0.6435546875
0.572265625
0.771484375
0.529296875
0.5849609375
0.58984375
0.947265625
0.6435546875
0.83203125
0.498046875
0.970703125
0.7109375
1.138671875
0.6640625
0.6669921875
0.5615234375
0.9794921875
0.5791015625
0.6298828125
0.462890625
0.6171875
0.8095703125
0.71484375
0.6591796875
0.837890625
0.7294921875
0.8564453125
0.88671875
0.5615234375
0.7060546875
0.9306640625
1.2080078125
0.7607421875
0.66015625
1.013671875
0.6787109375
0.595703125
0.61328125
0.7177734375
1.0380859375
0.810546875
0.837890625
0.4775390625
0.58984375
0.82421875
0.89453125
0.587890625
0.49609375
0.7158203125
0.9189453125
0.623046875
0.5654296875
0.7568359375
1.060546875
0.6015625
0.9521484375
1.013671875
0.6435546875
0.6630859375
0.6044921875
0.724609375
0.6171875
1.11328125
0.7578125
0.9541015625
0.6640625
0.7177734375
0.533203125
0.74609375
0.705078125
1.234375
1.0966796875
0.6064453125
0.685546875
0.8642578125
1.224609375
0.7275390625
0.6298828125
0.7880859375
0.5751953125
0.8017578125
1.0498046875
1.09765625
0.396484375
0.669921875
0.5888671875
0.7431640625
0.6748046875
0.5732421875
0.7958984375
0.603515625
0.8994140625
1.078125
0.7724609375
0.6123046875
0.7861328125
0.7900390625
1.1328125
0.8896484375
0.71484375
0.80859375
0.9033203125
0.30078125
0.65625
0.595703125
0.580078125
0.7412109375
0.5615234375
0.6162109375
0.48828125
0.994140625
1.3212890625
0.572265625
0.564453125
0.724609375
0.7783203125
1.044921875
0.931640625
0.6552734375
0.6162109375
0.759765625
0.9384765625
0.3193359375
0.5986328125
0.6689453125
0.525390625
0.7666015625
0.5517578125
0.69921875
0.7490234375
0.8583984375
0.8115234375
1.142578125
0.7939453125
0.560546875
0.9560546875
0.6142578125
0.783203125
0.4970703125
0.5673828125
1.1474609375
1.146484375
0.87109375
0.7314453125
0.615234375
0.51171875
0.9140625
0.771484375
0.7744140625
0.494140625
0.560546875
0.73828125
0.73046875
0.62109375
0.904296875
0.8857421875
0.8818359375
1.2744140625
0.7001953125
0.4599609375
0.890625
0.85546875
0.7431640625
0.5849609375
0.7412109375
0.982421875
0.77734375
0.9228515625
0.78515625
0.931640625
0.6748046875
1.134765625
0.7080078125
0.5439453125
0.845703125
0.4248046875
0.6201171875
0.880859375
0.494140625
0.6572265625
0.7900390625
0.7138671875
0.91015625
1.078125
0.6005859375
0.484375
0.7529296875
0.7333984375
0.8212890625
0.75
0.376953125
0.767578125
0.3310546875
0.8369140625
0.6708984375
1.0439453125
0.5
0.87109375
0.595703125
0.8427734375
0.720703125
0.69921875
0.9140625
0.5947265625
0.7099609375
0.6455078125
0.3837890625
0.78515625
0.6181640625
0.666015625
0.7666015625
1.083984375
0.474609375
0.6845703125
0.7001953125
0.482421875
0.9501953125
0.611328125
1.02734375
0.78515625
0.9384765625
0.833984375
0.4482421875
1.005859375
0.7275390625
0.716796875
0.693359375
0.61328125
0.822265625
0.724609375
0.767578125
0.677734375
0.650390625
0.7822265625
0.74609375
0.701171875
0.6953125
0.69921875
0.5830078125
0.94921875
0.6875
0.5810546875
1.2841796875
0.7314453125
0.6669921875
0.8203125
0.599609375
0.9208984375
0.587890625
0.8017578125
0.8984375
0.771484375
0.5146484375
1.0361328125
0.8388671875
0.66015625
0.5498046875
0.5986328125
0.65625
1.046875
0.919921875
0.8818359375
1.072265625
0.5732421875
1.115234375
1.0078125
0.697265625
0.693359375
0.5556640625
0.82421875
0.71484375
0.8271484375
0.7314453125
0.7353515625
0.7412109375
0.7060546875
1.001953125
1.0859375
0.56640625
0.5263671875
0.6171875
0.5341796875
0.7529296875
0.767578125
0.720703125
0.5888671875
0.751953125
0.591796875
0.541015625
0.609375
0.6171875
0.978515625
0.607421875
0.7275390625
0.322265625
1.056640625
0.609375
0.9423828125
0.4228515625
0.76953125
1.201171875
0.7412109375
0.765625
0.3720703125
0.712890625
0.8447265625
0.50390625
1.0244140625
0.9072265625
0.392578125
0.744140625
0.326171875
1.5166015625
0.833984375
0.732421875
0.8466796875
0.86328125
0.9462890625
0.853515625
0.904296875
0.9970703125
0.7900390625
0.4619140625
0.986328125
0.6025390625
0.798828125
0.6201171875
1.0087890625
0.77734375
1.30078125
0.767578125
0.568359375
1.3017578125
0.7236328125
0.6376953125
0.8623046875
0.6015625
0.8349609375
0.8095703125
1.021484375
0.7626953125
0.7236328125
0.8671875
0.650390625
0.7998046875
0.91796875
0.8486328125
0.546875
0.8212890625
0.6494140625
0.865234375
0.703125
0.58984375
0.3701171875
0.662109375
0.49609375
1.1005859375
0.591796875
0.85546875
0.49609375
0.755859375
0.5029296875
0.990234375
0.681640625
0.9130859375
0.7451171875
1.0625
0.6884765625
0.669921875
0.5732421875
0.7216796875
0.7451171875
0.478515625
0.7783203125
0.6298828125
0.6728515625
0.7734375
0.701171875
0.8349609375
0.7236328125
0.5888671875
0.69140625
0.328125
0.5556640625
0.546875
0.5087890625
0.619140625
0.9990234375
0.876953125
0.5888671875
0.7470703125
0.7060546875
0.6318359375
0.9560546875
0.669921875
0.6162109375
0.6953125
0.37890625
0.5400390625
0.78125
0.369140625
0.4609375
0.796875
0.66796875
0.7041015625
0.5185546875
0.724609375
0.9140625
0.4541015625
0.6552734375
0.51171875
0.4736328125
0.6396484375
0.8486328125
0.8837890625
0.640625
1.0224609375
0.556640625
1.123046875
0.7626953125
0.5498046875
1.1455078125
0.619140625
0.4853515625
0.8447265625
0.9775390625
0.6494140625
0.5888671875
0.9755859375
0.4443359375
0.7265625
0.884765625
0.7998046875
1.052734375
0.61328125
0.5947265625
0.87890625
0.6259765625
0.6640625
0.91796875
0.779296875
0.5478515625
0.9443359375
0.6328125
0.681640625
0.88671875
0.4970703125
0.8916015625
0.6650390625
0.740234375
0.611328125
0.693359375
0.6708984375
0.7666015625
0.56640625
1.11328125
0.9990234375
0.7119140625
0.712890625
0.76953125
0.396484375
0.7919921875
0.9521484375
0.546875
0.779296875
0.82421875
0.796875
0.6611328125
1.09375
0.75
0.779296875
0.783203125
0.5283203125
0.7216796875
0.4736328125
0.7734375
0.8896484375
1.0029296875
0.6650390625
0.60546875
0.998046875
0.71875
0.794921875
0.8642578125
0.404296875
0.810546875
0.9677734375
0.7841796875
0.998046875
1.1025390625
0.6572265625
0.9970703125
0.6171875
0.8017578125
1.14453125
0.6396484375
0.666015625
0.6171875
0.646484375
0.66796875
0.486328125
0.9609375
0.56640625
0.69140625
0.6171875
0.6162109375
0.625
0.650390625
0.5751953125
0.62109375
0.6064453125
0.6826171875
0.6982421875
0.7392578125
0.705078125
0.7978515625
0.86328125
0.546875
0.5537109375
0.587890625
0.5947265625
1.26171875
0.7763671875
0.5048828125
0.8896484375
0.8154296875
0.6953125
1.13671875
0.5947265625
0.875
0.810546875
0.4326171875
0.763671875
0.7529296875
0.70703125
0.6796875
0.771484375
1.078125
0.92578125
0.6728515625
0.876953125
0.6953125
0.919921875
0.7822265625
0.3876953125
0.6455078125
0.279296875
0.796875
0.552734375
0.4033203125
0.876953125
0.453125
0.9365234375
0.521484375
0.57421875
0.412109375
0.6875
0.98828125
1.013671875
0.5625
0.68359375
0.5947265625
0.9423828125
1.0712890625
0.4072265625
1.1806640625
0.8134765625
0.466796875
0.623046875
0.82421875
0.7734375
0.7099609375
0.7021484375
0.765625
0.80078125
0.9287109375
0.7783203125
0.9140625
0.869140625
0.814453125
0.716796875
0.833984375
0.8095703125
0.6171875
0.376953125
0.6953125
0.8017578125
0.45703125
0.9130859375
1.0185546875
0.7744140625
0.6865234375
0.544921875
0.712890625
0.7783203125
0.607421875
0.7060546875
0.80078125
0.6318359375
1.0302734375
0.8994140625
1.0244140625
0.869140625
0.947265625
0.830078125
0.7353515625
1.2001953125
0.5654296875
1.0283203125
0.94921875
0.830078125
0.76953125
0.9375
0.8515625
0.3193359375
0.677734375
0.8544921875
1.1279296875
0.3193359375
0.6865234375
0.5283203125
0.681640625
0.82421875
1.0390625
0.7666015625
0.7646484375
0.7109375
1.126953125
0.8779296875
0.5673828125
0.4306640625
0.759765625
0.95703125
0.58984375
0.921875
0.6494140625
0.78125
0.4716796875
0.8359375
0.8076171875
0.7744140625
0.6181640625
0.8671875
1.119140625
0.6982421875
0.677734375
0.8134765625
0.4296875
0.4912109375
0.6025390625
0.66796875
0.5908203125
0.6357421875
0.5517578125
0.767578125
0.7109375
0.572265625
0.6025390625
0.603515625
0.544921875
0.9716796875
0.619140625
0.5146484375
0.765625
0.787109375
0.7373046875
0.3564453125
0.68359375
0.9501953125
0.814453125
0.9130859375
0.955078125
0.8994140625
0.705078125
0.9306640625
0.90625
1.0322265625
0.62890625
0.8896484375
1.0390625
0.5263671875
0.8486328125
0.7314453125
1.140625
0.9453125
0.7177734375
0.779296875
0.9921875
0.8115234375
0.529296875
0.849609375
0.99609375
0.6181640625
0.79296875
0.78125
0.8544921875
0.3818359375
0.451171875
0.890625
0.4443359375
0.75390625
0.853515625
0.61328125
0.787109375
0.7958984375
0.94140625
1.19921875
0.8447265625
0.4443359375
0.822265625
0.779296875
0.677734375
0.5068359375
0.71484375
0.796875
0.7529296875
0.626953125
0.8955078125
1.037109375
0.517578125
0.501953125
0.94921875
0.802734375
0.91015625
1.0791015625
0.7509765625
1.0439453125
0.6875
0.685546875
0.9296875
0.60546875
0.4794921875
0.8095703125
0.5
0.6318359375
0.947265625
0.609375
0.603515625
0.5556640625
0.65625
0.591796875
0.5849609375
0.513671875
0.64453125
0.5771484375
0.8037109375
0.552734375
1.044921875
0.4951171875
0.38671875
0.6513671875
0.439453125
0.6884765625
0.74609375
0.8173828125
1.1572265625
0.7138671875
0.72265625
0.6337890625
0.7919921875
0.60546875
0.7734375
0.3251953125
0.6416015625
0.974609375
0.6552734375
0.6806640625
0.7763671875
0.7998046875
0.6220703125
0.7578125
0.7216796875
0.6474609375
1.0615234375
0.7607421875
0.4306640625
0.89453125
0.7001953125
1.095703125
0.70703125
0.5615234375
0.5625
0.8203125
0.8896484375
0.580078125
0.94921875
0.6572265625
0.478515625
0.716796875
0.7802734375
0.7001953125
0.52734375
0.9990234375
0.994140625
0.8349609375
1.109375
0.7373046875
1.189453125
0.9609375
0.5146484375
0.955078125
0.591796875
0.9228515625
0.509765625
0.8974609375
0.736328125
0.8525390625
0.697265625
0.5419921875
0.6279296875
0.7744140625
0.8291015625
1.1435546875
0.70703125
0.60546875
0.6845703125
0.73046875
1.03125
0.6650390625
0.5400390625
0.607421875
0.5205078125
0.54296875
0.701171875
0.67578125
1.1552734375
0.634765625
0.7041015625
0.9208984375
0.6162109375
0.638671875
0.9638671875
0.7587890625
0.6005859375
0.6611328125
0.5498046875
0.921875
0.810546875
0.7666015625
0.5478515625
0.939453125
0.84375
0.6201171875
0.8154296875
0.8505859375
0.6982421875
0.80078125
0.4580078125
0.6298828125
0.4306640625
0.4814453125
0.705078125
0.5146484375
0.994140625
0.9755859375
0.7431640625
0.6181640625
0.5810546875
0.666015625
0.8212890625
0.82421875
1.0615234375
0.8681640625
0.9111328125
0.5439453125
0.6806640625
0.5810546875
0.6162109375
1.4677734375
0.61328125
0.7529296875
0.802734375
0.689453125
0.9296875
1.1416015625
0.7275390625
0.7509765625
0.7421875
0.6904296875
0.65234375
0.8603515625
0.5654296875
0.7529296875
0.8662109375
0.7763671875
0.685546875
0.51171875
0.4658203125
0.6044921875
0.5791015625
0.6181640625
0.521484375
0.4833984375
0.7138671875
0.6767578125
0.78515625
0.6435546875
0.4296875
0.59765625
0.453125
0.603515625
0.841796875
1.2109375
0.7958984375
0.6318359375
0.5693359375
0.86328125
0.724609375
0.591796875
0.76953125
0.5078125
0.71484375
0.6484375
0.87109375
0.8408203125
0.806640625
0.5927734375
0.97265625
1.30859375
0.62109375
0.5732421875
0.8896484375
0.8828125
0.6240234375
0.9755859375
0.89453125
0.71875
0.8525390625
1.0966796875
0.5634765625
0.728515625
0.81640625
0.4443359375
1.0849609375
0.521484375
0.7373046875
0.91796875
0.7421875
0.75
0.5009765625
0.8134765625
0.84375
1.0
0.654296875
0.78125
0.7724609375
0.640625
0.5693359375
0.619140625
0.6240234375
0.8095703125
0.662109375
0.591796875
1.033203125
0.583984375
0.8134765625
0.8603515625
0.7001953125
1.2294921875
1.0029296875
0.419921875
0.88671875
0.80859375
1.021484375
0.55859375
0.646484375
1.001953125
0.6572265625
0.46875
0.728515625
0.802734375
0.798828125
0.4892578125
0.92578125
0.6015625
0.8701171875
0.81640625
0.7958984375
0.619140625
0.80078125
0.693359375
0.8359375
0.58203125
