1.0458984375
1.0458984375
1.0458984375
1.0458984375
1.0458984375
1.0458984375
1.2578125
0.896484375
1.1923828125
1.2041015625
1.3017578125
1.0048828125
1.2216796875
0.9345703125
1.0615234375
1.26171875
1.2080078125
1.0654296875
0.96484375
1.2451171875
1.216796875
0.759765625
0.9736328125
0.986328125
0.9833984375
0.794921875
0.935546875
1.1572265625
1.0849609375
1.0078125
0.98828125
1.130859375
0.94140625
0.837890625
1.2373046875
1.23046875
1.2470703125
1.01171875
1.251953125
0.8125
0.9658203125
0.904296875
0.94140625
1.20703125
1.1650390625
1.44140625
1.0888671875
0.822265625
0.8212890625
1.0859375
1.0009765625
1.0966796875
1.0244140625
0.9169921875
1.0205078125
1.125
1.130859375
0.908203125
1.2119140625
1.0888671875
0.978515625
0.845703125
1.015625
1.212890625
1.15234375
1.0712890625
0.6767578125
1.001953125
0.8681640625
0.8828125
0.9228515625
0.9775390625
1.15625
1.1982421875
1.185546875
1.162109375
0.876953125
0.7861328125
0.818359375
1.322265625
0.9892578125
1.21875
1.099609375
0.9296875
0.712890625
1.1337890625
1.0556640625
1.1025390625
0.4638671875
0.7470703125
1.0625
1.1630859375
0.76953125
1.0146484375
0.75390625
1.19140625
1.1943359375
0.8291015625
0.9365234375
1.3251953125
1.25
1.244140625
0.9609375
0.6962890625
1.0849609375
1.0048828125
1.0
1.3212890625
0.83203125
0.646484375
1.14453125
0.9736328125
1.310546875
1.0244140625
1.07421875
1.181640625
1.244140625
1.1171875
1.2060546875
0.80078125
1.0634765625
1.259765625
0.759765625
1.1484375
0.984375
0.982421875
1.275390625
1.0
1.1494140625
1.0517578125
1.02734375
1.013671875
1.1044921875
0.69921875
0.7607421875
0.904296875
1.0615234375
1.361328125
0.8701171875
0.7451171875
1.10546875
1.025390625
0.9169921875
1.19921875
0.990234375
0.89453125
0.966796875
1.1552734375
0.86328125
1.369140625
1.2060546875
1.173828125
1.0341796875
1.3154296875
0.845703125
0.8505859375
1.142578125
1.150390625
0.6748046875
1.107421875
0.9677734375
1.0087890625
0.94140625
0.8466796875
0.8828125
0.7705078125
0.951171875
1.1962890625
1.0615234375
0.8134765625
1.013671875
0.6572265625
0.7236328125
0.99609375
0.638671875
0.7822265625
0.97265625
1.1474609375
0.9736328125
0.94921875
1.076171875
0.73046875
0.998046875
0.9462890625
1.0341796875
1.107421875
0.9951171875
0.9990234375
1.2001953125
1.23828125
0.76953125
1.294921875
1.185546875
1.099609375
0.9873046875
1.0068359375
1.3857421875
1.0498046875
0.806640625
0.748046875
1.05859375
1.10546875
1.1962890625
1.025390625
1.2392578125
1.1787109375
1.17578125
1.0556640625
0.7880859375
1.212890625
1.154296875
0.9296875
1.1474609375
1.0498046875
0.9111328125
1.1259765625
0.970703125
0.4287109375
0.9599609375
0.7607421875
0.9951171875
1.0556640625
1.11328125
0.9189453125
1.150390625
1.138671875
0.7119140625
0.9921875
0.9365234375
0.9794921875
0.5078125
0.962890625
0.869140625
1.3408203125
1.3115234375
0.9384765625
1.3408203125
0.818359375
1.1630859375
0.794921875
1.1708984375
1.1884765625
1.0966796875
1.044921875
0.84375
0.96875
1.2001953125
1.1025390625
0.9638671875
1.18359375
1.09765625
0.98046875
1.193359375
1.2041015625
1.150390625
0.974609375
1.1337890625
0.763671875
0.939453125
0.9599609375
1.0537109375
1.1787109375
0.8916015625
0.9580078125
0.9375
1.3876953125
0.9677734375
0.82421875
0.8388671875
1.20703125
0.90625
0.89453125
1.294921875
0.767578125
1.064453125
1.0615234375
1.0322265625
1.3173828125
0.9580078125
1.080078125
0.982421875
1.0107421875
0.90234375
1.01953125
0.677734375
1.0546875
1.2802734375
1.005859375
1.001953125
0.896484375
1.1015625
0.7841796875
1.275390625
0.92578125
1.224609375
1.201171875
0.9580078125
0.947265625
1.2568359375
1.1552734375
0.869140625
0.671875
1.1103515625
0.673828125
0.8193359375
0.8779296875
0.943359375
0.552734375
1.0224609375
1.0126953125
1.0380859375
0.8916015625
0.7587890625
0.919921875
1.04296875
0.9638671875
1.060546875
1.0068359375
1.0302734375
0.98828125
0.8203125
1.041015625
1.1806640625
1.2216796875
0.69921875
1.1083984375
0.865234375
1.1201171875
1.4404296875
0.78125
0.9287109375
1.0576171875
1.0087890625
1.03515625
0.7802734375
0.958984375
1.0498046875
1.19921875
1.1865234375
0.953125
0.86328125
1.0615234375
0.8017578125
0.8564453125
1.3203125
0.9609375
1.1953125
1.0673828125
1.0654296875
0.86328125
0.8720703125
0.607421875
1.1162109375
0.6796875
0.9921875
1.076171875
1.3232421875
0.9765625
1.0947265625
0.8271484375
1.05078125
1.1953125
1.369140625
1.07421875
1.0078125
0.90625
0.8759765625
1.01171875
1.1611328125
0.8720703125
1.0732421875
1.265625
0.673828125
0.9140625
0.8115234375
1.0107421875
1.443359375
0.7744140625
0.9169921875
1.09375
1.1748046875
1.052734375
1.0224609375
1.154296875
1.29296875
1.0703125
1.17578125
1.05859375
1.07421875
1.232421875
1.017578125
1.17578125
1.029296875
0.7763671875
1.19921875
1.3388671875
1.0166015625
1.1669921875
0.6689453125
1.1845703125
0.896484375
0.8505859375
1.1171875
0.7998046875
0.59375
0.7919921875
1.0888671875
0.994140625
0.94921875
0.912109375
1.0654296875
0.94921875
1.072265625
0.6748046875
0.9765625
0.8984375
0.9384765625
0.66015625
1.2197265625
0.9052734375
1.173828125
1.1416015625
1.0859375
1.00390625
1.38671875
0.9404296875
0.82421875
0.7412109375
1.0
1.060546875
0.9853515625
1.2548828125
1.0654296875
0.9873046875
0.630859375
1.0791015625
1.05859375
1.3125
1.1123046875
1.0205078125
1.1865234375
0.794921875
1.1123046875
1.1767578125
0.7314453125
0.896484375
1.4326171875
1.041015625
1.212890625
0.6728515625
0.9912109375
1.09375
0.9072265625
1.1513671875
1.1728515625
1.0751953125
1.0380859375
1.2041015625
1.25
0.958984375
0.96875
0.9375
0.9482421875
0.7734375
0.6845703125
0.76953125
1.0791015625
1.244140625
0.98828125
0.69921875
0.8798828125
1.0908203125
0.9453125
0.771484375
0.9833984375
1.216796875
1.166015625
0.9580078125
0.890625
0.9501953125
1.1826171875
1.0205078125
1.0947265625
1.146484375
0.7275390625
0.7158203125
0.951171875
1.0615234375
1.0810546875
1.0546875
1.0380859375
1.0947265625
0.943359375
1.01953125
0.9501953125
1.1103515625
1.1953125
0.845703125
1.0478515625
1.06640625
0.55078125
0.5078125
0.5732421875
1.1796875
1.0517578125
0.5361328125
0.9140625
1.02734375
0.6435546875
1.1787109375
0.951171875
0.7158203125
1.029296875
0.95703125
1.1220703125
1.05078125
1.1025390625
1.1015625
1.3544921875
0.9970703125
0.7578125
1.26953125
0.630859375
1.1220703125
1.0966796875
1.0830078125
0.9267578125
0.7783203125
1.158203125
1.12109375
0.98046875
0.966796875
1.251953125
1.0087890625
1.09375
0.841796875
0.9912109375
1.38671875
1.1484375
0.6259765625
0.544921875
0.6044921875
1.1328125
0.958984375
0.87109375
0.8798828125
1.123046875
0.7060546875
1.1640625
0.9052734375
1.322265625
1.0224609375
0.6435546875
1.119140625
0.98046875
0.63671875
1.1162109375
0.7568359375
1.154296875
0.9560546875
1.10546875
0.89453125
1.0732421875
0.9619140625
0.7958984375
0.947265625
1.0146484375
1.0029296875
1.0703125
1.1787109375
1.15625
1.0732421875
1.0625
1.392578125
1.0400390625
1.0732421875
0.76953125
1.2685546875
1.11328125
1.29296875
1.0849609375
1.4130859375
0.8642578125
1.04296875
0.6689453125
1.2080078125
1.095703125
1.189453125
1.0458984375
1.1591796875
1.0732421875
0.9228515625
1.2158203125
1.41796875
1.2509765625
0.7802734375
0.9228515625
1.091796875
1.224609375
0.947265625
0.96875
0.81640625
1.125
1.0380859375
0.8427734375
0.814453125
1.076171875
1.19140625
1.05078125
0.9296875
1.1728515625
0.923828125
1.12109375
1.0888671875
1.18359375
1.0380859375
0.9287109375
0.962890625
1.1435546875
1.27734375
1.185546875
1.18359375
0.8408203125
0.6328125
1.0791015625
0.9169921875
0.7490234375
0.998046875
0.8076171875
0.873046875
1.1552734375
0.931640625
1.1689453125
1.16015625
1.1591796875
1.041015625
1.005859375
1.4033203125
0.9482421875
0.8837890625
0.62890625
1.1162109375
0.919921875
1.16015625
1.2265625
0.5986328125
0.978515625
1.04296875
1.0478515625
1.10546875
0.8486328125
0.90234375
1.115234375
1.2060546875
0.6650390625
0.7314453125
1.0234375
0.86328125
1.20703125
1.0
0.9208984375
1.1162109375
1.33203125
1.0927734375
1.197265625
1.3154296875
0.7265625
1.1689453125
1.1845703125
0.9384765625
1.2705078125
1.1669921875
0.890625
0.947265625
0.8505859375
1.103515625
0.669921875
0.5947265625
1.3583984375
0.91796875
1.0849609375
1.140625
1.294921875
1.0703125
0.724609375
1.3701171875
1.0537109375
1.0595703125
1.0908203125
0.5556640625
0.734375
1.1689453125
1.0458984375
1.2421875
0.8349609375
1.0224609375
1.080078125
1.0869140625
0.9140625
1.0771484375
1.0478515625
1.119140625
1.0703125
1.0703125
1.111328125
0.9453125
1.1015625
1.3447265625
1.134765625
0.8095703125
0.865234375
0.8662109375
1.13671875
0.912109375
1.197265625
1.05078125
1.2138671875
1.08203125
0.833984375
0.7998046875
1.06640625
1.0009765625
1.1435546875
1.072265625
1.3671875
0.7294921875
1.0185546875
0.8935546875
1.1171875
0.7314453125
0.7451171875
1.1025390625
0.751953125
1.392578125
1.267578125
0.712890625
0.984375
1.0693359375
1.0908203125
0.7451171875
1.0029296875
0.8056640625
1.359375
1.224609375
1.1474609375
0.9306640625
1.154296875
1.126953125
0.8115234375
1.3310546875
1.2177734375
1.0107421875
1.041015625
0.9267578125
1.2890625
1.216796875
1.0947265625
0.658203125
0.9150390625
0.7197265625
1.4072265625
0.8134765625
0.7734375
1.0888671875
0.673828125
0.9248046875
0.7353515625
1.2861328125
1.212890625
0.771484375
1.369140625
1.16015625
1.1337890625
0.7509765625
0.5068359375
1.09765625
0.9697265625
1.146484375
0.837890625
0.8427734375
