2.5927734375
2.5927734375
2.5927734375
2.5927734375
2.5927734375
2.5927734375
2.8583984375
2.30859375
2.5478515625
2.5869140625
2.6064453125
2.4404296875
2.7275390625
2.6650390625
2.359375
2.470703125
2.37890625
2.9208984375
2.087890625
2.658203125
2.7900390625
2.3740234375
2.3623046875
2.4453125
2.591796875
1.984375
2.2861328125
2.73046875
2.505859375
2.3837890625
2.7041015625
2.65625
2.732421875
2.037109375
2.6240234375
2.716796875
2.6328125
2.1123046875
2.779296875
2.0654296875
2.1865234375
2.75390625
2.322265625
2.4736328125
2.8056640625
2.6416015625
2.232421875
1.9443359375
2.357421875
2.5224609375
2.6591796875
2.3251953125
2.9443359375
2.1591796875
2.7353515625
2.3984375
2.6591796875
2.4873046875
2.60546875
2.494140625
2.2412109375
2.1240234375
2.4326171875
2.240234375
2.537109375
2.35546875
2.3349609375
2.59765625
2.6201171875
2.3017578125
2.75
2.203125
2.70703125
2.6943359375
2.3642578125
2.400390625
2.6689453125
2.33203125
2.26953125
2.63671875
2.4462890625
2.7880859375
2.505859375
2.310546875
2.0458984375
2.3505859375
2.6064453125
2.69140625
1.833984375
2.02734375
2.2119140625
2.5703125
2.2392578125
2.474609375
2.3251953125
2.4462890625
2.591796875
2.1376953125
2.5703125
2.384765625
2.7919921875
2.71875
2.7744140625
1.9921875
2.7197265625
2.76171875
2.541015625
2.60546875
2.0625
1.94140625
2.51953125
2.26171875
2.703125
2.5712890625
2.5283203125
2.431640625
3.1845703125
2.6005859375
2.7880859375
2.1513671875
2.65234375
2.544921875
2.1953125
2.6259765625
2.7841796875
2.3271484375
2.693359375
2.5
2.95703125
2.6337890625
2.42578125
2.701171875
2.205078125
2.3203125
2.015625
2.5869140625
2.3759765625
2.50390625
2.20703125
2.2451171875
2.4248046875
2.69921875
2.57421875
2.3212890625
2.541015625
2.2978515625
2.1962890625
2.484375
2.505859375
2.787109375
2.572265625
3.015625
2.3037109375
2.689453125
2.494140625
2.1708984375
2.2490234375
2.884765625
2.130859375
2.4775390625
2.5908203125
2.326171875
2.4697265625
2.044921875
2.3857421875
2.06640625
2.4892578125
2.9228515625
2.28515625
2.107421875
2.1357421875
1.8623046875
1.9677734375
2.5107421875
2.2119140625
2.18359375
2.3427734375
2.748046875
2.7861328125
2.41015625
2.7001953125
2.25390625
2.595703125
2.41015625
2.69921875
2.3603515625
2.228515625
2.4853515625
2.611328125
2.4423828125
2.185546875
2.5009765625
2.6533203125
2.6259765625
2.16015625
2.5087890625
2.9150390625
2.7548828125
2.0576171875
2.158203125
2.640625
2.251953125
2.3798828125
2.7861328125
2.9521484375
2.7021484375
2.421875
2.5947265625
2.177734375
2.8193359375
2.5966796875
2.4267578125
2.642578125
2.388671875
2.490234375
2.810546875
2.5361328125
1.6953125
2.6083984375
2.173828125
2.48046875
2.517578125
2.521484375
2.5908203125
2.6865234375
2.4541015625
2.1142578125
2.5283203125
2.23046875
2.16015625
1.853515625
2.271484375
2.380859375
2.4697265625
2.46875
2.7783203125
2.767578125
2.1484375
2.6123046875
2.1259765625
2.349609375
2.5712890625
2.6201171875
2.51953125
2.6640625
2.517578125
2.2236328125
2.8154296875
2.6962890625
2.6767578125
2.255859375
2.189453125
2.6396484375
2.9169921875
2.5634765625
2.6416015625
2.904296875
2.380859375
1.9208984375
2.7783203125
2.6171875
2.75390625
2.4140625
2.52734375
2.7119140625
2.802734375
2.5146484375
2.359375
2.125
2.61328125
2.5380859375
2.126953125
2.662109375
2.0458984375
2.763671875
2.3076171875
2.3359375
2.69921875
2.283203125
2.8935546875
2.16796875
2.4521484375
2.30078125
2.4482421875
1.9765625
2.3505859375
2.6669921875
2.49609375
2.82421875
2.1962890625
2.3408203125
2.5419921875
2.7607421875
2.2421875
3.01953125
2.2119140625
2.3544921875
2.015625
2.59765625
2.59765625
2.1826171875
2.2861328125
2.662109375
1.984375
2.3447265625
2.193359375
2.6640625
1.9814453125
2.419921875
2.43359375
2.404296875
2.21484375
2.1201171875
2.4716796875
2.6884765625
2.2578125
2.478515625
2.5830078125
2.2177734375
2.6640625
2.6064453125
2.4365234375
2.3251953125
2.5048828125
2.2080078125
2.6640625
2.1572265625
2.587890625
2.83203125
2.177734375
2.326171875
2.384765625
2.111328125
2.4755859375
2.390625
2.421875
2.6572265625
2.869140625
2.5263671875
2.265625
2.3505859375
2.6005859375
1.9853515625
2.376953125
2.61328125
2.455078125
2.7490234375
2.4736328125
2.720703125
2.40234375
2.40625
1.7734375
2.97265625
2.2041015625
2.4169921875
2.7509765625
2.7392578125
2.4287109375
2.462890625
2.0595703125
2.5078125
2.5771484375
2.359375
2.591796875
2.75390625
2.2421875
2.357421875
2.3037109375
2.611328125
2.158203125
2.638671875
3.0693359375
1.927734375
2.18359375
2.302734375
2.421875
2.71484375
2.1669921875
2.1298828125
2.251953125
2.79296875
2.69921875
2.4375
2.265625
3.0322265625
2.4443359375
2.3603515625
2.724609375
2.447265625
2.3154296875
2.328125
2.326171875
2.5234375
2.2373046875
2.75
2.4970703125
2.5791015625
2.4365234375
1.96484375
2.4521484375
2.583984375
2.4736328125
2.5439453125
2.4384765625
1.9658203125
2.3408203125
2.509765625
2.1318359375
2.34765625
2.5986328125
2.4306640625
2.220703125
2.4853515625
1.9990234375
2.392578125
2.4365234375
2.818359375
2.1259765625
2.767578125
2.5517578125
2.7529296875
2.525390625
2.3916015625
2.1474609375
3.0595703125
2.6376953125
2.3486328125
2.060546875
2.4453125
2.9912109375
2.2939453125
2.7275390625
2.5048828125
2.380859375
2.044921875
2.5947265625
2.8544921875
2.859375
2.4580078125
2.408203125
2.1904296875
2.4541015625
2.8134765625
2.3095703125
2.0361328125
2.12890625
2.658203125
2.6494140625
2.4619140625
2.2939453125
2.326171875
2.5166015625
2.7294921875
2.5478515625
2.6904296875
2.525390625
2.5244140625
2.6884765625
2.734375
2.3359375
2.75
2.4775390625
2.166015625
2.3212890625
2.0556640625
2.5244140625
2.6787109375
2.7265625
2.8603515625
2.255859375
2.49609375
2.15625
2.6142578125
2.140625
2.7890625
2.921875
2.4248046875
2.1201171875
2.0791015625
2.9208984375
2.708984375
2.6669921875
2.5498046875
2.6005859375
2.0087890625
2.2119140625
2.10546875
2.291015625
2.4638671875
2.7080078125
2.810546875
2.6708984375
2.33203125
2.6455078125
2.6376953125
2.5751953125
2.849609375
2.3251953125
2.7841796875
2.787109375
1.8232421875
1.736328125
1.8466796875
2.5322265625
2.576171875
1.912109375
2.6494140625
2.6416015625
2.2568359375
2.375
2.3388671875
2.345703125
2.6337890625
2.173828125
2.75390625
2.203125
2.6669921875
2.484375
2.7353515625
2.1943359375
2.234375
2.6484375
1.947265625
2.3974609375
1.81640625
2.5517578125
2.587890625
2.1875
2.7880859375
2.5380859375
2.673828125
2.48828125
2.7939453125
2.845703125
2.6201171875
2.5625
2.263671875
2.537109375
2.6611328125
1.9814453125
1.830078125
1.974609375
2.8779296875
2.66796875
2.388671875
2.3818359375
2.5859375
2.2236328125
2.501953125
2.23046875
2.7373046875
2.0390625
1.7646484375
2.7470703125
2.30078125
2.0654296875
2.3154296875
2.2236328125
3.126953125
2.505859375
2.6455078125
2.203125
2.7578125
2.72265625
2.373046875
2.3525390625
1.884765625
2.3701171875
2.427734375
2.7763671875
2.5830078125
2.7568359375
2.388671875
2.55859375
2.26171875
2.4970703125
2.2451171875
2.5029296875
2.5361328125
2.5791015625
2.72265625
2.6953125
2.71484375
2.1875
2.037109375
2.6318359375
2.5556640625
2.5263671875
2.3447265625
2.4609375
2.3525390625
2.5380859375
2.5439453125
2.7587890625
2.8251953125
2.24609375
2.453125
2.7412109375
2.9833984375
2.458984375
1.943359375
2.2041015625
2.73828125
3.01171875
2.2626953125
2.4306640625
2.630859375
2.3544921875
2.849609375
2.763671875
2.5810546875
2.32421875
2.5068359375
2.177734375
2.7568359375
2.615234375
2.46484375
2.6064453125
2.458984375
2.435546875
2.4521484375
2.5478515625
2.46875
2.146484375
2.751953125
2.5751953125
2.3916015625
2.443359375
2.4072265625
2.228515625
2.6220703125
2.365234375
2.80859375
2.7236328125
2.134765625
2.7841796875
2.7412109375
2.9990234375
2.5986328125
2.2421875
2.0712890625
2.5625
2.474609375
2.4892578125
2.666015625
1.806640625
2.6005859375
2.90234375
2.25390625
2.263671875
2.32421875
2.46875
3.0068359375
2.57421875
2.0361328125
1.7978515625
2.564453125
2.3916015625
2.408203125
2.8115234375
2.876953125
2.6142578125
2.72265625
2.646484375
2.6103515625
2.7421875
2.2861328125
2.2958984375
2.7265625
2.50390625
2.58203125
2.5341796875
2.2001953125
2.248046875
2.3759765625
2.4326171875
2.173828125
2.1044921875
2.8056640625
2.02734375
2.642578125
2.8359375
2.38671875
2.5185546875
2.197265625
2.775390625
2.15625
2.390625
2.6455078125
1.736328125
2.4609375
2.4794921875
2.83203125
2.548828125
2.3828125
2.3203125
2.7626953125
2.703125
2.421875
2.365234375
2.3291015625
2.64453125
2.4169921875
2.6025390625
2.6669921875
2.2099609375
2.2685546875
2.662109375
2.5771484375
2.1806640625
2.5615234375
2.3857421875
2.7890625
2.591796875
2.349609375
2.8095703125
2.478515625
2.61328125
2.2509765625
2.5146484375
2.4931640625
2.357421875
2.82421875
2.236328125
2.6943359375
2.4326171875
2.50390625
2.4697265625
2.453125
2.3984375
2.05859375
2.5771484375
2.12109375
2.6669921875
2.4208984375
2.228515625
2.1474609375
2.677734375
2.0341796875
2.1123046875
2.7197265625
1.951171875
2.7783203125
2.439453125
2.3544921875
1.91015625
2.3271484375
2.3154296875
2.251953125
2.9072265625
2.5771484375
2.298828125
2.560546875
1.947265625
2.8203125
2.482421875
2.27734375
1.9560546875
2.5234375
2.484375
2.9580078125
2.33984375
2.158203125
2.3984375
1.9951171875
2.30078125
2.0341796875
2.74609375
2.546875
1.9287109375
2.744140625
2.84375
2.5869140625
1.931640625
2.021484375
2.28515625
2.099609375
2.126953125
2.32421875
2.3662109375
