2.958984375
2.958984375
2.958984375
2.958984375
2.951171875
2.9248046875
2.9833984375
2.8017578125
3.1669921875
2.48046875
3.064453125
2.6982421875
3.5185546875
2.9130859375
2.521484375
2.552734375
2.75390625
2.724609375
2.3828125
2.6376953125
3.103515625
3.3828125
2.7236328125
2.7509765625
2.4365234375
2.9833984375
2.6708984375
3.1669921875
3.01953125
2.7939453125
2.96484375
3.03515625
2.3271484375
3.1083984375
2.41015625
2.8486328125
2.9169921875
2.94140625
3.2099609375
2.5087890625
2.5615234375
3.595703125
2.400390625
2.9140625
2.9404296875
2.96875
2.62890625
3.5107421875
3.0546875
2.6396484375
3.3271484375
2.662109375
2.9248046875
2.9609375
2.921875
2.9208984375
3.2373046875
3.025390625
2.46484375
3.4052734375
2.9267578125
2.744140625
2.7021484375
3.0400390625
2.8564453125
3.154296875
2.8828125
3.2099609375
3.228515625
2.96484375
3.21875
3.0400390625
2.345703125
3.4140625
2.6689453125
2.9736328125
2.6123046875
2.7421875
3.2763671875
3.1591796875
3.2919921875
2.400390625
2.796875
2.7666015625
2.525390625
2.48828125
2.9990234375
3.3427734375
3.1708984375
2.9619140625
2.68359375
2.9658203125
2.8154296875
3.0234375
3.3310546875
3.205078125
3.0
2.755859375
2.6162109375
2.9755859375
3.103515625
2.8203125
3.2607421875
2.8623046875
2.2529296875
3.3251953125
2.888671875
2.7236328125
2.787109375
2.92578125
3.1220703125
2.5068359375
3.044921875
3.21875
2.9091796875
2.94140625
2.9814453125
2.755859375
2.9189453125
2.9716796875
3.3115234375
3.1083984375
3.013671875
3.0634765625
2.5625
3.0615234375
3.0693359375
3.0380859375
2.4306640625
2.939453125
2.935546875
2.7314453125
2.96875
3.13671875
2.4599609375
3.244140625
3.29296875
3.1650390625
2.7314453125
2.4755859375
2.85546875
2.80078125
2.82421875
3.1982421875
3.298828125
2.9951171875
3.0322265625
2.8935546875
2.75390625
2.97265625
2.70703125
2.83984375
2.435546875
2.732421875
3.0361328125
3.0771484375
2.9326171875
3.1171875
2.5947265625
3.1103515625
3.0869140625
2.927734375
2.6943359375
3.138671875
2.912109375
2.9150390625
2.755859375
3.2353515625
2.6943359375
3.0830078125
2.9326171875
3.2626953125
3.4755859375
2.9931640625
3.0322265625
3.3447265625
3.2685546875
3.111328125
2.9814453125
3.1337890625
3.3291015625
2.9482421875
3.1357421875
2.55859375
2.8193359375
2.435546875
2.48046875
2.810546875
2.4853515625
3.28515625
2.78125
2.802734375
3.2158203125
3.3544921875
2.6357421875
2.7294921875
2.603515625
3.291015625
2.87890625
2.8642578125
3.0244140625
2.8115234375
2.7841796875
3.0673828125
2.8115234375
2.6669921875
2.552734375
2.8056640625
2.69140625
3.1376953125
3.228515625
2.83984375
2.8779296875
2.802734375
3.076171875
3.30078125
2.7529296875
2.931640625
2.4208984375
2.955078125
2.9580078125
2.2900390625
2.80078125
2.8076171875
3.259765625
2.8037109375
3.2109375
2.7109375
2.9912109375
3.0224609375
2.384765625
2.6630859375
2.4345703125
3.1181640625
2.7490234375
2.7724609375
2.9794921875
2.560546875
3.2763671875
2.4169921875
2.9931640625
3.2109375
2.7666015625
3.3564453125
2.6826171875
2.9677734375
3.0380859375
2.8310546875
3.080078125
2.68359375
3.1923828125
3.0205078125
3.2314453125
2.9951171875
3.2802734375
2.994140625
2.9951171875
3.017578125
3.421875
2.486328125
3.044921875
2.8505859375
2.462890625
2.6845703125
2.5595703125
3.2861328125
3.2529296875
3.3291015625
2.947265625
2.763671875
3.20703125
2.939453125
2.9296875
3.0732421875
2.9287109375
3.0146484375
2.68359375
3.1142578125
2.6455078125
2.947265625
3.041015625
3.2197265625
2.888671875
2.2021484375
2.7861328125
2.67578125
2.8779296875
2.564453125
3.16796875
3.013671875
3.04296875
2.986328125
3.515625
3.318359375
2.3701171875
3.37890625
3.064453125
2.849609375
2.8857421875
2.767578125
2.947265625
3.294921875
3.0986328125
2.8837890625
2.6689453125
2.8271484375
2.3408203125
3.0185546875
2.8623046875
2.861328125
2.4482421875
2.5888671875
2.8046875
2.9365234375
3.06640625
2.7080078125
3.1044921875
3.0693359375
3.7802734375
2.64453125
3.0556640625
3.3056640625
3.06640625
2.810546875
2.7333984375
2.7001953125
2.693359375
2.724609375
3.3486328125
3.28515625
3.0107421875
3.2646484375
2.8876953125
2.9697265625
2.962890625
2.5693359375
2.94921875
2.4140625
2.7880859375
3.431640625
3.1328125
2.783203125
2.7919921875
2.419921875
2.9853515625
3.505859375
3.197265625
3.0126953125
2.89453125
2.439453125
3.45703125
3.025390625
3.20703125
3.119140625
2.5419921875
2.92578125
3.1728515625
2.900390625
3.1611328125
2.93359375
2.7900390625
2.9873046875
3.052734375
2.771484375
2.7060546875
3.513671875
2.9755859375
2.4580078125
2.662109375
2.55859375
2.794921875
2.9501953125
2.8583984375
2.869140625
2.9501953125
3.0537109375
2.7548828125
3.2060546875
2.9150390625
2.2099609375
2.76171875
2.8076171875
3.1513671875
3.0673828125
2.96875
2.4892578125
2.5908203125
2.75
2.599609375
2.87890625
2.671875
3.05859375
2.9765625
2.77734375
3.05859375
2.7216796875
3.2900390625
2.8828125
3.0458984375
2.8916015625
2.3271484375
3.2578125
2.458984375
2.806640625
2.7900390625
3.0
3.1943359375
2.62890625
2.2568359375
3.2998046875
3.0400390625
2.6806640625
2.9951171875
2.927734375
3.2138671875
3.3759765625
2.78125
2.96875
2.48828125
3.14453125
2.63671875
2.755859375
2.478515625
3.0224609375
2.7568359375
2.53125
3.294921875
2.7216796875
2.5859375
3.2890625
3.06640625
3.279296875
2.623046875
2.76171875
2.982421875
2.955078125
2.634765625
2.4619140625
3.099609375
3.1181640625
2.837890625
3.0029296875
2.7783203125
2.97265625
3.06640625
3.1328125
2.81640625
3.130859375
2.6396484375
2.8212890625
3.3681640625
2.1806640625
2.865234375
2.7470703125
3.166015625
3.41015625
2.876953125
3.2724609375
3.47265625
2.9248046875
2.78125
2.759765625
2.7314453125
3.0107421875
3.017578125
2.8720703125
2.8095703125
3.166015625
2.662109375
3.1328125
2.8466796875
2.603515625
3.1298828125
2.3671875
2.8232421875
2.8798828125
3.443359375
3.294921875
2.94921875
2.7373046875
3.248046875
3.0703125
2.9619140625
2.291015625
3.2685546875
3.0927734375
2.4921875
3.1943359375
2.701171875
2.6416015625
2.240234375
2.9794921875
2.939453125
3.4150390625
2.6962890625
3.328125
2.6396484375
3.0205078125
2.896484375
3.453125
3.1337890625
2.59375
3.2685546875
2.8603515625
3.041015625
2.6845703125
3.462890625
3.140625
2.833984375
3.2294921875
3.046875
2.310546875
2.8193359375
2.7890625
2.8984375
3.0185546875
2.65234375
2.267578125
2.859375
3.0732421875
2.962890625
3.0009765625
2.779296875
2.9814453125
2.80078125
2.6259765625
3.2705078125
2.4990234375
2.7939453125
2.9013671875
3.0205078125
3.419921875
3.15234375
2.9384765625
2.5888671875
3.166015625
3.1884765625
2.9072265625
2.3671875
3.2255859375
2.8486328125
2.921875
2.205078125
2.796875
2.8037109375
3.1416015625
2.7177734375
3.099609375
2.880859375
2.7705078125
2.5703125
2.80078125
2.8544921875
3.287109375
3.3447265625
2.935546875
3.462890625
2.8984375
3.1005859375
2.583984375
2.66796875
2.7353515625
3.38671875
2.9931640625
2.2861328125
2.880859375
2.2802734375
2.8095703125
2.955078125
2.8291015625
2.9609375
3.1357421875
2.9970703125
2.7158203125
3.126953125
2.7841796875
3.369140625
3.11328125
3.0673828125
3.3017578125
3.037109375
2.921875
3.044921875
2.763671875
2.91015625
2.6884765625
3.0771484375
2.736328125
2.1689453125
2.994140625
2.927734375
3.2666015625
3.3740234375
2.689453125
3.1787109375
2.859375
2.7265625
3.3466796875
3.2109375
2.30859375
3.1171875
2.52734375
2.294921875
2.880859375
3.17578125
2.798828125
2.74609375
2.73828125
3.3779296875
2.8271484375
3.4658203125
2.9755859375
2.7939453125
2.580078125
3.12109375
2.6376953125
2.70703125
2.8466796875
2.935546875
2.6435546875
3.1953125
2.9765625
3.046875
3.0927734375
3.24609375
2.9541015625
3.0
3.001953125
2.5517578125
2.7568359375
3.5439453125
2.9736328125
3.1533203125
3.1865234375
2.4462890625
2.970703125
2.6162109375
2.66015625
2.833984375
2.4462890625
2.3935546875
2.62109375
2.3349609375
2.703125
3.1875
2.9716796875
2.5
3.123046875
2.5625
2.8310546875
2.9033203125
2.6494140625
2.7626953125
3.1953125
3.1044921875
2.8154296875
3.3369140625
3.0986328125
3.31640625
3.0400390625
2.501953125
3.09765625
3.041015625
2.8779296875
3.0185546875
2.3564453125
2.9541015625
3.2353515625
3.0927734375
2.728515625
3.2265625
2.6376953125
2.4775390625
2.73828125
2.58984375
2.5283203125
2.4365234375
3.2548828125
2.591796875
3.0888671875
2.986328125
2.892578125
2.1181640625
2.7431640625
2.751953125
3.0126953125
3.7607421875
2.9560546875
3.1748046875
2.55859375
3.0
2.658203125
3.30078125
2.8935546875
2.80078125
2.697265625
2.70703125
3.4169921875
2.740234375
2.916015625
2.5908203125
2.841796875
2.38671875
2.4306640625
2.9541015625
3.22265625
2.6806640625
2.583984375
2.8310546875
2.865234375
2.697265625
2.9287109375
2.4091796875
2.939453125
2.859375
3.212890625
3.326171875
3.162109375
2.880859375
2.5673828125
2.74609375
2.7900390625
2.89453125
2.8037109375
2.8857421875
2.974609375
3.3798828125
3.4189453125
3.2763671875
3.3193359375
2.896484375
2.7451171875
2.853515625
3.0615234375
3.1064453125
2.873046875
2.966796875
2.5947265625
2.6201171875
2.9833984375
2.4501953125
3.09375
2.7841796875
2.2880859375
2.9765625
3.037109375
2.69921875
2.712890625
3.046875
2.9072265625
2.7294921875
2.6875
2.77734375
2.90625
3.001953125
3.6767578125
2.849609375
3.1328125
3.080078125
3.271484375
2.666015625
2.873046875
3.48828125
2.962890625
2.501953125
3.263671875
2.826171875
3.0673828125
3.1953125
2.5556640625
2.9326171875
3.134765625
3.138671875
3.0185546875
3.2197265625
2.6884765625
3.0263671875
2.5751953125
3.0263671875
3.189453125
2.6923828125
3.138671875
2.970703125
3.568359375
3.09375
3.376953125
2.732421875
2.361328125
2.8935546875
3.1865234375
2.90625
2.880859375
2.3984375
2.6396484375
2.615234375
2.962890625
2.953125
2.9443359375
3.80078125
2.37890625
2.5908203125
3.125
3.2470703125
2.6533203125
3.04296875
2.9033203125
3.099609375
3.109375
3.318359375
2.7021484375
2.7041015625
2.80859375
2.8623046875
2.845703125
2.935546875
3.11328125
2.9306640625
3.173828125
3.25
2.6083984375
3.4287109375
3.0556640625
2.900390625
3.2880859375
2.8681640625
3.005859375
2.486328125
3.0498046875
3.0517578125
2.7724609375
2.9453125
2.857421875
2.5517578125
3.1875
2.72265625
2.546875
2.681640625
2.82421875
2.6845703125
2.89453125
3.4296875
2.771484375
3.025390625
2.7470703125
2.9892578125
3.20703125
3.064453125
3.08984375
2.8193359375
2.9599609375
2.8232421875
2.736328125
3.1357421875
2.5361328125
2.6474609375
2.3017578125
2.951171875
3.4287109375
2.9521484375
2.7060546875
2.845703125
2.37109375
2.892578125
2.890625
2.76953125
3.2080078125
2.8369140625
2.6484375
3.0400390625
2.6904296875
2.8515625
2.6357421875
2.9951171875
