0.259765625
0.259765625
0.259765625
0.259765625
0.259765625
0.259765625
0.35546875
0.220703125
0.2734375
0.2763671875
0.341796875
0.2421875
0.2041015625
0.3857421875
0.310546875
0.3544921875
0.2919921875
0.2607421875
0.3125
0.2685546875
0.2890625
0.27734375
0.251953125
0.2744140625
0.2275390625
0.1728515625
0.248046875
0.28515625
0.2314453125
0.2763671875
0.2880859375
0.31640625
0.1962890625
0.3486328125
0.2626953125
0.3876953125
0.2421875
0.36328125
0.3779296875
0.2646484375
0.2431640625
0.20703125
0.1796875
0.2529296875
0.275390625
0.466796875
0.3359375
0.20703125
0.1611328125
0.2666015625
0.2080078125
0.267578125
0.265625
0.2607421875
0.2890625
0.375
0.2353515625
0.2080078125
0.3232421875
0.3486328125
0.2822265625
0.201171875
0.2763671875
0.2939453125
0.3203125
0.2412109375
0.1962890625
0.3134765625
0.2978515625
0.2314453125
0.265625
0.26171875
0.287109375
0.271484375
0.3291015625
0.2353515625
0.1591796875
0.169921875
0.279296875
0.306640625
0.2431640625
0.2333984375
0.212890625
0.267578125
0.1220703125
0.2685546875
0.2744140625
0.255859375
0.0712890625
0.125
0.41015625
0.3310546875
0.134765625
0.205078125
0.134765625
0.4619140625
0.3291015625
0.25
0.220703125
0.337890625
0.2490234375
0.27734375
0.220703125
0.142578125
0.26171875
0.21484375
0.2734375
0.267578125
0.27734375
0.1103515625
0.298828125
0.3193359375
0.4375
0.310546875
0.2119140625
0.271484375
0.240234375
0.2666015625
0.2216796875
0.140625
0.2353515625
0.314453125
0.154296875
0.2744140625
0.2841796875
0.203125
0.365234375
0.2099609375
0.2265625
0.3076171875
0.3447265625
0.19921875
0.2880859375
0.125
0.15625
0.16015625
0.2822265625
0.3134765625
0.20703125
0.1708984375
0.3515625
0.2939453125
0.3095703125
0.2626953125
0.2021484375
0.19921875
0.2685546875
0.3134765625
0.2236328125
0.318359375
0.3056640625
0.2236328125
0.3056640625
0.2783203125
0.283203125
0.2548828125
0.373046875
0.36328125
0.10546875
0.31640625
0.2626953125
0.31640625
0.259765625
0.1796875
0.271484375
0.1328125
0.310546875
0.255859375
0.3115234375
0.1640625
0.2216796875
0.1318359375
0.1591796875
0.33984375
0.1162109375
0.2880859375
0.2421875
0.3125
0.2333984375
0.169921875
0.3564453125
0.146484375
0.2177734375
0.2158203125
0.265625
0.31640625
0.296875
0.203125
0.3642578125
0.283203125
0.177734375
0.28125
0.27734375
0.31640625
0.3466796875
0.2958984375
0.234375
0.2109375
0.3291015625
0.2333984375
0.2275390625
0.3017578125
0.32421875
0.173828125
0.2451171875
0.25
0.2705078125
0.333984375
0.2080078125
0.3212890625
0.27734375
0.3232421875
0.341796875
0.2568359375
0.1943359375
0.21484375
0.169921875
0.05859375
0.2646484375
0.142578125
0.2431640625
0.3642578125
0.2255859375
0.2236328125
0.29296875
0.2998046875
0.12890625
0.21875
0.3095703125
0.294921875
0.068359375
0.2919921875
0.1865234375
0.294921875
0.3515625
0.1796875
0.3046875
0.2724609375
0.2529296875
0.2724609375
0.3271484375
0.197265625
0.318359375
0.244140625
0.1552734375
0.21484375
0.3291015625
0.205078125
0.236328125
0.40625
0.31640625
0.2666015625
0.23828125
0.2412109375
0.267578125
0.2529296875
0.36328125
0.12109375
0.189453125
0.2265625
0.31640625
0.2998046875
0.3046875
0.2236328125
0.2900390625
0.2626953125
0.2421875
0.150390625
0.2060546875
0.2919921875
0.2373046875
0.2978515625
0.3642578125
0.169921875
0.2802734375
0.3505859375
0.2099609375
0.3330078125
0.275390625
0.201171875
0.3720703125
0.341796875
0.185546875
0.3115234375
0.1416015625
0.2255859375
0.267578125
0.3330078125
0.3193359375
0.169921875
0.28515625
0.189453125
0.265625
0.2666015625
0.2392578125
0.2822265625
0.19140625
0.3173828125
0.296875
0.30859375
0.18359375
0.1533203125
0.271484375
0.0908203125
0.13671875
0.2900390625
0.2470703125
0.0966796875
0.259765625
0.1826171875
0.302734375
0.251953125
0.1875
0.2236328125
0.2880859375
0.4130859375
0.3359375
0.2177734375
0.33984375
0.2119140625
0.232421875
0.267578125
0.3203125
0.259765625
0.18359375
0.2431640625
0.2568359375
0.2783203125
0.3310546875
0.1376953125
0.30078125
0.294921875
0.3017578125
0.2861328125
0.173828125
0.33203125
0.17578125
0.2724609375
0.33203125
0.3125
0.345703125
0.17578125
0.1787109375
0.2158203125
0.2646484375
0.267578125
0.181640625
0.23828125
0.2060546875
0.169921875
0.248046875
0.083984375
0.2314453125
0.1533203125
0.25
0.2666015625
0.3046875
0.2587890625
0.255859375
0.2138671875
0.2939453125
0.294921875
0.33984375
0.2998046875
0.20703125
0.24609375
0.1376953125
0.3759765625
0.2744140625
0.2216796875
0.3212890625
0.2734375
0.173828125
0.1171875
0.296875
0.2431640625
0.2685546875
0.208984375
0.2353515625
0.3330078125
0.2392578125
0.2998046875
0.2919921875
0.31640625
0.2685546875
0.37890625
0.3232421875
0.2333984375
0.3671875
0.3623046875
0.2490234375
0.345703125
0.255859375
0.1728515625
0.310546875
0.28515625
0.2001953125
0.2705078125
0.109375
0.2822265625
0.2255859375
0.1630859375
0.3349609375
0.2998046875
0.1689453125
0.1875
0.208984375
0.3310546875
0.2197265625
0.2490234375
0.2333984375
0.3916015625
0.33984375
0.2314453125
0.26171875
0.3525390625
0.236328125
0.0673828125
0.2939453125
0.224609375
0.2744140625
0.2646484375
0.3232421875
0.3212890625
0.267578125
0.2646484375
0.1533203125
0.1318359375
0.2822265625
0.1923828125
0.271484375
0.2197265625
0.349609375
0.3623046875
0.1103515625
0.2578125
0.2080078125
0.2314453125
0.3232421875
0.275390625
0.3203125
0.37890625
0.3583984375
0.3642578125
0.1259765625
0.2197265625
0.2431640625
0.2158203125
0.2421875
0.111328125
0.3154296875
0.2548828125
0.15625
0.283203125
0.2578125
0.302734375
0.333984375
0.2783203125
0.30859375
0.427734375
0.2265625
0.32421875
0.31640625
0.1005859375
0.181640625
0.1474609375
0.2568359375
0.2822265625
0.203125
0.115234375
0.2333984375
0.322265625
0.18359375
0.2333984375
0.228515625
0.2392578125
0.3125
0.2509765625
0.3095703125
0.1669921875
0.291015625
0.26171875
0.2841796875
0.2421875
0.177734375
0.1435546875
0.2666015625
0.349609375
0.279296875
0.2431640625
0.236328125
0.234375
0.3115234375
0.1884765625
0.30078125
0.2802734375
0.2880859375
0.2041015625
0.251953125
0.234375
0.2119140625
0.0849609375
0.0810546875
0.3115234375
0.37890625
0.0849609375
0.138671875
0.2451171875
0.0966796875
0.2890625
0.2216796875
0.1337890625
0.4111328125
0.2421875
0.2265625
0.310546875
0.3037109375
0.357421875
0.28125
0.40234375
0.1474609375
0.291015625
0.111328125
0.3017578125
0.3154296875
0.244140625
0.2705078125
0.138671875
0.2646484375
0.2294921875
0.251953125
0.287109375
0.2412109375
0.2568359375
0.28125
0.2294921875
0.3203125
0.3310546875
0.4130859375
0.123046875
0.08203125
0.17578125
0.267578125
0.2470703125
0.2255859375
0.201171875
0.2333984375
0.126953125
0.2021484375
0.26171875
0.328125
0.376953125
0.103515625
0.2607421875
0.28125
0.1611328125
0.322265625
0.1513671875
0.2509765625
0.3037109375
0.2138671875
0.193359375
0.2314453125
0.1650390625
0.2109375
0.2236328125
0.3291015625
0.2333984375
0.2607421875
0.2568359375
0.3330078125
0.228515625
0.3447265625
0.35546875
0.1904296875
0.255859375
0.12890625
0.341796875
0.40234375
0.380859375
0.279296875
0.3232421875
0.2197265625
0.3125
0.1220703125
0.2685546875
0.2392578125
0.2939453125
0.490234375
0.3427734375
0.32421875
0.28125
0.212890625
0.2431640625
0.2412109375
0.126953125
0.2587890625
0.1845703125
0.248046875
0.216796875
0.3134765625
0.1796875
0.244140625
0.2041015625
0.20703125
0.130859375
0.3095703125
0.3798828125
0.1982421875
0.2890625
0.27734375
0.1640625
0.3427734375
0.2587890625
0.22265625
0.314453125
0.3173828125
0.20703125
0.4716796875
0.365234375
0.2451171875
0.197265625
0.185546875
0.1728515625
0.30078125
0.2666015625
0.1962890625
0.322265625
0.1650390625
0.1787109375
0.2958984375
0.2802734375
0.2451171875
0.2939453125
0.41015625
0.302734375
0.20703125
0.271484375
0.2041015625
0.2119140625
0.1142578125
0.2421875
0.2392578125
0.3486328125
0.2958984375
0.212890625
0.2880859375
0.212890625
0.3994140625
0.341796875
0.2431640625
0.1513671875
0.2646484375
0.2412109375
0.1337890625
0.123046875
0.283203125
0.1298828125
0.380859375
0.169921875
0.2041015625
0.31640625
0.298828125
0.3232421875
0.275390625
0.322265625
0.13671875
0.2744140625
0.28125
0.1943359375
0.37109375
0.3427734375
0.1806640625
0.2890625
0.1982421875
0.25390625
0.091796875
0.162109375
0.3681640625
0.3134765625
0.2724609375
0.2490234375
0.365234375
0.201171875
0.16796875
0.3017578125
0.166015625
0.34375
0.310546875
0.107421875
0.17578125
0.359375
0.21484375
0.3212890625
0.326171875
0.2529296875
0.279296875
0.251953125
0.1923828125
0.37109375
0.349609375
0.2998046875
0.3310546875
0.275390625
0.3212890625
0.23828125
0.2900390625
0.2705078125
0.369140625
0.189453125
0.302734375
0.314453125
0.212890625
0.2138671875
0.3525390625
0.3115234375
0.2314453125
0.267578125
0.2822265625
0.1044921875
0.30078125
0.177734375
0.287109375
0.36328125
0.298828125
0.14453125
0.2021484375
0.19140625
0.2822265625
0.251953125
0.185546875
0.2451171875
0.2578125
0.36328125
0.3427734375
0.115234375
0.2421875
0.3046875
0.3994140625
0.1025390625
0.3466796875
0.267578125
0.203125
0.3544921875
0.3359375
0.2392578125
0.3515625
0.3662109375
0.21875
0.2158203125
0.24609375
0.3388671875
0.189453125
0.3212890625
0.3193359375
0.3037109375
0.4150390625
0.103515625
0.22265625
0.1259765625
0.244140625
0.2021484375
0.15234375
0.333984375
0.1240234375
0.17578125
0.150390625
0.3359375
0.3056640625
0.1220703125
0.3203125
0.212890625
0.228515625
0.1240234375
0.0849609375
0.4208984375
0.330078125
0.283203125
0.25
0.2158203125
