2.7333984375
2.7333984375
2.7333984375
2.7333984375
2.654296875
2.6533203125
2.7744140625
2.5322265625
2.9345703125
2.294921875
2.8603515625
2.4404296875
3.2080078125
2.67578125
2.2421875
2.3037109375
2.537109375
2.486328125
2.2294921875
2.3916015625
2.7490234375
3.0654296875
2.41796875
2.4228515625
2.2041015625
2.716796875
2.39453125
2.8798828125
2.7353515625
2.5615234375
2.646484375
2.7080078125
2.197265625
2.7998046875
2.25390625
2.5791015625
2.62109375
2.6904296875
3.0322265625
2.2783203125
2.369140625
3.271484375
2.12890625
2.646484375
2.6416015625
2.666015625
2.416015625
3.265625
2.8564453125
2.43359375
2.9912109375
2.4638671875
2.7001953125
2.71875
2.7021484375
2.685546875
2.9423828125
2.7265625
2.2744140625
3.115234375
2.6953125
2.529296875
2.45703125
2.7255859375
2.626953125
2.9013671875
2.6865234375
2.87890625
3.0029296875
2.6982421875
2.9375
2.7685546875
2.0791015625
3.0673828125
2.3583984375
2.6484375
2.447265625
2.48828125
3.0224609375
2.8671875
3.0283203125
2.19140625
2.5341796875
2.5478515625
2.3134765625
2.1767578125
2.640625
3.146484375
2.880859375
2.7939453125
2.353515625
2.71875
2.580078125
2.767578125
3.0654296875
2.8701171875
2.76171875
2.5361328125
2.3193359375
2.744140625
2.865234375
2.53515625
2.9208984375
2.6162109375
1.9833984375
2.96875
2.8017578125
2.47265625
2.609375
2.681640625
2.8525390625
2.224609375
2.7109375
2.921875
2.71875
2.669921875
2.65625
2.576171875
2.619140625
2.6689453125
3.0205078125
2.7841796875
2.845703125
2.7255859375
2.314453125
2.7978515625
2.748046875
2.6796875
2.2724609375
2.603515625
2.689453125
2.5126953125
2.7724609375
2.798828125
2.24609375
2.9248046875
3.005859375
2.927734375
2.3564453125
2.3349609375
2.57421875
2.5693359375
2.6328125
2.9189453125
3.0615234375
2.794921875
2.7529296875
2.615234375
2.49609375
2.7626953125
2.4677734375
2.505859375
2.1640625
2.4345703125
2.72265625
2.78125
2.6494140625
2.8662109375
2.3125
2.8759765625
2.771484375
2.61328125
2.5048828125
2.8662109375
2.65625
2.7392578125
2.427734375
2.9443359375
2.396484375
2.7021484375
2.6533203125
3.0947265625
3.19140625
2.8125
2.87890625
2.947265625
2.9150390625
2.9140625
2.6826171875
2.84765625
2.982421875
2.7216796875
2.818359375
2.3505859375
2.552734375
2.2373046875
2.3642578125
2.6005859375
2.3701171875
3.123046875
2.5126953125
2.537109375
2.939453125
3.052734375
2.345703125
2.4609375
2.4609375
3.0380859375
2.6376953125
2.6240234375
2.8056640625
2.5859375
2.46484375
2.82421875
2.5263671875
2.333984375
2.232421875
2.6279296875
2.390625
2.8779296875
2.912109375
2.6357421875
2.6533203125
2.564453125
2.86328125
2.9599609375
2.50390625
2.6220703125
2.1328125
2.7021484375
2.7353515625
2.09375
2.5244140625
2.5625
2.9501953125
2.5283203125
2.8544921875
2.408203125
2.72265625
2.802734375
2.1943359375
2.4404296875
2.11328125
2.7783203125
2.591796875
2.4794921875
2.66796875
2.3662109375
3.0146484375
2.1708984375
2.6611328125
2.8740234375
2.5146484375
3.03125
2.490234375
2.841796875
2.77734375
2.6669921875
2.802734375
2.5185546875
2.841796875
2.8154296875
2.998046875
2.677734375
3.0830078125
2.775390625
2.66015625
2.7724609375
3.0966796875
2.29296875
2.8837890625
2.541015625
2.25
2.505859375
2.3583984375
2.9189453125
2.8818359375
2.998046875
2.6337890625
2.5341796875
2.927734375
2.6708984375
2.59375
2.7509765625
2.6689453125
2.7841796875
2.43359375
2.884765625
2.4267578125
2.6298828125
2.767578125
2.896484375
2.66796875
1.9912109375
2.55859375
2.4443359375
2.66015625
2.41796875
2.9296875
2.8583984375
2.826171875
2.634765625
3.248046875
2.974609375
2.125
3.064453125
2.8046875
2.59375
2.6259765625
2.515625
2.7119140625
3.044921875
2.83203125
2.6416015625
2.462890625
2.6025390625
2.1279296875
2.810546875
2.67578125
2.6142578125
2.2333984375
2.4482421875
2.572265625
2.75
2.841796875
2.48046875
2.7119140625
2.83984375
3.4228515625
2.4140625
2.8642578125
2.982421875
2.7587890625
2.587890625
2.6123046875
2.486328125
2.39453125
2.544921875
2.9892578125
3.025390625
2.7236328125
2.9521484375
2.60546875
2.62890625
2.7431640625
2.455078125
2.6884765625
2.162109375
2.5302734375
3.04296875
2.7490234375
2.5693359375
2.5556640625
2.220703125
2.6845703125
3.181640625
2.8984375
2.8271484375
2.6357421875
2.2802734375
3.169921875
2.84375
3.0126953125
2.9345703125
2.28125
2.6474609375
2.939453125
2.6748046875
2.87890625
2.662109375
2.564453125
2.7880859375
2.8662109375
2.654296875
2.49609375
3.1279296875
2.72265625
2.244140625
2.40625
2.2978515625
2.5966796875
2.6552734375
2.5869140625
2.6953125
2.7236328125
2.78125
2.412109375
2.8916015625
2.61328125
2.0244140625
2.4853515625
2.5302734375
2.765625
2.7802734375
2.740234375
2.275390625
2.3349609375
2.4482421875
2.44140625
2.5673828125
2.57421875
2.78125
2.8388671875
2.4501953125
2.7841796875
2.5439453125
2.9794921875
2.5546875
2.8037109375
2.685546875
2.09765625
2.9921875
2.17578125
2.5
2.556640625
2.7412109375
2.95703125
2.40234375
1.9931640625
3.072265625
2.7373046875
2.4609375
2.759765625
2.7236328125
2.9189453125
3.0380859375
2.5908203125
2.671875
2.208984375
2.8798828125
2.501953125
2.5673828125
2.3310546875
2.8193359375
2.5390625
2.3203125
3.0283203125
2.5283203125
2.3876953125
3.0732421875
2.767578125
2.9453125
2.44140625
2.5068359375
2.7529296875
2.666015625
2.552734375
2.2548828125
2.8349609375
2.8203125
2.6181640625
2.6953125
2.498046875
2.7578125
2.83203125
2.8251953125
2.6044921875
2.833984375
2.4560546875
2.5517578125
3.09375
1.955078125
2.513671875
2.486328125
2.7958984375
3.1396484375
2.6767578125
2.908203125
3.06640625
2.6611328125
2.603515625
2.5380859375
2.53515625
2.6982421875
2.7265625
2.537109375
2.5595703125
2.8486328125
2.474609375
2.8466796875
2.59765625
2.34765625
2.83203125
2.1845703125
2.6640625
2.5849609375
3.1748046875
2.9267578125
2.6181640625
2.46875
3.02734375
2.88671875
2.6865234375
2.109375
3.0234375
2.7490234375
2.2080078125
2.94921875
2.4873046875
2.35546875
2.1005859375
2.634765625
2.5771484375
2.998046875
2.580078125
3.0830078125
2.4033203125
2.658203125
2.6552734375
3.2607421875
2.826171875
2.296875
2.9658203125
2.609375
2.7490234375
2.39453125
3.1865234375
2.890625
2.498046875
2.9306640625
2.7255859375
2.064453125
2.5302734375
2.482421875
2.5693359375
2.8515625
2.494140625
2.0869140625
2.5546875
2.8203125
2.640625
2.67578125
2.583984375
2.6923828125
2.583984375
2.34765625
3.056640625
2.1142578125
2.4599609375
2.693359375
2.7529296875
3.1484375
2.8671875
2.6904296875
2.31640625
2.8388671875
2.9599609375
2.54296875
2.1796875
2.9052734375
2.5986328125
2.677734375
2.0244140625
2.47265625
2.4150390625
2.876953125
2.4404296875
2.75390625
2.6318359375
2.529296875
2.2919921875
2.60546875
2.646484375
3.005859375
2.95703125
2.59375
3.130859375
2.6611328125
2.8115234375
2.3662109375
2.466796875
2.5166015625
3.08984375
2.650390625
2.0791015625
2.6982421875
2.0615234375
2.5546875
2.7138671875
2.505859375
2.67578125
2.7802734375
2.6826171875
2.578125
2.8125
2.5546875
3.0458984375
2.865234375
2.7939453125
2.9990234375
2.7529296875
2.6552734375
2.7978515625
2.5380859375
2.583984375
2.4775390625
2.806640625
2.48046875
1.974609375
2.7568359375
2.6337890625
3.01171875
2.9814453125
2.443359375
2.9560546875
2.6748046875
2.4580078125
3.06640625
2.95703125
2.0380859375
2.787109375
2.40234375
2.087890625
2.63671875
2.8896484375
2.6259765625
2.458984375
2.5732421875
3.03125
2.55078125
3.1552734375
2.7265625
2.60546875
2.3349609375
2.8828125
2.3974609375
2.48046875
2.6318359375
2.701171875
2.39453125
2.826171875
2.7158203125
2.7734375
2.861328125
2.9267578125
2.736328125
2.7607421875
2.658203125
2.3642578125
2.5029296875
3.248046875
2.8427734375
2.8466796875
2.8564453125
2.3017578125
2.603515625
2.41796875
2.3955078125
2.591796875
2.171875
2.1240234375
2.4765625
2.142578125
2.5390625
2.892578125
2.6982421875
2.2685546875
2.9072265625
2.341796875
2.5751953125
2.7138671875
2.37109375
2.5439453125
2.8759765625
2.919921875
2.638671875
3.0380859375
2.7861328125
2.994140625
2.7568359375
2.23046875
2.765625
2.7646484375
2.580078125
2.771484375
2.0732421875
2.5830078125
2.9814453125
2.876953125
2.544921875
2.9443359375
2.373046875
2.3046875
2.4736328125
2.390625
2.3076171875
2.208984375
2.9951171875
2.4111328125
2.806640625
2.810546875
2.59375
1.9580078125
2.455078125
2.49609375
2.810546875
3.439453125
2.6611328125
2.9658203125
2.3408203125
2.7265625
2.419921875
2.9697265625
2.708984375
2.529296875
2.412109375
2.4404296875
3.134765625
2.4658203125
2.7099609375
2.42578125
2.572265625
2.240234375
2.2255859375
2.763671875
2.9931640625
2.4765625
2.302734375
2.5078125
2.533203125
2.466796875
2.6318359375
2.146484375
2.6484375
2.6259765625
2.8466796875
2.94921875
2.8056640625
2.6767578125
2.365234375
2.4501953125
2.5712890625
2.5732421875
2.5556640625
2.6748046875
2.8427734375
3.06640625
2.9931640625
2.9755859375
3.0263671875
2.6591796875
2.509765625
2.5439453125
2.7978515625
2.947265625
2.6220703125
2.673828125
2.271484375
2.337890625
2.7197265625
2.2314453125
2.86328125
2.5107421875
2.0869140625
2.71875
2.734375
2.4033203125
2.43359375
2.8642578125
2.6142578125
2.513671875
2.4697265625
2.5517578125
2.7626953125
2.732421875
3.490234375
2.572265625
2.763671875
2.875
3.0673828125
2.3095703125
2.6708984375
3.1884765625
2.689453125
2.3056640625
2.923828125
2.525390625
2.8232421875
2.8798828125
2.2890625
2.7041015625
2.9560546875
2.865234375
2.83984375
2.8408203125
2.4208984375
2.8154296875
2.3291015625
2.74609375
2.8720703125
2.4736328125
2.919921875
2.72265625
3.1533203125
2.86328125
3.015625
2.54296875
2.1982421875
2.6943359375
2.90234375
2.716796875
2.7236328125
2.1826171875
2.3505859375
2.32421875
2.708984375
2.6474609375
2.6396484375
3.3896484375
2.2119140625
2.3583984375
2.7890625
2.9423828125
2.423828125
2.78125
2.5703125
2.822265625
2.8408203125
3.0244140625
2.5205078125
2.4169921875
2.5283203125
2.609375
2.5048828125
2.6884765625
2.89453125
2.779296875
2.8330078125
3.0263671875
2.3349609375
3.0791015625
2.869140625
2.697265625
3.072265625
2.615234375
2.76171875
2.208984375
2.85546875
2.8466796875
2.564453125
2.677734375
2.6328125
2.3837890625
2.8671875
2.498046875
2.291015625
2.4794921875
2.521484375
2.44140625
2.6611328125
3.10546875
2.5859375
2.814453125
2.4892578125
2.7236328125
2.8505859375
2.7880859375
2.8359375
2.5546875
2.703125
2.5654296875
2.5224609375
2.8251953125
2.2470703125
2.34765625
2.126953125
2.6552734375
3.1220703125
2.68359375
2.5341796875
2.5087890625
2.2021484375
2.642578125
2.5419921875
2.470703125
2.84375
2.4970703125
2.5302734375
2.791015625
2.4541015625
2.58984375
2.4453125
2.765625
