2.3662109375
2.3662109375
2.3662109375
2.3662109375
2.1796875
2.208984375
2.3896484375
2.078125
2.5224609375
1.9365234375
2.5693359375
2.0419921875
2.7421875
2.328125
1.8056640625
1.908203125
2.205078125
2.08203125
1.9619140625
2.0126953125
2.2236328125
2.5390625
1.96484375
1.9541015625
1.798828125
2.3330078125
1.998046875
2.474609375
2.2841796875
2.15234375
2.142578125
2.189453125
1.9873046875
2.3505859375
1.9990234375
2.1240234375
2.1435546875
2.30859375
2.701171875
1.9345703125
2.056640625
2.7109375
1.75390625
2.255859375
2.1806640625
2.201171875
2.0576171875
2.869140625
2.54296875
2.142578125
2.4150390625
2.158203125
2.3095703125
2.3486328125
2.4013671875
2.4013671875
2.462890625
2.22265625
1.935546875
2.6103515625
2.2919921875
2.2080078125
2.0693359375
2.294921875
2.2607421875
2.498046875
2.333984375
2.3681640625
2.63671875
2.2763671875
2.4833984375
2.357421875
1.6875
2.4912109375
1.927734375
2.15625
2.1689453125
2.1142578125
2.529296875
2.4189453125
2.580078125
1.876953125
2.099609375
2.2177734375
1.9560546875
1.73046875
2.1474609375
2.7822265625
2.443359375
2.4775390625
1.9248046875
2.375
2.1943359375
2.427734375
2.662109375
2.431640625
2.412109375
2.1748046875
1.8818359375
2.349609375
2.48828125
2.0908203125
2.3798828125
2.208984375
1.564453125
2.455078125
2.6318359375
2.15625
2.275390625
2.27734375
2.4013671875
1.79296875
2.2138671875
2.451171875
2.390625
2.27734375
2.0986328125
2.2509765625
2.162109375
2.2109375
2.51171875
2.3203125
2.5
2.1552734375
2.0244140625
2.37109375
2.2568359375
2.189453125
2.0146484375
2.0849609375
2.2548828125
2.1357421875
2.333984375
2.3017578125
1.88671875
2.4326171875
2.5302734375
2.5556640625
1.826171875
2.1240234375
2.1640625
2.201171875
2.30078125
2.4892578125
2.6640625
2.453125
2.3193359375
2.2255859375
2.1064453125
2.4248046875
2.0693359375
2.0107421875
1.7412109375
1.9453125
2.2607421875
2.2919921875
2.173828125
2.4326171875
1.90625
2.4755859375
2.3896484375
2.1005859375
2.1689453125
2.453125
2.263671875
2.4501953125
1.966796875
2.4794921875
1.966796875
2.185546875
2.2568359375
2.76953125
2.73828125
2.5009765625
2.5927734375
2.37890625
2.3720703125
2.5263671875
2.23046875
2.390625
2.50390625
2.2890625
2.3388671875
2.0703125
2.130859375
1.9052734375
2.150390625
2.2685546875
2.09765625
2.7734375
2.1748046875
2.08984375
2.4853515625
2.544921875
1.9169921875
1.994140625
2.201171875
2.603515625
2.2705078125
2.2392578125
2.45703125
2.197265625
2.00390625
2.4453125
2.1181640625
1.8701171875
1.75390625
2.28515625
1.9462890625
2.439453125
2.40625
2.2880859375
2.2685546875
2.197265625
2.5068359375
2.5126953125
2.0966796875
2.19921875
1.666015625
2.388671875
2.3544921875
1.7919921875
2.0888671875
2.21875
2.4482421875
2.1025390625
2.3203125
1.9658203125
2.28515625
2.388671875
1.98046875
2.0869140625
1.6298828125
2.2548828125
2.3671875
2.0087890625
2.154296875
2.0517578125
2.5966796875
1.810546875
2.1552734375
2.408203125
2.1689453125
2.548828125
2.208984375
2.6025390625
2.4443359375
2.36328125
2.3212890625
2.208984375
2.296875
2.4453125
2.6494140625
2.240234375
2.72265625
2.3515625
2.16015625
2.388671875
2.609375
2.029296875
2.578125
2.1171875
1.8623046875
2.1982421875
2.0087890625
2.349609375
2.3330078125
2.509765625
2.2041015625
2.158203125
2.4326171875
2.2958984375
2.0654296875
2.220703125
2.2451171875
2.443359375
2.04296875
2.4912109375
2.1064453125
2.1494140625
2.291015625
2.4208984375
2.2734375
1.6044921875
2.1298828125
2.04296875
2.337890625
2.1513671875
2.615234375
2.5380859375
2.47265625
2.138671875
2.9267578125
2.4609375
1.759765625
2.5771484375
2.388671875
2.208984375
2.212890625
2.1357421875
2.3486328125
2.654296875
2.4052734375
2.2333984375
2.1591796875
2.1953125
1.7939453125
2.40625
2.376953125
2.224609375
1.90234375
2.1923828125
2.2099609375
2.4189453125
2.4423828125
2.1748046875
2.1904296875
2.4462890625
2.7578125
2.056640625
2.50390625
2.4326171875
2.30859375
2.224609375
2.3671875
2.140625
2.009765625
2.271484375
2.4267578125
2.6591796875
2.279296875
2.513671875
2.1982421875
2.1416015625
2.3466796875
2.1728515625
2.294921875
1.849609375
2.142578125
2.4404296875
2.1787109375
2.23046875
2.197265625
1.908203125
2.259765625
2.6708984375
2.412109375
2.505859375
2.22265625
2.0322265625
2.7822265625
2.51171875
2.67578125
2.6015625
1.88671875
2.2197265625
2.5234375
2.341796875
2.4609375
2.2861328125
2.2548828125
2.4501953125
2.5458984375
2.4833984375
2.146484375
2.5693359375
2.3076171875
1.884765625
1.9892578125
1.8876953125
2.259765625
2.25390625
2.1591796875
2.35546875
2.322265625
2.330078125
1.9326171875
2.376953125
2.1298828125
1.7265625
2.0830078125
2.0517578125
2.232421875
2.32421875
2.3671875
1.919921875
1.95703125
1.966796875
2.169921875
2.0966796875
2.2998046875
2.34765625
2.53515625
2.0615234375
2.3154296875
2.21484375
2.505859375
2.130859375
2.3857421875
2.3173828125
1.7353515625
2.5634765625
1.8017578125
2.119140625
2.166015625
2.3671875
2.51171875
2.05859375
1.5927734375
2.6337890625
2.29296875
2.0791015625
2.3818359375
2.41015625
2.4267578125
2.537109375
2.279296875
2.1982421875
1.7900390625
2.4501953125
2.228515625
2.2421875
2.087890625
2.4697265625
2.193359375
2.0146484375
2.6162109375
2.15625
2.0859375
2.7080078125
2.337890625
2.4453125
2.109375
2.099609375
2.376953125
2.18359375
2.380859375
1.9765625
2.455078125
2.373046875
2.2978515625
2.31640625
2.0634765625
2.404296875
2.4150390625
2.3984375
2.271484375
2.388671875
2.1328125
2.1357421875
2.6630859375
1.6142578125
1.978515625
2.15234375
2.2724609375
2.71484375
2.3408203125
2.39453125
2.4873046875
2.2685546875
2.3525390625
2.1591796875
2.216796875
2.2099609375
2.2578125
2.0390625
2.177734375
2.357421875
2.1787109375
2.388671875
2.15625
1.9814453125
2.3798828125
1.8125
2.4140625
2.12890625
2.6923828125
2.3818359375
2.1064453125
2.056640625
2.6552734375
2.5458984375
2.2607421875
1.775390625
2.623046875
2.2685546875
1.7685546875
2.5263671875
2.1005859375
1.9365234375
1.8115234375
2.0859375
2.109375
2.39453125
2.3447265625
2.6552734375
2.0234375
2.1640625
2.287109375
2.8671875
2.31640625
1.9130859375
2.5458984375
2.2509765625
2.322265625
1.98046875
2.6943359375
2.5068359375
1.9970703125
2.5234375
2.220703125
1.7099609375
2.126953125
2.126953125
2.0927734375
2.5673828125
2.24609375
1.7783203125
2.064453125
2.3671875
2.23828125
2.21875
2.2470703125
2.2392578125
2.244140625
1.943359375
2.6865234375
1.65625
1.94921875
2.400390625
2.310546875
2.6767578125
2.421875
2.259765625
1.85546875
2.3642578125
2.58203125
2.0224609375
1.849609375
2.4248046875
2.2080078125
2.296875
1.767578125
2.0224609375
1.865234375
2.4052734375
2.02734375
2.3154296875
2.2744140625
2.158203125
1.8623046875
2.2294921875
2.3046875
2.5400390625
2.4052734375
2.16796875
2.62109375
2.2880859375
2.369140625
1.96875
2.11328125
2.1630859375
2.6123046875
2.1552734375
1.7841796875
2.421875
1.7177734375
2.189453125
2.3623046875
2.0947265625
2.267578125
2.2548828125
2.232421875
2.37109375
2.3232421875
2.16796875
2.5166015625
2.45703125
2.353515625
2.5927734375
2.3369140625
2.283203125
2.3603515625
2.2666015625
2.14453125
2.1728515625
2.3232421875
2.0859375
1.6953125
2.3662109375
2.21484375
2.62109375
2.4140625
2.06640625
2.57421875
2.3681640625
2.154296875
2.677734375
2.482421875
1.6494140625
2.28515625
2.1015625
1.7470703125
2.251953125
2.431640625
2.3349609375
2.005859375
2.2998046875
2.56640625
2.189453125
2.7041015625
2.341796875
2.2744140625
1.9267578125
2.4345703125
2.01953125
2.1123046875
2.2978515625
2.337890625
2.0087890625
2.2666015625
2.2646484375
2.3046875
2.47265625
2.4970703125
2.3251953125
2.376953125
2.1416015625
2.1015625
2.095703125
2.7939453125
2.56640625
2.40234375
2.376953125
2.03125
2.0517578125
2.076171875
2.00390625
2.1806640625
1.791015625
1.7705078125
2.23828125
1.890625
2.314453125
2.435546875
2.2275390625
1.875
2.515625
2.0048828125
2.1572265625
2.41015625
1.9404296875
2.2490234375
2.359375
2.62109375
2.3310546875
2.544921875
2.3251953125
2.4931640625
2.265625
1.7890625
2.3271484375
2.3505859375
2.1416015625
2.3603515625
1.7294921875
2.0751953125
2.5380859375
2.5224609375
2.265625
2.494140625
1.9716796875
1.9873046875
2.083984375
2.0849609375
1.9697265625
1.8681640625
2.5625
2.1064453125
2.39453125
2.5302734375
2.138671875
1.705078125
2.0751953125
2.0380859375
2.46484375
2.9072265625
2.22265625
2.58203125
1.9658203125
2.271484375
2.0615234375
2.5576171875
2.3798828125
2.123046875
1.9697265625
2.0498046875
2.673828125
2.0068359375
2.3330078125
2.19140625
2.1416015625
1.9736328125
1.896484375
2.423828125
2.6005859375
2.146484375
1.8896484375
2.0234375
2.060546875
2.095703125
2.1044921875
1.720703125
2.138671875
2.2841796875
2.306640625
2.314453125
2.251953125
2.2978515625
2.0595703125
2.021484375
2.19921875
2.0732421875
2.1962890625
2.2861328125
2.5859375
2.5556640625
2.4130859375
2.4775390625
2.6025390625
2.1962890625
2.1181640625
2.0830078125
2.4453125
2.638671875
2.1748046875
2.212890625
1.8671875
1.875
2.2373046875
1.8740234375
2.44140625
2.1318359375
1.7490234375
2.2744140625
2.2451171875
2.0166015625
1.9814453125
2.54296875
2.2041015625
2.1943359375
2.1328125
2.1953125
2.52734375
2.271484375
3.10546875
2.1376953125
2.26171875
2.43359375
2.6982421875
1.798828125
2.4033203125
2.646484375
2.2626953125
1.966796875
2.4404296875
2.1025390625
2.4755859375
2.3759765625
1.8564453125
2.353515625
2.6533203125
2.4560546875
2.5078125
2.271484375
2.0224609375
2.384765625
1.9892578125
2.3349609375
2.41796875
2.1162109375
2.5224609375
2.3525390625
2.5478515625
2.443359375
2.462890625
2.24609375
1.923828125
2.33984375
2.4853515625
2.42578125
2.453125
1.79296875
1.931640625
1.8720703125
2.2568359375
2.1611328125
2.1787109375
2.7958984375
1.91015625
2.001953125
2.2666015625
2.5244140625
2.0693359375
2.375
2.0791015625
2.4111328125
2.408203125
2.5634765625
2.1796875
1.9931640625
2.0986328125
2.21875
2.0478515625
2.3681640625
2.5068359375
2.501953125
2.3046875
2.63671875
1.884765625
2.5087890625
2.5537109375
2.3544921875
2.6875
2.2666015625
2.3916015625
1.77734375
2.498046875
2.5048828125
2.1748046875
2.2373046875
2.2802734375
2.12890625
2.462890625
2.1484375
1.896484375
2.1533203125
2.107421875
2.05859375
2.298828125
2.546875
2.24609375
2.453125
2.0927734375
2.2705078125
2.28515625
2.349609375
2.4443359375
2.123046875
2.279296875
2.1494140625
2.212890625
2.380859375
1.84765625
1.7705078125
1.828125
2.1875
2.607421875
2.2333984375
2.1845703125
2.01953125
1.904296875
2.19140625
2.0322265625
2.0009765625
2.3212890625
1.994140625
2.259765625
2.3671875
2.10546875
2.169921875
2.1484375
2.3486328125
