2.009765625
2.009765625
2.009765625
2.009765625
2.009765625
2.009765625
2.1943359375
1.6396484375
1.990234375
1.9765625
2.0732421875
1.880859375
2.0908203125
1.8515625
1.8818359375
2.0068359375
1.791015625
2.1552734375
1.591796875
2.0537109375
2.201171875
1.576171875
1.91796875
1.875
2.1357421875
1.4716796875
1.91015625
1.9755859375
1.8603515625
1.8681640625
2.0302734375
2.00390625
1.9619140625
1.615234375
2.1591796875
2.2841796875
2.130859375
1.669921875
2.150390625
1.4677734375
1.6982421875
1.962890625
1.8232421875
2.095703125
2.2685546875
2.197265625
1.7587890625
1.5009765625
1.671875
1.91796875
1.939453125
1.90625
2.1875
1.58203125
2.052734375
2.0625
2.056640625
1.822265625
2.0478515625
1.900390625
1.853515625
1.5947265625
1.8076171875
1.8203125
2.005859375
1.8623046875
1.6123046875
1.931640625
1.9951171875
1.7529296875
1.8046875
1.865234375
2.1015625
2.103515625
1.8447265625
1.93359375
1.9912109375
1.7900390625
1.7236328125
2.203125
1.845703125
2.3369140625
2.078125
1.619140625
1.427734375
1.841796875
1.9755859375
2.033203125
1.1669921875
1.55078125
1.712890625
2.109375
1.630859375
1.9423828125
1.748046875
1.89453125
1.9931640625
1.6328125
1.9619140625
1.939453125
2.1953125
2.1611328125
2.0224609375
1.443359375
2.1689453125
2.029296875
1.958984375
2.005859375
1.4833984375
1.4296875
2.0283203125
1.7255859375
2.1630859375
1.9560546875
1.9365234375
1.9052734375
2.380859375
1.9619140625
2.259765625
1.587890625
1.8466796875
2.0537109375
1.6240234375
2.0673828125
2.0546875
1.876953125
2.0908203125
1.92578125
2.16796875
2.02734375
1.708984375
2.0419921875
1.7197265625
1.6123046875
1.4150390625
1.861328125
1.884765625
1.9970703125
1.59765625
1.5576171875
1.80859375
2.0556640625
1.8662109375
1.931640625
1.9912109375
1.7451171875
1.66796875
1.91015625
1.736328125
2.0927734375
2.2021484375
2.2685546875
1.6708984375
1.9716796875
1.9013671875
1.66015625
1.7861328125
2.130859375
1.537109375
1.9189453125
1.9091796875
1.7587890625
1.89453125
1.4892578125
1.8056640625
1.5859375
1.75390625
2.2294921875
1.791015625
1.583984375
1.814453125
1.306640625
1.3740234375
1.9619140625
1.529296875
1.6396484375
1.7509765625
2.189453125
2.025390625
1.7294921875
2.0029296875
1.533203125
1.9833984375
1.78125
1.98046875
1.9287109375
1.6220703125
1.9375
2.0244140625
2.025390625
1.537109375
1.9951171875
2.1025390625
2.037109375
1.4794921875
1.8623046875
2.3359375
1.9833984375
1.501953125
1.537109375
1.9521484375
1.873046875
1.966796875
2.0517578125
2.2841796875
2.056640625
1.9765625
2.01171875
1.62109375
2.150390625
1.984375
1.7451171875
1.966796875
1.8857421875
1.884765625
2.1064453125
1.84765625
1.0791015625
1.927734375
1.552734375
1.7587890625
1.978515625
1.955078125
1.853515625
1.9951171875
1.9609375
1.5478515625
1.8330078125
1.6337890625
1.7041015625
1.2109375
1.66015625
1.8330078125
1.9501953125
2.0185546875
2.140625
2.193359375
1.671875
2.0439453125
1.513671875
1.9052734375
1.95703125
2.017578125
1.8798828125
1.93359375
1.875
1.7666015625
2.0576171875
1.861328125
1.9404296875
1.740234375
1.6884765625
2.134765625
2.2705078125
2.0849609375
1.953125
2.1171875
1.75390625
1.408203125
2.197265625
1.8212890625
2.177734375
1.7822265625
1.9521484375
2.0
2.2119140625
1.8173828125
1.69921875
1.630859375
2.134765625
1.845703125
1.630859375
2.0146484375
1.4853515625
2.01171875
1.865234375
1.8291015625
2.1669921875
1.69921875
2.2734375
1.6748046875
1.8779296875
1.578125
1.8310546875
1.44140625
1.7880859375
2.1787109375
1.7822265625
2.103515625
1.6396484375
1.8095703125
1.833984375
2.1845703125
1.8349609375
2.3359375
1.9033203125
1.8798828125
1.64453125
2.0537109375
1.931640625
1.693359375
1.58203125
1.904296875
1.375
1.671875
1.548828125
1.923828125
1.380859375
1.8876953125
1.86328125
1.93359375
1.6474609375
1.611328125
1.83203125
2.080078125
1.6923828125
1.7666015625
1.97265625
1.7548828125
2.052734375
1.7421875
1.779296875
1.8291015625
2.03125
1.6376953125
2.013671875
1.6806640625
2.142578125
2.216796875
1.5849609375
1.84375
1.951171875
1.705078125
1.8662109375
1.71484375
1.7587890625
2.140625
2.2724609375
1.9873046875
1.7470703125
1.607421875
1.9150390625
1.5244140625
1.8291015625
2.1748046875
1.833984375
2.240234375
1.8974609375
2.1298828125
1.775390625
1.736328125
1.2763671875
2.126953125
1.486328125
1.8310546875
2.125
2.19921875
1.8056640625
1.927734375
1.474609375
1.98828125
2.0830078125
1.8466796875
1.9267578125
2.05078125
1.681640625
1.7119140625
1.814453125
2.083984375
1.6279296875
1.984375
2.4697265625
1.4345703125
1.6650390625
1.7470703125
1.82421875
2.2412109375
1.6728515625
1.6591796875
1.900390625
2.2880859375
2.0537109375
1.759765625
1.740234375
2.265625
2.0
1.91015625
2.05859375
1.9482421875
1.8974609375
1.7509765625
1.8984375
2.046875
1.5908203125
2.111328125
1.974609375
1.83203125
2.0771484375
1.333984375
2.029296875
2.0029296875
1.818359375
1.91015625
1.775390625
1.353515625
1.734375
1.8759765625
1.673828125
1.7568359375
1.94140625
1.8798828125
1.619140625
1.814453125
1.3701171875
1.7548828125
1.8193359375
2.0078125
1.5078125
2.1259765625
1.8818359375
2.158203125
2.1044921875
1.7900390625
1.6669921875
2.515625
2.009765625
1.6064453125
1.453125
1.7578125
2.16015625
1.734375
2.2353515625
1.9052734375
1.8515625
1.5029296875
2.1376953125
2.1474609375
2.302734375
1.9697265625
1.8251953125
1.81640625
1.650390625
2.1328125
1.7451171875
1.5419921875
1.6513671875
2.2578125
1.96875
1.9384765625
1.587890625
1.6904296875
1.8857421875
1.900390625
2.025390625
2.1611328125
2.0615234375
1.931640625
2.087890625
2.0546875
1.7001953125
1.9580078125
1.94921875
1.626953125
1.6875
1.4521484375
1.740234375
2.0244140625
2.2509765625
2.1455078125
1.5966796875
1.763671875
1.69140625
2.0517578125
1.587890625
2.04296875
2.3359375
1.8466796875
1.6728515625
1.4931640625
2.1826171875
1.98828125
2.1552734375
1.916015625
2.0966796875
1.353515625
1.599609375
1.623046875
1.8212890625
1.787109375
1.990234375
2.146484375
2.0166015625
1.7119140625
2.2216796875
1.947265625
1.8388671875
2.1904296875
1.6669921875
1.9072265625
2.05859375
1.216796875
1.1943359375
1.275390625
2.1220703125
2.0595703125
1.2822265625
1.9794921875
1.8662109375
1.58984375
1.900390625
1.7392578125
1.642578125
1.962890625
1.669921875
2.203125
1.8759765625
2.142578125
2.0302734375
2.2392578125
1.6318359375
1.625
2.2158203125
1.36328125
1.9033203125
1.4296875
1.998046875
2.0419921875
1.57421875
2.0595703125
2.009765625
1.9775390625
1.7890625
2.3125
2.169921875
1.9970703125
1.8203125
1.7607421875
2.07421875
2.279296875
1.3603515625
1.2392578125
1.3017578125
2.2470703125
1.89453125
1.83203125
1.767578125
2.080078125
1.6953125
1.9697265625
1.7119140625
2.3583984375
1.583984375
1.3125
2.2666015625
1.740234375
1.46875
1.8984375
1.71484375
2.3994140625
1.91796875
2.0224609375
1.6494140625
1.9873046875
1.8896484375
1.6484375
1.7158203125
1.4326171875
1.943359375
1.9541015625
2.1171875
2.017578125
2.080078125
1.8251953125
2.208984375
1.7421875
1.9169921875
1.7236328125
2.078125
1.9462890625
2.1416015625
2.0986328125
2.271484375
1.986328125
1.6611328125
1.53515625
2.25390625
2.078125
2.01171875
1.9384765625
1.9140625
1.900390625
1.935546875
2.0595703125
2.2021484375
2.119140625
1.689453125
1.8818359375
2.0810546875
2.3134765625
1.78515625
1.5029296875
1.669921875
1.98828125
2.228515625
1.708984375
1.853515625
1.892578125
1.9111328125
2.166015625
2.07421875
2.0
1.71875
1.9404296875
1.73828125
2.0712890625
2.0146484375
1.8779296875
1.9541015625
1.8359375
1.9111328125
1.8818359375
2.1455078125
1.810546875
1.5263671875
2.0927734375
1.8662109375
1.6767578125
1.8935546875
1.8251953125
1.58984375
2.060546875
1.8818359375
2.2138671875
2.0224609375
1.736328125
2.083984375
1.9921875
2.4267578125
1.8818359375
1.603515625
1.4287109375
1.9404296875
1.923828125
2.080078125
2.068359375
1.2431640625
2.0
2.228515625
1.6865234375
1.787109375
1.693359375
1.912109375
2.251953125
2.076171875
1.458984375
1.2392578125
2.0087890625
1.724609375
1.8759765625
2.087890625
2.0458984375
1.982421875
2.185546875
2.0029296875
2.1884765625
2.1982421875
1.6689453125
1.8115234375
2.1103515625
1.822265625
1.9931640625
1.908203125
1.646484375
1.7470703125
1.724609375
1.9970703125
1.5361328125
1.44921875
2.142578125
1.484375
2.08203125
2.140625
1.88671875
1.927734375
1.5185546875
2.259765625
1.7568359375
1.845703125
1.984375
1.2431640625
1.6962890625
1.9638671875
2.087890625
2.0556640625
1.6689453125
1.7861328125
2.173828125
1.94921875
1.830078125
1.900390625
1.8251953125
1.9794921875
1.890625
2.087890625
2.00390625
1.6494140625
1.7802734375
2.158203125
2.01953125
1.4677734375
1.7802734375
1.646484375
2.189453125
1.912109375
1.93359375
2.099609375
1.8427734375
2.0283203125
1.7451171875
1.8603515625
1.9345703125
1.7578125
2.1240234375
1.744140625
2.1533203125
1.740234375
1.8427734375
1.89453125
1.8203125
1.7001953125
1.4775390625
2.08203125
1.48046875
2.0673828125
2.0009765625
1.611328125
1.595703125
1.9541015625
1.7392578125
1.5224609375
2.068359375
1.4697265625
2.1943359375
2.0537109375
1.7890625
1.4970703125
1.8330078125
1.81640625
1.6533203125
2.3896484375
2.0927734375
1.69921875
2.001953125
1.3994140625
2.1171875
1.9775390625
1.748046875
1.4072265625
1.8603515625
1.73828125
2.5234375
1.775390625
1.5224609375
1.888671875
1.3408203125
1.7861328125
1.505859375
2.1376953125
2.0107421875
1.546875
2.3095703125
2.251953125
2.060546875
1.5439453125
1.2958984375
1.802734375
1.5498046875
1.66796875
1.6787109375
1.8056640625
