2.7333984375
2.7333984375
2.7333984375
2.7333984375
2.7333984375
2.6533203125
2.568359375
2.1611328125
2.9208984375
2.3310546875
2.78515625
2.63671875
2.4921875
2.771484375
2.392578125
2.787109375
2.767578125
2.52734375
2.705078125
2.7529296875
2.759765625
2.5859375
2.779296875
2.8671875
2.3076171875
2.5009765625
2.6142578125
2.6552734375
2.658203125
2.0810546875
2.1162109375
3.1123046875
2.8046875
2.4228515625
2.169921875
2.654296875
2.2958984375
2.3037109375
2.8359375
2.087890625
2.4736328125
3.09765625
2.642578125
3.3681640625
2.6708984375
2.244140625
2.693359375
2.94140625
2.7236328125
2.7333984375
2.361328125
2.2724609375
2.7802734375
3.013671875
2.58203125
2.49609375
2.25390625
2.408203125
2.435546875
2.533203125
2.4462890625
2.4541015625
3.1826171875
2.4658203125
2.3193359375
2.49609375
2.890625
2.7958984375
2.6279296875
2.646484375
2.9345703125
3.11328125
2.255859375
2.9052734375
1.826171875
2.6611328125
2.943359375
3.06640625
2.33984375
2.421875
3.1044921875
2.3994140625
2.400390625
2.2041015625
2.6728515625
2.87109375
2.708984375
2.859375
2.4013671875
2.46484375
2.400390625
2.7705078125
2.3349609375
2.654296875
2.5546875
2.7548828125
2.705078125
2.697265625
2.55859375
2.9580078125
2.7783203125
2.7744140625
2.5390625
2.763671875
2.888671875
2.28515625
2.681640625
2.056640625
2.953125
2.7119140625
2.431640625
2.5107421875
2.466796875
2.642578125
2.599609375
2.0498046875
2.62890625
2.4462890625
2.3251953125
3.12890625
3.04296875
3.2177734375
2.322265625
2.42578125
2.6630859375
2.3056640625
2.2919921875
2.4033203125
2.916015625
3.134765625
2.544921875
2.9150390625
2.6494140625
2.4970703125
2.875
2.8359375
2.2275390625
2.640625
2.9658203125
2.4228515625
2.7919921875
2.685546875
2.984375
2.435546875
2.89453125
2.5439453125
2.390625
2.939453125
2.80859375
2.935546875
3.001953125
2.6513671875
2.8173828125
2.4677734375
2.8603515625
2.85546875
2.8095703125
2.4140625
2.6826171875
2.693359375
2.728515625
2.2919921875
2.880859375
2.7783203125
2.4375
2.6953125
2.892578125
2.6240234375
2.640625
2.23046875
2.5048828125
2.5625
2.775390625
2.16796875
2.4462890625
2.7041015625
2.53515625
2.947265625
2.24609375
2.4072265625
2.5166015625
2.109375
2.9052734375
2.6591796875
2.9775390625
2.9931640625
2.169921875
2.58203125
2.59375
2.802734375
2.458984375
2.984375
2.19921875
2.9013671875
2.578125
2.498046875
2.21484375
2.375
2.0390625
2.587890625
2.921875
2.421875
2.115234375
2.5419921875
1.765625
2.642578125
2.9501953125
3.392578125
2.53515625
2.654296875
2.2373046875
2.7587890625
2.76171875
2.892578125
2.3544921875
3.2412109375
2.642578125
3.1103515625
2.626953125
3.0126953125
2.9736328125
2.4453125
2.80078125
2.4775390625
3.384765625
2.978515625
2.41796875
2.2451171875
2.7958984375
2.1220703125
2.150390625
2.7861328125
2.970703125
2.9765625
2.484375
2.552734375
2.5625
2.517578125
2.3447265625
2.546875
2.697265625
2.521484375
2.7822265625
2.28515625
2.8154296875
2.94140625
2.48046875
2.6083984375
2.412109375
2.3837890625
2.6181640625
2.7705078125
2.6162109375
2.9267578125
2.314453125
2.5341796875
2.3095703125
2.58203125
2.623046875
2.6103515625
2.3818359375
2.4873046875
2.267578125
2.572265625
2.623046875
2.2822265625
2.666015625
2.71875
2.7548828125
2.1484375
2.7470703125
2.4658203125
2.66015625
2.580078125
2.7333984375
2.3310546875
2.462890625
2.2314453125
2.9404296875
2.4228515625
2.6708984375
2.6787109375
2.994140625
2.7333984375
2.4208984375
2.60546875
2.67578125
2.9638671875
2.32421875
3.0439453125
2.6171875
2.818359375
2.7451171875
2.701171875
2.4296875
2.4072265625
2.8349609375
2.0947265625
2.7451171875
2.38671875
2.8466796875
2.7412109375
2.80859375
2.3564453125
2.677734375
3.2138671875
2.5244140625
3.2021484375
2.935546875
2.9306640625
2.7138671875
2.2421875
2.82421875
2.837890625
2.33984375
2.11328125
2.9296875
2.802734375
3.0087890625
2.970703125
2.4443359375
2.8984375
2.7099609375
2.9443359375
3.2939453125
3.0224609375
2.5166015625
2.3642578125
2.5390625
3.20703125
2.6181640625
3.0869140625
2.5302734375
2.7158203125
3.2275390625
2.5986328125
2.6083984375
2.228515625
2.296875
2.6162109375
2.9697265625
2.697265625
2.763671875
2.669921875
2.45703125
2.943359375
2.6572265625
2.66015625
2.6298828125
2.71484375
2.681640625
2.66015625
2.2958984375
2.763671875
2.8291015625
2.2353515625
2.8740234375
2.8212890625
2.3193359375
2.8115234375
2.5859375
2.52734375
2.3916015625
2.3095703125
2.779296875
2.31640625
2.5947265625
2.78515625
2.4306640625
2.48828125
2.6357421875
2.185546875
2.4033203125
3.0283203125
2.6201171875
2.9228515625
3.0322265625
2.806640625
2.4931640625
2.900390625
2.5048828125
2.013671875
2.849609375
2.7353515625
3.1875
2.7294921875
2.541015625
3.009765625
2.5615234375
2.3671875
2.5869140625
2.935546875
2.6572265625
2.212890625
2.8017578125
2.4052734375
2.5439453125
2.767578125
2.646484375
2.6513671875
2.703125
2.4541015625
2.8115234375
3.125
2.4072265625
2.6083984375
2.3916015625
2.6181640625
2.49609375
2.5966796875
2.6142578125
2.8251953125
2.6806640625
3.2255859375
2.1865234375
2.6748046875
1.953125
2.5
2.6181640625
2.28515625
2.439453125
2.595703125
2.4150390625
2.6533203125
2.859375
2.138671875
2.9912109375
2.5537109375
2.8232421875
2.6787109375
2.72265625
2.78125
2.9033203125
2.884765625
2.4150390625
2.3115234375
2.71875
3.0263671875
2.4951171875
2.8125
2.8486328125
2.638671875
2.5087890625
2.2783203125
3.14453125
2.3154296875
3.0029296875
2.833984375
2.6572265625
2.802734375
2.611328125
2.7412109375
3.0322265625
2.400390625
3.0302734375
2.701171875
2.703125
2.888671875
2.5615234375
2.8857421875
2.298828125
2.7802734375
2.87890625
2.5947265625
2.1689453125
2.580078125
2.736328125
2.8720703125
2.6220703125
2.90625
2.4287109375
2.49609375
2.630859375
2.2412109375
2.9140625
2.6162109375
2.3876953125
2.68359375
2.736328125
2.09375
2.7841796875
2.2939453125
2.5859375
2.4580078125
2.546875
3.2041015625
2.62890625
2.81640625
2.4189453125
2.8798828125
2.8828125
2.7138671875
2.8125
2.7724609375
2.275390625
2.556640625
2.380859375
2.6240234375
2.9453125
3.0390625
2.98828125
2.5625
2.5703125
2.7607421875
2.892578125
2.8056640625
2.994140625
2.7529296875
2.3515625
2.6318359375
2.0322265625
2.458984375
2.6435546875
2.2802734375
2.7822265625
2.572265625
2.283203125
2.9658203125
2.8076171875
2.6796875
2.78515625
2.408203125
2.5634765625
2.6572265625
2.5146484375
2.40625
3.158203125
2.5673828125
3.15625
2.3017578125
1.9169921875
2.7783203125
2.72265625
2.296875
2.52734375
2.7041015625
2.2783203125
2.875
2.5244140625
2.609375
2.271484375
3.2890625
3.1318359375
2.865234375
2.35546875
2.6767578125
2.556640625
2.6982421875
2.443359375
2.384765625
2.6171875
3.03515625
2.8857421875
2.1708984375
2.681640625
2.7705078125
2.9208984375
2.537109375
2.71484375
2.2919921875
2.9169921875
2.958984375
2.9169921875
1.951171875
2.818359375
2.65234375
2.111328125
2.9794921875
2.8076171875
3.1513671875
2.9267578125
2.6640625
2.3095703125
2.4228515625
2.5390625
2.2080078125
2.5341796875
2.2822265625
2.6552734375
2.89453125
2.67578125
2.8466796875
2.361328125
2.69921875
2.6708984375
2.416015625
2.7744140625
2.5703125
2.728515625
2.87890625
2.9423828125
2.6845703125
2.6923828125
2.8369140625
2.837890625
2.779296875
2.1142578125
2.34765625
3.0966796875
2.91796875
2.37109375
2.736328125
2.7421875
2.4453125
2.9248046875
3.005859375
2.0458984375
2.654296875
2.6123046875
2.5595703125
2.3037109375
2.9501953125
2.57421875
2.263671875
2.3125
2.7392578125
2.3837890625
2.265625
2.72265625
2.6298828125
2.576171875
2.806640625
2.484375
2.1806640625
2.6123046875
2.8310546875
3.150390625
2.8154296875
2.6025390625
2.5703125
2.7060546875
2.6748046875
2.7060546875
2.90234375
3.1123046875
2.373046875
2.88671875
2.6572265625
2.64453125
2.94140625
2.3505859375
2.69140625
2.3740234375
2.7451171875
2.3662109375
2.7021484375
2.2900390625
2.517578125
2.3349609375
2.80859375
2.759765625
2.6708984375
2.5595703125
2.611328125
2.7724609375
2.421875
2.5341796875
2.3701171875
2.78125
2.6171875
2.119140625
2.2548828125
2.8330078125
2.85546875
2.7119140625
2.9423828125
3.0810546875
2.8603515625
2.9033203125
2.9599609375
2.5322265625
2.423828125
2.3642578125
2.482421875
3.099609375
2.873046875
2.328125
2.25
2.16015625
2.9169921875
2.7177734375
2.8759765625
2.525390625
2.630859375
2.6982421875
2.453125
2.37109375
2.9619140625
2.6787109375
2.42578125
2.37890625
2.595703125
2.4931640625
2.6171875
2.37890625
2.5234375
2.392578125
2.77734375
2.5126953125
2.2841796875
2.2138671875
3.3408203125
2.6474609375
2.19921875
3.0341796875
3.0654296875
2.625
3.0439453125
2.640625
2.6591796875
2.7060546875
2.9638671875
2.955078125
3.15625
2.765625
2.6953125
2.8603515625
2.8486328125
2.453125
2.6396484375
2.39453125
2.5859375
2.951171875
2.5439453125
2.4111328125
2.4052734375
2.6142578125
2.2880859375
3.0791015625
2.8525390625
2.9873046875
3.171875
2.67578125
2.2587890625
2.4921875
2.7109375
2.498046875
2.7353515625
2.2001953125
2.7490234375
2.9375
2.86328125
2.845703125
2.5751953125
2.5634765625
2.953125
3.0234375
1.9990234375
2.7763671875
2.9384765625
2.759765625
2.734375
2.783203125
2.19921875
2.8837890625
2.708984375
2.630859375
2.701171875
2.46875
2.1044921875
3.0625
2.892578125
2.5205078125
2.361328125
2.8173828125
2.2236328125
2.28515625
3.015625
2.5537109375
2.6337890625
2.37890625
2.876953125
2.951171875
2.8935546875
2.7548828125
2.7255859375
2.8486328125
2.578125
2.7900390625
2.6845703125
2.7265625
2.875
2.61328125
2.826171875
2.5703125
2.255859375
2.50390625
2.8017578125
2.7568359375
2.546875
2.787109375
2.783203125
2.431640625
2.5078125
2.736328125
1.953125
2.7724609375
2.740234375
2.7470703125
2.4609375
3.0830078125
2.494140625
3.0400390625
2.7099609375
2.787109375
2.279296875
2.7412109375
2.6328125
2.67578125
2.5224609375
2.7841796875
2.798828125
2.435546875
2.8984375
3.10546875
2.9716796875
2.681640625
2.5849609375
2.3310546875
3.02734375
2.849609375
2.4931640625
2.9892578125
2.6025390625
2.650390625
2.8349609375
2.75390625
2.673828125
2.376953125
2.466796875
2.2724609375
2.875
2.0986328125
2.8056640625
3.0
2.359375
2.779296875
2.8681640625
2.7021484375
2.98046875
2.376953125
3.0361328125
2.2314453125
2.4462890625
2.96484375
3.3271484375
2.087890625
2.6044921875
2.740234375
2.7216796875
2.732421875
2.7587890625
3.0498046875
2.72265625
2.724609375
2.4892578125
2.693359375
2.7802734375
2.587890625
2.7177734375
3.0458984375
2.564453125
2.5986328125
2.841796875
2.625
2.26953125
2.568359375
2.501953125
2.4912109375
