2.958984375
2.958984375
2.958984375
2.958984375
2.958984375
2.9013671875
3.248046875
2.6201171875
3.150390625
2.998046875
3.369140625
2.6826171875
2.654296875
2.681640625
3.0166015625
3.1396484375
2.7490234375
2.9765625
2.607421875
2.5048828125
3.1279296875
2.931640625
2.7587890625
2.822265625
3.19921875
3.189453125
2.78515625
2.953125
2.853515625
2.8828125
3.5517578125
3.044921875
2.693359375
3.177734375
3.0810546875
2.9287109375
2.4736328125
2.59375
3.140625
2.5126953125
2.892578125
2.4755859375
3.19140625
2.630859375
2.68359375
3.3408203125
2.6962890625
3.224609375
2.9150390625
2.6376953125
2.763671875
2.955078125
2.404296875
2.396484375
2.953125
2.48828125
2.0615234375
2.798828125
2.794921875
3.2431640625
2.7802734375
2.7880859375
2.9130859375
3.23046875
2.5634765625
2.51171875
2.748046875
2.7509765625
2.7216796875
2.87890625
2.421875
2.3740234375
2.9462890625
2.6015625
3.2060546875
2.4375
2.7119140625
2.9072265625
3.0693359375
2.806640625
2.720703125
2.830078125
3.0791015625
3.3330078125
2.8408203125
3.19921875
2.736328125
2.8017578125
2.23828125
2.4609375
3.22265625
2.83203125
2.5537109375
2.87890625
2.7197265625
2.8603515625
2.71875
2.9599609375
3.4033203125
3.2080078125
3.2373046875
3.0576171875
2.48828125
2.3896484375
3.02734375
2.8857421875
2.896484375
2.78515625
2.7900390625
2.6923828125
2.6591796875
2.9072265625
2.8447265625
2.951171875
3.275390625
2.8583984375
3.04296875
2.947265625
3.158203125
2.5244140625
2.8544921875
3.0595703125
3.203125
3.017578125
3.4677734375
3.798828125
3.275390625
2.478515625
3.0419921875
3.2314453125
3.0654296875
3.310546875
3.17578125
2.923828125
2.6787109375
2.46875
3.236328125
2.888671875
2.8955078125
3.328125
3.1005859375
3.1181640625
2.814453125
2.48046875
2.7919921875
2.513671875
2.7822265625
3.2138671875
2.447265625
2.875
2.9931640625
2.7080078125
3.2060546875
2.8818359375
2.404296875
2.2890625
3.3916015625
2.779296875
2.2626953125
2.783203125
2.9111328125
2.62109375
2.9443359375
2.6904296875
2.4013671875
3.1962890625
3.296875
3.107421875
2.96875
2.6328125
2.4599609375
2.8056640625
3.1708984375
2.6708984375
2.939453125
3.2021484375
2.7236328125
3.126953125
3.142578125
3.044921875
3.2666015625
3.2919921875
2.8701171875
2.908203125
3.0400390625
2.5732421875
3.3671875
2.7587890625
3.10546875
2.8037109375
2.900390625
3.125
2.912109375
2.998046875
3.4189453125
2.6318359375
2.7421875
2.9375
3.162109375
2.8115234375
2.63671875
3.1806640625
3.369140625
3.3310546875
2.62890625
3.244140625
3.044921875
3.03125
2.53515625
3.3466796875
3.1455078125
2.748046875
2.3515625
3.080078125
2.95703125
3.1943359375
3.0166015625
2.83984375
3.0341796875
2.6142578125
2.6201171875
3.0712890625
2.78515625
2.8798828125
2.22265625
2.9794921875
2.5009765625
3.2197265625
3.005859375
3.0888671875
3.103515625
2.951171875
3.107421875
2.7978515625
2.9248046875
3.0966796875
2.5546875
2.5546875
2.57421875
2.7744140625
2.9296875
2.65625
2.6962890625
3.0439453125
2.8779296875
2.9208984375
2.9951171875
2.55078125
3.138671875
2.4150390625
2.8486328125
3.1318359375
3.091796875
2.9814453125
2.701171875
2.8525390625
3.1982421875
2.814453125
3.05078125
2.908203125
3.0703125
2.767578125
2.478515625
3.4345703125
3.091796875
3.12109375
2.9052734375
2.8974609375
2.736328125
2.677734375
2.0185546875
3.1689453125
2.7001953125
2.46484375
2.529296875
3.1494140625
3.0400390625
3.1337890625
2.845703125
2.7998046875
3.193359375
3.1796875
2.7109375
3.1416015625
3.044921875
3.076171875
2.64453125
2.990234375
2.6572265625
2.7841796875
2.6083984375
2.8896484375
3.302734375
2.767578125
2.7001953125
3.4296875
2.9013671875
2.3115234375
2.4619140625
2.4384765625
3.3193359375
2.6298828125
2.958984375
2.9931640625
2.7626953125
2.59375
2.8603515625
3.0009765625
3.03125
3.6181640625
2.4697265625
3.0751953125
3.10546875
2.455078125
2.6796875
2.5810546875
3.1396484375
2.8974609375
2.587890625
2.96484375
2.9189453125
2.9482421875
3.099609375
3.0078125
3.1826171875
3.044921875
2.7099609375
2.9072265625
2.7060546875
3.1708984375
2.7353515625
3.03125
3.2451171875
2.45703125
2.9853515625
3.482421875
2.5537109375
2.5712890625
2.826171875
2.7119140625
3.2158203125
2.90234375
2.595703125
2.6513671875
2.548828125
2.9482421875
2.880859375
2.9755859375
2.8203125
2.7109375
3.07421875
2.9365234375
2.78125
2.7587890625
2.9326171875
2.9521484375
3.044921875
2.6357421875
2.912109375
3.423828125
3.0185546875
3.185546875
2.537109375
2.630859375
2.775390625
2.828125
2.7294921875
2.8798828125
2.771484375
3.24609375
3.060546875
2.9306640625
2.9375
2.974609375
2.7099609375
3.1025390625
2.65234375
2.6953125
2.7275390625
2.802734375
2.8974609375
3.111328125
3.0185546875
2.345703125
2.69921875
3.0400390625
3.12890625
2.63671875
2.490234375
3.2705078125
2.6240234375
3.09375
2.3076171875
2.7392578125
2.8330078125
3.1962890625
2.74609375
3.2421875
3.2626953125
3.318359375
2.52734375
2.623046875
2.9072265625
2.4921875
2.7236328125
2.6669921875
2.5712890625
2.2568359375
2.9765625
2.5576171875
2.8076171875
3.2958984375
3.0009765625
2.4482421875
2.87109375
3.068359375
2.650390625
2.9580078125
2.4638671875
3.3251953125
3.33984375
2.982421875
2.595703125
2.755859375
2.87109375
2.6845703125
3.298828125
3.1171875
3.45703125
2.455078125
2.416015625
2.7021484375
2.9013671875
3.26171875
3.05078125
3.033203125
3.3291015625
2.58203125
3.0927734375
2.626953125
2.859375
3.1435546875
2.7236328125
2.8349609375
3.318359375
2.9306640625
2.9169921875
3.154296875
2.732421875
3.171875
2.462890625
2.7568359375
3.2294921875
2.9716796875
3.1708984375
2.4638671875
3.140625
3.2958984375
2.962890625
2.7998046875
2.869140625
3.123046875
3.080078125
2.62109375
2.5009765625
2.484375
2.603515625
3.3759765625
2.75390625
2.9794921875
2.3046875
2.755859375
3.310546875
2.9697265625
3.2705078125
2.5048828125
3.37109375
3.2021484375
3.306640625
3.3271484375
2.943359375
2.7734375
3.2109375
3.1748046875
2.828125
3.0859375
2.521484375
3.048828125
3.4755859375
3.0595703125
2.5302734375
3.41796875
3.0498046875
2.74609375
2.986328125
3.0322265625
3.130859375
3.0166015625
2.7861328125
3.0654296875
2.984375
2.1982421875
3.1376953125
3.0576171875
3.2109375
2.3984375
2.7275390625
2.708984375
2.8388671875
2.509765625
2.53515625
3.0361328125
2.935546875
3.11328125
2.7021484375
3.2822265625
2.9228515625
2.8525390625
2.7998046875
2.5595703125
3.046875
2.671875
3.451171875
2.802734375
3.087890625
2.8505859375
2.3994140625
3.0341796875
3.27734375
3.298828125
3.20703125
3.150390625
2.7548828125
2.78515625
2.689453125
3.0322265625
2.880859375
3.224609375
2.8837890625
2.6396484375
2.5263671875
3.4052734375
3.2216796875
2.5419921875
2.626953125
2.357421875
2.408203125
3.064453125
2.7724609375
3.2021484375
2.80859375
2.6513671875
2.9853515625
2.490234375
2.7880859375
2.78515625
3.0625
2.361328125
2.7080078125
2.41796875
2.611328125
2.7802734375
2.9169921875
3.0283203125
2.7275390625
3.0654296875
2.431640625
3.15234375
3.0322265625
2.8125
2.9482421875
2.43359375
2.16015625
2.921875
2.9404296875
2.6669921875
3.162109375
3.078125
2.625
2.896484375
3.123046875
2.99609375
2.86328125
3.08203125
3.2568359375
2.69921875
3.5048828125
3.07421875
3.220703125
2.6162109375
3.287109375
2.25390625
2.8115234375
3.2314453125
2.7177734375
2.896484375
2.7783203125
2.8701171875
3.0693359375
3.1689453125
2.5625
3.0517578125
2.5224609375
2.625
2.70703125
2.8349609375
2.5986328125
2.4111328125
3.28515625
3.0546875
2.70703125
3.068359375
2.81640625
2.6865234375
2.44921875
2.912109375
2.6767578125
3.0771484375
3.115234375
2.8291015625
2.2958984375
2.693359375
3.0888671875
2.7333984375
3.232421875
3.009765625
2.7080078125
3.3291015625
2.005859375
2.853515625
2.1728515625
2.98828125
2.5283203125
2.5263671875
2.78125
3.224609375
2.7216796875
2.5576171875
2.962890625
2.931640625
2.68359375
3.126953125
3.064453125
2.86328125
2.6474609375
3.0439453125
2.900390625
2.6181640625
2.83203125
3.16015625
2.919921875
2.8642578125
3.15625
2.8974609375
2.572265625
2.6455078125
3.0009765625
2.3837890625
2.6328125
2.515625
2.5458984375
2.8232421875
3.3173828125
3.166015625
3.4501953125
2.8671875
2.7958984375
2.65234375
2.9169921875
3.0830078125
2.8447265625
3.4052734375
3.1982421875
2.431640625
2.6201171875
3.181640625
2.6767578125
2.5810546875
3.255859375
2.8388671875
2.6669921875
3.38671875
2.69140625
2.6142578125
2.7353515625
2.72265625
2.5146484375
3.060546875
3.2236328125
2.7724609375
2.4345703125
3.8603515625
2.654296875
2.86328125
2.9189453125
2.8955078125
2.6083984375
2.6513671875
2.6806640625
2.9921875
2.5732421875
2.9736328125
2.8798828125
2.6416015625
3.0107421875
3.0234375
2.7822265625
3.009765625
3.1767578125
3.1728515625
2.759765625
2.998046875
3.20703125
2.5576171875
2.9482421875
3.0166015625
3.20703125
3.40234375
2.3818359375
2.32421875
2.6328125
2.7890625
2.70703125
3.0498046875
2.81640625
2.9345703125
2.96875
2.935546875
3.3125
3.0947265625
2.8994140625
3.0107421875
3.1875
2.9599609375
2.765625
2.96875
3.2685546875
3.41015625
2.85546875
2.630859375
2.7880859375
2.880859375
3.0283203125
2.958984375
3.0126953125
2.7880859375
3.2109375
2.4248046875
2.771484375
3.1572265625
2.4619140625
2.7890625
2.4912109375
2.8701171875
2.6650390625
2.5263671875
2.8994140625
3.2490234375
2.8154296875
2.7216796875
3.0908203125
2.7734375
2.970703125
3.4384765625
3.064453125
2.708984375
3.009765625
3.328125
2.7138671875
2.8466796875
2.7099609375
3.3203125
2.5673828125
2.7431640625
3.03515625
3.12890625
2.3291015625
2.955078125
2.6337890625
2.52734375
2.7138671875
2.5478515625
2.8427734375
3.1171875
3.146484375
2.6162109375
3.3837890625
3.142578125
2.88671875
2.884765625
2.5458984375
2.3759765625
2.5546875
3.2265625
2.765625
2.8154296875
2.5166015625
3.2939453125
2.9169921875
3.126953125
2.841796875
2.6015625
3.123046875
2.7109375
3.021484375
2.5888671875
2.6435546875
2.9814453125
2.4052734375
2.6884765625
2.7919921875
2.73046875
2.4580078125
2.9033203125
3.03515625
2.7158203125
2.9736328125
3.2314453125
2.6171875
2.4794921875
3.0966796875
2.763671875
2.94921875
3.1396484375
2.265625
2.658203125
