2.2314453125
1.931640625
1.3759765625
1.935546875
1.787109375
2.0615234375
2.1572265625
2.0087890625
2.185546875
2.142578125
2.291015625
2.12109375
1.90625
2.2490234375
2.064453125
1.701171875
2.1630859375
1.9033203125
1.94921875
1.740234375
2.3779296875
2.125
1.62890625
2.2099609375
1.865234375
2.3193359375
2.193359375
2.046875
2.0654296875
2.0068359375
2.201171875
2.4130859375
2.236328125
2.1640625
2.0029296875
2.375
1.8369140625
2.1796875
2.3583984375
2.25
2.025390625
2.5947265625
1.939453125
2.509765625
1.7275390625
1.9423828125
2.4638671875
1.689453125
2.0244140625
2.2705078125
2.314453125
2.2548828125
2.2783203125
1.7333984375
2.1318359375
2.443359375
1.8369140625
1.6611328125
2.033203125
2.5009765625
1.5859375
2.0595703125
2.0283203125
1.3232421875
2.224609375
2.095703125
2.0654296875
1.970703125
2.35546875
2.189453125
1.84375
2.7119140625
1.5166015625
2.1484375
1.8662109375
1.701171875
1.6650390625
2.0029296875
2.12109375
1.8486328125
2.091796875
1.701171875
1.935546875
1.51953125
2.0986328125
2.236328125
2.021484375
1.7724609375
1.9501953125
1.814453125
2.0126953125
2.3623046875
1.9443359375
2.072265625
2.0390625
1.943359375
1.841796875
2.0634765625
2.2529296875
2.1650390625
2.3349609375
2.009765625
2.2763671875
2.27734375
2.126953125
2.0166015625
2.2275390625
1.83984375
2.1640625
2.076171875
2.1201171875
2.1552734375
2.1298828125
1.8271484375
1.8935546875
2.265625
1.94921875
2.3134765625
2.109375
2.0625
1.8447265625
2.310546875
2.25
2.37890625
1.94140625
1.84375
1.7998046875
2.251953125
2.0068359375
1.982421875
2.1650390625
2.2353515625
2.19140625
2.0087890625
1.947265625
1.77734375
2.2529296875
2.126953125
1.8984375
1.63671875
2.1787109375
1.6845703125
2.1181640625
2.228515625
1.796875
1.931640625
1.599609375
1.923828125
2.0244140625
2.017578125
1.6689453125
1.9423828125
2.443359375
1.9287109375
1.951171875
2.1640625
1.818359375
2.12109375
1.9716796875
1.8984375
2.1044921875
2.0419921875
2.0712890625
2.029296875
1.7314453125
2.1123046875
1.861328125
2.453125
2.451171875
2.40234375
2.4716796875
1.9462890625
1.7626953125
1.8203125
2.484375
2.384765625
1.8515625
1.4658203125
2.3212890625
1.4833984375
2.169921875
2.0947265625
1.8037109375
2.2734375
1.4326171875
1.708984375
1.9013671875
2.2880859375
1.8271484375
1.7568359375
2.142578125
2.4853515625
1.8251953125
1.642578125
1.79296875
1.80859375
2.2705078125
2.33203125
1.990234375
1.916015625
2.0390625
1.994140625
2.42578125
1.943359375
2.1953125
2.1865234375
2.2255859375
2.0986328125
2.2861328125
1.50390625
1.798828125
2.1103515625
2.2626953125
2.337890625
1.681640625
1.8662109375
2.41015625
2.197265625
2.0634765625
2.052734375
2.09375
1.8916015625
1.904296875
2.337890625
2.1650390625
1.9501953125
1.2666015625
2.40234375
1.9140625
1.8564453125
2.1103515625
2.11328125
1.6318359375
2.2587890625
1.8212890625
1.6162109375
2.1171875
1.9619140625
1.94921875
1.7890625
1.95703125
1.8349609375
2.375
1.3984375
2.26953125
1.837890625
2.125
2.333984375
1.849609375
2.216796875
2.1435546875
1.6142578125
2.251953125
2.251953125
1.8955078125
2.08203125
1.947265625
2.078125
2.08203125
2.0
1.7998046875
1.859375
2.328125
2.3037109375
2.474609375
1.6826171875
1.9287109375
1.9892578125
2.357421875
2.1328125
1.8310546875
2.298828125
1.9541015625
2.216796875
2.185546875
1.529296875
1.91796875
1.8935546875
1.935546875
2.1689453125
1.8095703125
1.65625
2.4541015625
1.6865234375
1.787109375
2.2265625
1.6240234375
1.8955078125
2.146484375
2.0244140625
2.431640625
1.9111328125
1.9853515625
2.083984375
1.5068359375
2.0830078125
2.17578125
1.8583984375
1.9453125
1.962890625
2.2060546875
1.4970703125
2.0263671875
1.5869140625
2.134765625
2.0458984375
1.7705078125
2.2041015625
1.96484375
2.09375
2.09765625
2.619140625
1.9462890625
1.9287109375
2.08203125
1.5751953125
2.111328125
2.4921875
1.787109375
2.14453125
2.2216796875
2.271484375
2.3203125
2.6083984375
2.005859375
2.166015625
1.97265625
2.2197265625
1.748046875
1.583984375
2.2158203125
2.046875
2.095703125
2.39453125
2.5234375
2.189453125
1.80859375
1.564453125
1.9951171875
1.947265625
1.580078125
2.40234375
1.91015625
2.2841796875
2.2978515625
2.0166015625
1.8359375
1.90234375
1.806640625
2.2470703125
1.814453125
1.791015625
1.990234375
2.0751953125
1.958984375
2.060546875
2.041015625
2.1279296875
2.1376953125
2.326171875
2.03125
2.3486328125
2.3330078125
1.9453125
1.958984375
2.25390625
2.0029296875
2.1513671875
2.15234375
1.6796875
2.1962890625
2.0439453125
2.140625
2.1728515625
2.18359375
2.4013671875
1.892578125
1.646484375
2.2783203125
1.7421875
2.025390625
2.1650390625
2.0654296875
1.9931640625
2.4443359375
1.94921875
2.2294921875
2.095703125
1.8916015625
1.8330078125
2.1123046875
1.7568359375
2.134765625
2.16015625
2.2900390625
1.904296875
2.0
1.6767578125
1.8388671875
2.1357421875
2.013671875
1.681640625
2.15625
2.5595703125
2.3125
2.068359375
2.3505859375
2.2490234375
2.2783203125
2.3818359375
1.7021484375
1.9990234375
1.8486328125
1.8828125
2.24609375
2.154296875
2.0654296875
2.283203125
2.369140625
1.9189453125
1.4873046875
1.787109375
1.646484375
1.7060546875
2.0869140625
1.6474609375
2.220703125
1.87109375
1.7158203125
1.9560546875
1.9189453125
2.1767578125
2.705078125
1.9267578125
2.001953125
2.2841796875
2.2802734375
1.83203125
1.5966796875
2.0166015625
1.7900390625
2.095703125
1.8994140625
2.2724609375
2.0185546875
2.0673828125
2.1240234375
1.83203125
2.033203125
2.4599609375
1.94140625
2.072265625
1.93359375
2.087890625
2.197265625
1.798828125
1.9775390625
2.169921875
1.9228515625
1.8779296875
1.8134765625
2.0478515625
2.1533203125
1.818359375
2.3017578125
1.8701171875
2.005859375
2.474609375
1.828125
2.349609375
2.0341796875
1.9716796875
1.8330078125
2.0478515625
2.1474609375
2.0556640625
2.146484375
2.0859375
1.712890625
1.8994140625
2.29296875
1.6376953125
2.0126953125
2.4345703125
1.90234375
1.7998046875
2.21484375
1.9560546875
2.3486328125
1.5771484375
2.6923828125
2.6982421875
1.640625
2.314453125
2.2412109375
2.5439453125
1.9541015625
2.2275390625
1.9365234375
1.841796875
1.9794921875
2.140625
2.1376953125
2.109375
2.158203125
2.2099609375
2.3740234375
1.966796875
2.3212890625
1.90625
1.8212890625
2.1240234375
2.5224609375
2.0625
2.447265625
2.2060546875
1.8564453125
1.9697265625
1.8212890625
2.21484375
1.6962890625
2.044921875
2.2529296875
1.955078125
2.322265625
1.7392578125
2.1201171875
1.9716796875
2.0302734375
1.9501953125
1.986328125
2.2294921875
2.1376953125
2.52734375
2.0107421875
1.74609375
2.203125
2.2880859375
2.4423828125
1.6943359375
1.9541015625
1.5107421875
1.765625
2.107421875
2.2255859375
1.7666015625
2.076171875
2.1396484375
1.947265625
2.1103515625
2.2333984375
2.0595703125
2.322265625
1.94921875
2.466796875
1.443359375
2.2255859375
2.033203125
2.029296875
1.8662109375
2.0302734375
2.2958984375
1.82421875
2.3173828125
2.1630859375
2.0888671875
1.9931640625
1.708984375
1.892578125
1.935546875
1.8056640625
2.08984375
2.3056640625
2.125
1.908203125
1.82421875
2.0068359375
2.3916015625
2.1845703125
1.71875
2.03125
2.341796875
1.9443359375
2.1640625
2.3994140625
2.0888671875
2.2578125
2.21484375
2.1435546875
2.0380859375
2.166015625
1.6748046875
2.0205078125
1.814453125
1.92578125
2.22265625
2.3759765625
2.0849609375
1.71484375
2.0361328125
1.8486328125
1.935546875
2.1484375
1.90625
1.8271484375
1.8603515625
2.3095703125
2.2197265625
2.1015625
1.6513671875
1.5537109375
2.1591796875
2.0673828125
2.173828125
2.13671875
2.1865234375
2.0478515625
1.9775390625
1.8603515625
1.802734375
1.771484375
2.232421875
1.8154296875
2.2216796875
1.9775390625
1.9599609375
1.923828125
1.6591796875
2.109375
2.009765625
2.25
2.134765625
2.19921875
2.1337890625
2.4326171875
1.86328125
1.8154296875
2.41796875
2.11328125
2.0615234375
1.666015625
2.1396484375
2.0546875
2.064453125
2.251953125
2.2275390625
2.1845703125
1.962890625
2.0849609375
1.927734375
2.3544921875
2.435546875
2.04296875
2.0576171875
1.7490234375
1.93359375
2.267578125
1.4189453125
2.08984375
2.1201171875
1.8056640625
1.828125
1.8798828125
2.5654296875
2.1611328125
2.125
1.9267578125
2.1455078125
2.1298828125
2.0830078125
2.0234375
2.296875
1.7890625
1.8076171875
1.8447265625
2.3408203125
1.61328125
1.94921875
1.353515625
1.857421875
2.0283203125
2.390625
2.162109375
2.400390625
2.10546875
1.9072265625
1.884765625
1.875
1.9150390625
2.2470703125
2.1640625
1.8330078125
2.123046875
1.9033203125
2.1474609375
2.095703125
1.947265625
1.6640625
1.6005859375
1.8662109375
1.814453125
2.0087890625
1.7900390625
1.998046875
2.5068359375
2.27734375
2.16015625
1.9921875
1.9326171875
1.8916015625
1.9326171875
2.220703125
2.0703125
1.744140625
2.1884765625
2.1240234375
1.5869140625
2.1767578125
2.0810546875
2.0625
2.2724609375
2.2001953125
2.123046875
1.4541015625
2.0029296875
2.369140625
1.8876953125
1.9873046875
1.853515625
2.2177734375
2.0751953125
1.912109375
1.6552734375
2.3193359375
1.904296875
2.11328125
2.3603515625
2.146484375
1.3486328125
1.3935546875
2.2802734375
2.22265625
1.966796875
2.3681640625
1.6796875
2.3671875
2.2177734375
1.9951171875
1.806640625
1.91796875
2.0859375
1.796875
1.9755859375
1.7705078125
1.93359375
2.1611328125
2.0947265625
1.349609375
1.8720703125
2.3818359375
2.259765625
1.953125
1.9912109375
1.7431640625
2.5712890625
2.1083984375
2.251953125
2.2333984375
2.0029296875
1.8779296875
2.40625
2.4794921875
2.4736328125
2.1298828125
2.1640625
1.8388671875
2.1650390625
1.9072265625
1.66796875
1.5400390625
1.654296875
2.05859375
1.76953125
1.8671875
1.466796875
2.404296875
1.6884765625
2.1630859375
2.1357421875
1.8212890625
2.107421875
1.9736328125
2.27734375
1.9560546875
1.5556640625
2.1953125
1.9892578125
2.30078125
2.1416015625
2.2197265625
1.841796875
1.92578125
2.025390625
1.9921875
2.1923828125
2.126953125
1.8095703125
1.8828125
1.6796875
1.9697265625
1.94921875
2.0419921875
1.6123046875
2.3056640625
1.9306640625
2.2978515625
2.0478515625
1.9208984375
2.2119140625
2.3642578125
1.8134765625
1.7109375
1.984375
