2.958984375
2.958984375
2.958984375
2.958984375
2.958984375
2.91015625
2.875
2.4326171875
3.259765625
2.560546875
3.150390625
2.8916015625
2.681640625
2.990234375
2.654296875
3.0185546875
3.1396484375
2.7490234375
2.9765625
2.9765625
3.0439453125
2.875
3.1787109375
3.1572265625
2.5380859375
2.7587890625
2.861328125
2.8603515625
2.9580078125
2.2822265625
2.4150390625
3.388671875
3.044921875
2.693359375
2.328125
2.953125
2.591796875
2.4404296875
3.140625
2.37890625
2.7041015625
3.421875
2.8798828125
3.7177734375
2.8876953125
2.5205078125
2.8896484375
3.224609375
2.9150390625
3.013671875
2.6015625
2.5126953125
3.05078125
3.333984375
2.748046875
2.763671875
2.525390625
2.6474609375
2.693359375
2.81640625
2.634765625
2.6845703125
3.5458984375
2.7880859375
2.5634765625
2.646484375
3.28515625
3.0078125
2.91015625
2.87890625
3.3251953125
3.2998046875
2.5205078125
3.1328125
2.0498046875
2.9072265625
3.1796875
3.3330078125
2.759765625
2.724609375
3.328125
2.658203125
2.59765625
2.3388671875
2.9169921875
3.134765625
2.888671875
3.115234375
2.6025390625
2.650390625
2.5830078125
3.0595703125
2.64453125
2.8759765625
2.76171875
3.07421875
2.9755859375
3.0
2.9267578125
3.2666015625
3.01171875
3.173828125
2.720703125
3.07421875
3.138671875
2.48828125
3.044921875
2.3896484375
3.2353515625
2.896484375
2.6708984375
2.7900390625
2.6591796875
2.818359375
2.841796875
2.2314453125
2.86328125
2.693359375
2.552734375
3.35546875
3.3876953125
3.5185546875
2.6650390625
2.6552734375
2.908203125
2.5732421875
2.603515625
2.76171875
3.1865234375
3.4677734375
2.8251953125
3.2001953125
2.9853515625
2.8408203125
3.2119140625
3.15625
2.478515625
2.94140625
3.2451171875
2.6845703125
3.044921875
2.93359375
3.2607421875
2.701171875
3.2314453125
2.8935546875
2.5361328125
3.2958984375
3.0703125
3.17578125
3.236328125
2.869140625
2.990234375
2.697265625
3.10546875
3.046875
3.1748046875
2.666015625
2.9091796875
2.8818359375
3.0234375
2.5849609375
3.111328125
3.09375
2.7236328125
2.9111328125
3.1865234375
2.8916015625
2.8759765625
2.4013671875
2.744140625
2.697265625
3.1044921875
2.3232421875
2.7451171875
2.970703125
2.9150390625
3.2568359375
2.525390625
2.708984375
2.8154296875
2.31640625
3.1708984375
2.9365234375
3.2021484375
3.32421875
2.4775390625
2.849609375
2.8701171875
2.908203125
2.6904296875
3.228515625
2.5048828125
3.1572265625
2.7978515625
2.72265625
2.34765625
2.5693359375
2.205078125
2.904296875
3.2353515625
2.6103515625
2.3583984375
2.828125
2.0029296875
2.8388671875
3.26953125
3.7744140625
2.6943359375
2.908203125
2.6015625
2.9306640625
3.0234375
3.1806640625
2.671875
3.5283203125
2.974609375
3.3310546875
2.77734375
3.4052734375
3.244140625
2.6796875
3.1025390625
2.6435546875
3.6533203125
3.291015625
2.6484375
2.4365234375
2.955078125
2.3515625
2.421875
3.080078125
3.1943359375
3.224609375
2.701171875
2.83984375
2.826171875
2.845703125
2.6201171875
2.78515625
2.921875
2.8271484375
3.0556640625
2.4853515625
3.0869140625
3.306640625
2.775390625
2.814453125
2.6416015625
2.6533203125
2.826171875
3.005859375
2.8603515625
3.158203125
2.5703125
2.77734375
2.6318359375
2.8125
2.9248046875
2.8203125
2.5546875
2.7744140625
2.482421875
2.876953125
2.896484375
2.4873046875
2.8759765625
2.9853515625
3.072265625
2.4208984375
2.939453125
2.701171875
2.951171875
2.7041015625
3.0693359375
2.591796875
2.767578125
2.4697265625
3.12109375
2.640625
2.8974609375
2.9130859375
3.400390625
3.017578125
2.68359375
2.93359375
2.8486328125
3.1689453125
2.5947265625
3.279296875
2.857421875
3.0830078125
3.001953125
2.982421875
2.7001953125
2.6796875
3.0927734375
2.361328125
3.017578125
2.6162109375
3.0087890625
2.953125
3.0400390625
2.5703125
2.845703125
3.609375
2.77734375
3.5634765625
3.2373046875
3.1796875
3.0087890625
2.4306640625
3.1083984375
3.099609375
2.6279296875
2.404296875
3.076171875
2.9345703125
3.2255859375
3.29296875
2.7822265625
3.1494140625
3.005859375
3.1357421875
3.662109375
3.302734375
2.7587890625
2.587890625
2.8056640625
3.44140625
2.8623046875
3.4296875
2.8125
3.025390625
3.3837890625
2.8857421875
2.85546875
2.4619140625
2.4384765625
2.7451171875
3.244140625
3.001953125
2.958984375
2.9833984375
2.84765625
3.2734375
3.03125
3.0517578125
2.8974609375
2.904296875
2.9345703125
2.8515625
2.46875
3.064453125
3.1328125
2.6162109375
3.1123046875
3.14453125
2.5556640625
3.17578125
2.8623046875
2.826171875
2.6962890625
2.5478515625
3.0224609375
2.5517578125
2.93359375
3.1328125
2.63671875
2.708984375
2.96875
2.3779296875
2.6669921875
3.3232421875
2.9033203125
3.2265625
3.255859375
3.103515625
2.763671875
3.0810546875
2.693359375
2.25
3.015625
3.0498046875
3.5048828125
2.9521484375
2.859375
3.287109375
2.826171875
2.7099609375
2.869140625
3.24609375
2.806640625
2.517578125
3.017578125
2.6318359375
2.802734375
3.056640625
2.943359375
2.9482421875
3.0400390625
2.697265625
3.0859375
3.458984375
2.708984375
2.8974609375
2.5751953125
2.9072265625
2.787109375
2.8330078125
2.806640625
3.08984375
2.9248046875
3.4716796875
2.521484375
2.9287109375
2.078125
2.7236328125
2.833984375
2.5771484375
2.7421875
2.8779296875
2.5751953125
2.908203125
3.1220703125
2.4482421875
3.310546875
2.8349609375
3.068359375
2.890625
3.0302734375
2.994140625
3.224609375
3.1474609375
2.7275390625
2.6201171875
2.9921875
3.4072265625
2.77734375
2.9677734375
3.1142578125
2.90625
2.771484375
2.537109375
3.45703125
2.5302734375
3.25
2.96875
2.888671875
3.033203125
2.935546875
3.05078125
3.3291015625
2.58203125
3.4501953125
2.900390625
2.958984375
3.1806640625
2.73828125
3.34375
2.568359375
3.1044921875
3.21484375
2.8623046875
2.4619140625
2.8408203125
3.080078125
3.2421875
2.9306640625
3.154296875
2.732421875
2.76953125
2.7978515625
2.509765625
3.275390625
2.9912109375
2.609375
2.9443359375
3.078125
2.25390625
3.140625
2.55078125
2.8046875
2.685546875
2.7490234375
3.423828125
2.8486328125
3.0908203125
2.603515625
3.109375
3.193359375
2.9970703125
3.029296875
3.0439453125
2.5244140625
2.7919921875
2.6611328125
2.953125
3.2392578125
3.3271484375
3.3486328125
2.837890625
2.8388671875
3.0859375
3.1181640625
3.1513671875
3.2431640625
3.02734375
2.62890625
2.892578125
2.2353515625
2.6689453125
2.9169921875
2.5654296875
3.0498046875
2.8447265625
2.4306640625
3.1982421875
3.189453125
2.85546875
2.94921875
2.6630859375
2.7861328125
2.8662109375
2.751953125
2.7021484375
3.4580078125
2.7734375
3.451171875
2.5009765625
2.1982421875
2.9580078125
3.02734375
2.54296875
2.7470703125
2.8935546875
2.53515625
3.11328125
2.7607421875
2.869140625
2.4990234375
3.525390625
3.451171875
3.11328125
2.529296875
2.9267578125
2.75
2.869140625
2.6572265625
2.7470703125
2.951171875
3.3857421875
3.171875
2.3994140625
2.9814453125
3.06640625
3.298828125
2.78515625
2.845703125
2.48828125
3.1923828125
3.2216796875
3.228515625
2.28125
2.990234375
2.84765625
2.408203125
3.291015625
3.1513671875
3.41796875
3.1953125
2.96875
2.6513671875
2.751953125
2.85546875
2.490234375
2.78515625
2.4541015625
2.916015625
3.1474609375
2.9169921875
3.0283203125
2.6259765625
2.9775390625
2.9921875
2.669921875
3.01171875
2.8125
2.9716796875
3.09765625
3.162109375
3.009765625
2.990234375
3.080078125
3.123046875
2.9951171875
2.3974609375
2.6376953125
3.3232421875
3.2568359375
2.662109375
2.984375
3.0068359375
2.6298828125
3.220703125
3.287109375
2.25390625
2.8583984375
2.8115234375
2.8642578125
2.556640625
3.1064453125
2.7783203125
2.50390625
2.5224609375
2.9775390625
2.626953125
2.4365234375
3.046875
2.9462890625
2.771484375
2.9541015625
2.689453125
2.4111328125
2.8037109375
3.0546875
3.4970703125
3.0771484375
2.8369140625
2.8095703125
2.931640625
2.94921875
3.0888671875
3.1689453125
3.396484375
2.6083984375
3.1923828125
2.896484375
2.7900390625
3.310546875
2.6513671875
3.00390625
2.615234375
2.9638671875
2.568359375
2.9345703125
2.5576171875
2.68359375
2.59375
3.0302734375
3.064453125
2.85546875
2.8779296875
2.7841796875
3.15625
2.642578125
2.77734375
2.6240234375
3.0595703125
2.9228515625
2.3837890625
2.5791015625
3.01953125
3.20703125
3.0068359375
3.3173828125
3.4111328125
3.01953125
3.279296875
3.240234375
2.90234375
2.6748046875
2.5625
2.6904296875
3.2705078125
3.2431640625
2.548828125
2.431640625
2.4072265625
3.2392578125
2.974609375
3.1982421875
2.783203125
2.8310546875
2.9990234375
2.75
2.6767578125
3.2109375
2.859375
2.6669921875
2.70703125
2.849609375
2.72265625
2.826171875
2.6787109375
2.802734375
2.6201171875
3.060546875
2.7275390625
2.4736328125
2.404296875
3.8603515625
2.86328125
2.5048828125
3.3662109375
3.2421875
2.9599609375
3.384765625
2.927734375
2.869140625
2.9404296875
3.158203125
3.2861328125
3.529296875
3.0234375
2.9736328125
3.083984375
3.146484375
2.759765625
2.9423828125
2.681640625
2.740234375
3.201171875
2.8720703125
2.5732421875
2.650390625
2.875
2.544921875
3.4521484375
3.1123046875
3.3740234375
3.5625
2.9345703125
2.5234375
2.669921875
2.8896484375
2.7890625
2.9541015625
2.4951171875
2.986328125
3.203125
3.0703125
3.0888671875
2.7919921875
2.8701171875
3.2353515625
3.2734375
2.2294921875
3.0302734375
3.2705078125
3.0888671875
2.966796875
3.0419921875
2.490234375
3.2158203125
3.0107421875
2.8759765625
2.9482421875
2.728515625
2.396484375
3.41015625
3.1982421875
2.7451171875
2.65625
3.1328125
2.5224609375
2.447265625
3.2939453125
2.80859375
2.916015625
2.580078125
3.125
3.20703125
3.1572265625
2.9208984375
2.99609375
3.078125
2.8701171875
3.109375
2.974609375
2.9580078125
3.14453125
2.8994140625
3.0859375
2.8408203125
2.5087890625
2.8388671875
3.1240234375
2.9853515625
2.810546875
2.9736328125
3.0908203125
2.6904296875
2.7578125
2.970703125
2.236328125
3.1025390625
3.064453125
3.009765625
2.7626953125
3.2607421875
2.7138671875
3.3203125
2.9736328125
2.955078125
2.52734375
2.9501953125
2.853515625
2.892578125
2.759765625
3.0849609375
3.068359375
2.6220703125
3.205078125
3.337890625
3.146484375
2.9501953125
2.8369140625
2.6162109375
3.3837890625
3.142578125
2.70703125
3.3759765625
2.794921875
2.9423828125
3.0576171875
2.96484375
2.939453125
2.60546875
2.666015625
2.513671875
3.126953125
2.33203125
3.0712890625
3.3154296875
2.591796875
2.9521484375
3.1904296875
2.8642578125
3.21875
2.56640625
3.2392578125
2.4267578125
2.6552734375
3.21484375
3.724609375
2.302734375
2.923828125
3.0517578125
2.9765625
2.9296875
2.9970703125
3.2314453125
2.9453125
2.9775390625
2.755859375
2.9482421875
3.119140625
2.841796875
2.9638671875
3.2568359375
2.763671875
2.94921875
3.1396484375
2.88671875
2.53515625
2.7802734375
2.7724609375
2.7978515625
