3.0322265625
3.0322265625
2.9794921875
3.4931640625
3.2666015625
3.09375
2.751953125
2.8232421875
2.75
3.2001953125
3.10546875
3.4326171875
2.5302734375
2.9580078125
3.0107421875
3.056640625
3.3564453125
3.3388671875
2.8310546875
3.0615234375
2.951171875
2.6669921875
3.3017578125
3.314453125
2.568359375
3.142578125
3.2412109375
2.62890625
3.490234375
3.02734375
2.927734375
2.72265625
3.427734375
3.3232421875
2.7890625
2.7734375
3.3369140625
3.01953125
2.80078125
3.0263671875
3.099609375
2.9658203125
3.0390625
3.3154296875
3.236328125
3.0458984375
2.6044921875
2.828125
3.09765625
3.36328125
2.7099609375
2.7587890625
2.90625
2.6435546875
3.0498046875
3.3056640625
3.1669921875
3.162109375
2.763671875
2.9599609375
3.3740234375
2.8837890625
2.8408203125
2.9931640625
2.8076171875
3.1083984375
3.33203125
3.1259765625
3.1328125
2.8037109375
2.6162109375
3.119140625
2.9541015625
2.8076171875
2.5537109375
2.828125
2.916015625
3.2041015625
3.162109375
2.84765625
2.826171875
3.1240234375
2.4228515625
3.4951171875
3.1201171875
2.5087890625
2.9375
2.9189453125
3.1162109375
3.1904296875
3.40234375
2.72265625
3.095703125
3.029296875
2.6318359375
2.9033203125
2.4443359375
2.7353515625
2.9521484375
3.1328125
3.671875
3.3154296875
3.1337890625
3.376953125
2.841796875
3.1416015625
2.84375
3.369140625
2.1865234375
3.3349609375
3.0087890625
3.1650390625
3.1640625
3.4375
3.36328125
3.0751953125
2.765625
2.765625
3.291015625
3.2265625
3.1826171875
3.0029296875
3.1865234375
2.9638671875
2.7734375
3.3486328125
3.3291015625
3.1865234375
2.7216796875
2.7646484375
3.158203125
2.873046875
2.8056640625
3.0029296875
2.8271484375
2.541015625
3.044921875
2.9541015625
2.5517578125
2.4423828125
2.5478515625
3.0419921875
2.763671875
2.97265625
2.6279296875
2.33203125
2.9580078125
3.0576171875
2.8212890625
3.240234375
2.84375
2.994140625
2.85546875
3.0224609375
3.091796875
2.93359375
2.9365234375
3.0341796875
3.28125
3.365234375
2.9453125
3.021484375
2.568359375
3.3076171875
2.609375
3.236328125
2.2373046875
3.2958984375
3.2109375
2.9775390625
2.8583984375
2.3330078125
2.794921875
3.0302734375
2.462890625
3.1416015625
3.0048828125
3.017578125
2.87109375
2.8515625
3.07421875
2.978515625
3.001953125
2.6572265625
2.994140625
3.1171875
2.4453125
3.21875
2.4375
3.28125
3.0947265625
2.685546875
2.8369140625
2.8740234375
3.10546875
2.712890625
2.787109375
2.96875
3.12890625
2.73828125
2.8857421875
3.23828125
3.2734375
2.9619140625
2.94140625
2.958984375
2.9501953125
2.912109375
3.0048828125
3.337890625
3.23828125
2.46875
2.505859375
2.9541015625
2.765625
3.1982421875
2.9873046875
3.091796875
2.96484375
3.173828125
3.052734375
2.861328125
2.900390625
3.4853515625
2.9453125
3.1162109375
2.8369140625
2.8642578125
3.0068359375
3.08984375
2.9306640625
2.9951171875
3.07421875
3.220703125
2.802734375
2.9072265625
2.984375
3.001953125
3.03515625
3.1826171875
2.728515625
2.9443359375
2.931640625
3.087890625
3.0478515625
2.912109375
2.73828125
2.61328125
3.3603515625
3.357421875
3.3466796875
3.107421875
3.21875
2.9072265625
2.759765625
3.142578125
2.9267578125
3.2412109375
2.8681640625
2.826171875
2.8291015625
2.744140625
3.2890625
2.390625
2.501953125
3.4462890625
2.533203125
3.14453125
3.240234375
2.9013671875
3.02734375
2.82421875
2.9912109375
2.8994140625
3.1650390625
2.9853515625
3.1435546875
2.8916015625
2.8583984375
3.162109375
3.0849609375
2.892578125
2.5185546875
2.58984375
3.791015625
2.7001953125
2.2119140625
2.939453125
2.9990234375
3.5380859375
2.7412109375
2.810546875
3.1298828125
2.982421875
2.5751953125
3.1923828125
3.3828125
2.7734375
3.158203125
2.5546875
2.9267578125
3.5458984375
3.7060546875
2.7880859375
2.8056640625
3.32421875
2.6875
3.0419921875
2.974609375
2.5283203125
3.1083984375
3.1708984375
2.8701171875
2.63671875
3.2001953125
3.3740234375
2.5302734375
2.638671875
3.0927734375
2.6328125
3.1494140625
2.77734375
3.166015625
2.9443359375
3.0576171875
3.0478515625
2.68359375
2.689453125
3.0107421875
2.849609375
2.3427734375
2.955078125
2.7197265625
2.3330078125
3.185546875
2.802734375
2.87109375
3.2158203125
2.9267578125
2.8408203125
3.2373046875
2.919921875
3.1533203125
3.23046875
3.3525390625
2.8662109375
2.62109375
3.015625
3.1416015625
3.6201171875
2.966796875
3.384765625
2.7490234375
2.8916015625
2.798828125
2.978515625
3.134765625
3.142578125
2.962890625
2.896484375
3.19921875
3.0166015625
3.1474609375
3.1865234375
3.326171875
2.6298828125
2.982421875
3.1552734375
2.5458984375
2.8056640625
2.7421875
2.619140625
2.9384765625
2.6982421875
2.3544921875
3.310546875
2.9775390625
2.958984375
2.677734375
3.4501953125
3.1982421875
2.931640625
2.7265625
2.998046875
3.025390625
2.71875
3.240234375
2.8291015625
3.12890625
3.05078125
2.744140625
2.8642578125
3.0
3.3828125
3.208984375
3.0693359375
3.0830078125
2.615234375
2.48828125
2.5078125
2.77734375
3.162109375
2.8955078125
3.1083984375
2.9248046875
3.376953125
3.5595703125
2.7109375
3.06640625
2.9619140625
2.6435546875
2.4736328125
3.017578125
3.0625
3.0224609375
2.736328125
3.1552734375
2.59375
3.0849609375
3.486328125
2.60546875
2.8349609375
3.0283203125
3.2021484375
3.02734375
2.810546875
2.697265625
3.1123046875
3.123046875
2.8974609375
3.033203125
3.0556640625
3.2392578125
3.2666015625
2.755859375
2.515625
2.927734375
2.6142578125
2.421875
2.9970703125
2.978515625
3.0810546875
2.9326171875
2.6044921875
3.37109375
3.3427734375
2.9267578125
2.9609375
2.9375
2.6015625
3.13671875
3.265625
3.0029296875
3.4091796875
3.0859375
2.8505859375
3.3798828125
2.884765625
3.2724609375
2.919921875
2.8203125
3.1552734375
2.3017578125
2.931640625
3.14453125
3.2275390625
3.1357421875
3.1796875
3.390625
2.90234375
3.4326171875
3.2626953125
3.2783203125
3.3154296875
3.3251953125
2.7509765625
3.5537109375
3.1318359375
2.5908203125
2.2939453125
2.8251953125
3.16796875
3.306640625
2.94921875
3.1923828125
2.630859375
3.2333984375
3.0615234375
2.919921875
3.36328125
2.9267578125
3.1904296875
2.9345703125
2.5908203125
3.095703125
3.048828125
2.8681640625
3.0615234375
2.7900390625
2.7451171875
3.26953125
2.46875
3.08203125
2.8154296875
2.7451171875
3.029296875
3.01953125
3.0224609375
2.8828125
3.1630859375
2.61328125
2.974609375
2.9375
2.91796875
2.9033203125
2.7822265625
2.7353515625
3.4697265625
2.390625
2.9169921875
2.5654296875
3.1953125
2.8076171875
2.599609375
2.9521484375
2.8134765625
2.9111328125
3.369140625
2.9521484375
2.4453125
2.7060546875
2.8662109375
3.091796875
2.787109375
3.0146484375
3.103515625
2.744140625
2.5166015625
2.2314453125
2.1943359375
2.7138671875
3.1708984375
3.0087890625
3.5498046875
2.869140625
3.15625
3.3232421875
3.2109375
3.6015625
2.7763671875
2.95703125
2.326171875
2.931640625
2.5302734375
2.5029296875
2.3955078125
2.9267578125
3.2685546875
3.119140625
2.8642578125
3.0625
2.6552734375
3.0439453125
2.654296875
2.8037109375
2.9482421875
2.76171875
2.3408203125
2.5390625
3.32421875
2.6005859375
2.607421875
2.7001953125
2.607421875
3.6787109375
2.7490234375
3.517578125
2.4482421875
3.5029296875
2.8916015625
2.9052734375
2.65625
2.908203125
3.0322265625
2.7724609375
2.8447265625
2.779296875
2.9560546875
2.8427734375
3.4404296875
2.8759765625
3.052734375
2.494140625
2.85546875
2.890625
2.888671875
3.0185546875
3.4921875
2.94140625
3.5732421875
2.7412109375
2.904296875
3.19140625
2.94140625
3.3125
3.2568359375
3.2099609375
3.1416015625
2.9365234375
2.72265625
2.1337890625
3.0302734375
3.548828125
3.0302734375
2.8740234375
2.9462890625
2.9169921875
3.6240234375
2.638671875
2.904296875
3.158203125
3.3447265625
3.30859375
2.8447265625
3.0341796875
2.734375
2.70703125
3.3310546875
2.9375
3.0078125
2.953125
3.5634765625
2.84765625
2.935546875
2.9765625
3.123046875
2.8515625
2.6279296875
4.025390625
2.6806640625
2.8251953125
2.87109375
2.28515625
2.8466796875
2.80078125
3.7138671875
3.1689453125
2.72265625
2.609375
3.513671875
3.0751953125
2.6025390625
3.294921875
2.767578125
2.595703125
3.134765625
3.3125
3.0888671875
2.796875
2.9306640625
3.3525390625
3.046875
3.2763671875
3.490234375
2.9599609375
2.751953125
3.0185546875
2.4619140625
2.4345703125
2.80859375
2.9375
3.0595703125
3.0927734375
2.4462890625
2.86328125
3.0888671875
3.17578125
2.857421875
3.3271484375
2.8046875
3.15234375
2.94921875
3.564453125
3.0380859375
2.859375
2.755859375
2.6904296875
3.5166015625
2.2412109375
3.390625
2.896484375
3.298828125
3.552734375
3.583984375
2.8095703125
3.4697265625
2.76171875
3.2890625
3.08984375
3.189453125
2.626953125
3.2060546875
3.076171875
3.177734375
3.052734375
3.4296875
2.4521484375
2.978515625
2.955078125
2.8154296875
2.5830078125
3.0517578125
2.806640625
3.220703125
3.595703125
3.34765625
3.1181640625
3.0966796875
3.40625
3.41796875
3.44140625
3.123046875
3.1171875
2.712890625
2.408203125
2.7060546875
2.615234375
2.5693359375
3.04296875
3.021484375
2.501953125
2.734375
2.6240234375
3.3212890625
3.1650390625
3.271484375
2.3154296875
3.01953125
3.1884765625
2.71484375
2.845703125
3.2802734375
2.859375
3.4228515625
3.2958984375
3.1962890625
3.0537109375
3.119140625
2.5478515625
3.259765625
2.91015625
3.015625
2.3564453125
3.0791015625
3.0302734375
2.7607421875
2.697265625
3.2646484375
3.10546875
3.6416015625
3.1806640625
2.9345703125
3.0634765625
2.7841796875
3.37109375
2.9208984375
3.220703125
2.66015625
2.6591796875
2.728515625
