0.3896331787109375
0.3896331787109375
0.3896331787109375
0.3896331787109375
0.3896331787109375
0.3317718505859375
0.227142333984375
0.3621826171875
0.2298431396484375
0.2963409423828125
0.2620391845703125
0.221954345703125
0.296356201171875
0.2476959228515625
0.237823486328125
0.300323486328125
0.2951202392578125
0.269927978515625
0.23406982421875
0.2302703857421875
0.2649688720703125
0.2440948486328125
0.222869873046875
0.332366943359375
0.3259124755859375
0.2640228271484375
0.2664337158203125
