2.7962493896484375
2.6840667724609375
2.6078948974609375
2.734893798828125
2.755462646484375
2.9362030029296875
2.6471405029296875
2.824249267578125
0.0173797607421875
0.0154876708984375
2.79071044921875
2.7034912109375
0.023223876953125
0.019073486328125
0.021881103515625
2.8981170654296875
2.655609130859375
0.01617431640625
0.0159454345703125
0.018890380859375
0.01837158203125
0.0158233642578125
0.015380859375
2.68316650390625
2.774566650390625
2.732086181640625
2.664337158203125
0.0200958251953125
0.022247314453125
2.7134857177734375
2.675689697265625
0.019561767578125
0.023284912109375
0.0160064697265625
0.0179901123046875
0.015869140625
2.673126220703125
2.7910614013671875
2.8328704833984375
2.722442626953125
2.9562835693359375
2.809967041015625
0.0191802978515625
0.0158233642578125
2.94635009765625
