1.7639617919921875
1.6985015869140625
1.606048583984375
1.7856903076171875
1.7945709228515625
1.92724609375
1.613555908203125
1.73712158203125
0.0104217529296875
0.0093231201171875
1.69677734375
1.6707305908203125
0.013946533203125
0.011444091796875
0.013092041015625
1.9417266845703125
1.72491455078125
0.00970458984375
0.0095977783203125
0.011322021484375
0.01104736328125
0.0094757080078125
0.00921630859375
1.6763153076171875
1.6962432861328125
1.78741455078125
1.6627044677734375
0.0120391845703125
0.013336181640625
1.6301727294921875
1.779541015625
0.011749267578125
0.013946533203125
0.0095977783203125
0.0107879638671875
0.009521484375
1.6784515380859375
1.7205810546875
1.8863067626953125
1.735504150390625
1.9018707275390625
1.7802886962890625
0.0114898681640625
0.0094757080078125
1.929351806640625
