17724789.0
3076050.0
1127724.0
581918.0
356716.0
239754.0
171450.0
129714.0
101239.0
80877.0
66379.0
55520.0
46487.0
40257.0
34608.0
30368.0
27020.0
23613.0
21530.0
18938.0
17263.0
15958.0
14291.0
13146.0
11938.0
11088.0
10299.0
9709.0
8886.0
8253.0
7740.0
7319.0
6957.0
6381.0
6086.0
5622.0
5503.0
5140.0
4861.0
4623.0
4608.0
4278.0
4055.0
3932.0
3692.0
3503.0
3349.0
3218.0
3097.0
3091.0
2828.0
2843.0
2655.0
2592.0
2505.0
2389.0
2360.0
2369.0
2193.0
2262.0
2081.0
2015.0
2016.0
1897.0
1771.0
1821.0
1789.0
1578.0
1552.0
1585.0
1536.0
1432.0
1474.0
1381.0
1260.0
1264.0
1198.0
1271.0
1279.0
1233.0
1213.0
1059.0
1110.0
1045.0
1034.0
1008.0
944.0
950.0
872.0
903.0
892.0
893.0
864.0
825.0
874.0
854.0
832.0
780.0
816.0
726.0
726.0
765.0
707.0
641.0
723.0
704.0
609.0
667.0
657.0
627.0
676.0
627.0
610.0
604.0
562.0
596.0
602.0
571.0
578.0
559.0
546.0
523.0
500.0
492.0
458.0
443.0
471.0
521.0
481.0
476.0
460.0
481.0
424.0
468.0
457.0
425.0
448.0
426.0
413.0
450.0
383.0
415.0
367.0
412.0
370.0
418.0
378.0
377.0
401.0
381.0
384.0
384.0
331.0
319.0
382.0
384.0
363.0
359.0
343.0
300.0
357.0
349.0
327.0
345.0
356.0
302.0
312.0
333.0
338.0
364.0
317.0
297.0
324.0
347.0
330.0
294.0
324.0
325.0
293.0
272.0
284.0
258.0
262.0
288.0
252.0
267.0
272.0
290.0
272.0
260.0
256.0
251.0
253.0
267.0
256.0
263.0
256.0
254.0
255.0
264.0
240.0
263.0
237.0
252.0
274.0
249.0
248.0
273.0
258.0
240.0
245.0
255.0
230.0
226.0
240.0
278.0
224.0
223.0
272.0
235.0
253.0
236.0
237.0
253.0
212.0
200.0
228.0
255.0
236.0
224.0
227.0
223.0
241.0
244.0
224.0
201.0
188.0
241.0
238.0
219.0
242.0
202.0
206.0
215.0
234.0
226.0
209.0
193.0
220.0
217.0
234.0
211.0
240.0
240.0
222.0
120.0
