44329821.0
7703545.0
2824611.0
1458629.0
888465.0
598213.0
429870.0
324996.0
253322.0
201610.0
165197.0
138916.0
117382.0
100499.0
86789.0
76526.0
67402.0
60240.0
53711.0
48622.0
43681.0
39964.0
36238.0
33682.0
30880.0
28113.0
26244.0
24460.0
23035.0
21497.0
19791.0
18652.0
17705.0
16381.0
15487.0
14850.0
14111.0
13138.0
12614.0
12131.0
11441.0
11086.0
10219.0
9873.0
9498.0
9225.0
8743.0
8561.0
8080.0
7919.0
7405.0
7103.0
7040.0
6735.0
6481.0
6369.0
6221.0
5997.0
5740.0
5487.0
5296.0
5320.0
5001.0
4843.0
4784.0
4597.0
4490.0
4219.0
4381.0
4190.0
4180.0
3999.0
3831.0
3834.0
3699.0
3526.0
3592.0
3425.0
3417.0
3196.0
3275.0
3111.0
3138.0
3071.0
2962.0
2944.0
2791.0
2824.0
2779.0
2722.0
2766.0
2698.0
2640.0
2649.0
2482.0
2568.0
2621.0
2423.0
2481.0
2396.0
2435.0
2399.0
2387.0
2430.0
2363.0
2389.0
2246.0
2285.0
2261.0
2213.0
2273.0
2214.0
2246.0
2232.0
2165.0
2275.0
2232.0
2235.0
2199.0
2154.0
2236.0
2146.0
2139.0
2121.0
2109.0
2202.0
2069.0
998.0
