44326785.0
7705840.0
2825825.0
1458182.0
889825.0
598844.0
431167.0
324864.0
252762.0
202474.0
165560.0
139124.0
117071.0
100624.0
87466.0
76700.0
67396.0
60476.0
53367.0
48746.0
43968.0
39595.0
36425.0
33381.0
30739.0
28579.0
26182.0
24642.0
22814.0
21254.0
20234.0
18521.0
17683.0
16517.0
15705.0
14930.0
14141.0
13125.0
12408.0
12005.0
11560.0
11018.0
10367.0
9996.0
9709.0
9231.0
8745.0
8592.0
8248.0
7901.0
7440.0
7426.0
7078.0
6828.0
6664.0
6529.0
6169.0
6127.0
5583.0
5620.0
5313.0
5363.0
5186.0
5076.0
4847.0
4670.0
4567.0
4525.0
4398.0
4275.0
4124.0
4103.0
4083.0
3956.0
3938.0
3642.0
3616.0
3733.0
3672.0
3486.0
3369.0
3358.0
3315.0
3200.0
3033.0
3113.0
3044.0
2936.0
2897.0
2899.0
2797.0
2721.0
2798.0
2714.0
2557.0
2557.0
2598.0
2441.0
2512.0
2397.0
2478.0
2456.0
2356.0
2272.0
2337.0
2329.0
2321.0
2311.0
2351.0
2239.0
2240.0
2201.0
2301.0
2172.0
2122.0
2079.0
2172.0
2264.0
2103.0
2140.0
2070.0
2047.0
1979.0
1996.0
1946.0
2025.0
2032.0
1053.0
