186647934.0
17627249.0
6004997.0
2690627.0
1439149.0
865266.0
566173.0
393019.0
285818.0
213943.0
166840.0
132815.0
107537.0
88358.0
74057.0
62012.0
52933.0
45666.0
39667.0
35110.0
30866.0
27450.0
24555.0
22064.0
19944.0
18446.0
16586.0
15486.0
14083.0
13071.0
11772.0
10836.0
10037.0
9369.0
8724.0
8147.0
7694.0
7226.0
6655.0
6224.0
5840.0
5622.0
5196.0
4986.0
4721.0
4363.0
4289.0
4054.0
3866.0
3435.0
3500.0
3310.0
3138.0
2977.0
3061.0
2881.0
2689.0
2843.0
2455.0
2420.0
2572.0
2325.0
2284.0
2108.0
2079.0
2011.0
1885.0
1820.0
1778.0
1692.0
1679.0
1604.0
1521.0
1442.0
1438.0
1408.0
1446.0
1353.0
1324.0
1359.0
1331.0
1219.0
1240.0
1243.0
1163.0
1203.0
1142.0
1175.0
1139.0
1116.0
964.0
1004.0
976.0
958.0
1006.0
929.0
902.0
924.0
927.0
887.0
864.0
851.0
827.0
787.0
749.0
754.0
793.0
791.0
808.0
766.0
742.0
718.0
764.0
689.0
674.0
688.0
762.0
703.0
689.0
709.0
736.0
679.0
656.0
716.0
710.0
709.0
670.0
338.0
