74056134.0
6965283.0
2366556.0
1059452.0
565399.0
340192.0
221215.0
153570.0
111703.0
83925.0
64855.0
51197.0
41610.0
34435.0
28853.0
24133.0
20686.0
17712.0
15591.0
13708.0
12006.0
10758.0
9550.0
8543.0
7846.0
7119.0
6539.0
5821.0
5593.0
5005.0
4562.0
4245.0
3980.0
3723.0
3371.0
3129.0
3112.0
2888.0
2537.0
2427.0
2288.0
2172.0
1998.0
1911.0
1760.0
1722.0
1668.0
1572.0
1478.0
1320.0
1314.0
1240.0
1205.0
1164.0
1208.0
1133.0
1064.0
1014.0
1041.0
934.0
898.0
865.0
856.0
785.0
792.0
826.0
742.0
718.0
692.0
643.0
634.0
592.0
568.0
569.0
539.0
518.0
492.0
464.0
490.0
471.0
450.0
418.0
427.0
421.0
358.0
389.0
417.0
384.0
324.0
350.0
327.0
342.0
310.0
283.0
312.0
273.0
299.0
309.0
287.0
296.0
254.0
241.0
250.0
240.0
263.0
238.0
241.0
237.0
244.0
271.0
213.0
198.0
207.0
186.0
194.0
203.0
187.0
196.0
188.0
185.0
197.0
161.0
186.0
176.0
150.0
160.0
161.0
162.0
135.0
123.0
150.0
134.0
140.0
113.0
119.0
143.0
131.0
136.0
143.0
135.0
122.0
121.0
111.0
119.0
120.0
124.0
122.0
102.0
97.0
108.0
99.0
125.0
108.0
98.0
128.0
103.0
91.0
113.0
100.0
90.0
78.0
103.0
94.0
87.0
77.0
74.0
102.0
87.0
84.0
79.0
89.0
79.0
92.0
79.0
107.0
93.0
80.0
84.0
80.0
93.0
72.0
83.0
76.0
93.0
82.0
90.0
84.0
69.0
62.0
85.0
72.0
79.0
57.0
65.0
63.0
68.0
79.0
103.0
75.0
80.0
83.0
77.0
89.0
47.0
83.0
63.0
65.0
76.0
77.0
71.0
66.0
67.0
55.0
75.0
69.0
69.0
66.0
70.0
68.0
74.0
79.0
72.0
53.0
64.0
69.0
65.0
70.0
72.0
55.0
75.0
59.0
58.0
48.0
63.0
55.0
63.0
57.0
46.0
69.0
58.0
50.0
68.0
45.0
45.0
58.0
63.0
73.0
59.0
67.0
96.0
83.0
74.0
68.0
67.0
83.0
35.0
