17727716.0
3077915.0
1128919.0
581390.0
354828.0
238346.0
170763.0
129185.0
100748.0
80425.0
65692.0
55258.0
46037.0
39843.0
34904.0
30566.0
26978.0
23891.0
21249.0
19111.0
17078.0
15864.0
14454.0
13134.0
11986.0
11364.0
10240.0
9474.0
9035.0
8274.0
7842.0
7129.0
6714.0
6583.0
5960.0
5882.0
5416.0
5180.0
4959.0
4583.0
4440.0
4374.0
4085.0
3869.0
3644.0
3569.0
3399.0
3229.0
3254.0
3114.0
2916.0
2820.0
2752.0
2642.0
2499.0
2436.0
2424.0
2290.0
2091.0
2136.0
2061.0
1980.0
1858.0
1850.0
1775.0
1691.0
1668.0
1625.0
1530.0
1498.0
1361.0
1391.0
1286.0
1348.0
1328.0
1342.0
1225.0
1199.0
1178.0
1237.0
1082.0
1145.0
1086.0
1069.0
1122.0
1033.0
1047.0
947.0
963.0
881.0
892.0
911.0
870.0
851.0
848.0
859.0
830.0
794.0
746.0
792.0
749.0
714.0
743.0
786.0
766.0
661.0
697.0
690.0
685.0
635.0
639.0
636.0
603.0
600.0
583.0
564.0
579.0
562.0
575.0
540.0
532.0
528.0
556.0
510.0
516.0
464.0
443.0
476.0
455.0
446.0
480.0
449.0
479.0
436.0
440.0
453.0
440.0
423.0
441.0
414.0
391.0
370.0
370.0
361.0
422.0
360.0
360.0
340.0
344.0
389.0
389.0
397.0
346.0
348.0
314.0
309.0
317.0
317.0
364.0
335.0
350.0
320.0
312.0
338.0
356.0
313.0
319.0
337.0
337.0
300.0
295.0
326.0
301.0
273.0
263.0
270.0
289.0
322.0
306.0
265.0
272.0
269.0
237.0
278.0
272.0
256.0
252.0
255.0
254.0
234.0
229.0
224.0
240.0
242.0
258.0
233.0
211.0
239.0
237.0
241.0
251.0
250.0
238.0
238.0
234.0
232.0
226.0
255.0
239.0
195.0
225.0
218.0
247.0
221.0
242.0
233.0
244.0
215.0
229.0
226.0
233.0
220.0
256.0
222.0
205.0
204.0
234.0
220.0
205.0
214.0
191.0
221.0
174.0
176.0
207.0
188.0
205.0
194.0
185.0
192.0
208.0
206.0
224.0
188.0
215.0
243.0
216.0
226.0
204.0
218.0
206.0
224.0
231.0
219.0
224.0
117.0
