74196563.0
6983404.0
2373678.0
1061931.0
567147.0
342063.0
222631.0
154282.0
111993.0
84847.0
65745.0
52708.0
42048.0
34508.0
29220.0
24254.0
20806.0
18185.0
15686.0
13811.0
12230.0
10736.0
9496.0
8721.0
7964.0
7145.0
6487.0
5883.0
5343.0
5053.0
4560.0
4286.0
3912.0
3574.0
3296.0
3194.0
3008.0
2796.0
2807.0
2525.0
2355.0
2306.0
2049.0
1907.0
1872.0
1811.0
1698.0
1561.0
1584.0
1481.0
1375.0
1371.0
1327.0
1236.0
1179.0
1100.0
1086.0
1013.0
1009.0
965.0
947.0
875.0
819.0
788.0
704.0
749.0
725.0
710.0
654.0
636.0
609.0
668.0
648.0
611.0
549.0
559.0
520.0
566.0
508.0
521.0
505.0
443.0
444.0
439.0
417.0
480.0
427.0
439.0
400.0
425.0
416.0
375.0
335.0
347.0
294.0
327.0
312.0
302.0
268.0
298.0
277.0
305.0
287.0
248.0
268.0
252.0
258.0
248.0
229.0
234.0
211.0
237.0
225.0
198.0
208.0
201.0
198.0
201.0
189.0
199.0
226.0
170.0
188.0
169.0
174.0
147.0
175.0
167.0
163.0
166.0
146.0
135.0
147.0
141.0
150.0
128.0
124.0
135.0
163.0
136.0
143.0
139.0
132.0
132.0
140.0
136.0
127.0
126.0
119.0
124.0
140.0
149.0
127.0
97.0
134.0
115.0
105.0
109.0
96.0
107.0
91.0
103.0
102.0
91.0
97.0
108.0
102.0
77.0
72.0
91.0
78.0
66.0
64.0
91.0
86.0
74.0
77.0
77.0
83.0
76.0
84.0
88.0
83.0
78.0
70.0
85.0
84.0
90.0
90.0
79.0
86.0
78.0
92.0
79.0
88.0
96.0
90.0
112.0
99.0
83.0
96.0
75.0
59.0
56.0
70.0
79.0
72.0
76.0
76.0
88.0
73.0
79.0
65.0
75.0
96.0
82.0
70.0
82.0
84.0
58.0
52.0
62.0
63.0
52.0
71.0
75.0
49.0
62.0
73.0
58.0
48.0
50.0
37.0
44.0
45.0
69.0
43.0
54.0
50.0
43.0
45.0
52.0
40.0
46.0
61.0
38.0
42.0
54.0
52.0
46.0
60.0
63.0
51.0
46.0
49.0
24.0
