14486908.0
2289495.0
746248.0
356202.0
206993.0
133951.0
93577.0
68142.0
51684.0
40948.0
33059.0
26682.0
22196.0
18930.0
16107.0
13744.0
12152.0
10709.0
9444.0
8461.0
7689.0
7013.0
6160.0
5870.0
5276.0
4683.0
4474.0
4086.0
3699.0
3487.0
3234.0
3004.0
2724.0
2660.0
2401.0
2346.0
2218.0
2063.0
1895.0
1827.0
1708.0
1733.0
1640.0
1527.0
1403.0
1435.0
1366.0
1238.0
1262.0
1085.0
1180.0
1069.0
1040.0
1079.0
1007.0
949.0
890.0
819.0
818.0
727.0
730.0
692.0
668.0
672.0
616.0
632.0
630.0
585.0
590.0
584.0
570.0
567.0
511.0
475.0
479.0
452.0
468.0
428.0
425.0
369.0
380.0
378.0
372.0
349.0
356.0
380.0
370.0
361.0
337.0
342.0
326.0
306.0
323.0
330.0
318.0
334.0
260.0
288.0
282.0
277.0
270.0
298.0
232.0
237.0
234.0
239.0
251.0
261.0
237.0
274.0
248.0
225.0
252.0
258.0
207.0
250.0
239.0
223.0
230.0
200.0
231.0
240.0
262.0
239.0
220.0
224.0
228.0
117.0
