5691186.0
895023.0
289609.0
138618.0
79601.0
51293.0
36069.0
26174.0
19965.0
15761.0
12750.0
10277.0
8684.0
7312.0
6257.0
5275.0
4778.0
4130.0
3637.0
3227.0
2986.0
2550.0
2352.0
2203.0
1861.0
1797.0
1696.0
1556.0
1444.0
1341.0
1126.0
1068.0
1016.0
973.0
898.0
810.0
748.0
796.0
727.0
622.0
613.0
562.0
586.0
551.0
503.0
476.0
495.0
445.0
452.0
410.0
383.0
369.0
369.0
377.0
343.0
320.0
327.0
342.0
321.0
298.0
281.0
272.0
259.0
255.0
258.0
206.0
231.0
201.0
208.0
197.0
195.0
201.0
186.0
160.0
152.0
172.0
142.0
147.0
164.0
167.0
141.0
128.0
135.0
134.0
123.0
121.0
115.0
129.0
100.0
94.0
111.0
106.0
109.0
86.0
89.0
99.0
83.0
87.0
92.0
89.0
80.0
78.0
80.0
84.0
78.0
82.0
79.0
64.0
78.0
89.0
93.0
77.0
67.0
72.0
80.0
67.0
66.0
77.0
58.0
65.0
61.0
61.0
56.0
53.0
68.0
60.0
43.0
59.0
50.0
35.0
55.0
42.0
37.0
42.0
44.0
53.0
40.0
47.0
55.0
48.0
38.0
33.0
38.0
23.0
28.0
35.0
36.0
36.0
34.0
37.0
35.0
33.0
38.0
21.0
46.0
26.0
34.0
34.0
33.0
43.0
36.0
29.0
18.0
37.0
25.0
19.0
33.0
16.0
31.0
26.0
28.0
16.0
29.0
20.0
21.0
32.0
28.0
29.0
29.0
22.0
23.0
18.0
22.0
28.0
22.0
20.0
21.0
22.0
16.0
17.0
22.0
12.0
14.0
19.0
24.0
18.0
31.0
25.0
27.0
33.0
23.0
23.0
19.0
16.0
18.0
24.0
16.0
22.0
23.0
18.0
14.0
23.0
22.0
16.0
13.0
16.0
14.0
16.0
20.0
28.0
18.0
21.0
24.0
20.0
23.0
19.0
26.0
21.0
15.0
19.0
18.0
19.0
20.0
12.0
12.0
16.0
13.0
12.0
7.0
13.0
6.0
16.0
13.0
18.0
19.0
12.0
14.0
16.0
11.0
15.0
18.0
12.0
18.0
22.0
21.0
10.0
