222457236.0
23835579.0
9367515.0
4697721.0
2749710.0
1775870.0
1230500.0
896855.0
680787.0
531390.0
424961.0
348058.0
289755.0
243828.0
207700.0
179443.0
155652.0
136936.0
121365.0
108682.0
97244.0
87241.0
79197.0
71834.0
65200.0
59899.0
55292.0
50631.0
47652.0
43973.0
40807.0
38448.0
35865.0
33496.0
31509.0
29375.0
27656.0
25949.0
25031.0
23131.0
22027.0
21090.0
19973.0
19373.0
18141.0
17202.0
16375.0
15805.0
14921.0
14707.0
13820.0
13238.0
12822.0
12156.0
11968.0
11591.0
11093.0
10570.0
10255.0
9924.0
9547.0
9373.0
9178.0
8799.0
8534.0
8331.0
8103.0
7968.0
7652.0
7434.0
7229.0
7321.0
6990.0
6870.0
6612.0
6569.0
6297.0
6101.0
6013.0
5809.0
5672.0
5756.0
5736.0
5285.0
5196.0
5005.0
5097.0
5106.0
4933.0
4818.0
4750.0
4653.0
4547.0
4491.0
4444.0
4368.0
4151.0
4311.0
4098.0
4159.0
4041.0
4036.0
4050.0
3977.0
3983.0
3942.0
3878.0
3827.0
3917.0
3757.0
3844.0
3723.0
3751.0
3628.0
3703.0
3495.0
3564.0
3583.0
3736.0
3593.0
3554.0
3549.0
3544.0
3568.0
3557.0
3509.0
3460.0
1659.0
