1.8589591979980469
2.0489349365234375
2.077625274658203
2.0760955810546875
2.1655044555664062
2.3906478881835938
2.0243568420410156
2.1989059448242188
1.8670158386230469
2.2002906799316406
1.5815010070800781
2.0135231018066406
2.0908660888671875
2.056957244873047
2.1319122314453125
2.212047576904297
1.9309463500976562
2.0140762329101562
2.072418212890625
2.4339981079101562
2.1844558715820312
2.2552261352539062
1.9559898376464844
1.8011322021484375
2.4691162109375
1.6489143371582031
2.172649383544922
2.5458908081054688
2.4173965454101562
1.9554977416992188
2.0602149963378906
2.103118896484375
2.148834228515625
1.8406753540039062
2.2979812622070312
2.3313217163085938
2.1509971618652344
2.065998077392578
1.8644561767578125
2.1387710571289062
1.8206138610839844
2.1940345764160156
2.3808822631835938
1.8860855102539062
2.0515098571777344
1.8595809936523438
2.0821571350097656
1.9749221801757812
2.500629425048828
1.9331207275390625
1.9242019653320312
2.0773468017578125
2.4327468872070312
2.162891387939453
2.0697097778320312
1.8617630004882812
1.8935813903808594
2.1603317260742188
1.97314453125
2.0594711303710938
1.9792289733886719
2.2168617248535156
2.1485633850097656
1.6305732727050781
2.2134857177734375
2.0895309448242188
1.9130516052246094
2.244525909423828
1.5800552368164062
2.1100234985351562
2.043346405029297
1.9379119873046875
2.3749465942382812
2.2777328491210938
2.082916259765625
2.1399078369140625
2.0448036193847656
2.0865020751953125
2.251117706298828
1.9496116638183594
2.0920448303222656
2.228118896484375
2.385791778564453
1.7391891479492188
2.0158767700195312
2.5772552490234375
2.0592803955078125
2.223651885986328
2.0346145629882812
2.063762664794922
2.222881317138672
1.8477935791015625
2.1198463439941406
1.9661178588867188
2.2290611267089844
2.212169647216797
2.1326637268066406
1.9886741638183594
2.1106719970703125
1.6565170288085938
1.9175300598144531
1.9965553283691406
1.85833740234375
2.3169326782226562
1.9847526550292969
2.154834747314453
1.8780860900878906
2.440502166748047
2.1690826416015625
2.1960525512695312
2.0350799560546875
1.9231605529785156
2.3610877990722656
1.9618034362792969
2.340930938720703
2.280681610107422
2.3891448974609375
2.2508697509765625
1.61846923828125
1.7453727722167969
2.0896682739257812
1.8380889892578125
2.139373779296875
2.1065101623535156
2.1289520263671875
1.9314765930175781
2.036479949951172
1.9415855407714844
1.8013572692871094
1.9171371459960938
2.3001861572265625
2.1574935913085938
1.8555374145507812
1.8048744201660156
2.1764373779296875
1.8633956909179688
1.8704643249511719
1.5858879089355469
1.7107353210449219
2.5003089904785156
2.2373695373535156
2.084735870361328
1.8159255981445312
2.0798721313476562
2.206523895263672
1.9649276733398438
2.6201438903808594
2.0731658935546875
1.9190864562988281
1.7174644470214844
1.9038810729980469
2.2756576538085938
1.7446365356445312
1.9066963195800781
2.0346908569335938
2.1569480895996094
1.9331893920898438
1.9262809753417969
2.060016632080078
2.4098052978515625
2.0359153747558594
2.1256256103515625
2.3692779541015625
2.5101890563964844
2.1690406799316406
1.8608932495117188
1.9097023010253906
2.3749122619628906
2.1067848205566406
1.5588912963867188
1.9217681884765625
2.2523345947265625
1.8626327514648438
2.3532791137695312
2.6192893981933594
1.8829727172851562
2.1329269409179688
2.2440948486328125
2.113292694091797
1.9746055603027344
1.929229736328125
2.5212478637695312
2.078197479248047
2.4147987365722656
2.3683547973632812
1.971588134765625
2.6600112915039062
2.0131263732910156
2.116924285888672
2.172832489013672
2.232624053955078
2.2972450256347656
2.4034652709960938
1.9004020690917969
1.9373970031738281
1.8922348022460938
2.793193817138672
2.3512916564941406
2.0802650451660156
2.5736045837402344
