0.667938232421875
0.4892997741699219
0.6786842346191406
0.4616279602050781
0.5265350341796875
0.43016815185546875
0.580810546875
0.5032768249511719
0.6228294372558594
0.5628433227539062
0.5741539001464844
0.4152336120605469
0.38735198974609375
0.335357666015625
0.5096359252929688
0.6196174621582031
0.3331756591796875
0.48938751220703125
0.7367362976074219
0.3659400939941406
0.4611549377441406
0.4952201843261719
0.8691062927246094
0.4936370849609375
0.42855072021484375
0.3492317199707031
0.46242523193359375
0.3889923095703125
0.3038063049316406
0.415679931640625
0.48027801513671875
0.4725494384765625
0.3768501281738281
0.6171875
0.3924140930175781
0.43538665771484375
0.7598152160644531
0.6121864318847656
0.34772491455078125
0.602935791015625
0.5402107238769531
0.4866905212402344
0.5645980834960938
0.45659637451171875
0.3652839660644531
0.8149299621582031
0.69061279296875
0.3688850402832031
0.2662239074707031
0.44654083251953125
0.7859878540039062
0.4715690612792969
0.6717300415039062
0.6576271057128906
0.6219367980957031
0.5073204040527344
0.5397567749023438
0.601806640625
0.5729789733886719
0.6230392456054688
0.40404510498046875
0.3416290283203125
0.3662376403808594
0.5198707580566406
0.6609764099121094
0.4095954895019531
0.49063873291015625
0.3457145690917969
0.5740509033203125
0.5498275756835938
0.7516365051269531
0.5051307678222656
0.39525604248046875
0.5522613525390625
0.3764381408691406
0.6118392944335938
0.5289230346679688
0.3886222839355469
0.3657417297363281
0.9746475219726562
0.7763175964355469
0.5032424926757812
0.7514572143554688
0.568267822265625
0.6692962646484375
0.5025901794433594
0.3698883056640625
0.559906005859375
0.34767913818359375
0.59039306640625
0.4022560119628906
0.6426963806152344
0.5138702392578125
0.5890007019042969
0.4214591979980469
0.6685371398925781
0.3250274658203125
0.2991752624511719
0.40234375
0.9139518737792969
0.5417747497558594
0.5330581665039062
0.6566581726074219
0.3984184265136719
0.7503166198730469
0.42565155029296875
0.479583740234375
0.5722808837890625
0.6323814392089844
0.478271484375
0.6856307983398438
0.7521934509277344
0.7998542785644531
0.5603561401367188
0.731048583984375
0.5597572326660156
0.4350318908691406
0.4666862487792969
0.37737274169921875
0.49616241455078125
0.6182060241699219
0.5114555358886719
0.3107337951660156
0.6345367431640625
0.7118453979492188
0.4019927978515625
0.4879608154296875
0.4884796142578125
0.9860992431640625
0.5271377563476562
0.3408317565917969
0.897674560546875
0.6230239868164062
0.3194236755371094
0.350128173828125
0.4376068115234375
0.5088729858398438
0.4481925964355469
0.567718505859375
0.5364723205566406
0.3940773010253906
0.5778961181640625
0.4789276123046875
0.3150177001953125
0.46947479248046875
0.5847892761230469
0.5108642578125
0.4268646240234375
0.3483467102050781
0.5957069396972656
0.3784446716308594
0.47795867919921875
0.3698921203613281
0.3794212341308594
0.5992622375488281
0.4853172302246094
0.5254783630371094
0.3783378601074219
0.4030418395996094
0.4063262939453125
0.50970458984375
0.556060791015625
0.7295417785644531
0.6826705932617188
0.5581932067871094
0.6132087707519531
0.5866127014160156
0.604522705078125
0.3121528625488281
0.5519599914550781
0.5412445068359375
0.4769134521484375
0.5406570434570312
0.3433685302734375
0.9599876403808594
0.4773216247558594
0.47600555419921875
0.592254638671875
0.5561141967773438
0.4155693054199219
0.5120658874511719
0.4033622741699219
0.4045066833496094
0.48268890380859375
0.3645591735839844
0.4338722229003906
0.3419151306152344
0.4260101318359375
0.3323631286621094
0.5985336303710938
0.4701080322265625
0.4603843688964844
0.5241050720214844
0.3476829528808594
0.377410888671875
0.58013916015625
0.5056304931640625
0.5697288513183594
0.3734016418457031
0.3869209289550781
