1.7919235229492188
2.433269500732422
2.755115509033203
2.6759185791015625
1.9843711853027344
2.5079498291015625
2.7194366455078125
2.462902069091797
2.808979034423828
2.492828369140625
2.013019561767578
2.107799530029297
2.250690460205078
2.1519203186035156
2.1804351806640625
2.2758865356445312
2.1697425842285156
2.795421600341797
2.256450653076172
2.3707237243652344
2.0686111450195312
2.4276046752929688
2.3204345703125
2.3161277770996094
2.49468994140625
2.0721511840820312
2.4804649353027344
2.117938995361328
2.444133758544922
2.3167495727539062
2.5398521423339844
2.0380592346191406
2.11163330078125
2.9162826538085938
2.390003204345703
2.164142608642578
2.1505508422851562
2.1125869750976562
2.1133346557617188
2.8578338623046875
1.9546585083007812
2.8557701110839844
2.220928192138672
2.573925018310547
2.373382568359375
2.3928184509277344
2.4618377685546875
2.178730010986328
2.2138900756835938
2.2864723205566406
2.131366729736328
1.995391845703125
2.2436065673828125
1.9381523132324219
2.5117874145507812
2.7104034423828125
2.065673828125
2.019805908203125
2.3826675415039062
2.6748580932617188
2.521728515625
2.2910842895507812
2.1161270141601562
2.50054931640625
2.4157752990722656
1.7714805603027344
2.0715408325195312
2.1347999572753906
2.0855484008789062
2.678363800048828
2.8191871643066406
1.9650688171386719
2.4667129516601562
2.5897369384765625
1.9571609497070312
2.780548095703125
2.9100875854492188
2.2394447326660156
2.5931777954101562
2.472442626953125
2.1642227172851562
2.5461502075195312
2.136993408203125
2.953655242919922
1.8663139343261719
2.5572166442871094
2.6979103088378906
2.3494796752929688
2.20794677734375
2.4788246154785156
2.4289207458496094
2.3412017822265625
2.572498321533203
2.6491546630859375
2.2835769653320312
2.1603736877441406
2.172626495361328
2.183910369873047
2.4202308654785156
2.2466659545898438
2.5472145080566406
2.089324951171875
2.5678749084472656
2.4342727661132812
2.2126083374023438
2.3387718200683594
1.812530517578125
2.1467056274414062
2.1848678588867188
1.8895492553710938
2.2307510375976562
2.644359588623047
2.1713294982910156
2.020099639892578
2.449615478515625
1.999908447265625
2.3118209838867188
2.2715415954589844
2.7408218383789062
2.441883087158203
2.1208572387695312
2.4801177978515625
2.1528892517089844
2.0746421813964844
2.1867103576660156
2.0239295959472656
2.4816970825195312
2.235736846923828
2.0917434692382812
2.3639373779296875
2.48590087890625
2.2873382568359375
2.3668136596679688
2.3014259338378906
2.1329193115234375
2.319976806640625
2.121257781982422
2.405792236328125
2.0858078002929688
1.7661247253417969
2.2477149963378906
2.114654541015625
2.0260238647460938
2.478485107421875
2.1024703979492188
2.015613555908203
2.311687469482422
2.088226318359375
2.0842018127441406
2.0191497802734375
1.9232711791992188
2.2650833129882812
2.4786949157714844
2.465789794921875
2.3265762329101562
2.2421836853027344
2.275390625
2.431598663330078
2.500476837158203
2.3406715393066406
2.3974380493164062
2.3390159606933594
2.288524627685547
2.1007919311523438
1.7916336059570312
2.2537918090820312
2.1604652404785156
2.2387771606445312
2.061328887939453
2.2861595153808594
2.2306900024414062
2.556133270263672
2.1416053771972656
2.028667449951172
2.2171249389648438
2.3411521911621094
2.38543701171875
2.4506874084472656
2.1829452514648438
1.8996086120605469
2.0682373046875
1.874359130859375
2.432098388671875
2.3583755493164062
1.8825569152832031
2.1525840759277344
3.048778533935547
2.5266265869140625
2.2936630249023438
2.3037452697753906
2.503692626953125
2.2120132446289062
2.249469757080078
2.0636253356933594
1.9368782043457031
2.5215682983398438
2.6202468872070312
2.0657310485839844
2.272777557373047
2.1631202697753906
