3.008636474609375
3.6426162719726562
3.3378257751464844
3.5933265686035156
3.953235626220703
3.9702110290527344
3.3585052490234375
3.773448944091797
3.142017364501953
3.9150428771972656
3.4661788940429688
3.574565887451172
4.090282440185547
3.3984832763671875
3.401397705078125
3.520954132080078
3.187244415283203
3.385852813720703
3.6485557556152344
3.5294113159179688
3.2994384765625
3.124462127685547
3.305217742919922
3.699138641357422
3.5563621520996094
3.2039108276367188
3.602996826171875
3.9658737182617188
3.1921119689941406
3.3024024963378906
3.450031280517578
3.502349853515625
3.5615005493164062
3.379169464111328
3.529857635498047
3.8333740234375
3.0052566528320312
3.4883155822753906
3.8234405517578125
3.1757049560546875
3.8200111389160156
3.564739227294922
3.2156143188476562
3.6239471435546875
3.272327423095703
3.5306472778320312
3.4731292724609375
3.419116973876953
3.681835174560547
3.3433685302734375
3.83270263671875
3.608348846435547
3.6956253051757812
3.341022491455078
3.2281532287597656
3.1206893920898438
3.8024559020996094
3.5518531799316406
3.0163497924804688
3.5100250244140625
3.73095703125
3.421428680419922
3.2168350219726562
3.5397796630859375
3.6906394958496094
3.407176971435547
3.1696701049804688
3.5465164184570312
3.9075851440429688
3.8738365173339844
3.016765594482422
3.129840850830078
3.687816619873047
3.2668495178222656
3.559295654296875
3.7880325317382812
3.113628387451172
3.3368568420410156
3.5137939453125
3.4023780822753906
3.7161331176757812
3.6048431396484375
3.733715057373047
3.8492202758789062
3.575519561767578
3.5024337768554688
3.8768844604492188
3.458972930908203
3.3982200622558594
3.323680877685547
3.724803924560547
3.9061508178710938
3.7404098510742188
3.882568359375
3.221271514892578
3.502086639404297
3.5890235900878906
3.4004974365234375
3.332233428955078
3.7270240783691406
3.2976341247558594
3.391521453857422
3.261383056640625
3.586597442626953
3.0862274169921875
3.3152198791503906
3.585102081298828
3.482769012451172
3.4191360473632812
3.4483871459960938
3.4107513427734375
3.0458412170410156
3.714588165283203
3.408306121826172
3.253021240234375
3.4718894958496094
3.702800750732422
3.5272979736328125
3.1403274536132812
3.2499732971191406
3.4080123901367188
3.4685516357421875
3.531909942626953
3.3535232543945312
3.3533058166503906
3.602649688720703
3.6643829345703125
4.073001861572266
3.4477920532226562
3.555980682373047
3.2005157470703125
3.3055191040039062
3.727191925048828
3.5530624389648438
3.4843101501464844
3.9274559020996094
4.087959289550781
3.4601898193359375
3.7758941650390625
3.753887176513672
3.621540069580078
3.2860984802246094
3.7347640991210938
3.5154647827148438
3.553752899169922
3.689464569091797
3.7728958129882812
3.5156517028808594
3.185100555419922
3.1161460876464844
3.7407608032226562
3.9813804626464844
3.558887481689453
3.8647003173828125
3.3335723876953125
3.4626388549804688
3.875732421875
3.5901107788085938
3.2101364135742188
3.78143310546875
3.8471336364746094
3.1802978515625
3.466632843017578
3.347431182861328
3.489215850830078
3.5334320068359375
3.6177749633789062
3.0267868041992188
3.1725997924804688
3.915996551513672
3.315296173095703
3.207286834716797
3.0295944213867188
3.556884765625
3.5823631286621094
3.5169830322265625
3.3976058959960938
3.6926307678222656
3.4687347412109375
3.810394287109375
3.7175674438476562
3.4834976196289062
3.31341552734375
3.495777130126953
3.4896011352539062
3.3346290588378906
3.5480079650878906
3.7988319396972656
3.4882850646972656
3.24981689453125
4.124053955078125
3.3269882202148438
3.226490020751953
3.3645591735839844
3.5146865844726562
3.6480026245117188
3.6736717224121094
3.3606529235839844
3.3610610961914062
3.6279563903808594
