2.0023117065429688
2.219684600830078
2.0236663818359375
1.4529037475585938
1.8259201049804688
1.9167823791503906
1.8164291381835938
1.7830696105957031
1.7045783996582031
2.1884689331054688
1.8832130432128906
1.6893234252929688
1.9587211608886719
1.9498252868652344
2.062549591064453
1.7611770629882812
1.641815185546875
1.7438125610351562
1.4851646423339844
1.8364982604980469
1.7653350830078125
1.537261962890625
1.7300949096679688
1.7537803649902344
1.6300315856933594
1.8347587585449219
1.9106597900390625
1.9406394958496094
2.1333961486816406
1.82989501953125
1.8141136169433594
2.311634063720703
1.8873214721679688
1.5721588134765625
1.801849365234375
1.6544532775878906
1.9924354553222656
2.19317626953125
2.2394561767578125
1.92529296875
1.7592849731445312
1.9475059509277344
1.9794769287109375
1.995269775390625
1.8077774047851562
1.742889404296875
1.8802032470703125
1.8867416381835938
1.8398399353027344
1.9911689758300781
2.054798126220703
1.9696388244628906
2.1309776306152344
1.5729103088378906
1.8137702941894531
1.7971878051757812
1.6316947937011719
1.5383682250976562
1.71209716796875
1.5320663452148438
1.7912101745605469
1.776580810546875
2.155254364013672
1.8708763122558594
1.3536262512207031
1.5732154846191406
1.8483619689941406
2.031036376953125
1.8994827270507812
1.6441993713378906
1.6102294921875
1.830047607421875
1.8013648986816406
1.7339935302734375
2.098114013671875
2.0839462280273438
2.0986099243164062
1.7644462585449219
1.6430091857910156
2.0889053344726562
1.734832763671875
1.8131866455078125
1.4945220947265625
2.0721092224121094
2.291942596435547
1.7078971862792969
1.4672279357910156
2.2912864685058594
1.6683731079101562
1.7530364990234375
1.7896041870117188
2.1612472534179688
1.5674781799316406
1.6485595703125
1.8291091918945312
1.8313446044921875
1.8342933654785156
1.6865959167480469
2.2657089233398438
1.5003204345703125
2.3872337341308594
1.8938140869140625
2.1008872985839844
1.5534858703613281
1.8969955444335938
1.5271339416503906
1.6850204467773438
1.3570632934570312
1.9827957153320312
1.9693374633789062
1.5348739624023438
1.6678466796875
1.8114471435546875
1.7517433166503906
2.094501495361328
1.8673210144042969
2.345104217529297
1.8088264465332031
1.8753738403320312
1.9081001281738281
2.232982635498047
1.9092025756835938
2.0941009521484375
1.634185791015625
1.7357177734375
1.8292808532714844
1.7826080322265625
1.7869338989257812
2.481983184814453
1.6973342895507812
1.6158294677734375
1.6930885314941406
2.1328392028808594
1.9189376831054688
1.8339614868164062
1.9876937866210938
1.3955078125
2.0461578369140625
2.152545928955078
2.225200653076172
1.8242111206054688
1.8467521667480469
1.8006057739257812
2.2072601318359375
1.5411643981933594
1.8452377319335938
1.5551643371582031
1.8520469665527344
1.7778511047363281
2.5860137939453125
2.0749244689941406
1.9268341064453125
1.9255752563476562
2.1419715881347656
1.6398887634277344
1.4470443725585938
2.1426658630371094
1.7448806762695312
1.638092041015625
1.8544769287109375
1.8358383178710938
2.0238800048828125
1.9402847290039062
1.7814521789550781
2.2246322631835938
1.5079612731933594
2.1976776123046875
1.6365318298339844
1.5443878173828125
1.7366943359375
2.010345458984375
2.0623397827148438
1.8307533264160156
2.3738555908203125
1.7370948791503906
1.9055824279785156
1.9412269592285156
1.9927291870117188
1.5347785949707031
1.8408966064453125
1.5636329650878906
1.545166015625
1.7113189697265625
1.5649223327636719
1.7058334350585938
2.1116485595703125
1.8311805725097656
1.507568359375
2.218280792236328
2.0059585571289062
2.4856910705566406
2.244770050048828
1.8259315490722656
2.1931495666503906
2.021636962890625
1.55511474609375
2.0787086486816406
1.9504318237304688
2.07464599609375
1.76275634765625
