1.0280799865722656
1.3552131652832031
1.3118133544921875
1.3455772399902344
1.4399299621582031
1.6152381896972656
1.2415657043457031
1.2738914489746094
1.184326171875
1.4573326110839844
0.8768272399902344
1.0943222045898438
1.1172027587890625
1.1131782531738281
1.24676513671875
1.3008651733398438
1.1831436157226562
1.2088546752929688
1.347198486328125
1.5563087463378906
1.2822456359863281
1.5585212707519531
1.215423583984375
1.0838127136230469
1.4484672546386719
0.8758430480957031
1.29864501953125
1.6993293762207031
1.464813232421875
1.1406097412109375
1.4828987121582031
1.3079872131347656
1.331451416015625
1.0073776245117188
1.5191497802734375
1.5690116882324219
1.3289642333984375
1.3921737670898438
1.0433502197265625
1.2287445068359375
1.0375022888183594
1.4037666320800781
1.6934242248535156
1.0204048156738281
1.1777076721191406
1.0347824096679688
1.3123893737792969
1.155426025390625
1.5619850158691406
1.0332260131835938
1.168853759765625
1.2761039733886719
1.4629020690917969
1.2805709838867188
1.2994537353515625
1.1763229370117188
1.2142715454101562
1.3846092224121094
1.2691001892089844
1.1592674255371094
1.0887489318847656
1.4007301330566406
1.3870468139648438
1.02569580078125
1.2715911865234375
1.1771049499511719
1.1472434997558594
1.3146896362304688
0.9111900329589844
1.1881904602050781
1.0810928344726562
1.0257415771484375
1.4769325256347656
1.404754638671875
1.292083740234375
1.103729248046875
1.2387237548828125
1.4001388549804688
1.3205223083496094
1.1488265991210938
1.1736297607421875
1.3293685913085938
1.4012413024902344
0.9184150695800781
1.2177200317382812
1.540924072265625
1.2362289428710938
1.3961944580078125
1.3026847839355469
1.3082847595214844
1.5448265075683594
1.1245994567871094
1.4286918640136719
1.2071304321289062
1.471405029296875
1.3520011901855469
1.3132476806640625
1.1647720336914062
1.3713645935058594
0.9023399353027344
1.1185340881347656
1.1942863464355469
0.9672660827636719
1.5870895385742188
1.1981048583984375
1.1748390197753906
1.1689910888671875
1.4981002807617188
1.4865379333496094
1.4715003967285156
1.3678131103515625
1.0828361511230469
1.52069091796875
1.1024208068847656
1.5120468139648438
1.496551513671875
1.4571647644042969
1.3220710754394531
1.0441856384277344
0.9094429016113281
1.1226844787597656
1.044097900390625
1.1961936950683594
1.2772140502929688
1.3369102478027344
1.1494903564453125
1.3151321411132812
1.1573028564453125
0.9844474792480469
1.1539688110351562
1.4385795593261719
1.4091377258300781
1.0873870849609375
0.9781379699707031
1.2887763977050781
1.0293426513671875
1.127960205078125
0.8338127136230469
0.9730911254882812
1.5628890991210938
1.4025688171386719
1.2255821228027344
1.0270195007324219
1.3763198852539062
1.4235572814941406
1.2156524658203125
1.6639900207519531
1.3227691650390625
1.2626190185546875
1.022430419921875
1.1257896423339844
1.4038658142089844
0.9453887939453125
1.0624237060546875
1.198394775390625
1.2802505493164062
1.1165809631347656
1.2541465759277344
1.2802391052246094
1.6445274353027344
1.169219970703125
1.4271430969238281
1.4817771911621094
1.4798011779785156
1.5528526306152344
1.0006904602050781
1.0690422058105469
1.5308036804199219
1.2075347900390625
0.8164329528808594
1.1392898559570312
1.2603836059570312
1.09466552734375
1.4646949768066406
1.9239311218261719
1.0202598571777344
1.2597312927246094
1.3252449035644531
1.4311866760253906
1.1679954528808594
1.1224708557128906
1.7859153747558594
1.2999382019042969
1.5347747802734375
1.6026535034179688
1.157623291015625
1.7663536071777344
1.1166305541992188
1.2895622253417969
1.4043006896972656
1.4538116455078125
1.4080657958984375
1.5729446411132812
1.0877952575683594
1.0226020812988281
1.1811561584472656
1.8170166015625
1.5392074584960938
1.3287620544433594
1.4395828247070312
