2.1336212158203125
2.1284828186035156
1.8595352172851562
3.0212249755859375
1.9166488647460938
2.3372879028320312
2.1015853881835938
2.5107574462890625
1.8723983764648438
2.0800209045410156
1.9031639099121094
1.9817390441894531
1.9104537963867188
1.9067115783691406
1.9228248596191406
1.948150634765625
2.1477584838867188
2.283924102783203
2.100719451904297
1.6201171875
2.2018966674804688
2.092082977294922
2.248126983642578
2.2412948608398438
2.106769561767578
2.4868125915527344
2.0065841674804688
2.1463775634765625
2.20269775390625
2.1621780395507812
2.081409454345703
1.8231163024902344
2.033245086669922
2.384441375732422
2.584186553955078
1.9710693359375
2.351837158203125
2.0119285583496094
1.7232017517089844
2.0740890502929688
2.2485084533691406
1.8080215454101562
1.8931198120117188
1.5371818542480469
1.9709014892578125
256.2205276489258
4.646209716796875
1.9244651794433594
1.8887863159179688
2.178691864013672
1.689117431640625
1.7730865478515625
2.092754364013672
2.387561798095703
1.8248977661132812
1.9832839965820312
2.060302734375
1.5233497619628906
2.2886314392089844
1.6740570068359375
2.397369384765625
1.8187522888183594
2.4763336181640625
2.0943374633789062
2.121368408203125
1.9218368530273438
2.0251617431640625
2.3904190063476562
2.2423133850097656
2.4473724365234375
2.2051239013671875
2.299938201904297
2.327861785888672
1.6691627502441406
1.9387474060058594
1.9025306701660156
1.7315940856933594
1.8678321838378906
2.577362060546875
1.9808998107910156
2.1153106689453125
1.8952255249023438
2.265552520751953
2.4098892211914062
1.9778060913085938
1.9520492553710938
2.301197052001953
2.186138153076172
1.9237747192382812
2.2638931274414062
2.2378768920898438
2.4804420471191406
2.0235061645507812
2.0339813232421875
1.4607391357421875
1.8714942932128906
1.8719520568847656
2.0168190002441406
2.4154930114746094
1.63519287109375
1.8476829528808594
2.0505104064941406
2.1563796997070312
2.231273651123047
2.251453399658203
2.5935211181640625
2.1505203247070312
2.21063232421875
1.7727088928222656
2.0940513610839844
1.7420845031738281
1.8491897583007812
1.9635238647460938
1.9901237487792969
2.176593780517578
2.192729949951172
2.0300025939941406
1.8408775329589844
2.347789764404297
2.1648826599121094
2.0838050842285156
1.9280967712402344
2.3764114379882812
2.4485855102539062
1.6445045471191406
2.2479019165039062
2.91131591796875
2.2919158935546875
2.2625770568847656
2.3984336853027344
2.17840576171875
2.4043807983398438
2.0474777221679688
2.1163291931152344
2.1151657104492188
1.9331893920898438
2.349700927734375
2.28131103515625
2.2467803955078125
1.8423614501953125
2.222423553466797
1.766632080078125
2.245800018310547
1.7436256408691406
1.8852615356445312
1.8483772277832031
1.9754104614257812
1.5924797058105469
2.2493438720703125
1.4330291748046875
1.8109664916992188
2.255077362060547
2.945964813232422
2.0517539978027344
2.196502685546875
2.3586807250976562
1.9907302856445312
1.8141937255859375
2.021869659423828
2.461883544921875
2.707202911376953
2.1807785034179688
2.4869728088378906
1.9308433532714844
2.3166046142578125
1.8239860534667969
1.9695701599121094
2.4051742553710938
2.306842803955078
2.2715530395507812
2.1811904907226562
1.9733314514160156
2.3875389099121094
2.060028076171875
1.6768074035644531
1.8690147399902344
2.4015426635742188
1.9261131286621094
1.95904541015625
2.403575897216797
1.8810310363769531
1.7672080993652344
2.4517059326171875
2.238384246826172
2.0714492797851562
1.8553504943847656
2.160503387451172
2.3398094177246094
1.9228858947753906
2.512054443359375
2.1079978942871094
2.234588623046875
1.8405799865722656
2.346881866455078
1.8991622924804688
2.4143218994140625
2.430866241455078
2.2166099548339844
1.9225730895996094
2.0871429443359375
