2.0883750915527344
2.23834228515625
1.9323081970214844
1.8345108032226562
2.280139923095703
2.504638671875
1.7567481994628906
1.7150230407714844
1.7774772644042969
2.2351531982421875
2.1065826416015625
1.966644287109375
2.0062217712402344
2.0965576171875
1.6649665832519531
1.9096488952636719
1.6903076171875
1.845916748046875
2.1836814880371094
2.114673614501953
1.9926071166992188
2.4577674865722656
1.8112716674804688
1.9190444946289062
2.272785186767578
2.2844390869140625
2.1231613159179688
1.8791275024414062
2.00457763671875
1.9109077453613281
2.3853302001953125
2.3670272827148438
1.9706649780273438
2.1923179626464844
2.2622451782226562
2.075214385986328
2.429718017578125
2.637531280517578
2.4400863647460938
1.74810791015625
2.2279281616210938
2.028667449951172
2.5616073608398438
2.5797042846679688
2.08526611328125
1.8251152038574219
1.6761550903320312
2.15771484375
1.8860816955566406
1.9749031066894531
2.2480430603027344
2.2737808227539062
1.8230628967285156
1.8749122619628906
1.8246841430664062
2.0245590209960938
2.4907150268554688
1.9144363403320312
2.1725311279296875
2.1855010986328125
1.8637657165527344
2.098346710205078
2.6609878540039062
1.8497848510742188
2.001171112060547
2.1751632690429688
1.93438720703125
2.112834930419922
2.13897705078125
2.4368743896484375
2.397918701171875
2.010692596435547
1.9982681274414062
1.7045440673828125
2.2469139099121094
2.4985694885253906
2.181690216064453
2.338825225830078
1.9140548706054688
2.1938705444335938
2.0117225646972656
2.0692481994628906
2.262451171875
2.126354217529297
2.3742141723632812
2.0032920837402344
2.111095428466797
1.8925132751464844
1.9975929260253906
2.1728134155273438
2.0626564025878906
1.9089241027832031
2.0331687927246094
1.8204345703125
1.9015274047851562
1.8594627380371094
2.325328826904297
1.7668800354003906
2.3128890991210938
2.4607887268066406
1.9785346984863281
1.7749252319335938
1.906524658203125
2.2509994506835938
1.9860877990722656
2.0119400024414062
1.9929351806640625
2.0839271545410156
2.1844520568847656
1.9902725219726562
2.066661834716797
1.8618011474609375
1.8523292541503906
2.304790496826172
2.762073516845703
2.0722732543945312
1.718017578125
2.482006072998047
2.009807586669922
1.9518928527832031
2.0896530151367188
2.138774871826172
1.9157752990722656
2.2538375854492188
2.035877227783203
2.1280288696289062
2.237110137939453
1.9468879699707031
1.9696922302246094
2.1552886962890625
2.162994384765625
1.894775390625
2.1832923889160156
2.2197799682617188
1.7938308715820312
2.4640045166015625
1.9387779235839844
2.266895294189453
2.075439453125
2.1747360229492188
2.1811447143554688
2.068817138671875
1.9554443359375
1.8181800842285156
2.7113113403320312
1.9459915161132812
1.6287422180175781
2.113494873046875
1.9190444946289062
2.213603973388672
2.2211265563964844
2.1721420288085938
2.080371856689453
1.9322967529296875
1.9241218566894531
2.427978515625
1.9615402221679688
2.4409141540527344
1.8235740661621094
2.323009490966797
1.9801025390625
2.0072593688964844
2.0082359313964844
2.152271270751953
1.7826309204101562
2.275074005126953
1.7919197082519531
1.5070266723632812
1.9980964660644531
1.9338874816894531
2.4274215698242188
2.0362815856933594
2.36932373046875
2.1247787475585938
1.8420906066894531
1.9579048156738281
1.8641510009765625
2.1399612426757812
1.9415397644042969
2.0961074829101562
1.9814949035644531
2.0383949279785156
2.0273704528808594
2.1917953491210938
1.9450759887695312
2.805889129638672
2.228199005126953
1.6979598999023438
2.4762535095214844
1.8622894287109375
2.0785903930664062
2.1407241821289062
2.0649375915527344
2.307117462158203
2.2650070190429688
2.0699920654296875
1.9627113342285156
2.343921661376953
1.9437294006347656
2.0789031982421875
