0.8504142761230469
0.9190177917480469
0.9726066589355469
0.9973106384277344
0.7779312133789062
0.7193222045898438
0.79949951171875
0.6475944519042969
0.891693115234375
0.7645721435546875
0.9590072631835938
1.24365234375
0.9482955932617188
1.1893119812011719
0.6851119995117188
1.352996826171875
0.870758056640625
0.8953018188476562
0.6862716674804688
0.8829116821289062
0.7007026672363281
0.7617073059082031
1.3624153137207031
1.0704269409179688
0.4935455322265625
0.9751472473144531
0.9758453369140625
1.0057830810546875
0.9414329528808594
0.7727127075195312
0.7758560180664062
1.1374626159667969
0.7566604614257812
0.8525543212890625
1.0156822204589844
1.2275199890136719
0.859710693359375
1.0761795043945312
1.0114326477050781
1.1258125305175781
1.092315673828125
0.5427513122558594
1.0104751586914062
0.7963447570800781
0.6881065368652344
0.9520797729492188
0.9088554382324219
0.8202781677246094
0.9215126037597656
0.7074813842773438
0.7793502807617188
0.8527908325195312
1.3894729614257812
0.9004478454589844
0.9264945983886719
0.6875572204589844
1.2780189514160156
1.0374374389648438
0.9588127136230469
0.9057846069335938
0.8069381713867188
0.9809913635253906
0.9811935424804688
0.5759925842285156
0.7783737182617188
0.8407478332519531
0.8683319091796875
0.8616752624511719
0.671142578125
0.9346694946289062
1.4507369995117188
0.6755294799804688
0.7728805541992188
0.8426055908203125
0.7013092041015625
1.0209159851074219
0.9355583190917969
0.9603309631347656
0.9457015991210938
0.6043701171875
0.9307823181152344
1.1216049194335938
0.9367866516113281
1.1244049072265625
0.8594779968261719
1.0504264831542969
0.9435806274414062
1.2841720581054688
0.9922904968261719
1.1619148254394531
0.6789741516113281
0.6735763549804688
0.6217117309570312
1.1655426025390625
1.0560836791992188
0.6795310974121094
1.0580329895019531
0.41558837890625
0.7467918395996094
0.9170761108398438
1.0631256103515625
0.5972328186035156
0.9492988586425781
0.7637176513671875
0.9321861267089844
0.9006462097167969
0.9545783996582031
0.8555412292480469
0.8615074157714844
0.8314018249511719
0.6154594421386719
0.7389183044433594
0.6133460998535156
0.5845184326171875
0.8385467529296875
1.0269927978515625
0.6719169616699219
1.1440353393554688
0.783538818359375
1.4267501831054688
0.8924980163574219
0.9729232788085938
0.7735061645507812
0.9685478210449219
1.09918212890625
1.3378143310546875
1.231658935546875
1.0637130737304688
0.7355842590332031
0.7712211608886719
1.0945968627929688
0.6857490539550781
1.3125152587890625
0.83447265625
0.9541664123535156
0.9952049255371094
0.9131813049316406
0.8152732849121094
0.8688392639160156
1.2436332702636719
1.1819648742675781
0.660888671875
1.0471611022949219
1.0327682495117188
0.9885902404785156
0.7688407897949219
0.7857627868652344
0.6033134460449219
0.9422073364257812
0.82843017578125
0.8625450134277344
1.1641731262207031
0.8861618041992188
1.04571533203125
0.9146881103515625
0.7354888916015625
0.7052536010742188
0.9132041931152344
0.9567413330078125
0.7942733764648438
0.6950531005859375
0.5689163208007812
1.3949737548828125
0.9112892150878906
0.6967964172363281
1.0589714050292969
0.7485389709472656
0.9463043212890625
1.07464599609375
0.9182167053222656
0.7461585998535156
0.8439674377441406
1.0481834411621094
1.1777305603027344
1.1311416625976562
0.9884223937988281
0.6614761352539062
1.0618972778320312
0.8248519897460938
1.0377616882324219
0.7864456176757812
1.1395530700683594
0.6750411987304688
0.7917137145996094
0.9961166381835938
0.8620033264160156
1.0427742004394531
0.598663330078125
0.80535888671875
0.9171218872070312
0.8932685852050781
0.7167129516601562
0.7320976257324219
0.7572555541992188
0.6640357971191406
1.5441970825195312
0.8057327270507812
0.8460350036621094
0.8268013000488281
1.1532745361328125
