0.9295196533203125
0.8100852966308594
1.0557174682617188
0.7682762145996094
0.8630142211914062
1.4050788879394531
0.7528533935546875
0.8668251037597656
0.8266677856445312
0.9276275634765625
0.9347724914550781
1.446563720703125
0.97760009765625
0.9776191711425781
0.9192390441894531
0.7288169860839844
0.8563232421875
1.1678085327148438
1.0309181213378906
0.9981536865234375
1.0910186767578125
0.9674263000488281
0.7482986450195312
0.667388916015625
0.8540191650390625
0.9992256164550781
0.7954864501953125
1.0561408996582031
0.7780418395996094
0.6412353515625
0.6993598937988281
0.7517929077148438
0.6083488464355469
1.1534690856933594
1.5545578002929688
0.9559249877929688
0.9869384765625
0.8112335205078125
0.7543296813964844
0.877777099609375
0.9580116271972656
1.4651565551757812
0.9870147705078125
1.2562675476074219
0.920166015625
1.2305068969726562
0.707427978515625
1.0441055297851562
1.103240966796875
1.5136184692382812
0.701019287109375
0.8426704406738281
1.2852897644042969
0.7533111572265625
0.7543106079101562
0.8236618041992188
0.9630622863769531
0.9510078430175781
0.9031982421875
0.7382850646972656
0.9748001098632812
1.2491683959960938
1.0252685546875
1.10186767578125
0.8645095825195312
0.8929710388183594
0.7143821716308594
1.0896148681640625
1.1580657958984375
0.7338790893554688
0.6869430541992188
0.9876174926757812
1.0061607360839844
0.8473701477050781
0.7997932434082031
1.304107666015625
0.93389892578125
0.9284553527832031
0.8255538940429688
0.9469070434570312
1.0689239501953125
1.0669021606445312
0.6552505493164062
0.7958488464355469
1.08465576171875
1.0616378784179688
0.747711181640625
1.1053504943847656
0.8242835998535156
1.2196578979492188
1.0330390930175781
1.152435302734375
0.8778152465820312
0.8917160034179688
0.8105888366699219
1.0520591735839844
0.8869667053222656
0.9726600646972656
1.3099784851074219
1.4688873291015625
0.9299201965332031
0.7087821960449219
0.7339134216308594
0.8003501892089844
1.0045661926269531
1.3771705627441406
0.7708511352539062
0.8155975341796875
0.8802413940429688
0.77056884765625
1.0527229309082031
0.7607498168945312
1.0339126586914062
0.7946434020996094
1.0276069641113281
0.9883575439453125
0.9190788269042969
0.9422225952148438
0.88116455078125
1.0966987609863281
1.1589698791503906
0.7333641052246094
0.9711494445800781
0.9684524536132812
1.036407470703125
0.8077888488769531
1.0326881408691406
0.9610099792480469
1.0236396789550781
0.828887939453125
0.6978416442871094
0.9504966735839844
0.6513786315917969
0.7688407897949219
0.8517684936523438
0.6912155151367188
0.69097900390625
0.8361663818359375
0.7394447326660156
0.75653076171875
1.0195846557617188
0.7513618469238281
0.8822593688964844
0.9326515197753906
0.7842292785644531
0.9024429321289062
0.9076499938964844
0.6951103210449219
0.6971473693847656
0.6716384887695312
1.2024993896484375
0.6205787658691406
0.8715896606445312
0.7900772094726562
0.7559318542480469
0.9162178039550781
0.9507598876953125
0.8378181457519531
1.0622711181640625
0.7923736572265625
0.9026947021484375
0.5752906799316406
0.9489784240722656
0.7472953796386719
1.1870574951171875
1.2038421630859375
0.7335929870605469
0.8815956115722656
0.8700485229492188
0.6844406127929688
0.5839805603027344
0.7114982604980469
1.1790733337402344
0.8138961791992188
0.6808242797851562
0.8578987121582031
1.2522506713867188
0.8415145874023438
0.8228836059570312
0.6895332336425781
0.8981857299804688
0.9962501525878906
0.6171035766601562
0.9844627380371094
0.82513427734375
1.5861663818359375
1.2692909240722656
1.304534912109375
0.9803962707519531
0.6310310363769531
1.108673095703125
1.0951995849609375
1.0416412353515625
1.2758255004882812
1.0037078857421875
1.1019172668457031
1.2458381652832031
1.2195930480957031
0.8540306091308594
1.4452438354492188
