1.9108848571777344
2.3223648071289062
2.3734588623046875
1.8540687561035156
2.7380638122558594
2.46685791015625
1.9209938049316406
1.6767807006835938
2.0765342712402344
2.0391921997070312
2.380847930908203
2.4652366638183594
2.3833084106445312
2.0350799560546875
2.3419189453125
2.0099830627441406
2.0892715454101562
2.490478515625
2.0800323486328125
1.95263671875
1.8506050109863281
1.8751220703125
2.0934791564941406
2.7411727905273438
2.543487548828125
2.1770782470703125
1.773651123046875
1.9987983703613281
2.258136749267578
1.9485855102539062
2.4455833435058594
2.183685302734375
2.3929977416992188
2.2639617919921875
1.894287109375
2.4720726013183594
2.8176193237304688
2.3761367797851562
2.1607398986816406
2.06036376953125
1.7593727111816406
2.041950225830078
1.9338912963867188
1.9640350341796875
1.8322601318359375
1.9342880249023438
2.4067115783691406
1.988677978515625
2.24285888671875
2.0660018920898438
1.8247108459472656
2.0527687072753906
2.4385414123535156
2.16668701171875
2.2116317749023438
2.179698944091797
2.070690155029297
2.3446311950683594
1.7109260559082031
1.9916801452636719
1.8909072875976562
2.1321983337402344
2.1052169799804688
1.9319419860839844
2.2248497009277344
2.8408584594726562
2.1052627563476562
1.789520263671875
2.01495361328125
2.4913482666015625
2.1770362854003906
2.196857452392578
2.664318084716797
1.9733772277832031
2.145923614501953
2.306659698486328
2.6510162353515625
2.0666847229003906
2.4165000915527344
1.9763069152832031
2.1312332153320312
2.449146270751953
2.1112136840820312
1.9701118469238281
2.1077308654785156
1.8119316101074219
1.9752120971679688
2.306774139404297
1.8910255432128906
2.0822067260742188
1.9670066833496094
2.1005821228027344
1.71905517578125
1.8119735717773438
2.0509109497070312
2.6036605834960938
2.051788330078125
1.8706130981445312
2.057506561279297
2.304340362548828
1.7988815307617188
2.001026153564453
2.09893798828125
2.1657562255859375
1.8874435424804688
2.3806533813476562
2.037647247314453
1.8789939880371094
2.4117355346679688
2.2895355224609375
2.6166725158691406
2.2183761596679688
2.104877471923828
2.1290130615234375
1.8626708984375
1.8072395324707031
1.8909988403320312
2.0651893615722656
2.2130165100097656
2.2270164489746094
1.9042587280273438
2.0935440063476562
1.9446983337402344
2.106159210205078
2.1365623474121094
2.294445037841797
2.0482139587402344
2.079204559326172
2.166790008544922
2.1704864501953125
2.181507110595703
2.5429458618164062
2.2413711547851562
1.8201026916503906
2.1107521057128906
2.2281417846679688
2.1869544982910156
2.0013389587402344
2.331432342529297
2.298229217529297
1.9325981140136719
1.8686599731445312
2.18511962890625
2.223297119140625
1.8794670104980469
2.6164321899414062
1.8125686645507812
2.1429214477539062
2.2546615600585938
2.3279457092285156
2.148284912109375
1.972198486328125
2.038867950439453
1.95587158203125
2.0646324157714844
1.9412765502929688
1.6817436218261719
2.245471954345703
2.167156219482422
2.3898963928222656
1.995330810546875
2.2318458557128906
1.9680442810058594
2.0505447387695312
2.1562461853027344
2.4287490844726562
2.318614959716797
1.9913711547851562
1.8191986083984375
1.9533233642578125
2.0820274353027344
1.756988525390625
2.27105712890625
2.1901321411132812
1.8799324035644531
2.224945068359375
2.1133270263671875
1.9894485473632812
2.1510848999023438
1.725921630859375
2.1144866943359375
2.477222442626953
2.2089271545410156
1.957366943359375
1.8515205383300781
1.8198394775390625
2.2665863037109375
2.34814453125
2.3068466186523438
1.8934288024902344
2.018726348876953
2.3501434326171875
2.3680343627929688
2.0753517150878906
2.0388450622558594
2.0333595275878906
2.1547203063964844
2.3411483764648438
2.1969223022460938
2.1653480529785156
