2.7368202209472656
3.785144805908203
2.8872718811035156
2.838459014892578
2.8956451416015625
2.775604248046875
3.6203346252441406
2.8257522583007812
3.1018829345703125
3.3720054626464844
3.458965301513672
3.6234054565429688
2.542675018310547
3.160430908203125
3.098529815673828
3.336986541748047
3.183269500732422
3.175640106201172
2.9549560546875
3.152210235595703
2.8595924377441406
2.826396942138672
3.047466278076172
3.097126007080078
2.932086944580078
3.3089828491210938
3.1529273986816406
3.1881370544433594
3.0382041931152344
3.16143798828125
3.0571250915527344
3.0977401733398438
3.06585693359375
2.790119171142578
2.8817901611328125
2.856494903564453
3.0818405151367188
3.665668487548828
2.9675331115722656
3.3848724365234375
2.9432601928710938
2.7211151123046875
3.2923126220703125
3.2245254516601562
3.2287025451660156
3.123748779296875
3.2890548706054688
3.3687477111816406
2.9561195373535156
3.0275955200195312
2.882537841796875
3.8023338317871094
2.6664505004882812
3.018810272216797
3.2362289428710938
2.846282958984375
3.045318603515625
3.2730789184570312
3.0961837768554688
2.8342628479003906
3.0086326599121094
3.3893356323242188
3.263843536376953
2.7807350158691406
3.1056137084960938
2.715190887451172
3.1691513061523438
2.8210296630859375
3.0272064208984375
2.9749412536621094
3.252429962158203
3.170745849609375
2.761028289794922
3.1748886108398438
3.0709991455078125
2.8772811889648438
3.035533905029297
3.1380577087402344
2.939685821533203
2.9673309326171875
3.0098876953125
3.1940994262695312
3.3922080993652344
3.1325607299804688
2.918750762939453
3.217510223388672
2.892475128173828
3.0947837829589844
3.12017822265625
3.7264747619628906
3.2002296447753906
3.0753631591796875
2.9563331604003906
3.276805877685547
3.3843955993652344
2.931751251220703
3.2066650390625
3.2228431701660156
3.2694740295410156
3.5377845764160156
3.0900611877441406
3.1614227294921875
2.9426116943359375
3.0443954467773438
3.3116912841796875
3.3572235107421875
3.3920631408691406
2.9412612915039062
3.2088775634765625
2.9167938232421875
3.491344451904297
3.290721893310547
2.7783241271972656
2.84136962890625
3.119953155517578
2.6389999389648438
3.2020835876464844
3.088043212890625
3.070819854736328
3.1962966918945312
3.13104248046875
2.8814163208007812
3.140289306640625
3.3249549865722656
3.1258811950683594
2.7677268981933594
3.1170082092285156
3.3067703247070312
2.994548797607422
3.0857315063476562
2.908172607421875
3.0076332092285156
2.7554893493652344
3.1380958557128906
3.1099472045898438
3.328704833984375
3.520496368408203
3.105560302734375
3.921367645263672
2.8779258728027344
2.5555648803710938
2.8657913208007812
2.9905929565429688
2.8991737365722656
3.6118392944335938
2.930858612060547
3.4144287109375
3.17547607421875
3.4701461791992188
3.132701873779297
3.3441429138183594
3.3414535522460938
3.1591567993164062
2.851886749267578
3.0568809509277344
3.040782928466797
3.0773239135742188
3.1015052795410156
3.5524635314941406
3.566173553466797
3.2017669677734375
2.8328590393066406
3.109424591064453
3.0719642639160156
3.213489532470703
3.602924346923828
3.1496238708496094
3.0217514038085938
3.205352783203125
3.042278289794922
2.9331092834472656
3.012767791748047
2.8447113037109375
3.1647987365722656
3.4023666381835938
3.1276779174804688
2.740734100341797
3.3102188110351562
3.947601318359375
3.123493194580078
3.157989501953125
3.4806747436523438
2.8545761108398438
2.920635223388672
3.4280738830566406
3.5002708435058594
3.1820945739746094
2.860706329345703
3.1208457946777344
2.976459503173828
3.3586578369140625
3.2895545959472656
3.624736785888672
3.0641517639160156
2.942310333251953
3.4046287536621094
2.9531211853027344
2.9630050659179688
3.3303260803222656
3.2949066162109375
