1.2653770446777344
1.2814712524414062
1.5533447265625
1.1205978393554688
1.1077919006347656
1.2455711364746094
1.1816825866699219
0.8846778869628906
1.5935707092285156
0.9836311340332031
1.2935867309570312
1.7242050170898438
1.4118881225585938
1.1661338806152344
1.2702369689941406
1.3987159729003906
1.0781745910644531
1.4621696472167969
1.0095787048339844
0.9058494567871094
1.16015625
0.9693870544433594
1.483734130859375
1.3413734436035156
1.2862434387207031
1.0772056579589844
1.3214149475097656
1.3957862854003906
1.232452392578125
1.3737144470214844
1.2617721557617188
1.7371864318847656
1.0565109252929688
1.3866386413574219
1.4092025756835938
1.36065673828125
1.2145500183105469
1.1410255432128906
1.3390769958496094
1.4639472961425781
1.3733711242675781
1.1467971801757812
1.2906875610351562
1.0075340270996094
1.652374267578125
1.5732421875
0.8923416137695312
1.5984573364257812
1.2133293151855469
0.8790969848632812
1.0812759399414062
1.7802391052246094
1.1687126159667969
1.1850509643554688
1.2428817749023438
1.2024383544921875
1.1868476867675781
1.1359481811523438
1.22406005859375
1.2397003173828125
1.5598068237304688
0.9961585998535156
0.9672660827636719
1.3298912048339844
1.6874923706054688
0.9186515808105469
1.3780708312988281
1.622802734375
0.8320693969726562
1.2813186645507812
1.2308807373046875
1.5985565185546875
1.4347305297851562
1.8121414184570312
0.9662551879882812
1.6468887329101562
1.4370956420898438
1.3226547241210938
1.2177810668945312
1.3430328369140625
1.1213836669921875
1.5778465270996094
1.2121849060058594
1.3431434631347656
1.1270828247070312
1.3522567749023438
1.5884246826171875
1.2313995361328125
0.8904151916503906
1.4168815612792969
1.5549468994140625
1.0241355895996094
1.0585060119628906
1.0813827514648438
1.5914344787597656
1.2717018127441406
1.4059028625488281
1.4656410217285156
1.4740142822265625
1.4245109558105469
1.3750648498535156
1.3130569458007812
1.0808372497558594
0.9607162475585938
1.48858642578125
1.3844985961914062
1.3438987731933594
1.4949836730957031
1.4672966003417969
1.0550193786621094
0.9123268127441406
1.6012725830078125
1.363983154296875
1.3337173461914062
1.5826492309570312
1.1804924011230469
1.1649284362792969
1.0704879760742188
1.7619171142578125
1.3437385559082031
1.0513114929199219
1.2130622863769531
1.2663917541503906
1.1888923645019531
1.4260139465332031
1.2859878540039062
1.1446685791015625
1.0663719177246094
1.2077598571777344
1.5010986328125
1.4411659240722656
1.4959335327148438
1.3334846496582031
1.0202980041503906
1.0240287780761719
1.1018333435058594
1.486175537109375
1.2456245422363281
1.1484870910644531
1.0491104125976562
0.962738037109375
1.3066139221191406
1.1056938171386719
1.5794792175292969
1.832183837890625
1.1979637145996094
1.7023811340332031
1.2855262756347656
1.5269851684570312
1.4175643920898438
1.0604972839355469
1.1988792419433594
1.2110633850097656
1.1884193420410156
1.2966728210449219
1.2170867919921875
1.4651603698730469
1.2645378112792969
1.6242561340332031
1.1327743530273438
1.1539115905761719
1.2844467163085938
1.0060157775878906
1.6845741271972656
1.0033798217773438
1.31243896484375
1.2256050109863281
1.4268226623535156
1.0185127258300781
1.113128662109375
1.0283699035644531
1.9481620788574219
0.9221611022949219
1.012420654296875
1.4213600158691406
1.1778373718261719
1.3071823120117188
1.4483451843261719
0.9629135131835938
1.1585464477539062
1.8178634643554688
1.0793075561523438
1.0591278076171875
0.9336509704589844
0.9391937255859375
0.9911231994628906
1.4561271667480469
1.3698692321777344
1.0972404479980469
0.9676666259765625
1.2939033508300781
1.0519180297851562
1.3152427673339844
1.3634262084960938
1.1583251953125
1.2429656982421875
1.239471435546875
1.3405265808105469
1.1978645324707031
0.9458236694335938
