1.6133232116699219
2.188983917236328
2.5774574279785156
2.4391746520996094
1.77032470703125
2.2724647521972656
2.5203285217285156
2.2976608276367188
2.5788955688476562
2.287578582763672
1.7929344177246094
1.8991546630859375
2.0925636291503906
1.9388427734375
1.9410514831542969
2.0977401733398438
1.9684982299804688
2.6082305908203125
2.0152359008789062
2.1656646728515625
1.8398094177246094
2.238677978515625
2.126628875732422
2.1264381408691406
2.293498992919922
1.8407402038574219
2.2996063232421875
1.9377403259277344
2.2170944213867188
2.133270263671875
2.397186279296875
1.8091087341308594
1.8795509338378906
2.6450958251953125
2.186595916748047
1.9734344482421875
1.9701080322265625
1.9378852844238281
1.8942909240722656
2.6471786499023438
1.7757110595703125
2.63177490234375
2.023303985595703
2.4173431396484375
2.2171363830566406
2.1648826599121094
2.2375030517578125
1.9730377197265625
2.0189590454101562
2.0779953002929688
1.9074058532714844
1.8215904235839844
2.0628738403320312
1.7568626403808594
2.2609710693359375
2.470001220703125
1.827301025390625
1.8087997436523438
2.150226593017578
2.4268112182617188
2.271820068359375
2.073486328125
1.8708114624023438
2.2913551330566406
2.2146530151367188
1.5734329223632812
1.8886299133300781
1.9346580505371094
1.89794921875
2.4201316833496094
2.6509933471679688
1.7486534118652344
2.268756866455078
2.384124755859375
1.7344131469726562
2.5544662475585938
2.66180419921875
1.97064208984375
2.3539199829101562
2.256072998046875
1.9191055297851562
2.3285064697265625
1.9337005615234375
2.7599945068359375
1.6612129211425781
2.2678070068359375
2.4721221923828125
2.1550941467285156
1.9574737548828125
2.320140838623047
2.2712020874023438
2.1177978515625
2.370098114013672
2.423084259033203
2.061321258544922
1.9065895080566406
1.9979515075683594
1.9467964172363281
2.184345245361328
2.02069091796875
2.3066368103027344
1.9040489196777344
2.3632431030273438
2.2430877685546875
1.9882431030273438
2.078052520751953
1.62548828125
1.9537086486816406
1.9412689208984375
1.6811485290527344
2.033245086669922
2.4675331115722656
1.9683837890625
1.7807121276855469
2.236408233642578
1.7892875671386719
2.1582908630371094
2.081348419189453
2.5169677734375
2.2241477966308594
1.8949012756347656
2.2373313903808594
1.9798049926757812
1.8492240905761719
1.9924163818359375
1.7928237915039062
2.2708969116210938
2.0493240356445312
1.9148216247558594
2.135608673095703
2.2996292114257812
2.0594825744628906
2.173320770263672
2.0337181091308594
1.8923263549804688
2.0887451171875
1.8927192687988281
2.2413406372070312
1.8891029357910156
1.5689811706542969
2.0159225463867188
1.8909912109375
1.8278732299804688
2.2833213806152344
1.8947219848632812
1.7912788391113281
2.0877685546875
1.8634490966796875
1.8531036376953125
1.8241310119628906
1.712005615234375
2.0450782775878906
2.229290008544922
2.3141708374023438
2.1306114196777344
2.0504302978515625
2.042652130126953
2.210296630859375
2.269012451171875
2.1346893310546875
2.1762542724609375
2.1016998291015625
2.0769691467285156
1.8891105651855469
1.5849761962890625
2.0488243103027344
1.9146804809570312
2.0165977478027344
1.8652076721191406
2.0641250610351562
1.9972381591796875
2.3023452758789062
1.9169197082519531
1.8069038391113281
2.009601593017578
2.105426788330078
2.1956520080566406
2.2140884399414062
1.933990478515625
1.715972900390625
1.8449211120605469
1.6500663757324219
2.2449607849121094
2.1476821899414062
1.6995315551757812
1.9100990295410156
2.7818527221679688
2.3011093139648438
2.1210060119628906
2.1616134643554688
2.2901954650878906
1.9836463928222656
2.0836181640625
1.8344078063964844
1.7176246643066406
2.2540664672851562
2.4267120361328125
1.8544502258300781
2.086139678955078
1.9312362670898438
