1.9667091369628906
1.5382194519042969
1.7335128784179688
1.6672439575195312
1.7348899841308594
1.6481704711914062
1.5920944213867188
1.6790084838867188
1.752410888671875
1.4880332946777344
1.8468360900878906
1.4630584716796875
1.5645599365234375
1.3116531372070312
1.6757621765136719
1.53765869140625
1.3989067077636719
1.838226318359375
1.972320556640625
1.4158096313476562
1.4406509399414062
1.5227851867675781
2.1556053161621094
1.5150032043457031
1.5608177185058594
1.3603172302246094
1.6680526733398438
1.4116668701171875
1.2407379150390625
1.3900299072265625
1.5429763793945312
1.685302734375
1.3413276672363281
1.7660064697265625
1.6132583618164062
1.2546119689941406
1.9787254333496094
1.765289306640625
1.3340797424316406
1.5928421020507812
1.7752761840820312
1.5304450988769531
1.6043624877929688
1.5304145812988281
1.3543968200683594
2.1531295776367188
1.7116928100585938
1.4505500793457031
1.1322975158691406
1.4998970031738281
1.9326438903808594
1.6542167663574219
1.6492462158203125
1.7840003967285156
1.9868049621582031
1.4223175048828125
1.8108711242675781
1.8535385131835938
1.5745048522949219
1.8902587890625
1.2509307861328125
1.30206298828125
1.4423713684082031
1.5358314514160156
1.8351364135742188
1.3990402221679688
1.8364410400390625
1.3484687805175781
1.7676315307617188
1.6168785095214844
1.9290504455566406
1.7627334594726562
1.5645713806152344
1.3375816345214844
1.393096923828125
1.849884033203125
1.7662696838378906
1.33428955078125
1.3870124816894531
2.304534912109375
1.7858695983886719
1.6231880187988281
1.8834037780761719
1.705657958984375
1.950531005859375
1.6911201477050781
1.4751930236816406
1.653839111328125
1.3791999816894531
1.6306877136230469
1.4747810363769531
1.8422393798828125
1.7117233276367188
1.6356124877929688
1.4537467956542969
1.5275306701660156
1.1629600524902344
1.2031707763671875
1.3504066467285156
1.8440170288085938
1.7634544372558594
1.7472343444824219
1.5654640197753906
1.4861183166503906
1.9163894653320312
1.5725440979003906
1.7425804138183594
2.040477752685547
1.7535667419433594
1.4012298583984375
1.7677040100097656
1.727294921875
1.8325157165527344
1.8023338317871094
1.9001731872558594
1.7342567443847656
1.634735107421875
1.7658500671386719
1.1262626647949219
1.6084632873535156
1.545806884765625
1.770233154296875
1.1998443603515625
1.42987060546875
1.9616584777832031
1.5036125183105469
1.6838645935058594
1.3378524780273438
1.8939628601074219
1.5360069274902344
1.3879165649414062
2.1383399963378906
1.6337738037109375
1.0127601623535156
1.2552566528320312
1.5137214660644531
1.5443611145019531
1.4479293823242188
1.5450592041015625
1.7791633605957031
1.4128150939941406
1.7261810302734375
1.420684814453125
1.2231979370117188
1.5346946716308594
1.850830078125
1.4487953186035156
1.5144233703613281
1.2982864379882812
1.66400146484375
1.4069404602050781
1.5590972900390625
1.4737739562988281
1.33258056640625
1.9064178466796875
1.5951766967773438
1.5004119873046875
1.4867744445800781
1.344329833984375
1.5052909851074219
1.6431388854980469
1.7806320190429688
2.1165618896484375
1.6374359130859375
2.0475502014160156
1.8430938720703125
1.5561752319335938
1.8072471618652344
1.0905685424804688
1.4558525085449219
1.9153175354003906
1.3438682556152344
1.7152099609375
1.187408447265625
2.2068824768066406
1.5907325744628906
1.6085357666015625
1.7132987976074219
1.7160110473632812
1.2996177673339844
1.8803329467773438
1.4633407592773438
1.4220199584960938
1.7639083862304688
1.5290679931640625
1.6354789733886719
1.3261680603027344
1.3937416076660156
1.3525009155273438
1.6482467651367188
1.449310302734375
1.540802001953125
1.507720947265625
1.3553810119628906
1.4996109008789062
1.7479476928710938
1.5974807739257812
1.3953132629394531
1.5439376831054688
1.4214935302734375
