3.905925750732422
3.7664222717285156
3.604888916015625
3.9241256713867188
4.000968933105469
4.462047576904297
3.4932212829589844
4.065570831298828
3.7064170837402344
3.8244781494140625
3.8507003784179688
3.8555984497070312
4.264274597167969
4.336277008056641
3.940570831298828
3.7486495971679688
4.0779571533203125
4.271820068359375
3.8102340698242188
4.081905364990234
3.8948135375976562
3.64166259765625
4.104587554931641
3.7997817993164062
3.975555419921875
4.16632080078125
4.141216278076172
4.066608428955078
3.7328567504882812
3.9793853759765625
3.463287353515625
3.8165054321289062
3.7265090942382812
4.074226379394531
4.365753173828125
3.8004837036132812
4.253566741943359
3.9373321533203125
4.006893157958984
3.899730682373047
3.429882049560547
3.885814666748047
3.9701576232910156
4.301548004150391
3.8550872802734375
3.6005325317382812
3.9313278198242188
4.461418151855469
3.761688232421875
3.9837112426757812
4.056995391845703
3.8490447998046875
4.066295623779297
3.608776092529297
4.340785980224609
3.8300323486328125
4.189888000488281
3.9692001342773438
3.8789634704589844
4.163135528564453
3.8075790405273438
4.144432067871094
3.8357505798339844
542.355396270752
3.9817657470703125
3.648632049560547
4.146076202392578
3.7946205139160156
3.9184722900390625
4.105487823486328
4.427356719970703
3.595897674560547
4.4531707763671875
3.8711090087890625
4.194698333740234
3.6613807678222656
3.886138916015625
4.040702819824219
3.692363739013672
3.9908828735351562
4.017356872558594
3.8557357788085938
3.853137969970703
4.172710418701172
3.7341880798339844
3.8618202209472656
4.006504058837891
4.0691070556640625
3.863006591796875
4.033901214599609
3.5083770751953125
4.110420227050781
4.195087432861328
3.826709747314453
3.9992752075195312
4.0955352783203125
4.880290985107422
3.9365921020507812
3.927051544189453
4.0372161865234375
4.157135009765625
4.1196441650390625
3.5579681396484375
3.5318679809570312
3.8238983154296875
3.9801406860351562
4.044452667236328
4.579524993896484
3.9753150939941406
4.344318389892578
4.2964630126953125
3.9925308227539062
3.6508750915527344
3.759765625
3.6664276123046875
3.8688507080078125
4.590167999267578
3.983318328857422
3.977191925048828
4.258510589599609
4.029975891113281
4.287425994873047
3.6610336303710938
3.408496856689453
3.954967498779297
4.114025115966797
3.8899269104003906
4.120269775390625
3.9281997680664062
4.067081451416016
4.313884735107422
3.867786407470703
3.957672119140625
4.123767852783203
3.7275390625
4.311069488525391
3.9583282470703125
3.5840377807617188
3.985851287841797
4.094581604003906
4.066135406494141
3.939361572265625
3.9430465698242188
3.949432373046875
3.872142791748047
3.9596328735351562
3.674976348876953
3.64801025390625
3.3897171020507812
4.0359954833984375
4.330661773681641
3.791271209716797
3.89715576171875
3.64373779296875
3.8063011169433594
3.538043975830078
4.100406646728516
4.09844970703125
4.046558380126953
3.835063934326172
3.792095184326172
4.150306701660156
3.5880050659179688
4.157344818115234
4.157997131347656
4.116241455078125
3.9837265014648438
3.938873291015625
3.6043014526367188
4.011035919189453
3.693408966064453
3.961414337158203
3.9413604736328125
4.197975158691406
3.938751220703125
3.8802146911621094
3.611774444580078
3.707000732421875
3.8722915649414062
3.965240478515625
4.200359344482422
4.213142395019531
3.718658447265625
3.859272003173828
3.7852096557617188
4.185157775878906
3.673583984375
3.8225746154785156
4.0217742919921875
4.104057312011719
4.171440124511719
3.875377655029297
3.9704246520996094
3.7886009216308594
3.6238784790039062
3.834716796875
3.8402557373046875
4.416133880615234
4.163948059082031
4.0811309814453125
