0.5887222290039062
0.3850898742675781
0.3037109375
0.8227462768554688
0.31710052490234375
0.7016334533691406
0.3825263977050781
0.853668212890625
0.4989471435546875
0.6695060729980469
0.3906822204589844
0.5763473510742188
0.5209083557128906
0.4295005798339844
0.5152130126953125
0.7105293273925781
0.3949928283691406
0.5089683532714844
0.4925079345703125
0.4650382995605469
0.4922676086425781
0.47609710693359375
0.5093879699707031
0.42914581298828125
0.7524032592773438
0.5253219604492188
0.5945205688476562
0.6700897216796875
0.3977165222167969
0.5963020324707031
0.3796424865722656
0.4080963134765625
0.5003738403320312
0.4980316162109375
1.1074600219726562
0.6476631164550781
0.326812744140625
0.8256950378417969
0.5235595703125
0.489013671875
0.7278022766113281
0.5759086608886719
0.4316139221191406
0.5576210021972656
0.6330032348632812
0.5544891357421875
0.6053695678710938
0.3594970703125
0.5010948181152344
0.5812797546386719
0.41326904296875
0.5367698669433594
0.3711700439453125
0.9049530029296875
0.44261932373046875
0.3769111633300781
0.5977439880371094
0.47269439697265625
0.7622909545898438
0.5433120727539062
0.5352783203125
0.40700531005859375
0.5795555114746094
0.38391876220703125
0.4598388671875
0.4506683349609375
0.3794136047363281
0.527679443359375
0.2928123474121094
0.58953857421875
0.716766357421875
0.3769416809082031
0.2971954345703125
0.5009078979492188
0.3523368835449219
0.576507568359375
0.3799552917480469
0.4684867858886719
0.3863563537597656
0.6223030090332031
0.34734344482421875
0.5456771850585938
0.8265266418457031
0.3434486389160156
0.5153427124023438
0.3176536560058594
0.4813423156738281
0.6973037719726562
0.38997650146484375
0.45505523681640625
0.3716468811035156
0.37890625
0.5236091613769531
0.3880348205566406
0.8492813110351562
0.5061759948730469
0.6161689758300781
0.43378448486328125
0.6507797241210938
0.848907470703125
0.6207389831542969
0.36205291748046875
0.7207679748535156
0.3490104675292969
0.4193229675292969
0.9412384033203125
0.6954269409179688
0.445587158203125
0.7153167724609375
0.6374015808105469
0.4571876525878906
0.7417488098144531
0.43027496337890625
0.3328666687011719
0.5457229614257812
0.3359375
0.458221435546875
0.682159423828125
0.6175575256347656
0.44498443603515625
0.2740669250488281
0.5021247863769531
0.4693870544433594
0.5653457641601562
0.5429306030273438
0.3994789123535156
0.5415763854980469
0.6518974304199219
0.4190788269042969
0.4648551940917969
0.427490234375
0.5613059997558594
0.35376739501953125
0.4068450927734375
0.4398651123046875
0.5417251586914062
0.44301605224609375
0.4746208190917969
0.5092849731445312
0.498748779296875
0.8249855041503906
0.7756004333496094
0.5197410583496094
0.427490234375
0.4576683044433594
0.5098648071289062
0.5947952270507812
0.5016708374023438
0.5636482238769531
0.4845619201660156
0.8451042175292969
0.6166496276855469
0.5438957214355469
0.3605842590332031
0.42633819580078125
0.6129875183105469
0.4728813171386719
0.7281303405761719
0.6783332824707031
0.9225616455078125
0.5797309875488281
0.4908638000488281
0.5173416137695312
0.4013671875
0.43389892578125
0.3474884033203125
0.7079849243164062
0.5529899597167969
0.6665000915527344
0.38324737548828125
0.7176132202148438
0.5363006591796875
0.40771484375
0.6450309753417969
0.7532730102539062
0.4216041564941406
0.5342063903808594
0.4769744873046875
0.4603004455566406
0.705780029296875
0.5317764282226562
0.4360923767089844
0.6781654357910156
0.31258392333984375
0.3988456726074219
0.5312423706054688
0.8754653930664062
0.3817405700683594
0.4443244934082031
0.40191650390625
0.6557655334472656
0.47274017333984375
0.5415382385253906
0.43759918212890625
0.5669708251953125
0.7209053039550781
0.5707206726074219
1.1101570129394531
0.3077125549316406
0.4500007629394531
