2.2811622619628906
2.263294219970703
1.8738784790039062
1.9380226135253906
1.7483634948730469
1.7774810791015625
2.4013671875
2.5422134399414062
1.8444747924804688
2.1559371948242188
2.4311141967773438
2.1540603637695312
1.8207778930664062
2.0822525024414062
2.451457977294922
1.865936279296875
1.8322639465332031
2.3620567321777344
1.9853935241699219
2.2783470153808594
2.1238250732421875
1.9247703552246094
2.5170974731445312
2.2612457275390625
2.520496368408203
2.70123291015625
1.5156745910644531
2.0809059143066406
2.0452842712402344
2.519390106201172
1.8156776428222656
2.1888427734375
2.3165626525878906
1.9581718444824219
2.0482444763183594
1.7690391540527344
2.0197372436523438
1.8643112182617188
1.95489501953125
1.9466667175292969
2.1298484802246094
2.299041748046875
2.3489036560058594
2.1834068298339844
1.9959487915039062
2.278949737548828
2.018787384033203
2.119720458984375
2.067157745361328
2.3916473388671875
2.1839027404785156
1.9042854309082031
1.889678955078125
2.070995330810547
2.3289718627929688
1.9498329162597656
2.228870391845703
2.033924102783203
2.1642799377441406
2.2234115600585938
1.7240333557128906
2.134185791015625
1.5796318054199219
2.2571144104003906
2.025127410888672
1.6017112731933594
1.7141799926757812
2.1984405517578125
2.200023651123047
2.5382652282714844
1.7068099975585938
2.7532119750976562
2.2345542907714844
2.4975128173828125
2.2404327392578125
2.0895423889160156
2.1402053833007812
2.2387771606445312
2.1226348876953125
1.9607429504394531
2.2839012145996094
1.7572669982910156
2.450084686279297
2.0996055603027344
2.09478759765625
2.0775794982910156
2.1639404296875
1.9189682006835938
1.8668594360351562
2.2713241577148438
2.2245330810546875
2.042438507080078
2.2926673889160156
2.111248016357422
1.9840621948242188
1.6446762084960938
2.497344970703125
1.8008651733398438
2.322589874267578
1.7398147583007812
2.5651512145996094
1.9406585693359375
2.3204383850097656
2.192302703857422
2.0643348693847656
2.295391082763672
1.8618888854980469
1.8496322631835938
2.0273704528808594
2.0152206420898438
1.9638938903808594
1.8349838256835938
1.9291877746582031
2.2816123962402344
1.8904953002929688
2.2338829040527344
2.0638351440429688
1.8444900512695312
2.3688011169433594
2.333038330078125
1.6701011657714844
2.1434326171875
1.8437576293945312
1.9005966186523438
2.6422882080078125
2.6383743286132812
2.086650848388672
2.5863494873046875
1.7100372314453125
2.0152587890625
1.8463859558105469
2.069042205810547
2.0745697021484375
1.8056488037109375
1.9585914611816406
2.178913116455078
2.2757835388183594
1.7468338012695312
1.5897178649902344
2.0962867736816406
2.5416183471679688
1.9619293212890625
2.2206764221191406
2.2518081665039062
1.9605255126953125
2.5312538146972656
1.9577102661132812
2.1097412109375
2.0547523498535156
2.100543975830078
2.17449951171875
2.1061553955078125
1.8097381591796875
2.05999755859375
2.3399734497070312
2.4289627075195312
2.087696075439453
2.1383056640625
1.8286247253417969
1.9199790954589844
2.00140380859375
2.021778106689453
1.9178276062011719
1.97393798828125
1.9057121276855469
2.012554168701172
2.049266815185547
2.2941551208496094
2.3391151428222656
1.5917930603027344
1.7991714477539062
1.9576416015625
2.1690444946289062
2.3765525817871094
1.6552162170410156
2.404071807861328
2.2328224182128906
1.6572914123535156
2.2205963134765625
2.270465850830078
1.7883987426757812
1.8578414916992188
1.9409255981445312
2.0536346435546875
2.3437347412109375
2.244159698486328
2.05963134765625
2.2724838256835938
2.5033187866210938
2.356250762939453
2.3362197875976562
1.9798545837402344
2.2016830444335938
2.103900909423828
2.1121902465820312
1.8573341369628906
2.0708274841308594
1.7808609008789062
1.8698348999023438
2.1097068786621094
