1.1208038330078125
0.6824684143066406
0.745025634765625
0.7709236145019531
0.8113327026367188
1.3091964721679688
0.6947250366210938
0.9836082458496094
0.702911376953125
0.8189430236816406
0.8814277648925781
0.6808586120605469
1.1357421875
1.1087837219238281
1.1059226989746094
0.9676055908203125
0.9680938720703125
1.0171890258789062
0.7716941833496094
0.9300155639648438
1.0979843139648438
0.6080093383789062
0.8372573852539062
0.7551460266113281
0.8996391296386719
0.7914886474609375
1.1187362670898438
0.9417686462402344
0.568572998046875
0.9703903198242188
0.7378501892089844
0.9978904724121094
0.9656639099121094
1.0641441345214844
1.33868408203125
0.9684791564941406
1.0203399658203125
1.1413497924804688
0.8334808349609375
1.0102767944335938
0.7029151916503906
1.36663818359375
0.8781242370605469
0.964508056640625
0.8417129516601562
0.9081993103027344
0.831329345703125
1.4867210388183594
0.6643714904785156
0.9162750244140625
0.8919029235839844
0.9635581970214844
0.9412498474121094
0.6638832092285156
0.9454727172851562
0.8018341064453125
1.7493858337402344
1.031951904296875
0.7968902587890625
1.1159820556640625
1.0439529418945312
0.9011688232421875
0.9602813720703125
540.3028984069824
0.7076263427734375
0.6272239685058594
0.8851661682128906
0.7915000915527344
0.6450309753417969
0.8698844909667969
1.3374404907226562
0.851409912109375
0.9326133728027344
0.8434600830078125
0.8284645080566406
0.7801933288574219
0.7963829040527344
0.8624725341796875
0.8426132202148438
0.8202781677246094
1.0140647888183594
0.7963447570800781
0.8890113830566406
0.7045173645019531
1.0671539306640625
0.7124710083007812
0.9374923706054688
0.8310394287109375
1.0060462951660156
0.8913764953613281
0.5885086059570312
0.9953079223632812
0.7628326416015625
0.797576904296875
1.1767768859863281
0.9101333618164062
1.8676414489746094
0.77142333984375
0.7783889770507812
1.6081466674804688
0.8959579467773438
1.01934814453125
0.67926025390625
0.6203651428222656
0.9621238708496094
0.9161491394042969
1.0718040466308594
1.2853469848632812
0.7848854064941406
1.1066741943359375
1.0701751708984375
0.9593238830566406
0.7937774658203125
0.7341384887695312
0.6174964904785156
0.8571434020996094
1.1083030700683594
0.933258056640625
0.9105033874511719
1.0743217468261719
0.9257354736328125
1.179931640625
0.9071426391601562
0.5806732177734375
0.9901924133300781
0.9716911315917969
0.8401260375976562
0.8549118041992188
1.1569404602050781
0.8552207946777344
0.7680816650390625
0.8053665161132812
0.9249153137207031
1.1441917419433594
0.6797447204589844
1.2716903686523438
1.1674003601074219
0.7312278747558594
0.9203147888183594
1.181488037109375
0.8416290283203125
0.8510971069335938
0.897735595703125
0.8763542175292969
0.794769287109375
1.2001533508300781
0.6419525146484375
0.8678932189941406
0.6328887939453125
1.0984382629394531
0.9439620971679688
1.0241241455078125
1.0919647216796875
0.8384361267089844
0.8145332336425781
0.680145263671875
1.1552314758300781
0.97772216796875
0.9713058471679688
0.7680587768554688
1.0703010559082031
1.1281661987304688
0.732177734375
0.8161964416503906
1.2668876647949219
1.0728340148925781
0.9263496398925781
1.1763725280761719
0.6608352661132812
1.0281562805175781
0.6995582580566406
0.7497711181640625
1.0679588317871094
1.085968017578125
0.7827720642089844
0.7149581909179688
0.7000198364257812
0.6090202331542969
0.8505706787109375
0.86962890625
0.9471588134765625
1.0567245483398438
0.8237800598144531
0.92913818359375
0.9028663635253906
1.1127166748046875
0.9890403747558594
1.0171775817871094
1.0121726989746094
0.8556671142578125
1.03582763671875
0.8056106567382812
0.8377342224121094
0.8887825012207031
0.8400115966796875
0.7338447570800781
0.7421226501464844
1.2186355590820312
0.9943923950195312
0.7124671936035156
