2.3823509216308594
2.1000900268554688
2.1266403198242188
2.0548248291015625
2.2009620666503906
2.906635284423828
1.97821044921875
2.5257797241210938
2.073699951171875
2.2531280517578125
2.121959686279297
2.08709716796875
2.639514923095703
2.5441818237304688
2.357044219970703
1.9862289428710938
2.5284461975097656
2.671405792236328
2.350444793701172
2.2547874450683594
2.4185256958007812
1.9037322998046875
2.378551483154297
2.2377586364746094
2.1179046630859375
2.250030517578125
2.4345550537109375
2.4046401977539062
1.9067497253417969
2.1717529296875
1.9265251159667969
2.2170562744140625
2.2351455688476562
2.4728775024414062
2.6783218383789062
2.1559371948242188
2.6527481079101562
2.5640296936035156
2.2564353942871094
2.397003173828125
1.8541641235351562
2.468963623046875
2.2095489501953125
2.692150115966797
2.262237548828125
2.1181259155273438
2.0514144897460938
2.9694137573242188
1.9904365539550781
2.3270835876464844
2.4173927307128906
2.3589820861816406
2.4382171630859375
2.007038116455078
2.738445281982422
2.2531166076660156
2.8209800720214844
2.223339080810547
2.1597442626953125
2.44610595703125
2.224407196044922
2.5393753051757812
2.2486915588378906
541.9529495239258
2.1882972717285156
1.8668403625488281
2.367725372314453
2.2048377990722656
2.0739898681640625
2.2710304260253906
2.8924179077148438
2.0173873901367188
2.608539581298828
2.1854171752929688
2.419017791748047
2.1226577758789062
2.1598968505859375
2.4839859008789062
2.139751434326172
2.167011260986328
2.1801528930664062
2.2495765686035156
2.2075042724609375
2.270244598388672
2.218456268310547
2.2376022338867188
2.331104278564453
2.414569854736328
2.3824691772460938
2.5358314514160156
1.8627166748046875
2.3319091796875
2.43670654296875
2.1221771240234375
2.477893829345703
2.3886947631835938
3.7285995483398438
2.275318145751953
2.284717559814453
2.7277793884277344
2.4167327880859375
2.6154098510742188
1.9493179321289062
1.9184608459472656
2.2132530212402344
2.258289337158203
2.4353370666503906
2.8553695678710938
2.2364158630371094
2.6034393310546875
2.535968780517578
2.3202552795410156
1.9238319396972656
2.129192352294922
1.97735595703125
2.2507362365722656
2.8804702758789062
2.347137451171875
2.2744483947753906
2.5378036499023438
2.3444671630859375
2.632476806640625
2.104175567626953
1.7837715148925781
2.5004501342773438
2.4907455444335938
2.0668067932128906
2.459014892578125
2.5150184631347656
2.268177032470703
2.409648895263672
2.212554931640625
2.4098777770996094
2.456249237060547
2.0205650329589844
2.730487823486328
2.3555030822753906
2.0539283752441406
2.388885498046875
2.4658279418945312
2.2956085205078125
2.247283935546875
2.429485321044922
2.3859939575195312
2.151805877685547
2.550018310546875
2.1205101013183594
2.2145614624023438
1.8532981872558594
2.381786346435547
2.6877822875976562
2.1728897094726562
2.5493125915527344
1.9849624633789062
2.1628761291503906
1.9757652282714844
2.444080352783203
2.3920631408691406
2.4014892578125
2.205638885498047
2.2616004943847656
2.6395416259765625
1.9643592834472656
2.410938262939453
2.6270103454589844
2.466907501220703
2.3558692932128906
2.500579833984375
1.99261474609375
2.3247909545898438
2.0241966247558594
2.123584747314453
2.2321853637695312
2.515056610107422
2.238208770751953
2.1461219787597656
2.112682342529297
1.9261665344238281
2.13958740234375
2.3199195861816406
2.7226791381835938
2.5772857666015625
2.030681610107422
2.2319488525390625
2.1832847595214844
2.5895309448242188
2.1352996826171875
2.1623458862304688
2.319671630859375
2.331928253173828
2.6682777404785156
2.152576446533203
2.1809959411621094
2.2017822265625
2.1051788330078125
2.11798095703125
2.0632171630859375
2.6718063354492188
2.4105072021484375
2.2863845825195312
