1.3207359313964844
1.5741806030273438
1.3486289978027344
0.8360252380371094
1.1056175231933594
1.3230323791503906
1.2207832336425781
1.2382125854492188
1.1970405578613281
1.3874168395996094
1.3880653381347656
1.0258827209472656
1.4038772583007812
1.3457489013671875
1.283721923828125
1.1582412719726562
1.1036758422851562
1.1177139282226562
1.0121574401855469
1.3094711303710938
1.25714111328125
1.0883941650390625
1.1785240173339844
1.1916160583496094
1.0553207397460938
1.2793998718261719
1.2656097412109375
1.3901138305664062
1.6452369689941406
1.2871475219726562
1.3376121520996094
1.6138687133789062
1.3811607360839844
0.9475250244140625
1.2529449462890625
1.1295433044433594
1.3331794738769531
1.4881477355957031
1.5101547241210938
1.2728462219238281
1.2005844116210938
1.388153076171875
1.4397697448730469
1.5458145141601562
1.1623764038085938
1.0932235717773438
1.1368255615234375
1.3130378723144531
1.2033004760742188
1.3032608032226562
1.3710060119628906
1.2720718383789062
1.4331893920898438
1.0511016845703125
1.2436408996582031
1.1744194030761719
1.0227241516113281
0.9699440002441406
1.1139106750488281
0.9851341247558594
1.1318855285644531
1.2909011840820312
1.5214080810546875
1.4335060119628906
0.8449172973632812
1.0448684692382812
1.2129249572753906
1.439300537109375
1.3322792053222656
1.1364707946777344
1.1155204772949219
1.163055419921875
1.2213630676269531
1.0810661315917969
1.551544189453125
1.5170211791992188
1.5087242126464844
1.2197685241699219
1.00616455078125
1.4096412658691406
1.1065483093261719
1.3683319091796875
0.9603652954101562
1.5002822875976562
1.7493095397949219
1.0919380187988281
0.959228515625
1.7699050903320312
1.0723915100097656
1.3311653137207031
1.2616844177246094
1.4916229248046875
1.0149879455566406
1.1433296203613281
1.2780723571777344
1.2738800048828125
1.2020187377929688
1.1306266784667969
1.8137054443359375
0.9832916259765625
1.8060646057128906
1.4611549377441406
1.3840675354003906
0.9237289428710938
1.2395401000976562
0.9705085754394531
1.1558189392089844
0.8137092590332031
1.4544792175292969
1.3288459777832031
1.0336456298828125
1.0125389099121094
1.2530136108398438
1.1026802062988281
1.5532417297363281
1.2567672729492188
1.7768669128417969
1.2894554138183594
1.2962646484375
1.2062568664550781
1.5845947265625
1.3753852844238281
1.4214057922363281
1.1144752502441406
1.146575927734375
1.2439765930175781
1.1521759033203125
1.2911109924316406
1.8304176330566406
1.0977973937988281
0.945526123046875
1.1500282287597656
1.6909255981445312
1.2740135192871094
1.2152290344238281
1.343597412109375
0.9057044982910156
1.3868064880371094
1.4774971008300781
1.5059089660644531
1.1994400024414062
1.2536048889160156
1.1799354553222656
1.6932373046875
0.940948486328125
1.2420768737792969
0.9910240173339844
1.2483444213867188
1.2714958190917969
1.9647064208984375
1.3161544799804688
1.3347206115722656
1.31500244140625
1.5822944641113281
1.0476646423339844
0.9311103820800781
1.5495376586914062
1.1670417785644531
1.0379714965820312
1.29266357421875
1.2075996398925781
1.2686386108398438
1.3492546081542969
1.2351913452148438
1.5871086120605469
1.0022659301757812
1.5896873474121094
1.1104888916015625
0.9975776672363281
1.0999336242675781
1.4937477111816406
1.5156478881835938
1.2908973693847656
1.6344871520996094
1.1338386535644531
1.31964111328125
1.28839111328125
1.2760162353515625
0.956451416015625
1.3733787536621094
1.1160087585449219
0.9701347351074219
1.1304740905761719
0.9676704406738281
1.1598663330078125
1.5203514099121094
1.2764625549316406
0.9341201782226562
1.5232162475585938
1.4525680541992188
1.9346466064453125
1.6754684448242188
1.13604736328125
1.5727577209472656
1.4842796325683594
1.0152664184570312
1.4890403747558594
1.508148193359375
1.521484375
1.2732810974121094
