0.8917465209960938
0.9171600341796875
1.0889205932617188
1.0883598327636719
0.9017066955566406
0.8621482849121094
0.7521095275878906
0.9597320556640625
1.4153366088867188
0.8487586975097656
1.3220596313476562
0.853118896484375
0.766143798828125
1.0437545776367188
0.9717979431152344
0.6342277526855469
1.1377296447753906
0.7360992431640625
1.1825218200683594
0.6792259216308594
0.9802093505859375
0.9701805114746094
0.9933433532714844
1.5851898193359375
0.7317543029785156
0.7267189025878906
0.7424049377441406
0.87335205078125
0.6609039306640625
0.7701644897460938
0.7402496337890625
0.79534912109375
0.865264892578125
0.665679931640625
0.6520652770996094
1.2539939880371094
1.0681800842285156
1.0654449462890625
0.56036376953125
1.5453987121582031
1.0053329467773438
0.6985130310058594
0.6754531860351562
1.1649017333984375
0.7940292358398438
0.9556961059570312
0.75506591796875
0.9275169372558594
1.0415687561035156
1.0473899841308594
0.9575691223144531
0.6785850524902344
0.8232078552246094
1.2249946594238281
0.741302490234375
0.8618698120117188
1.0329017639160156
0.7976875305175781
1.2880935668945312
1.3260612487792969
1.1175155639648438
1.0016632080078125
0.8030509948730469
1.0021629333496094
0.8753852844238281
0.6897468566894531
0.7480583190917969
1.0910491943359375
0.8226814270019531
1.0018882751464844
0.8160629272460938
1.280914306640625
0.9411849975585938
0.6845474243164062
0.8665771484375
0.6681976318359375
0.8317298889160156
0.7256393432617188
1.0169143676757812
0.9094429016113281
1.2790489196777344
1.2269477844238281
1.4102210998535156
0.9065437316894531
0.6820602416992188
0.8856544494628906
0.6362075805664062
0.6530952453613281
0.6802101135253906
0.7900619506835938
0.747711181640625
1.0648956298828125
0.8118362426757812
1.0214691162109375
0.8971900939941406
0.7142066955566406
0.8488349914550781
1.2260169982910156
1.7531013488769531
0.9413681030273438
1.3686676025390625
0.7709617614746094
0.8316192626953125
1.0656890869140625
1.0956382751464844
0.8882522583007812
1.0467147827148438
1.04791259765625
0.7712326049804688
0.9956398010253906
0.9221572875976562
0.94366455078125
0.8955154418945312
1.134552001953125
0.7999687194824219
1.1730804443359375
0.8102951049804688
0.7868766784667969
0.7804412841796875
1.0693740844726562
0.8824920654296875
1.128662109375
1.1328086853027344
0.7041473388671875
1.0203514099121094
0.7658119201660156
1.1243553161621094
1.0760917663574219
0.8923072814941406
1.3201408386230469
0.9032249450683594
0.5225448608398438
0.7068634033203125
0.9243698120117188
0.8312873840332031
1.1846580505371094
0.7990760803222656
1.0661125183105469
0.85760498046875
1.159881591796875
0.8505668640136719
0.6870536804199219
0.9089469909667969
0.6777191162109375
1.149017333984375
0.884490966796875
0.7600593566894531
0.7142982482910156
0.7820587158203125
0.9190826416015625
0.9122657775878906
0.9326057434082031
0.8265419006347656
1.1146240234375
1.0246620178222656
0.8684196472167969
0.9136238098144531
0.7868423461914062
1.1647415161132812
0.7994346618652344
1.2857322692871094
0.7206459045410156
1.2060585021972656
0.9570732116699219
0.7743949890136719
0.8734397888183594
1.2342453002929688
1.0249557495117188
0.8562240600585938
0.9031105041503906
0.9430122375488281
1.0992927551269531
0.7464599609375
0.8212738037109375
1.0727500915527344
0.8184242248535156
0.805419921875
1.0427627563476562
0.8630256652832031
0.8607292175292969
1.0179481506347656
0.7588081359863281
0.6980361938476562
0.9088935852050781
0.6428337097167969
0.8112411499023438
1.0266532897949219
0.7569236755371094
1.0107192993164062
0.6640663146972656
0.839141845703125
0.7362899780273438
0.9383697509765625
1.1053199768066406
0.8151702880859375
0.9018173217773438
0.682373046875
1.0560226440429688
0.8770256042480469
1.0499992370605469
