0.8168258666992188
0.8842048645019531
0.7733421325683594
1.2655296325683594
0.7481002807617188
0.9401969909667969
1.2038383483886719
1.179168701171875
0.9336738586425781
0.7996139526367188
0.914581298828125
0.8609886169433594
1.1773185729980469
0.8649406433105469
1.1086235046386719
0.6849517822265625
0.7838020324707031
0.7579269409179688
0.7083854675292969
0.8104438781738281
0.9345016479492188
0.7734756469726562
1.4135475158691406
0.7979393005371094
0.8237380981445312
0.8715019226074219
1.0460281372070312
0.791656494140625
0.9161300659179688
0.8785781860351562
1.0582618713378906
0.9202308654785156
1.0751991271972656
0.9153861999511719
0.8804779052734375
0.7916374206542969
1.0169563293457031
0.6085700988769531
1.1125106811523438
0.6902618408203125
1.03814697265625
1.0322380065917969
1.1989402770996094
1.1542320251464844
0.6852493286132812
1.062408447265625
0.8564262390136719
1.0361862182617188
1.2128639221191406
0.8992156982421875
0.7630767822265625
0.7282066345214844
0.9544677734375
0.6452674865722656
1.2708473205566406
1.1483345031738281
1.1504631042480469
1.006683349609375
0.6270294189453125
0.8200912475585938
0.9194717407226562
0.975677490234375
1.1256179809570312
0.9370155334472656
0.9489555358886719
0.7693862915039062
0.8414344787597656
1.1302566528320312
0.6770095825195312
0.9235725402832031
0.9849662780761719
0.8660545349121094
0.7513542175292969
0.6474761962890625
0.7348136901855469
0.8283538818359375
0.5669479370117188
0.9498558044433594
0.7244224548339844
0.9841766357421875
0.8192405700683594
0.8182601928710938
0.9876594543457031
1.0077705383300781
1.1581916809082031
0.8530006408691406
0.7252349853515625
0.7687950134277344
0.8496932983398438
0.9833908081054688
0.7744789123535156
1.1693878173828125
1.1825294494628906
0.9229888916015625
0.7439994812011719
0.9810981750488281
1.1097373962402344
1.0488700866699219
0.6350250244140625
1.3634872436523438
0.7123031616210938
0.7635383605957031
0.78533935546875
1.0140609741210938
0.8422622680664062
1.088043212890625
0.9273033142089844
0.9078483581542969
0.6540985107421875
1.1302337646484375
0.6601448059082031
0.8039436340332031
0.889495849609375
1.2823104858398438
0.7425384521484375
1.1329841613769531
0.8851432800292969
0.6357650756835938
1.1542015075683594
0.8226547241210938
0.8096923828125
1.088623046875
0.9198684692382812
0.7606239318847656
0.5736083984375
0.92962646484375
0.6995391845703125
0.7605018615722656
1.1004104614257812
0.9327354431152344
1.1363296508789062
0.8850479125976562
1.0126724243164062
0.8598365783691406
0.6336784362792969
0.9157142639160156
0.7788200378417969
0.7664451599121094
1.0591392517089844
1.0979728698730469
0.8058967590332031
1.0014228820800781
1.2581443786621094
0.9478302001953125
0.9554901123046875
1.2218742370605469
0.9584426879882812
1.0174407958984375
1.1431388854980469
0.8865280151367188
1.1786613464355469
0.7859764099121094
0.9477424621582031
0.8207969665527344
1.4007530212402344
0.4967536926269531
0.7824745178222656
0.8211441040039062
0.8910903930664062
1.1426162719726562
1.1868858337402344
1.1457290649414062
1.2055549621582031
1.0467185974121094
0.8122825622558594
1.1474876403808594
1.0477714538574219
0.8172988891601562
0.8103370666503906
1.0882530212402344
0.8804969787597656
1.4543190002441406
0.8551559448242188
1.1103668212890625
1.3320236206054688
0.9950523376464844
0.7768974304199219
0.8198585510253906
0.8173942565917969
0.9169540405273438
1.0240097045898438
0.8232955932617188
0.7446327209472656
0.998382568359375
0.6445693969726562
0.9262847900390625
0.6802444458007812
0.7103691101074219
0.8289146423339844
0.7073745727539062
0.6231269836425781
0.766510009765625
0.9974555969238281
0.8517532348632812
1.7168769836425781
0.9772605895996094
0.9387855529785156
1.0509796142578125
1.034027099609375
0.7546615600585938
