3.6332931518554688
3.968708038330078
4.0091552734375
4.2462005615234375
4.072906494140625
4.082305908203125
3.9233551025390625
4.479732513427734
3.7669601440429688
4.351238250732422
4.192878723144531
3.9165267944335938
4.080711364746094
3.9798965454101562
3.8632164001464844
4.269798278808594
4.29840087890625
4.254878997802734
4.449855804443359
3.8260040283203125
3.971210479736328
4.092582702636719
3.873504638671875
4.128150939941406
4.173946380615234
3.898468017578125
4.086090087890625
3.721630096435547
4.302978515625
4.346961975097656
3.7643508911132812
4.361789703369141
4.0932159423828125
3.9965667724609375
4.3596954345703125
4.111118316650391
4.060997009277344
4.05572509765625
4.424808502197266
4.435646057128906
4.304462432861328
4.04144287109375
3.9799575805664062
4.442634582519531
3.9600486755371094
4.257164001464844
4.029533386230469
4.259746551513672
4.4972686767578125
4.303565979003906
4.020023345947266
4.3421478271484375
4.177486419677734
4.182453155517578
3.6857261657714844
4.488590240478516
4.201366424560547
3.7776412963867188
4.190299987792969
4.351230621337891
3.9109725952148438
4.469547271728516
4.042568206787109
4.115211486816406
3.890827178955078
4.0448150634765625
3.923969268798828
4.357608795166016
4.320652008056641
4.446746826171875
4.085567474365234
4.412872314453125
3.864093780517578
3.695781707763672
4.059375762939453
4.304073333740234
3.8215179443359375
4.08587646484375
4.184822082519531
4.046794891357422
4.141765594482422
4.117824554443359
3.8360328674316406
4.280803680419922
4.5965423583984375
3.7980270385742188
4.313667297363281
3.8391456604003906
4.386272430419922
4.141475677490234
4.131195068359375
4.274055480957031
3.875244140625
4.127861022949219
4.061470031738281
4.333263397216797
4.344871520996094
4.102817535400391
4.1067657470703125
3.9617538452148438
4.190425872802734
4.267238616943359
4.328350067138672
4.015068054199219
4.308197021484375
4.158946990966797
4.298393249511719
4.059299468994141
3.9772682189941406
3.8221664428710938
4.381092071533203
4.300968170166016
3.954792022705078
3.9282684326171875
4.0950469970703125
4.319122314453125
4.085868835449219
3.8080177307128906
4.192253112792969
3.8865203857421875
3.9854583740234375
4.176216125488281
4.484504699707031
4.509757995605469
3.810039520263672
4.144542694091797
4.183094024658203
4.309642791748047
4.388896942138672
4.384700775146484
4.466785430908203
4.418766021728516
4.309658050537109
4.350254058837891
4.266014099121094
4.389385223388672
3.8267555236816406
4.052101135253906
4.149555206298828
4.118141174316406
4.108222961425781
4.308174133300781
3.95513916015625
4.316646575927734
3.95416259765625
3.9767990112304688
4.191272735595703
4.376018524169922
4.763675689697266
4.392986297607422
4.054237365722656
4.037605285644531
3.765857696533203
3.943511962890625
3.6831207275390625
4.384563446044922
3.706287384033203
4.049629211425781
4.021671295166016
3.965656280517578
3.9386749267578125
4.504981994628906
4.342994689941406
4.421886444091797
4.475898742675781
3.968658447265625
4.231090545654297
3.8433074951171875
4.141597747802734
4.225517272949219
4.217800140380859
4.075374603271484
3.871898651123047
4.824775695800781
4.470245361328125
4.394077301025391
4.243621826171875
3.680938720703125
4.134101867675781
4.040737152099609
3.8086509704589844
4.435081481933594
4.4634552001953125
4.722660064697266
4.405284881591797
4.376209259033203
3.8583412170410156
4.221466064453125
4.104358673095703
4.186618804931641
4.207008361816406
4.110603332519531
4.324485778808594
4.2251739501953125
4.113918304443359
4.243694305419922
4.353420257568359
4.48870849609375
4.229736328125
4.516212463378906
