3.735706329345703
4.667919158935547
3.8569488525390625
3.9355926513671875
3.991199493408203
4.0112152099609375
4.491218566894531
4.021152496337891
4.118766784667969
4.356525421142578
4.573616027832031
4.563697814941406
3.6560707092285156
4.105297088623047
4.254375457763672
4.4945068359375
4.161334991455078
4.201175689697266
4.1579132080078125
4.171073913574219
3.924243927001953
3.9376869201660156
4.12310791015625
4.142524719238281
4.127002716064453
4.489555358886719
4.108737945556641
4.283607482910156
3.9203529357910156
4.236366271972656
4.293468475341797
4.1884002685546875
4.108795166015625
3.986316680908203
4.0497894287109375
3.9853363037109375
4.119880676269531
4.769245147705078
3.9601478576660156
4.397125244140625
4.002765655517578
3.845317840576172
4.2653350830078125
4.3911590576171875
4.286262512207031
4.029838562011719
4.2544097900390625
4.3961334228515625
3.9211997985839844
4.042564392089844
4.046241760253906
4.6968841552734375
3.690319061279297
4.156181335449219
4.209247589111328
4.0226593017578125
4.0749969482421875
4.451988220214844
4.220531463623047
3.8456802368164062
4.094841003417969
4.305206298828125
4.359344482421875
3.9966163635253906
4.156627655029297
3.8482208251953125
4.257091522216797
3.8562583923339844
4.030403137207031
4.0475921630859375
4.3992767333984375
4.191196441650391
3.9336166381835938
4.223064422607422
4.082794189453125
3.9879188537597656
3.9309959411621094
4.200527191162109
3.939495086669922
4.096820831298828
4.044807434082031
4.216518402099609
4.341197967529297
4.186908721923828
4.0063323974609375
4.075031280517578
4.180870056152344
4.187236785888672
4.125598907470703
4.624156951904297
4.176982879638672
4.190132141113281
4.037109375
4.369438171386719
4.467266082763672
3.9745521545410156
4.2769317626953125
4.329746246337891
4.321037292480469
4.5713958740234375
4.0870819091796875
4.143516540527344
4.019218444824219
4.226432800292969
4.386466979980469
4.382598876953125
4.501964569091797
3.9477386474609375
4.277614593505859
4.085941314697266
4.356529235839844
4.334938049316406
3.796051025390625
3.8152999877929688
4.2057952880859375
3.7523345947265625
4.23931884765625
3.9859085083007812
4.2513580322265625
4.191493988037109
4.227581024169922
4.138355255126953
4.193744659423828
4.338470458984375
4.07794189453125
3.684925079345703
4.029506683349609
4.438205718994141
4.035831451416016
4.040550231933594
4.0191192626953125
4.016452789306641
3.807952880859375
4.011180877685547
4.232585906982422
4.401233673095703
4.674121856689453
4.043109893798828
4.871822357177734
3.8923988342285156
3.694854736328125
4.006324768066406
4.084445953369141
3.996379852294922
4.569675445556641
3.995716094970703
4.449321746826172
4.2598419189453125
4.491920471191406
4.314060211181641
4.320808410644531
4.260074615478516
4.3192291259765625
3.9911155700683594
4.093227386474609
4.124286651611328
3.9707717895507812
4.128944396972656
4.509834289550781
4.4951171875
4.196754455566406
3.9197921752929688
4.137928009033203
4.1526031494140625
4.365875244140625
4.65478515625
4.147762298583984
3.9627151489257812
4.196071624755859
3.9819564819335938
4.013416290283203
3.9426040649414062
3.9207077026367188
4.2581024169921875
4.453483581542969
3.8949012756347656
3.7896156311035156
4.353191375732422
4.742584228515625
4.198146820068359
4.2995758056640625
4.587741851806641
4.013256072998047
4.124603271484375
4.41949462890625
4.349315643310547
4.155338287353516
3.9032440185546875
4.200420379638672
4.070247650146484
4.2341461181640625
4.405426025390625
4.599567413330078
4.122768402099609
4.025966644287109
4.385345458984375
3.928936004638672
4.074378967285156
4.183311462402344
4.372215270996094
