3.5489158630371094
3.28564453125
3.3137130737304688
3.206653594970703
3.354206085205078
3.5973243713378906
3.901172637939453
3.1863746643066406
3.933013916015625
3.928699493408203
3.2260208129882812
3.564678192138672
3.5640220642089844
3.7578811645507812
3.40838623046875
3.31658935546875
3.641571044921875
3.7252197265625
2.869976043701172
3.7052078247070312
3.2587814331054688
3.3572540283203125
3.7565269470214844
3.0162200927734375
3.3604888916015625
3.91888427734375
3.33612060546875
3.224853515625
3.40277099609375
3.4709854125976562
3.4504127502441406
3.7677154541015625
3.5931663513183594
3.4266738891601562
3.2349777221679688
3.571491241455078
3.6726455688476562
3.643421173095703
3.7239227294921875
3.6409645080566406
3.918743133544922
3.2339019775390625
3.396953582763672
3.1863861083984375
3.032154083251953
3.9221229553222656
3.7648048400878906
3.4018630981445312
3.3389244079589844
3.527027130126953
3.3326492309570312
3.730388641357422
3.286785125732422
3.4609031677246094
3.4863662719726562
3.3771324157714844
3.288196563720703
3.54010009765625
3.405475616455078
3.648326873779297
3.053436279296875
3.3818092346191406
3.3873214721679688
3.3696250915527344
3.4866943359375
3.5622901916503906
3.2755393981933594
3.4590072631835938
3.3298873901367188
3.26104736328125
3.3612632751464844
3.392364501953125
3.330291748046875
3.1930313110351562
3.5967674255371094
3.6140899658203125
3.072101593017578
3.380908966064453
3.7291297912597656
3.6717567443847656
3.6319236755371094
3.8654441833496094
3.3660736083984375
3.9936676025390625
3.4830665588378906
3.7122726440429688
3.6679954528808594
3.529003143310547
3.456390380859375
3.71051025390625
3.674163818359375
3.564617156982422
3.233684539794922
3.322277069091797
3.6570396423339844
3.05865478515625
3.2562942504882812
3.6213836669921875
3.201263427734375
3.0942001342773438
3.971233367919922
3.2912025451660156
3.6299362182617188
3.8132362365722656
3.5028305053710938
3.2173843383789062
3.6865463256835938
3.484516143798828
3.530872344970703
3.4851646423339844
3.1337356567382812
3.6115875244140625
3.2855491638183594
3.148651123046875
3.3752517700195312
3.6723899841308594
3.4278717041015625
3.5416641235351562
3.5214462280273438
3.450103759765625
3.3250465393066406
3.6557235717773438
3.5341873168945312
3.5159225463867188
3.529682159423828
3.1560096740722656
3.54443359375
3.506805419921875
3.7043418884277344
3.5019912719726562
3.5527915954589844
3.231281280517578
3.3529739379882812
3.2975730895996094
3.4350929260253906
3.779369354248047
3.0305023193359375
3.5153732299804688
3.8712692260742188
3.0792922973632812
3.9187393188476562
3.408000946044922
3.2876052856445312
3.568714141845703
3.851116180419922
3.4306640625
3.0803871154785156
3.48687744140625
3.509357452392578
3.4785690307617188
3.6569900512695312
3.4435958862304688
3.382061004638672
3.588531494140625
3.2372398376464844
3.0613059997558594
3.4973411560058594
3.5923690795898438
3.78424072265625
3.7440719604492188
3.367046356201172
3.7001419067382812
3.6113548278808594
3.6635971069335938
3.2865676879882812
3.4602279663085938
3.4707298278808594
3.531688690185547
3.38330078125
4.036563873291016
3.3378257751464844
3.4526748657226562
3.4571380615234375
3.4821929931640625
3.393341064453125
3.669963836669922
3.1787986755371094
3.2248764038085938
3.4306678771972656
3.467853546142578
3.711040496826172
3.5151443481445312
3.1769256591796875
3.736949920654297
3.269062042236328
3.5407447814941406
3.9716873168945312
3.6711044311523438
3.895549774169922
3.5560073852539062
3.1639366149902344
3.1473731994628906
3.456493377685547
3.2244606018066406
3.8724403381347656
3.482463836669922
3.6935386657714844
3.225799560546875
3.7568283081054688
3.1863479614257812
