0.9108963012695312
1.0474090576171875
0.9494285583496094
0.5378684997558594
0.7230186462402344
0.923095703125
0.8110122680664062
0.9171905517578125
0.8494911193847656
0.9222335815429688
0.9772415161132812
0.6659774780273438
0.9454612731933594
1.0342788696289062
0.9296607971191406
0.8858833312988281
0.7649421691894531
0.8064193725585938
0.7195320129394531
0.9189682006835938
0.867645263671875
0.78875732421875
0.840667724609375
0.8858375549316406
0.7078170776367188
0.995574951171875
0.9129142761230469
1.1338691711425781
1.340179443359375
0.9612617492675781
0.9716110229492188
1.2301979064941406
1.09979248046875
0.6166191101074219
0.8917388916015625
0.8398361206054688
0.9420280456542969
1.1035270690917969
0.9758987426757812
0.8674087524414062
0.9278335571289062
1.0075263977050781
1.1158599853515625
1.164947509765625
0.7889404296875
0.7832221984863281
0.7389450073242188
1.0113563537597656
0.8248138427734375
0.8526992797851562
0.8988304138183594
0.9040451049804688
1.01708984375
0.7406768798828125
0.8877830505371094
0.7672767639160156
0.69927978515625
0.6334457397460938
0.7836494445800781
0.7165718078613281
0.7759742736816406
0.9259071350097656
1.1472892761230469
1.10626220703125
0.5506172180175781
0.7253799438476562
0.8971023559570312
1.1555824279785156
0.97833251953125
0.9538230895996094
0.8237686157226562
0.83026123046875
0.8090896606445312
0.7157440185546875
1.1225509643554688
1.1857109069824219
1.0985298156738281
0.8696937561035156
0.6590614318847656
1.0997276306152344
0.7385330200195312
1.0166587829589844
0.6671524047851562
1.109527587890625
1.3650550842285156
0.7591781616210938
0.6487884521484375
1.4415016174316406
0.7329597473144531
1.0082168579101562
0.9133338928222656
1.0817184448242188
0.6728439331054688
0.7929954528808594
0.9360542297363281
0.8793144226074219
0.8223838806152344
0.8392333984375
1.4306373596191406
0.6891899108886719
1.4669342041015625
1.1795883178710938
0.9195976257324219
0.6033859252929688
0.81036376953125
0.6964912414550781
0.7861289978027344
0.5565452575683594
1.1151771545410156
0.9099578857421875
0.6674308776855469
0.7010841369628906
0.8695259094238281
0.7601089477539062
1.1517791748046875
0.9313888549804688
1.2444915771484375
0.9525680541992188
0.857818603515625
0.8086166381835938
1.2517509460449219
0.9805450439453125
0.9642829895019531
0.7975807189941406
0.8190574645996094
0.8515625
0.7799758911132812
1.0091514587402344
1.3976020812988281
0.7812957763671875
0.6124801635742188
0.8420829772949219
1.4088630676269531
0.8329086303710938
0.834075927734375
0.912841796875
0.6739654541015625
0.9726524353027344
1.1118850708007812
1.0881233215332031
0.8623771667480469
0.9158515930175781
0.8442459106445312
1.3491325378417969
0.61627197265625
0.8827743530273438
0.6752853393554688
0.8094902038574219
0.975616455078125
1.4892654418945312
0.9086875915527344
0.9356918334960938
0.9760856628417969
1.2405509948730469
0.7356719970703125
0.6478195190429688
1.1734390258789062
0.78472900390625
0.7240715026855469
0.9825286865234375
0.8929443359375
0.8438491821289062
0.9199905395507812
0.8112220764160156
1.1166839599609375
0.7077369689941406
1.2283897399902344
0.8017692565917969
0.70745849609375
0.7321662902832031
1.1483001708984375
1.125091552734375
0.8631935119628906
1.1899909973144531
0.7887763977050781
0.9391746520996094
0.9287948608398438
0.8207473754882812
0.6505661010742188
1.06298828125
0.8302688598632812
0.63421630859375
0.7841148376464844
0.6668472290039062
0.8038444519042969
1.1629257202148438
0.894256591796875
0.6492233276367188
1.1320877075195312
1.1163787841796875
1.5213966369628906
1.2955169677734375
0.755523681640625
1.1386604309082031
1.1522903442382812
0.7353935241699219
1.1089630126953125
1.2138671875
1.2140464782714844
0.9938278198242188
