0.4369697570800781
0.48432159423828125
0.5289077758789062
0.64837646484375
0.3956794738769531
0.37564849853515625
0.4247894287109375
0.3559226989746094
0.540618896484375
0.431121826171875
0.5463905334472656
0.6942596435546875
0.4964256286621094
0.6853103637695312
0.3895263671875
0.7991943359375
0.5716743469238281
0.4644355773925781
0.3493766784667969
0.4420166015625
0.3675880432128906
0.4389076232910156
1.0423316955566406
0.5555000305175781
0.255828857421875
0.6174201965332031
0.5201034545898438
0.6155548095703125
0.5602226257324219
0.455841064453125
0.3924293518066406
0.7115097045898438
0.3788337707519531
0.43573760986328125
0.6287002563476562
0.6526107788085938
0.4250984191894531
0.6129379272460938
0.5991973876953125
0.6092605590820312
0.6820182800292969
0.26949310302734375
0.5869712829589844
0.412017822265625
0.35214996337890625
0.5066719055175781
0.5062637329101562
0.4644050598144531
0.4641609191894531
0.367889404296875
0.4593772888183594
0.43991851806640625
0.8034439086914062
0.541748046875
0.5372238159179688
0.35285186767578125
0.7228279113769531
0.637115478515625
0.5359992980957031
0.4892005920410156
0.4653053283691406
0.5571479797363281
0.5019302368164062
0.2925834655761719
0.5010223388671875
0.4703178405761719
0.6310081481933594
0.4659080505371094
0.36063385009765625
0.5726165771484375
1.0103874206542969
0.36083221435546875
0.39273834228515625
0.4628181457519531
0.3839607238769531
0.6535072326660156
0.5306434631347656
0.5279884338378906
0.5048751831054688
0.3170127868652344
0.4890708923339844
0.5297393798828125
0.47751617431640625
0.7379188537597656
0.4520263671875
0.6090583801269531
0.497711181640625
0.8989830017089844
0.6618919372558594
0.6712837219238281
0.34769439697265625
0.34449005126953125
0.3240013122558594
0.6331863403320312
0.5745773315429688
0.3514518737792969
0.5099983215332031
0.21236801147460938
0.4170036315917969
0.5064544677734375
0.5382957458496094
0.3032951354980469
0.5363616943359375
0.3977203369140625
0.5235099792480469
0.5006942749023438
0.5377273559570312
0.5362358093261719
0.4304542541503906
0.4570121765136719
0.3113250732421875
0.3760833740234375
0.32265472412109375
0.3033409118652344
0.43323516845703125
0.5795783996582031
0.3432731628417969
0.6515617370605469
0.41974639892578125
0.9249000549316406
0.518768310546875
0.569671630859375
0.39301300048828125
0.5362586975097656
0.6217536926269531
0.8454971313476562
0.731536865234375
0.5594863891601562
0.4655494689941406
0.3934783935546875
0.7575416564941406
0.3531646728515625
0.88037109375
0.4636077880859375
0.5478134155273438
0.6708297729492188
0.5351409912109375
0.49993896484375
0.5381851196289062
0.6812934875488281
0.7492485046386719
0.334197998046875
0.6514739990234375
0.5575103759765625
0.5889549255371094
0.3923149108886719
0.40415191650390625
0.3113822937011719
0.5329246520996094
0.4251441955566406
0.5239143371582031
0.7117805480957031
0.5100898742675781
0.5914154052734375
0.5716514587402344
0.38220977783203125
0.38674163818359375
0.4557647705078125
0.5663375854492188
0.4084053039550781
0.3465614318847656
0.2923316955566406
1.0093612670898438
0.5256271362304688
0.3665885925292969
0.5604782104492188
0.381011962890625
0.46694183349609375
0.5557823181152344
0.47101593017578125
0.3634071350097656
0.5197296142578125
0.59930419921875
0.6468391418457031
0.6754913330078125
0.5800132751464844
0.3458709716796875
0.6478843688964844
0.47222900390625
0.5501060485839844
0.4257965087890625
0.5980224609375
0.34026336669921875
0.4009590148925781
0.5384559631347656
0.5167083740234375
0.666351318359375
0.3029594421386719
0.4181976318359375
0.5286865234375
0.5585365295410156
0.3772392272949219
0.4150505065917969
0.4005279541015625
0.34963226318359375
1.205047607421875
0.3934822082519531
0.4203224182128906
0.4780540466308594
0.7935218811035156
