2.029102325439453
2.003582000732422
1.5970077514648438
1.9142379760742188
2.0137252807617188
2.0467567443847656
1.9351615905761719
1.641082763671875
1.7998008728027344
1.6636238098144531
1.7786064147949219
1.647796630859375
1.6726455688476562
1.9902305603027344
1.5891914367675781
2.5057830810546875
1.7827186584472656
2.1063499450683594
2.061023712158203
1.4772567749023438
1.8863716125488281
1.8014793395996094
2.234619140625
1.751373291015625
1.7255516052246094
1.7050971984863281
1.8315544128417969
2.080230712890625
1.7646865844726562
1.6904220581054688
1.7490005493164062
1.7303581237792969
2.074554443359375
1.7331123352050781
1.912445068359375
1.7295303344726562
2.2684669494628906
1.8795318603515625
1.8190841674804688
1.619781494140625
1.8856964111328125
2.0387306213378906
2.263233184814453
1.894927978515625
1.5543327331542969
2.1753501892089844
1.8616294860839844
1.8256187438964844
1.7399711608886719
1.8792953491210938
2.266132354736328
1.3896293640136719
1.9703750610351562
2.5990257263183594
1.6417884826660156
2.0462989807128906
1.68194580078125
1.7965850830078125
1.6624565124511719
1.6398162841796875
1.9225540161132812
1.9356918334960938
1.8891029357910156
2.2080459594726562
2.0466232299804688
1.7308616638183594
1.65972900390625
1.9162254333496094
1.8204460144042969
1.7065467834472656
1.6122894287109375
1.9731483459472656
1.6292190551757812
1.5850677490234375
2.116840362548828
1.8443031311035156
1.731689453125
1.7520027160644531
1.8161582946777344
1.5689926147460938
1.4519157409667969
1.688995361328125
1.78619384765625
1.701873779296875
1.9190750122070312
1.5530052185058594
1.6827316284179688
2.0094223022460938
1.9088554382324219
1.5358123779296875
2.1590805053710938
1.5729942321777344
1.7981910705566406
1.3375511169433594
1.8003807067871094
2.2262802124023438
1.5879173278808594
1.8340530395507812
2.1707801818847656
1.9808502197265625
2.0450668334960938
2.2104568481445312
1.722412109375
1.6332740783691406
2.2492599487304688
1.5897331237792969
2.0197830200195312
1.9069595336914062
2.263690948486328
1.6779861450195312
1.881378173828125
1.70184326171875
1.6696090698242188
2.032825469970703
2.1956558227539062
1.5467109680175781
1.6479148864746094
1.5813179016113281
1.6701698303222656
1.7794685363769531
1.7746124267578125
1.6026725769042969
2.1813888549804688
2.1774139404296875
1.5010757446289062
2.07012939453125
1.61358642578125
1.6124000549316406
1.6176223754882812
1.6612739562988281
1.4992179870605469
1.6752586364746094
2.0061302185058594
1.9568977355957031
1.6029434204101562
2.269176483154297
1.7022285461425781
1.7649421691894531
1.6898193359375
2.2295684814453125
2.0076904296875
2.7835540771484375
2.490955352783203
1.9248466491699219
2.0610694885253906
1.4693183898925781
1.8786048889160156
2.19549560546875
1.8348579406738281
1.758575439453125
2.3002281188964844
1.8383445739746094
1.43853759765625
2.0689964294433594
1.5593681335449219
2.0202369689941406
2.034698486328125
1.9610710144042969
1.7008895874023438
1.9765396118164062
2.0812225341796875
2.629924774169922
1.8609428405761719
1.6580924987792969
1.6396980285644531
1.8599281311035156
2.259777069091797
1.6983375549316406
2.292236328125
1.6666145324707031
1.8326263427734375
1.7022056579589844
1.8763275146484375
1.66015625
1.7528038024902344
1.6890296936035156
1.4103813171386719
1.944793701171875
2.1253738403320312
1.9667892456054688
1.5667343139648438
1.5641746520996094
1.9092636108398438
1.5944480895996094
1.6014900207519531
1.6288948059082031
1.9991226196289062
2.247955322265625
2.0794410705566406
1.85833740234375
1.4530143737792969
1.6835823059082031
2.126148223876953
1.8146629333496094
1.973876953125
1.726104736328125
2.1918716430664062
1.6633567810058594
1.9921073913574219
1.9304962158203125
