1.3417091369628906
1.6298027038574219
1.6123275756835938
1.6318016052246094
1.7151451110839844
1.8732795715332031
1.5759086608886719
1.6251029968261719
1.4359550476074219
1.724822998046875
1.1121749877929688
1.4407768249511719
1.4597396850585938
1.4428443908691406
1.554107666015625
1.6591339111328125
1.4593658447265625
1.5011177062988281
1.6195487976074219
1.9342384338378906
1.6188850402832031
1.845062255859375
1.5486106872558594
1.3564987182617188
1.8769264221191406
1.1627922058105469
1.6133804321289062
2.0687599182128906
1.79766845703125
1.4236869812011719
1.6793899536132812
1.6160888671875
1.6479949951171875
1.3186149597167969
1.8110389709472656
1.8677444458007812
1.6436309814453125
1.6348495483398438
1.3431015014648438
1.570159912109375
1.3062400817871094
1.7327346801757812
1.9805450439453125
1.3628425598144531
1.4988517761230469
1.3419456481933594
1.6359710693359375
1.4492568969726562
1.9576873779296875
1.358551025390625
1.4177284240722656
1.6046867370605469
1.8641281127929688
1.6782455444335938
1.620025634765625
1.389801025390625
1.4578933715820312
1.6717300415039062
1.5402259826660156
1.4523429870605469
1.4449348449707031
1.7101402282714844
1.6893463134765625
1.246490478515625
1.6082534790039062
1.5435028076171875
1.4096755981445312
1.6760406494140625
1.1633529663085938
1.5280838012695312
1.4511489868164062
1.3383293151855469
1.8134841918945312
1.8025550842285156
1.5672492980957031
1.5033111572265625
1.5389862060546875
1.6905403137207031
1.708526611328125
1.470489501953125
1.5100936889648438
1.6972503662109375
1.8070526123046875
1.2105064392089844
1.555755615234375
1.9208335876464844
1.5685539245605469
1.6916770935058594
1.6079216003417969
1.5887184143066406
1.808807373046875
1.4202804565429688
1.6876907348632812
1.4977455139160156
1.7866096496582031
1.6735115051269531
1.6312637329101562
1.4529685974121094
1.6710548400878906
1.2034759521484375
1.405548095703125
1.502655029296875
1.3031082153320312
1.8266983032226562
1.4747695922851562
1.5683708190917969
1.4257087707519531
1.8723411560058594
1.7772140502929688
1.7279739379882812
1.6200599670410156
1.3666458129882812
1.8379745483398438
1.4215354919433594
1.8123245239257812
1.7647590637207031
1.8268928527832031
1.6706428527832031
1.2733039855957031
1.2115554809570312
1.4998779296875
1.3629989624023438
1.5522079467773438
1.5701446533203125
1.6298789978027344
1.4107437133789062
1.60223388671875
1.4902229309082031
1.2750740051269531
1.4508628845214844
1.7588882446289062
1.7184104919433594
1.369842529296875
1.3283958435058594
1.6104965209960938
1.3171424865722656
1.4049186706542969
1.0875434875488281
1.2555809020996094
1.9376487731933594
1.7530364990234375
1.5317764282226562
1.3265304565429688
1.6403388977050781
1.7287521362304688
1.4987335205078125
2.047374725341797
1.6758880615234375
1.5180206298828125
1.2489433288574219
1.4257621765136719
1.7727737426757812
1.2305870056152344
1.3342819213867188
1.5207099914550781
1.605987548828125
1.4141616821289062
1.5083084106445312
1.5264358520507812
1.9910354614257812
1.5057220458984375
1.7081222534179688
1.8296585083007812
1.8611259460449219
1.7692146301269531
1.3216781616210938
1.3810195922851562
1.8446197509765625
1.560943603515625
1.0754623413085938
1.426666259765625
1.604217529296875
1.4282569885253906
1.7694778442382812
2.2423095703125
1.3422126770019531
1.6312446594238281
1.6866035461425781
1.7375602722167969
1.4649467468261719
1.4535255432128906
2.0786361694335938
1.5950965881347656
1.8881072998046875
1.9109077453613281
1.4714469909667969
2.1028060913085938
1.4488029479980469
1.5816001892089844
1.6654205322265625
1.743743896484375
1.7330589294433594
1.8449592590332031
1.3833885192871094
1.3509902954101562
1.4337234497070312
2.2173805236816406
1.8389320373535156
1.6701393127441406
1.9107246398925781
