2.6593399047851562
2.7882537841796875
2.2462425231933594
2.9135894775390625
2.705059051513672
2.9940528869628906
2.9667587280273438
2.5709190368652344
2.4955596923828125
2.9184837341308594
2.670551300048828
2.9358062744140625
2.3393325805664062
2.9527130126953125
3.177936553955078
2.3970718383789062
2.5210037231445312
2.6215438842773438
2.6236114501953125
2.5532073974609375
2.9427871704101562
2.7774391174316406
2.5769309997558594
2.387664794921875
2.716320037841797
3.1361770629882812
2.4591064453125
2.2803192138671875
2.610881805419922
3.1719436645507812
2.6177902221679688
2.5597915649414062
2.7181930541992188
2.35858154296875
2.6978302001953125
2.7191925048828125
2.6867637634277344
2.3810195922851562
2.470600128173828
2.867778778076172
2.681598663330078
2.638935089111328
2.797534942626953
2.336986541748047
3.0014419555664062
2.985870361328125
2.8831024169921875
2.4105987548828125
2.4754867553710938
2.767230987548828
2.5295066833496094
2.8422088623046875
2.730640411376953
2.6551971435546875
2.539264678955078
2.499530792236328
2.7557296752929688
2.7293739318847656
2.588764190673828
3.1059837341308594
2.2982444763183594
2.4869613647460938
2.7745323181152344
2.691070556640625
2.5022735595703125
2.5395584106445312
3.0311050415039062
2.6768722534179688
2.5904083251953125
3.136547088623047
2.948566436767578
2.4956016540527344
2.73529052734375
2.8064918518066406
2.802051544189453
2.2778472900390625
2.9223861694335938
2.4221267700195312
2.7338333129882812
2.98004150390625
3.201068878173828
2.5906524658203125
2.2460784912109375
2.8806800842285156
2.5798377990722656
2.844371795654297
2.4936752319335938
2.8488235473632812
2.7845726013183594
2.690441131591797
2.779552459716797
2.357318878173828
2.588470458984375
2.5002670288085938
2.495532989501953
2.7142105102539062
2.692462921142578
2.6544227600097656
2.6953697204589844
2.7936553955078125
2.8665504455566406
3.1961822509765625
2.5932693481445312
2.4552841186523438
2.800151824951172
2.7770538330078125
2.6737289428710938
2.393817901611328
2.660320281982422
2.484630584716797
3.2632408142089844
2.6387786865234375
2.8791160583496094
2.8016586303710938
2.5701370239257812
3.0264968872070312
2.5276451110839844
2.878498077392578
3.2156906127929688
2.7494163513183594
2.343891143798828
2.636371612548828
2.6019134521484375
2.5593223571777344
2.565845489501953
3.097576141357422
2.936931610107422
2.84075927734375
2.395893096923828
2.602672576904297
2.684337615966797
2.327117919921875
2.643718719482422
2.6403121948242188
2.0604934692382812
2.5854148864746094
2.3464584350585938
2.7204933166503906
3.2290916442871094
2.388446807861328
2.634075164794922
2.4467124938964844
2.8953399658203125
2.4592018127441406
2.3899269104003906
2.6965980529785156
2.864765167236328
2.697998046875
2.584819793701172
2.598644256591797
2.9330215454101562
2.584716796875
2.6367759704589844
2.4034461975097656
2.469738006591797
2.6481895446777344
2.5910263061523438
2.4502487182617188
2.8833999633789062
2.7037620544433594
2.3814010620117188
3.2891845703125
2.6796112060546875
2.6058616638183594
3.153667449951172
2.917919158935547
2.404155731201172
2.6429672241210938
2.2847824096679688
2.719951629638672
2.493244171142578
2.2753982543945312
2.2841339111328125
2.4454193115234375
2.250263214111328
2.5318527221679688
2.54180908203125
3.242145538330078
2.6290359497070312
2.753864288330078
2.842517852783203
2.6999435424804688
2.466949462890625
3.0654678344726562
2.7521209716796875
2.4270248413085938
2.7610397338867188
2.510974884033203
2.9444541931152344
2.516834259033203
2.713184356689453
3.428455352783203
3.083049774169922
2.82855224609375
2.775726318359375
2.6410484313964844
2.6928634643554688
2.6194686889648438
2.6357421875
