0.6636276245117188
0.8875999450683594
1.3636054992675781
1.0316276550292969
0.6908378601074219
1.0178680419921875
1.2371788024902344
0.9964981079101562
1.1243019104003906
0.936492919921875
0.7330093383789062
0.9380111694335938
1.0816383361816406
0.8848342895507812
0.8875923156738281
0.9169082641601562
0.8872337341308594
1.3365135192871094
0.8004798889160156
0.8242874145507812
0.704254150390625
1.0632743835449219
0.9918060302734375
1.0357284545898438
1.3072166442871094
0.6810684204101562
1.4306259155273438
0.9587821960449219
1.0353965759277344
0.8138427734375
1.38739013671875
0.7905960083007812
0.6798210144042969
1.2290802001953125
0.9648818969726562
0.8568878173828125
0.9206008911132812
1.0232810974121094
0.7630157470703125
1.1424293518066406
0.9769058227539062
1.1714591979980469
0.76507568359375
1.6851959228515625
1.0409736633300781
1.0787277221679688
0.9904937744140625
0.7681770324707031
0.9465560913085938
0.9404792785644531
0.7934761047363281
0.7670440673828125
0.8947372436523438
0.8032073974609375
0.9770240783691406
1.1491546630859375
0.80181884765625
0.7547340393066406
0.9523124694824219
1.1212272644042969
1.0045814514160156
0.8437843322753906
0.8019638061523438
1.0694351196289062
1.0571823120117188
0.5784454345703125
0.7668495178222656
0.7346382141113281
0.9019393920898438
1.0302772521972656
1.2746162414550781
0.6096649169921875
1.0190010070800781
1.0379409790039062
0.651641845703125
1.0644111633300781
1.0332221984863281
0.7775154113769531
1.12725830078125
1.0204277038574219
0.79296875
1.077301025390625
0.7429542541503906
1.3506927490234375
0.6893882751464844
0.9135055541992188
1.258392333984375
1.1287155151367188
0.7780265808105469
1.0228424072265625
1.1206512451171875
0.8416938781738281
1.0958900451660156
1.1424179077148438
0.8270912170410156
0.8447799682617188
0.8216018676757812
0.6709403991699219
0.8676528930664062
0.9027290344238281
0.9445266723632812
0.9662246704101562
1.1797332763671875
1.343475341796875
0.7593650817871094
0.8844261169433594
0.5390853881835938
0.8344573974609375
0.7497482299804688
0.581817626953125
1.0211181640625
1.259124755859375
0.7894134521484375
0.5716018676757812
1.0778465270996094
0.7966651916503906
0.98162841796875
0.8784828186035156
1.1082420349121094
1.0712165832519531
0.8527870178222656
1.0640449523925781
0.9587593078613281
0.764404296875
0.8601799011230469
0.6730880737304688
1.193115234375
1.0283050537109375
0.9439811706542969
0.8491668701171875
1.2687530517578125
0.7387008666992188
1.06524658203125
0.7201423645019531
0.7895469665527344
0.7757225036621094
0.7713203430175781
0.9526252746582031
0.7079086303710938
0.5983352661132812
0.930816650390625
0.9003944396972656
0.7668914794921875
0.97369384765625
0.7906761169433594
0.6998443603515625
0.8416976928710938
0.7957954406738281
0.6125984191894531
0.8205680847167969
0.6523895263671875
0.7972602844238281
0.8847999572753906
1.0834732055664062
0.8551063537597656
0.9234123229980469
0.8237648010253906
1.1205558776855469
0.8998489379882812
0.7160263061523438
0.8730239868164062
0.8384628295898438
0.8792343139648438
0.6877670288085938
0.5755081176757812
0.8937301635742188
0.7505645751953125
0.8460502624511719
0.6958541870117188
0.8613166809082031
0.7173843383789062
1.0074615478515625
0.9215240478515625
0.6170463562011719
0.8571319580078125
1.0984382629394531
1.1016044616699219
1.0725975036621094
0.6725196838378906
0.7261428833007812
0.6732215881347656
0.6565170288085938
1.4506301879882812
1.0107421875
0.6702308654785156
0.696044921875
1.2452964782714844
0.9125747680664062
1.0475006103515625
0.9794120788574219
1.2051734924316406
0.8235282897949219
0.953399658203125
0.7265892028808594
0.6317672729492188
1.0443801879882812
1.0669937133789062
0.8558845520019531
1.064208984375
0.8002243041992188
