3.308269500732422
3.950672149658203
3.6664505004882812
3.8306350708007812
4.179019927978516
4.273014068603516
3.6443939208984375
4.000316619873047
3.4092979431152344
4.249290466308594
3.7186431884765625
3.8407440185546875
4.305980682373047
3.6656837463378906
3.649810791015625
3.7779808044433594
3.4895591735839844
3.7006874084472656
3.9502296447753906
3.7962417602539062
3.5791549682617188
3.3931961059570312
3.5797119140625
3.980670928955078
3.861186981201172
3.4896888732910156
3.8877525329589844
4.222866058349609
3.4495468139648438
3.5585861206054688
3.735057830810547
3.8039894104003906
3.8362655639648438
3.6854476928710938
3.8114471435546875
4.0940399169921875
3.3034934997558594
3.756755828857422
4.130031585693359
3.4437713623046875
4.119640350341797
3.8323287963867188
3.4795684814453125
3.9406967163085938
3.575176239013672
3.8056259155273438
3.7483901977539062
3.7042465209960938
3.950824737548828
3.6309471130371094
4.114810943603516
3.8944854736328125
3.9682884216308594
3.635082244873047
3.5341720581054688
3.4613609313964844
4.069095611572266
3.8460922241210938
3.2570953369140625
3.8221893310546875
4.033031463623047
3.712188720703125
3.533618927001953
3.8029861450195312
3.9038009643554688
3.6731224060058594
3.4586639404296875
3.820964813232422
4.1959686279296875
4.0908355712890625
3.3148155212402344
3.4374771118164062
3.9033126831054688
3.5650367736816406
3.8839988708496094
4.105064392089844
3.419322967529297
3.5979652404785156
3.8093185424804688
3.7292861938476562
4.0022430419921875
3.8852462768554688
4.021320343017578
4.124355316162109
3.8693199157714844
3.822345733642578
4.120899200439453
3.7123336791992188
3.6616668701171875
3.5873794555664062
4.001468658447266
4.126094818115234
4.015087127685547
4.112003326416016
3.532848358154297
3.8092918395996094
3.919933319091797
3.705005645751953
3.6187667846679688
4.015621185302734
3.6359596252441406
3.6599693298339844
3.6008262634277344
3.835193634033203
3.382160186767578
3.608196258544922
3.8681373596191406
3.7500152587890625
3.757823944091797
3.698322296142578
3.657806396484375
3.3382186889648438
3.9887924194335938
3.719982147216797
3.577953338623047
3.7603187561035156
3.9920501708984375
3.8039932250976562
3.3977203369140625
3.520294189453125
3.7203903198242188
3.7334442138671875
3.7930526733398438
3.626800537109375
3.66717529296875
3.865161895751953
3.94403076171875
4.312358856201172
3.699817657470703
3.8468055725097656
3.4997940063476562
3.5722923278808594
4.022026062011719
3.8345565795898438
3.749103546142578
4.210472106933594
4.360767364501953
3.67022705078125
4.083759307861328
4.024955749511719
3.8707542419433594
3.6466217041015625
4.02362060546875
3.759784698486328
3.846820831298828
3.9711456298828125
4.028133392333984
3.821765899658203
3.5334205627441406
3.38323974609375
3.9924545288085938
4.272624969482422
3.8384361267089844
4.1245574951171875
3.6575241088867188
3.770099639892578
4.173671722412109
3.8807716369628906
3.5149383544921875
3.984630584716797
4.113384246826172
3.4508094787597656
3.777202606201172
3.618846893310547
3.7823486328125
3.83538818359375
3.885986328125
3.344135284423828
3.4774436950683594
4.181980133056641
3.577045440673828
3.528491973876953
3.3294143676757812
3.849773406982422
3.8163223266601562
3.7497596740722656
3.6727333068847656
3.997852325439453
3.7338027954101562
4.011264801025391
3.9588851928710938
3.7463111877441406
3.590015411376953
3.7886428833007812
3.7345619201660156
3.634624481201172
3.848968505859375
4.068538665771484
3.7737693786621094
3.5457000732421875
4.362346649169922
3.5760650634765625
3.538848876953125
3.656421661376953
3.8144912719726562
3.9376487731933594
3.9824371337890625
3.678009033203125
3.6276473999023438
3.8919639587402344
