1.1772842407226562
1.3274192810058594
1.5300445556640625
1.0535392761230469
1.7943611145019531
1.4534950256347656
1.0703849792480469
0.9278793334960938
1.2219276428222656
1.2044410705566406
1.5964698791503906
1.5444755554199219
1.4740028381347656
1.1953468322753906
1.4484901428222656
1.1817054748535156
1.2584686279296875
1.8298797607421875
1.1253585815429688
1.1006584167480469
1.0081405639648438
1.0486297607421875
1.1956214904785156
1.8402214050292969
1.6584243774414062
1.2591629028320312
0.9382896423339844
1.1987380981445312
1.4237289428710938
1.087493896484375
1.8281517028808594
1.3019866943359375
1.5038337707519531
1.448822021484375
1.2408103942871094
1.6321334838867188
1.7929496765136719
1.6853065490722656
1.24981689453125
1.1177940368652344
1.0118217468261719
1.2071113586425781
1.0237770080566406
1.1334609985351562
1.0809898376464844
1.2554397583007812
1.3932266235351562
1.2723426818847656
1.3022270202636719
1.1924819946289062
1.0197830200195312
1.359954833984375
1.6518745422363281
1.2768592834472656
1.4431304931640625
1.2524375915527344
1.1749229431152344
1.3177566528320312
0.9530105590820312
1.2073974609375
1.0104026794433594
1.3850021362304688
1.2773780822753906
1.2435150146484375
1.5061073303222656
2.0002708435058594
1.066162109375
1.0223045349121094
1.1387977600097656
1.3590888977050781
1.5431976318359375
1.3505592346191406
1.7752494812011719
1.1674652099609375
1.2469406127929688
1.3973121643066406
1.6541061401367188
1.0838661193847656
1.3779678344726562
1.2635993957519531
1.3016586303710938
1.65472412109375
1.2288665771484375
1.2813835144042969
1.3028411865234375
0.9338340759277344
1.3052940368652344
1.4304046630859375
1.1608390808105469
1.2584266662597656
1.2536811828613281
1.1687164306640625
0.942474365234375
1.0733489990234375
1.3620033264160156
1.7149658203125
1.3222312927246094
1.0313339233398438
1.2067604064941406
1.4162101745605469
0.9665451049804688
1.2693328857421875
1.1443023681640625
1.3677139282226562
1.1546669006347656
1.4783096313476562
1.2786903381347656
1.0482864379882812
1.5026321411132812
1.4006805419921875
1.7435188293457031
1.4661865234375
1.3355331420898438
1.3504714965820312
1.09783935546875
0.9825439453125
1.06158447265625
1.3026275634765625
1.4493675231933594
1.4333534240722656
1.0148849487304688
1.2322044372558594
1.223236083984375
1.3121223449707031
1.4386940002441406
1.4002914428710938
1.296600341796875
1.2573890686035156
1.3421401977539062
1.378173828125
1.4176216125488281
1.5819587707519531
1.3844261169433594
1.133697509765625
1.2514915466308594
1.4075660705566406
1.4886970520019531
1.1630020141601562
1.4066162109375
1.5930671691894531
1.1511344909667969
1.148162841796875
1.18487548828125
1.3672637939453125
1.0427169799804688
1.593902587890625
0.9606437683105469
1.1197242736816406
1.5221481323242188
1.386077880859375
1.2913360595703125
1.0909194946289062
1.2243919372558594
1.133453369140625
1.3077468872070312
1.1563377380371094
0.9410171508789062
1.5343399047851562
1.3071327209472656
1.5270233154296875
1.1719322204589844
1.4534492492675781
1.1730079650878906
1.2544403076171875
1.2548255920410156
1.7181015014648438
1.4461250305175781
1.2769432067871094
1.016815185546875
1.1890411376953125
1.2305526733398438
1.0335617065429688
1.4408645629882812
1.3569679260253906
1.1002464294433594
1.3868141174316406
1.2936363220214844
1.0826606750488281
1.3193283081054688
1.0215187072753906
1.2726631164550781
1.4656944274902344
1.3228378295898438
1.2121238708496094
1.0765113830566406
1.0499420166015625
1.3614845275878906
1.4806060791015625
1.3138465881347656
1.0327644348144531
1.1374664306640625
1.4010505676269531
1.6888236999511719
1.3131942749023438
1.209136962890625
1.2149543762207031
1.2335586547851562
1.424591064453125
1.3183555603027344
1.3291473388671875
