1.3125495910644531
1.25537109375
1.5413627624511719
1.4069671630859375
1.2337684631347656
1.2339057922363281
1.1056060791015625
1.322021484375
1.891021728515625
1.2784080505371094
1.6820259094238281
1.2970046997070312
1.0006675720214844
1.3906669616699219
1.3914527893066406
0.9638824462890625
1.5037460327148438
1.1038894653320312
1.6065406799316406
0.9532737731933594
1.3105049133300781
1.2971267700195312
1.2462577819824219
1.8259315490722656
0.9949417114257812
1.1010360717773438
1.0793876647949219
1.1809883117675781
0.9541816711425781
1.1403045654296875
1.0931205749511719
1.1728553771972656
1.3056907653808594
0.9659423828125
0.9816169738769531
1.6315231323242188
1.46356201171875
1.4770698547363281
0.8647994995117188
1.85888671875
1.4283409118652344
0.9138984680175781
1.024505615234375
1.5575370788574219
1.1574630737304688
1.3116722106933594
1.0808219909667969
1.3086051940917969
1.4783859252929688
1.3990325927734375
1.3682518005371094
0.9849853515625
1.0913619995117188
1.5486335754394531
1.14947509765625
1.233856201171875
1.3525123596191406
1.1108436584472656
1.5515556335449219
1.6859245300292969
1.4328575134277344
1.2854461669921875
1.1135635375976562
1.413726806640625
1.2772026062011719
1.0594253540039062
1.0394401550292969
1.521026611328125
1.1658172607421875
1.4254074096679688
1.1727676391601562
1.62255859375
1.3123054504394531
0.9654083251953125
1.2189712524414062
1.0360946655273438
1.1429176330566406
1.0230712890625
1.4297027587890625
1.3013992309570312
1.7409095764160156
1.5858306884765625
1.7763786315917969
1.2967605590820312
1.0313529968261719
1.2879638671875
0.9674301147460938
0.9999237060546875
0.9850921630859375
1.1780891418457031
1.0531082153320312
1.3387985229492188
1.190887451171875
1.3362083435058594
1.2680206298828125
1.0375785827636719
1.2005729675292969
1.6550178527832031
2.089672088623047
1.2422866821289062
1.653076171875
1.0945892333984375
1.1858367919921875
1.5162315368652344
1.419677734375
1.3671035766601562
1.3475303649902344
1.3878555297851562
0.9937591552734375
1.3934860229492188
1.249755859375
1.3026199340820312
1.3333244323730469
1.5784759521484375
1.1851234436035156
1.548583984375
1.1947364807128906
1.1200408935546875
1.1443901062011719
1.4643974304199219
1.24395751953125
1.4585418701171875
1.4296340942382812
1.0838699340820312
1.3886337280273438
1.071746826171875
1.6010169982910156
1.5016365051269531
1.2172927856445312
1.6889152526855469
1.2313957214355469
0.797760009765625
1.0501136779785156
1.2580795288085938
1.2007331848144531
1.6471939086914062
1.2281150817871094
1.3240242004394531
1.2587394714355469
1.5862770080566406
1.1965141296386719
0.9569892883300781
1.1952095031738281
0.9957962036132812
1.489776611328125
1.2351150512695312
1.1027641296386719
0.9507408142089844
1.0718994140625
1.3223342895507812
1.2742156982421875
1.2356910705566406
1.1810226440429688
1.3888587951660156
1.397918701171875
1.2157821655273438
1.1581306457519531
1.1219253540039062
1.67291259765625
1.16900634765625
1.6113471984863281
1.1085166931152344
1.5272369384765625
1.3326950073242188
1.1177253723144531
1.2192344665527344
1.6384048461914062
1.4137496948242188
1.2394752502441406
1.2861442565917969
1.2787513732910156
1.5445976257324219
1.0819053649902344
1.1780853271484375
1.338043212890625
1.189208984375
1.2066688537597656
1.4341392517089844
1.1952857971191406
1.2176437377929688
1.3744926452636719
1.1722488403320312
1.0228805541992188
1.2633323669433594
0.9903602600097656
1.1945419311523438
1.3086090087890625
1.0892219543457031
1.4634933471679688
0.9502449035644531
1.176055908203125
1.0393829345703125
1.3093147277832031
1.4082794189453125
1.1653060913085938
1.2568931579589844
0.9225120544433594
1.4865798950195312
1.3295364379882812
1.4230079650878906
