1.7926025390625
1.7539482116699219
1.4610252380371094
1.4373626708984375
1.2233123779296875
1.3672714233398438
1.76495361328125
1.835693359375
1.2782707214355469
1.6233787536621094
1.8013420104980469
1.699859619140625
1.3195838928222656
1.5065841674804688
1.972808837890625
1.3722000122070312
1.3052825927734375
1.8621559143066406
1.5281791687011719
1.7357177734375
1.6186370849609375
1.4369163513183594
2.1383514404296875
1.7745132446289062
1.9109840393066406
2.2421646118164062
0.9999885559082031
1.5443496704101562
1.5291671752929688
1.9859123229980469
1.3177719116210938
1.6580390930175781
1.8564071655273438
1.3606719970703125
1.4980697631835938
1.2596626281738281
1.4666709899902344
1.3416938781738281
1.4929695129394531
1.3905143737792969
1.5146560668945312
1.7651481628417969
1.9327125549316406
1.7110404968261719
1.5213813781738281
1.6713180541992188
1.5498199462890625
1.5794258117675781
1.5972671508789062
1.8541679382324219
1.5948028564453125
1.3645095825195312
1.3200111389160156
1.5258331298828125
1.7246894836425781
1.4415664672851562
1.738861083984375
1.4672088623046875
1.6559410095214844
1.7115936279296875
1.2307052612304688
1.566741943359375
1.11053466796875
1.852142333984375
1.5387077331542969
1.1221847534179688
1.238922119140625
1.5899696350097656
1.6329879760742188
1.9386138916015625
1.1219749450683594
2.2435569763183594
1.668792724609375
2.045970916748047
1.6960906982421875
1.5144844055175781
1.6621894836425781
1.6891822814941406
1.5959815979003906
1.4291419982910156
1.7668190002441406
1.2643890380859375
1.8579139709472656
1.5573768615722656
1.5282821655273438
1.5554656982421875
1.61676025390625
1.5003013610839844
1.3160171508789062
1.6512222290039062
1.6672897338867188
1.5011634826660156
1.8449363708496094
1.4609756469726562
1.4189033508300781
1.2030868530273438
2.0384902954101562
1.3635063171386719
1.8260917663574219
1.2720870971679688
1.9614181518554688
1.4444313049316406
1.7223472595214844
1.6059074401855469
1.5633430480957031
1.8151779174804688
1.3743667602539062
1.3735580444335938
1.4382667541503906
1.42608642578125
1.3504905700683594
1.3645744323730469
1.4715194702148438
1.72833251953125
1.3625335693359375
1.7124710083007812
1.4883842468261719
1.435546875
1.8821029663085938
1.7438011169433594
1.2234649658203125
1.5687675476074219
1.3304252624511719
1.3399200439453125
2.002185821533203
2.1116676330566406
1.5864219665527344
1.9628067016601562
1.2404136657714844
1.4914169311523438
1.3466873168945312
1.483917236328125
1.5895042419433594
1.3134918212890625
1.4702568054199219
1.7012062072753906
1.7128486633300781
1.2192802429199219
1.0816688537597656
1.61981201171875
1.9561424255371094
1.5031547546386719
1.5626754760742188
1.7742576599121094
1.4008293151855469
1.9794082641601562
1.4395904541015625
1.628509521484375
1.4947776794433594
1.5672225952148438
1.5960922241210938
1.5836105346679688
1.36077880859375
1.5430717468261719
1.7777290344238281
1.8401412963867188
1.6520919799804688
1.5391921997070312
1.3603744506835938
1.3601722717285156
1.4422378540039062
1.4531326293945312
1.371673583984375
1.4346389770507812
1.4346466064453125
1.4057846069335938
1.4996452331542969
1.8957481384277344
1.8080635070800781
1.1884040832519531
1.3080673217773438
1.4652671813964844
1.7019309997558594
1.8896408081054688
1.2312698364257812
1.9136886596679688
1.7415237426757812
1.1814498901367188
1.743682861328125
1.763763427734375
1.3472671508789062
1.4354057312011719
1.489654541015625
1.4646644592285156
1.7459030151367188
1.5945930480957031
1.4389457702636719
1.7396926879882812
2.000652313232422
1.76806640625
1.8274765014648438
1.4356231689453125
1.6548347473144531
1.6547088623046875
1.537811279296875
1.3088417053222656
1.5383224487304688
1.2736396789550781
1.3105659484863281
1.4973487854003906
