3.7180328369140625
4.236568450927734
4.334476470947266
4.454212188720703
4.136356353759766
4.352508544921875
4.418117523193359
4.169025421142578
4.586803436279297
4.4522857666015625
4.048683166503906
4.081661224365234
4.082096099853516
3.9087600708007812
4.3678436279296875
4.039073944091797
3.9099693298339844
4.439971923828125
4.057708740234375
4.198551177978516
3.9577064514160156
4.128231048583984
4.091987609863281
4.172718048095703
4.117900848388672
4.073017120361328
4.055896759033203
3.9159393310546875
4.298480987548828
4.020709991455078
4.354866027832031
4.0631103515625
3.9293441772460938
4.6173553466796875
4.259151458740234
4.0778656005859375
3.84124755859375
3.7590103149414062
4.011375427246094
4.342399597167969
3.85504150390625
4.6229400634765625
4.056644439697266
4.468891143798828
4.093170166015625
4.218639373779297
4.244560241699219
4.152271270751953
4.249969482421875
4.128086090087891
3.888385772705078
3.8042984008789062
4.075359344482422
3.8886795043945312
4.316074371337891
4.571056365966797
4.048583984375
3.9353866577148438
4.200248718261719
4.455074310302734
4.300319671630859
4.090335845947266
4.0973052978515625
4.321399688720703
4.224052429199219
3.717426300048828
3.8790512084960938
3.9573287963867188
3.9985618591308594
4.638042449951172
4.506793975830078
3.9205589294433594
4.3964996337890625
4.283123016357422
3.703968048095703
4.538383483886719
4.6690826416015625
4.128894805908203
4.526588439941406
4.260761260986328
4.253704071044922
4.411827087402344
4.124397277832031
4.531776428222656
3.772838592529297
4.469570159912109
4.2503662109375
4.170654296875
3.990447998046875
4.434234619140625
4.154239654541016
4.135356903076172
4.166542053222656
4.384185791015625
4.168010711669922
3.985301971435547
3.71588134765625
3.9663467407226562
4.202426910400391
4.226001739501953
4.3854217529296875
3.869274139404297
4.318103790283203
4.133796691894531
4.197406768798828
4.417064666748047
3.8810043334960938
4.079105377197266
4.183502197265625
3.942962646484375
4.165367126464844
4.232242584228516
4.0704193115234375
4.0140838623046875
4.19317626953125
3.8277015686035156
3.999767303466797
3.982799530029297
4.450714111328125
4.398345947265625
4.213680267333984
4.410739898681641
4.030460357666016
4.172847747802734
4.2054443359375
3.9421730041503906
4.4774627685546875
4.117473602294922
4.015720367431641
4.293983459472656
4.2974700927734375
4.119106292724609
4.25836181640625
4.381885528564453
3.9972572326660156
4.231426239013672
4.032520294189453
3.995441436767578
3.9322967529296875
3.8036041259765625
4.155921936035156
4.1185302734375
3.9540061950683594
4.373104095458984
4.119205474853516
3.981487274169922
4.37335205078125
4.041690826416016
3.9647064208984375
3.8711471557617188
3.851085662841797
4.031608581542969
4.421638488769531
3.9632720947265625
4.356441497802734
3.9306716918945312
4.343006134033203
4.289188385009766
4.394527435302734
4.038402557373047
4.393901824951172
4.236171722412109
4.114093780517578
4.041698455810547
3.7700576782226562
4.1090850830078125
4.19744873046875
4.088249206542969
4.142742156982422
4.118476867675781
4.2939453125
4.6898193359375
4.085418701171875
3.6984519958496094
4.022121429443359
4.198219299316406
4.400634765625
4.225826263427734
4.071479797363281
3.8595237731933594
4.035743713378906
4.076896667480469
4.192665100097656
4.209114074707031
3.668773651123047
3.848094940185547
4.696681976318359
4.331687927246094
4.092609405517578
4.091850280761719
4.37457275390625
4.098941802978516
3.895771026611328
4.056682586669922
3.882740020751953
4.365581512451172
4.446598052978516
3.8455886840820312
4.133277893066406
4.164257049560547
