2.245014190673828
2.7805442810058594
2.394207000732422
2.8922882080078125
3.2421302795410156
3.0248985290527344
2.6582908630371094
3.1608619689941406
2.38726806640625
2.949321746826172
2.6947402954101562
2.9195709228515625
3.369892120361328
2.602214813232422
2.648204803466797
2.8250732421875
2.3616485595703125
2.5544891357421875
2.873626708984375
2.8262481689453125
2.56591796875
2.253162384033203
2.485614776611328
2.8556060791015625
2.7806015014648438
2.5168418884277344
2.898761749267578
3.1165504455566406
2.4188079833984375
2.6013717651367188
2.6758155822753906
2.633220672607422
2.7933998107910156
2.541004180908203
2.7372169494628906
3.0905303955078125
2.1559906005859375
2.821796417236328
2.971721649169922
2.413257598876953
2.9521865844726562
2.83758544921875
2.4786949157714844
2.734973907470703
2.4735984802246094
2.8057632446289062
2.7152557373046875
2.6507034301757812
2.9258689880371094
2.6225624084472656
3.0116806030273438
2.8909873962402344
2.8582992553710938
2.5849075317382812
2.534912109375
2.1991043090820312
3.0032806396484375
2.8480873107910156
2.3767776489257812
2.658428192138672
2.8959197998046875
2.6189842224121094
2.3846206665039062
2.7247047424316406
2.9191741943359375
2.5905990600585938
2.3854293823242188
2.695484161376953
3.213623046875
3.1390037536621094
2.1452980041503906
2.3270530700683594
2.992137908935547
2.3404502868652344
2.7420806884765625
2.8377456665039062
2.3940582275390625
2.582508087158203
2.670032501220703
2.658550262451172
2.9927902221679688
2.8246498107910156
2.9321517944335938
3.1200523376464844
2.7692909240722656
2.7460289001464844
3.098297119140625
2.8328094482421875
2.6409454345703125
2.6151390075683594
2.8877792358398438
3.2049407958984375
2.930816650390625
3.1376724243164062
2.3879547119140625
2.7626113891601562
2.752655029296875
2.5759506225585938
2.4264602661132812
2.8991241455078125
2.4566688537597656
2.5981826782226562
2.33740234375
2.897350311279297
2.2646713256835938
2.4969215393066406
2.7079696655273438
2.659912109375
2.495891571044922
2.6597213745117188
2.6827735900878906
2.2441635131835938
2.8666763305664062
2.5550155639648438
2.446624755859375
2.619426727294922
2.9722862243652344
2.76104736328125
2.5244293212890625
2.475189208984375
2.565509796142578
2.7208480834960938
2.786346435546875
2.7285690307617188
2.53472900390625
2.863933563232422
2.8915786743164062
3.3354148864746094
2.7657623291015625
2.787322998046875
2.3602066040039062
2.645557403564453
2.9455947875976562
2.642475128173828
2.7078704833984375
3.1951866149902344
3.308124542236328
2.7395477294921875
2.8747024536132812
2.9380569458007812
2.7643699645996094
2.3261795043945312
2.8591651916503906
2.8629112243652344
2.7718963623046875
2.8885841369628906
3.0242767333984375
2.6872024536132812
2.3358192443847656
2.3077316284179688
2.9909439086914062
3.1542587280273438
2.7890701293945312
3.0563430786132812
2.4777870178222656
2.4781723022460938
3.0787734985351562
2.8033828735351562
2.3706893920898438
3.107402801513672
3.0123138427734375
2.387065887451172
2.5914154052734375
2.475635528564453
2.6551666259765625
2.6459007263183594
2.9458274841308594
2.3513870239257812
2.456066131591797
3.1443519592285156
2.571929931640625
2.3679161071777344
2.2476119995117188
2.757854461669922
2.7833518981933594
2.870403289794922
2.5892677307128906
2.875499725341797
2.5816917419433594
3.1478118896484375
2.9832420349121094
2.7270050048828125
2.5892333984375
2.6263694763183594
2.7472915649414062
2.38055419921875
2.813640594482422
2.962535858154297
2.6901473999023438
2.4057960510253906
3.3098411560058594
2.627391815185547
2.3428115844726562
2.4952545166015625
2.6076278686523438
2.85516357421875
2.8199234008789062
2.4954872131347656
2.5907325744628906
2.8739395141601562
