2.4883270263671875
2.3564796447753906
2.7052764892578125
2.0831031799316406
2.157604217529297
2.2815017700195312
2.1459388732910156
1.8399887084960938
2.7364959716796875
2.0649490356445312
2.2684478759765625
2.7096519470214844
2.305980682373047
2.1771926879882812
2.4031639099121094
2.567230224609375
2.0241622924804688
2.623516082763672
1.9430618286132812
2.0442962646484375
2.203693389892578
2.0518760681152344
2.6477432250976562
2.3184356689453125
2.1888999938964844
2.1014137268066406
2.5029525756835938
2.499011993408203
2.321826934814453
2.4107131958007812
2.312103271484375
2.878620147705078
2.0842628479003906
2.5271530151367188
2.556255340576172
2.507171630859375
2.129596710205078
2.101665496826172
2.436901092529297
2.418628692626953
2.483367919921875
2.2848243713378906
2.1863632202148438
2.119945526123047
2.721435546875
2.6081619262695312
1.8519134521484375
2.7974166870117188
2.3446197509765625
1.9126129150390625
2.0601119995117188
2.976879119873047
2.2328453063964844
2.1918487548828125
2.3449172973632812
2.2766189575195312
2.1407318115234375
2.140094757080078
2.31256103515625
2.3496971130371094
2.5065574645996094
1.8403739929199219
2.0240211486816406
2.4436798095703125
2.5910072326660156
1.9789810180664062
2.6315765380859375
2.4965171813964844
1.725433349609375
2.0935401916503906
2.2252159118652344
2.754619598388672
2.5477943420410156
2.932453155517578
1.8660049438476562
2.5973358154296875
2.35101318359375
2.4314537048339844
2.2953033447265625
2.3563156127929688
2.0824508666992188
2.37060546875
2.3132553100585938
2.3449363708496094
2.0176429748535156
2.4097328186035156
2.66949462890625
2.2191848754882812
1.7681922912597656
2.340984344482422
2.7367706298828125
2.035968780517578
2.0707435607910156
2.0015487670898438
2.720325469970703
2.279712677001953
2.2721405029296875
2.401458740234375
2.5416908264160156
2.4307327270507812
2.521026611328125
2.2969627380371094
1.99298095703125
1.9542922973632812
2.4315948486328125
2.2498245239257812
2.4155120849609375
2.3734397888183594
2.380176544189453
2.0413284301757812
1.94915771484375
2.653888702392578
2.5374832153320312
2.5199203491210938
2.6279640197753906
2.422985076904297
2.0288429260253906
1.9217872619628906
2.6747055053710938
2.3409385681152344
1.9509048461914062
2.2266693115234375
2.184520721435547
2.30548095703125
2.3943519592285156
2.384349822998047
2.0701141357421875
1.9970855712890625
2.251300811767578
2.5848655700683594
2.4735336303710938
2.730701446533203
2.302326202392578
1.9616241455078125
2.0309104919433594
2.0622482299804688
2.4630966186523438
2.402690887451172
2.04388427734375
2.1695594787597656
1.9893569946289062
2.2356719970703125
2.2101097106933594
2.7165794372558594
3.1299896240234375
2.1253013610839844
2.7943878173828125
2.2209548950195312
2.5252838134765625
2.3113670349121094
2.0978775024414062
2.2933731079101562
2.0963668823242188
2.3252334594726562
2.2840843200683594
2.3250694274902344
2.3136672973632812
2.285320281982422
2.635295867919922
2.161365509033203
2.1913909912109375
2.4404754638671875
2.0518875122070312
2.862548828125
1.9915199279785156
2.407390594482422
2.2867584228515625
2.377025604248047
1.9998283386230469
1.9275550842285156
2.153911590576172
3.0542755126953125
1.8514785766601562
2.1106033325195312
2.581451416015625
2.35321044921875
2.3983421325683594
2.493419647216797
1.7931251525878906
2.150135040283203
2.8888931274414062
2.1695899963378906
2.069774627685547
1.8115310668945312
1.8531837463378906
1.9068107604980469
2.6225013732910156
2.443828582763672
2.179229736328125
1.9314804077148438
2.409648895263672
1.8204803466796875
2.4060134887695312
2.432415008544922
2.177227020263672
2.2311744689941406
2.2024765014648438
2.5751914978027344
2.4523048400878906
2.0152587890625
