4.392051696777344
3.635387420654297
3.98553466796875
3.9670181274414062
3.9416427612304688
4.211997985839844
4.041790008544922
4.097679138183594
3.945728302001953
3.9774703979492188
4.022846221923828
4.082305908203125
3.7019996643066406
3.681377410888672
3.807697296142578
3.9166641235351562
3.761249542236328
4.306171417236328
4.026165008544922
3.7042999267578125
3.9162368774414062
4.066349029541016
4.449867248535156
3.7410202026367188
4.265632629394531
3.934112548828125
4.249443054199219
3.727306365966797
3.770618438720703
3.6882553100585938
3.9715042114257812
4.1840972900390625
3.9164276123046875
4.143573760986328
4.171905517578125
3.672077178955078
4.433826446533203
4.500812530517578
4.0830841064453125
3.742542266845703
4.107662200927734
4.048492431640625
3.985431671142578
3.5462989807128906
3.708087921142578
4.297626495361328
3.8556442260742188
4.244380950927734
3.765766143798828
3.8681259155273438
4.067905426025391
4.123661041259766
4.310611724853516
4.167240142822266
4.345977783203125
3.840312957763672
4.194721221923828
4.025127410888672
3.674755096435547
4.175014495849609
3.9589767456054688
3.554218292236328
4.178794860839844
3.7522239685058594
4.076576232910156
3.728546142578125
4.507190704345703
3.9154739379882812
4.166584014892578
3.8233413696289062
4.151542663574219
4.073036193847656
4.106525421142578
3.830291748046875
3.8074951171875
4.302219390869141
4.109638214111328
3.7319412231445312
3.7845458984375
4.2789306640625
4.1872406005859375
4.014545440673828
4.146690368652344
4.231716156005859
4.089572906494141
4.3954620361328125
3.9543304443359375
4.065052032470703
4.0247955322265625
3.8295516967773438
3.8308334350585938
4.3599853515625
4.297763824462891
3.7414588928222656
4.131427764892578
4.093299865722656
3.57635498046875
3.5296630859375
3.627422332763672
4.236644744873047
4.059894561767578
4.192115783691406
3.936481475830078
3.7482223510742188
4.134105682373047
3.8908119201660156
4.2920989990234375
4.733562469482422
4.0109405517578125
3.7630996704101562
4.033935546875
3.9901657104492188
4.056404113769531
4.0943450927734375
3.862995147705078
4.050121307373047
4.107479095458984
4.194404602050781
3.569164276123047
3.9871902465820312
3.6819076538085938
4.000129699707031
3.5214881896972656
3.7808799743652344
4.431827545166016
4.153614044189453
4.1580657958984375
3.823009490966797
4.1150970458984375
3.7757835388183594
3.9631271362304688
4.566448211669922
3.9536476135253906
3.2582359313964844
3.7778549194335938
3.7992095947265625
3.971508026123047
3.876392364501953
3.8870773315429688
4.357452392578125
3.7738876342773438
3.9104995727539062
3.9507408142089844
3.6695518493652344
4.005207061767578
4.374271392822266
3.8964920043945312
3.9848976135253906
3.6190452575683594
4.159278869628906
3.9725494384765625
3.806396484375
4.0191192626953125
3.298145294189453
4.260200500488281
4.227996826171875
3.7900733947753906
4.127346038818359
3.582916259765625
4.0188751220703125
3.9121551513671875
4.1749725341796875
4.192543029785156
3.9709320068359375
4.0533599853515625
4.21820068359375
4.1313934326171875
4.336402893066406
3.5375709533691406
3.913738250732422
4.144275665283203
3.8879928588867188
4.160285949707031
3.6216278076171875
4.1502685546875
4.141265869140625
3.6366195678710938
4.158729553222656
4.019874572753906
4.016750335693359
4.255298614501953
4.118072509765625
4.313629150390625
4.51751708984375
3.870128631591797
4.120548248291016
4.0192413330078125
3.5268096923828125
3.887897491455078
4.1485748291015625
3.9571800231933594
3.8886070251464844
3.995433807373047
4.01153564453125
3.8514442443847656
4.036224365234375
3.9912452697753906
3.9750442504882812
4.250705718994141
3.8464584350585938
