0.4913177490234375
0.4237251281738281
0.4169120788574219
0.3941917419433594
0.429595947265625
0.6167373657226562
0.5698585510253906
0.44512939453125
0.7727622985839844
0.5223655700683594
0.4900360107421875
1.0448341369628906
0.8443984985351562
1.0969467163085938
0.36992645263671875
0.6665840148925781
0.6164169311523438
0.5834503173828125
0.3824615478515625
0.51788330078125
0.4975471496582031
0.4781532287597656
0.5078468322753906
0.5784187316894531
0.4467506408691406
0.35050201416015625
0.6982040405273438
0.6509628295898438
0.931243896484375
0.7329216003417969
0.4595527648925781
0.4786224365234375
0.9125556945800781
0.4210662841796875
0.8566131591796875
0.4526939392089844
0.5144004821777344
0.4198112487792969
0.5330848693847656
0.4643669128417969
0.7335014343261719
0.3935394287109375
0.43965911865234375
0.780303955078125
0.4628105163574219
0.14804840087890625
0.4780540466308594
0.4478569030761719
0.5648651123046875
0.3126335144042969
0.4288787841796875
0.7580757141113281
0.6820411682128906
0.4004859924316406
0.4808616638183594
0.5226631164550781
0.3811073303222656
0.4276580810546875
0.3374366760253906
0.5349044799804688
0.4592742919921875
0.6600837707519531
0.6700782775878906
0.027339935302734375
0.3810768127441406
0.4805908203125
0.6736183166503906
0.6131629943847656
0.5258369445800781
0.5513267517089844
0.41373443603515625
0.4798622131347656
0.7641029357910156
0.4176483154296875
0.9021987915039062
0.5749664306640625
0.4539985656738281
0.4245033264160156
0.6481437683105469
0.36373138427734375
0.6444168090820312
0.42022705078125
0.4034156799316406
0.5492286682128906
0.530120849609375
0.5238533020019531
0.42694091796875
0.45661163330078125
0.4762229919433594
0.7470855712890625
0.5072250366210938
0.8544960021972656
0.3424072265625
0.3461456298828125
0.4420318603515625
0.8196525573730469
0.5366744995117188
0.5741119384765625
0.3933143615722656
0.7086105346679688
0.5149383544921875
0.5931777954101562
0.4840240478515625
0.4554176330566406
0.7073898315429688
0.351806640625
0.4320831298828125
0.4394035339355469
0.7815933227539062
0.37046051025390625
0.3823699951171875
0.462982177734375
0.3436431884765625
0.332763671875
0.37049102783203125
0.4660682678222656
0.3883323669433594
0.6761665344238281
0.6290397644042969
0.46306610107421875
1.1041831970214844
0.3943672180175781
0.3431243896484375
0.5345993041992188
0.47412109375
0.5067367553710938
0.5864982604980469
0.4268989562988281
0.45252227783203125
0.41561126708984375
0.7989540100097656
0.6332778930664062
0.7838935852050781
0.66363525390625
0.6107444763183594
0.6189842224121094
0.4993553161621094
0.5998649597167969
0.5125961303710938
0.5980033874511719
0.6559677124023438
0.49115753173828125
0.4807243347167969
0.38959503173828125
0.9946212768554688
0.30123138427734375
0.7671089172363281
0.5551834106445312
0.8597602844238281
0.44835662841796875
0.45819091796875
0.43595123291015625
0.3615608215332031
0.3737525939941406
0.45178985595703125
0.6480445861816406
0.3156089782714844
0.7408370971679688
0.5153694152832031
0.4011573791503906
0.8210525512695312
0.4890251159667969
0.4627838134765625
0.625732421875
0.42162322998046875
0.37296295166015625
0.3853034973144531
0.43744659423828125
0.48516082763671875
0.301971435546875
0.4212493896484375
0.3407440185546875
0.4999847412109375
0.4414253234863281
0.6350250244140625
0.7290191650390625
0.587249755859375
0.40978240966796875
0.6066970825195312
0.431243896484375
0.5001449584960938
0.44651031494140625
0.4608917236328125
0.5052108764648438
0.41689300537109375
0.3250770568847656
0.7085075378417969
0.5352287292480469
0.3449974060058594
0.4352760314941406
0.5086746215820312
0.34827423095703125
0.41803741455078125
0.348175048828125
0.5844650268554688
0.4990806579589844
0.37175750732421875
0.3581123352050781
0.5471916198730469
0.5362281799316406
