1.2673721313476562
1.1852607727050781
1.1682853698730469
1.147430419921875
1.0543251037597656
1.4282035827636719
1.2629203796386719
1.23443603515625
1.6527061462402344
1.2422370910644531
1.2806587219238281
1.8779029846191406
1.6901473999023438
1.9343490600585938
1.0624542236328125
1.4152297973632812
1.4556312561035156
1.6053619384765625
1.0631370544433594
1.3587722778320312
1.3287544250488281
1.2829818725585938
1.3696784973144531
1.1403350830078125
1.2350540161132812
1.0341224670410156
1.6444053649902344
1.4413070678710938
1.539764404296875
1.61907958984375
1.3025627136230469
1.4956245422363281
1.8665390014648438
1.0482292175292969
1.7533302307128906
1.0631561279296875
1.1625785827636719
1.1603469848632812
1.131683349609375
1.3198509216308594
1.5865020751953125
1.1245880126953125
1.1036567687988281
1.5581855773925781
1.1790084838867188
0.43370819091796875
1.432952880859375
1.0857353210449219
1.4895858764648438
0.8846435546875
1.0790214538574219
1.6444091796875
1.3284873962402344
1.0353431701660156
1.2194366455078125
1.3822784423828125
1.1152305603027344
1.2942428588867188
1.0362129211425781
1.2869033813476562
1.3439979553222656
1.3849258422851562
1.5990447998046875
0.08768463134765625
1.0629997253417969
1.2140274047851562
1.5006027221679688
1.6445426940917969
1.2330207824707031
1.4064559936523438
1.1562690734863281
1.2166099548339844
1.6157379150390625
1.0620040893554688
1.7124786376953125
1.2368240356445312
1.2764663696289062
1.2162742614746094
1.3403091430664062
1.0649642944335938
1.5604820251464844
1.09002685546875
1.0285873413085938
1.3535003662109375
1.2930946350097656
1.3304977416992188
1.198272705078125
1.1544990539550781
1.1269607543945312
1.4048538208007812
1.3066177368164062
1.6406021118164062
1.0104293823242188
1.0175971984863281
1.2705726623535156
1.8514938354492188
1.3420372009277344
1.2078170776367188
1.1260604858398438
1.4865226745605469
1.1905403137207031
1.5800552368164062
1.3780021667480469
1.1878204345703125
1.3556938171386719
1.0899314880371094
1.2450675964355469
1.0692672729492188
1.4308319091796875
1.0863990783691406
1.0058860778808594
1.3255043029785156
1.0124740600585938
0.9861907958984375
1.100006103515625
1.1681251525878906
0.9605941772460938
1.456695556640625
1.0947532653808594
1.376007080078125
1.8007736206054688
1.1824913024902344
1.075714111328125
1.5464744567871094
1.367889404296875
1.3985023498535156
1.4004325866699219
1.1941070556640625
1.3543014526367188
1.204559326171875
1.717437744140625
1.3609504699707031
1.5925636291503906
1.5503501892089844
1.5166511535644531
1.4211387634277344
1.1429786682128906
1.4430198669433594
1.2598609924316406
1.3409500122070312
1.6005325317382812
1.3353996276855469
1.2370147705078125
1.0113487243652344
1.7719497680664062
0.9113121032714844
1.665802001953125
1.301055908203125
1.5142784118652344
1.1690940856933594
1.2807731628417969
1.1059455871582031
0.9952507019042969
1.0185394287109375
1.1335258483886719
1.2680587768554688
0.8946876525878906
1.677825927734375
1.3332138061523438
1.1917076110839844
1.7582855224609375
1.2756919860839844
1.1919174194335938
1.3362503051757812
1.2468376159667969
1.0831451416015625
1.0027427673339844
1.0938148498535156
1.2341766357421875
0.91217041015625
1.2272491455078125
1.0043182373046875
1.2261199951171875
1.2848358154296875
1.5461692810058594
1.5354080200195312
1.5395965576171875
1.1578254699707031
1.2316703796386719
1.2734298706054688
1.2995033264160156
1.0946922302246094
1.1066436767578125
1.1340751647949219
1.1646537780761719
0.961151123046875
1.582427978515625
1.2978439331054688
0.8655242919921875
1.1919517517089844
1.2480049133300781
1.0341567993164062
1.1500625610351562
0.9909439086914062
1.2881240844726562
1.1910400390625
1.0949020385742188
1.0616073608398438
1.2809486389160156
1.4019050598144531
