0.6319961547851562
0.32032012939453125
0.6441421508789062
0.32940673828125
0.5296478271484375
0.8022804260253906
0.5978660583496094
0.3787841796875
0.9194183349609375
0.5702095031738281
0.3426551818847656
0.68011474609375
0.4425621032714844
0.8427047729492188
0.48696136474609375
0.35516357421875
0.4668159484863281
0.6137542724609375
0.42038726806640625
0.5014305114746094
0.3594207763671875
0.477203369140625
0.4375343322753906
0.334564208984375
0.41397857666015625
0.5422477722167969
0.4292564392089844
0.4855766296386719
0.39199066162109375
0.4249458312988281
0.4697837829589844
0.68292236328125
0.49102020263671875
0.5452156066894531
0.43160247802734375
0.6107101440429688
0.5001640319824219
0.5143241882324219
0.4904327392578125
0.574920654296875
1.0730781555175781
0.5530662536621094
0.6085433959960938
0.28730010986328125
0.30306243896484375
0.4886932373046875
0.4369468688964844
0.33437347412109375
0.4043388366699219
0.6742172241210938
0.33697509765625
0.516937255859375
0.3584861755371094
0.4613609313964844
0.7073173522949219
0.4931449890136719
0.39276123046875
0.5289268493652344
0.5526351928710938
0.42267608642578125
0.3576393127441406
0.4256401062011719
0.4241790771484375
0.41484832763671875
0.4285087585449219
0.6427993774414062
0.6500968933105469
0.515350341796875
0.6113815307617188
0.5678863525390625
0.5945320129394531
0.5994606018066406
0.7955055236816406
0.477386474609375
0.3557281494140625
0.5436210632324219
0.3496208190917969
0.67584228515625
0.5844535827636719
0.5108222961425781
0.8105621337890625
0.5880584716796875
0.5130653381347656
0.7329368591308594
0.4895515441894531
0.5728340148925781
0.522369384765625
0.4343910217285156
0.47751617431640625
0.5730743408203125
0.7431068420410156
0.4304008483886719
0.3633270263671875
0.43695068359375
0.5033531188964844
0.325775146484375
0.2532081604003906
0.5487022399902344
0.6539688110351562
0.5295829772949219
0.6411895751953125
0.4022102355957031
0.8496971130371094
0.5315628051757812
0.3725128173828125
0.410369873046875
0.750823974609375
0.37557220458984375
0.5380363464355469
0.4532318115234375
0.3095245361328125
0.6256370544433594
0.39111328125
0.4948844909667969
0.3239021301269531
0.6000709533691406
0.8026161193847656
0.62689208984375
0.6085586547851562
0.41277313232421875
0.3872833251953125
0.6257286071777344
0.63946533203125
0.6671142578125
0.365142822265625
0.4014015197753906
0.7039642333984375
0.5770263671875
0.5614013671875
0.7855796813964844
0.67620849609375
0.4945335388183594
0.46062469482421875
0.42201995849609375
0.33408355712890625
0.5731201171875
0.3932609558105469
0.4569053649902344
0.555084228515625
0.4317359924316406
0.6429367065429688
0.49755096435546875
0.5307579040527344
0.5057868957519531
1.0398483276367188
0.448089599609375
0.34110260009765625
0.5885696411132812
0.4099922180175781
0.6179389953613281
0.5503578186035156
0.508148193359375
0.6028251647949219
0.5490074157714844
0.47900390625
0.4227867126464844
0.494598388671875
0.4935760498046875
0.6238975524902344
0.6176528930664062
0.46092987060546875
0.7605628967285156
0.5359535217285156
0.4318046569824219
0.3638763427734375
0.5178604125976562
0.6639175415039062
0.4949073791503906
0.7702445983886719
0.5572853088378906
0.41478729248046875
0.3940887451171875
0.5357284545898438
0.4918785095214844
0.4503364562988281
0.8933372497558594
0.5799903869628906
0.34877777099609375
0.39710235595703125
0.47196197509765625
0.7847213745117188
0.7672233581542969
0.3624382019042969
0.6555633544921875
0.6564102172851562
0.623382568359375
0.5443267822265625
0.7185287475585938
0.44298553466796875
0.5102958679199219
0.370758056640625
0.3892822265625
0.5202865600585938
0.4275016784667969
0.5563621520996094
0.4852409362792969
0.4452400207519531
0.4207611083984375
0.6514625549316406
0.2668190002441406
