0.3449440002441406
0.2951698303222656
0.4613037109375
0.20379257202148438
0.3764228820800781
0.3123817443847656
0.16037368774414062
0.22286224365234375
0.18864059448242188
0.3459968566894531
0.2623443603515625
0.19902420043945312
0.24141693115234375
0.3071746826171875
0.20052337646484375
0.18811416625976562
0.1962432861328125
0.22707366943359375
0.3593635559082031
0.3246269226074219
0.3118438720703125
0.22610855102539062
0.15676116943359375
0.21938705444335938
0.23993682861328125
0.41921234130859375
0.21996688842773438
0.20859909057617188
0.214385986328125
0.20668411254882812
0.33795928955078125
0.32643890380859375
0.24124526977539062
0.44242095947265625
0.3451499938964844
0.2577552795410156
0.34644317626953125
0.5926513671875
0.30431365966796875
0.17451858520507812
0.2186279296875
0.20886611938476562
0.311859130859375
0.318634033203125
0.260162353515625
0.17591476440429688
0.155426025390625
0.263427734375
0.18921661376953125
0.19790267944335938
0.31598663330078125
0.40660858154296875
0.2575645446777344
0.20549392700195312
0.16585159301757812
0.17399215698242188
0.4570960998535156
0.24204254150390625
0.26245880126953125
0.3395195007324219
0.20911788940429688
0.2300872802734375
0.5845298767089844
0.17170333862304688
0.21930313110351562
0.22031021118164062
0.2327728271484375
0.4402008056640625
0.2412872314453125
0.44347381591796875
0.279510498046875
0.19280242919921875
0.1889801025390625
0.2769584655761719
0.4614715576171875
0.32538604736328125
0.28847503662109375
0.2808265686035156
0.23237991333007812
0.3621406555175781
0.3369598388671875
0.20341110229492188
0.4182281494140625
0.1845245361328125
0.25225067138671875
0.4354705810546875
0.4618492126464844
0.22286605834960938
0.18814468383789062
0.2144012451171875
0.3313140869140625
0.297821044921875
0.22819137573242188
0.20112991333007812
0.20645523071289062
0.2807655334472656
0.4103355407714844
0.15829849243164062
0.35170745849609375
0.3428993225097656
0.2046966552734375
0.17777633666992188
0.1841583251953125
0.2657012939453125
0.17790603637695312
0.29219818115234375
0.19095230102539062
0.3436126708984375
0.299774169921875
0.18465423583984375
0.2679595947265625
0.3217124938964844
0.2539024353027344
0.4272346496582031
0.7616310119628906
0.2606010437011719
0.19652938842773438
0.4130058288574219
0.19524383544921875
0.27991485595703125
0.4613800048828125
0.199188232421875
0.241302490234375
0.419830322265625
0.3056144714355469
0.23828506469726562
0.3450965881347656
0.17065048217773438
0.27857208251953125
0.40714263916015625
0.37627410888671875
0.19466018676757812
0.21659088134765625
0.2782440185546875
0.1987457275390625
0.2570991516113281
0.24134063720703125
0.2941856384277344
0.3494148254394531
0.3117103576660156
0.3870506286621094
0.3029289245605469
0.3283958435058594
0.30161285400390625
0.6100654602050781
0.20301437377929688
0.15402984619140625
0.5438957214355469
0.3619270324707031
0.2924766540527344
0.2897300720214844
0.20952224731445312
0.23940277099609375
0.3115425109863281
0.19135665893554688
0.3787879943847656
0.21884918212890625
0.419403076171875
0.21745681762695312
0.25200653076171875
0.2897186279296875
0.2852783203125
0.24097824096679688
0.21446609497070312
0.20260238647460938
0.22807693481445312
0.1815338134765625
0.14411163330078125
0.20625686645507812
0.33345794677734375
0.3456459045410156
0.29610443115234375
0.6084327697753906
0.204803466796875
0.306732177734375
0.19545364379882812
0.2277374267578125
0.21024703979492188
0.230621337890625
0.2130279541015625
0.2628974914550781
0.24081039428710938
0.2019805908203125
0.27472686767578125
0.2524147033691406
0.5566787719726562
0.27880859375
0.16912841796875
0.27246856689453125
0.21413421630859375
0.23667144775390625
0.4003448486328125
0.2084197998046875
0.3171501159667969
0.30333709716796875
0.244293212890625
0.23868560791015625
0.42063140869140625
0.3393402099609375
0.342376708984375
