1.4631805419921875
0.94097900390625
1.3172836303710938
0.9619064331054688
1.2228736877441406
1.5427398681640625
1.7192840576171875
1.0074501037597656
1.9040946960449219
1.5705795288085938
1.0257682800292969
1.5734481811523438
1.2421798706054688
1.5338516235351562
1.1213188171386719
1.0248794555664062
1.2595977783203125
1.5230255126953125
0.9713592529296875
1.30694580078125
1.0079231262207031
1.2281990051269531
1.2894248962402344
0.9316825866699219
1.0853347778320312
1.5252723693847656
1.2215461730957031
1.2700080871582031
1.1403350830078125
1.276214599609375
1.2704658508300781
1.6613082885742188
1.3283233642578125
1.3771781921386719
1.1526412963867188
1.3989486694335938
1.3681716918945312
1.3112945556640625
1.2877960205078125
1.3731727600097656
2.068187713623047
1.1502113342285156
1.4099388122558594
0.8682403564453125
0.8936614990234375
1.3228263854980469
1.32696533203125
1.0306434631347656
1.0354652404785156
1.4071159362792969
1.0271987915039062
1.3832778930664062
1.0454673767089844
1.337738037109375
1.4125938415527344
1.2985610961914062
1.0153121948242188
1.2661170959472656
1.26666259765625
1.0808029174804688
0.9808998107910156
1.1925010681152344
1.1662788391113281
1.0897407531738281
1.1931114196777344
1.3020172119140625
1.3945693969726562
1.4461555480957031
1.5069236755371094
1.1332588195800781
1.4219512939453125
1.3264312744140625
1.2528228759765625
1.0717124938964844
1.053314208984375
1.4102325439453125
1.0210380554199219
1.5606765747070312
1.3607292175292969
1.366607666015625
1.6608428955078125
1.4013900756835938
1.2924118041992188
1.75396728515625
1.2876319885253906
1.2908477783203125
1.3242721557617188
1.2574882507324219
1.2046089172363281
1.4886550903320312
1.5242881774902344
1.1886520385742188
1.0836601257324219
0.9896812438964844
1.4122962951660156
0.9660835266113281
0.7588081359863281
1.4393310546875
1.30078125
1.0791549682617188
1.6042900085449219
1.0534400939941406
1.9182014465332031
1.3462982177734375
1.0873260498046875
1.130828857421875
1.2166099548339844
1.094940185546875
1.2705726623535156
1.1788520812988281
0.8907546997070312
1.5443649291992188
0.9516525268554688
1.0743522644042969
0.9560508728027344
1.6496086120605469
1.5865516662597656
1.3817634582519531
1.4468116760253906
1.103485107421875
1.1166191101074219
1.4998703002929688
1.3233222961425781
1.4385414123535156
1.0888633728027344
1.043609619140625
1.5250892639160156
1.2228126525878906
1.3268775939941406
1.4879722595214844
1.4414138793945312
1.1844291687011719
1.4555549621582031
1.0604820251464844
0.9960784912109375
1.4555435180664062
1.0746688842773438
1.223236083984375
1.4478797912597656
0.9788627624511719
1.4831123352050781
1.1601181030273438
1.2763824462890625
1.26898193359375
1.8707122802734375
1.171173095703125
1.0121345520019531
1.3468589782714844
1.1313934326171875
1.4587745666503906
1.29168701171875
1.3304328918457031
1.3392143249511719
1.4307022094726562
1.2432098388671875
1.0761260986328125
1.2362747192382812
1.2142448425292969
1.611480712890625
1.6103057861328125
1.2124977111816406
1.7054519653320312
1.3533248901367188
1.2439689636230469
1.0426216125488281
1.2455253601074219
1.3770065307617188
1.3116950988769531
1.3472633361816406
1.3879470825195312
1.0976333618164062
1.1814727783203125
1.2792320251464844
1.4491043090820312
1.1663589477539062
1.7028694152832031
1.1853790283203125
1.0774879455566406
1.1539497375488281
1.3178253173828125
1.44873046875
1.7096366882324219
0.9199714660644531
1.4985618591308594
1.2520561218261719
1.1913490295410156
1.4488449096679688
1.3859367370605469
1.2772293090820312
1.4068069458007812
1.09210205078125
1.0416145324707031
1.2028350830078125
1.2108268737792969
1.488922119140625
1.3005332946777344
1.2866172790527344
1.1909255981445312
1.367919921875
0.7864227294921875
