2.3869171142578125
2.2804107666015625
2.0644989013671875
2.269256591796875
2.3645477294921875
2.5831298828125
2.36932373046875
2.1547698974609375
2.6776885986328125
2.7664642333984375
2.297821044921875
2.4638671875
2.3335113525390625
2.1651458740234375
2.49322509765625
2.3203277587890625
2.26593017578125
2.3101043701171875
2.5439605712890625
2.18060302734375
2.3082427978515625
2.144744873046875
2.227691650390625
2.242950439453125
2.3057403564453125
2.3521881103515625
2.5213470458984375
2.5040283203125
2.431365966796875
2.411773681640625
2.44580078125
2.5722198486328125
2.4772491455078125
2.1862030029296875
2.1912689208984375
2.2922210693359375
2.3143310546875
2.1797027587890625
1.880096435546875
2.3648223876953125
2.99713134765625
2.2353363037109375
2.2347412109375
2.2215576171875
2.561676025390625
2.3642578125
2.47882080078125
2.3683929443359375
2.19586181640625
2.5966796875
2.0517730712890625
2.7247772216796875
2.601318359375
2.5374908447265625
2.120452880859375
2.46533203125
2.6418609619140625
2.355987548828125
2.1944580078125
2.164794921875
1.88836669921875
2.3360595703125
2.5909271240234375
2.0289306640625
2.0217132568359375
2.584197998046875
2.5043182373046875
2.322509765625
2.5632476806640625
2.40972900390625
2.5298919677734375
2.5977935791015625
2.017791748046875
2.4944305419921875
2.386810302734375
2.40338134765625
2.275543212890625
2.8514404296875
2.131561279296875
2.6066131591796875
2.223785400390625
2.3523712158203125
2.3181610107421875
2.3353729248046875
2.1358642578125
2.08087158203125
2.390533447265625
2.1859130859375
2.2926788330078125
2.4675750732421875
2.135406494140625
2.3224639892578125
2.2864837646484375
2.3487091064453125
2.329742431640625
2.31536865234375
2.7510528564453125
2.4919281005859375
2.42169189453125
2.6194305419921875
2.5307769775390625
2.6017608642578125
2.59820556640625
2.7289581298828125
2.077880859375
1.96014404296875
2.1145172119140625
2.6902008056640625
2.610260009765625
2.33660888671875
2.55926513671875
2.6230316162109375
1.8597259521484375
1.9615325927734375
2.292144775390625
2.3780975341796875
2.0952911376953125
2.39947509765625
2.1715240478515625
2.2024078369140625
2.6164398193359375
2.649444580078125
2.0800323486328125
2.444976806640625
2.3120269775390625
2.3128509521484375
2.212310791015625
2.8316802978515625
2.11346435546875
2.414459228515625
2.372344970703125
2.814056396484375
2.5205535888671875
2.390655517578125
2.3462371826171875
2.08349609375
2.5732574462890625
1.925079345703125
2.0428314208984375
2.221832275390625
2.66278076171875
2.6730804443359375
2.2379302978515625
2.5005340576171875
2.3962860107421875
2.8348846435546875
2.366302490234375
2.4148406982421875
2.4282379150390625
2.61767578125
2.3997802734375
2.571044921875
2.542633056640625
2.47479248046875
2.5359344482421875
2.5704193115234375
2.3557586669921875
2.371307373046875
2.5427703857421875
2.014373779296875
2.915924072265625
2.180084228515625
2.304443359375
2.541259765625
2.2791748046875
2.397705078125
2.3245697021484375
2.74127197265625
1.976470947265625
2.4245452880859375
2.4767913818359375
2.5124969482421875
2.341064453125
2.527801513671875
2.64324951171875
2.4786376953125
2.425994873046875
2.1407928466796875
2.3115692138671875
2.7534332275390625
2.4922637939453125
2.3091888427734375
2.23956298828125
2.1898345947265625
2.360198974609375
2.17828369140625
2.514007568359375
2.50555419921875
2.7739105224609375
2.9764556884765625
2.335723876953125
2.31024169921875
2.18096923828125
2.4536895751953125
2.351348876953125
2.6270904541015625
2.6082916259765625
2.1688690185546875
2.5503997802734375
2.4805450439453125
2.42474365234375
2.23895263671875
2.291351318359375
2.7227630615234375
2.431671142578125
2.646209716796875
2.5459747314453125
2.5778045654296875
2.13153076171875
2.360595703125
2.1834564208984375
2.7923583984375
2.4057159423828125
2.4816131591796875
2.4434051513671875
2.2841644287109375
2.679229736328125
2.610931396484375
2.4929046630859375
2.6760711669921875
2.21551513671875
2.19635009765625
2.2719573974609375
2.445770263671875
2.3164520263671875
2.2821197509765625
2.2379608154296875
2.67608642578125
2.0965118408203125
2.542724609375
2.5529327392578125
2.5673828125
2.193511962890625
2.458770751953125
2.4743499755859375
2.4989471435546875
2.476776123046875
2.1197357177734375
2.888397216796875
1.7104644775390625
2.698822021484375
2.1107940673828125
2.3250274658203125
2.217193603515625
2.32220458984375
2.223663330078125
2.2913970947265625
2.2793731689453125
2.4546966552734375
2.72369384765625
2.537445068359375
2.31243896484375
2.2653656005859375
2.390533447265625
2.2252960205078125
2.3305511474609375
2.614471435546875
2.1324615478515625
2.21600341796875
2.3421478271484375
2.4004364013671875
2.5008392333984375
2.334442138671875
2.2715911865234375
2.5167388916015625
2.4769287109375
2.10711669921875
2.6621856689453125
2.224822998046875
2.420135498046875
2.2701873779296875
2.788177490234375
2.317169189453125
2.6608428955078125
2.6168670654296875
2.4121856689453125
2.2501068115234375
2.352630615234375
2.3084716796875
2.8481292724609375
2.5616455078125
2.2964019775390625
2.0138397216796875
2.1717987060546875
2.295867919921875
2.4766387939453125
2.17138671875
2.209625244140625
2.4821624755859375
2.3372344970703125
2.4976806640625
2.0861358642578125
2.1372833251953125
2.251556396484375
2.633270263671875
2.5415802001953125
2.559173583984375
2.748443603515625
2.15191650390625
2.28033447265625
2.5399322509765625
2.5889739990234375
2.3657379150390625
2.6343994140625
2.079437255859375
2.3367156982421875
2.2413482666015625
2.6509246826171875
2.2324676513671875
2.3741302490234375
2.2480316162109375
2.5014190673828125
2.4770355224609375
2.045501708984375
2.73907470703125
2.1844635009765625
2.8321685791015625
2.39080810546875
2.49896240234375
2.7102508544921875
2.1380157470703125
2.6377105712890625
2.398773193359375
2.469329833984375
2.5383758544921875
2.1827850341796875
2.4893951416015625
2.46240234375
2.2245941162109375
2.427703857421875
2.6026611328125
2.303741455078125
2.1692657470703125
2.1136627197265625
2.56439208984375
2.6197662353515625
2.57733154296875
2.5038909912109375
2.46405029296875
2.3804779052734375
2.4245452880859375
2.3970184326171875
2.2613372802734375
2.554779052734375
2.2301483154296875
2.3589630126953125
2.6022491455078125
1.997161865234375
2.43865966796875
2.4171600341796875
2.7010040283203125
2.4872894287109375
2.228790283203125
2.4323883056640625
2.4366607666015625
2.62103271484375
2.3762969970703125
2.2207489013671875
2.449798583984375
2.525726318359375
2.1590118408203125
2.3485260009765625
2.570220947265625
2.112274169921875
2.515899658203125
2.9083099365234375
2.4285125732421875
2.24542236328125
2.3380279541015625
2.38800048828125
2.37847900390625
2.5284881591796875
2.4470977783203125
2.5699615478515625
2.4887847900390625
2.4905548095703125
2.1695098876953125
2.378875732421875
2.2645721435546875
2.5903778076171875
2.6876068115234375
2.7261505126953125
2.281951904296875
2.592620849609375
2.353485107421875
2.35540771484375
2.1905364990234375
2.371795654296875
2.1917266845703125
2.2220916748046875
2.3241729736328125
2.1771240234375
2.1161956787109375
2.4181365966796875
2.424163818359375
2.399383544921875
2.1618194580078125
2.3577880859375
2.2232818603515625
3.036895751953125
2.3082275390625
2.7127227783203125
2.8754730224609375
1.98822021484375
2.4314117431640625
2.2844085693359375
2.555389404296875
2.3978118896484375
2.340545654296875
2.365966796875
2.3251495361328125
2.404052734375
2.3294219970703125
2.504852294921875
2.5917816162109375
1.9908447265625
2.42120361328125
2.3229522705078125
2.2287445068359375
2.4000091552734375
2.2614898681640625
2.4396209716796875
2.4954833984375
2.45635986328125
2.5752716064453125
2.4403839111328125
2.2635498046875
2.1272430419921875
2.5924530029296875
2.2671966552734375
2.295623779296875
2.3905792236328125
2.38873291015625
2.10699462890625
2.0781097412109375
2.1020050048828125
2.461395263671875
2.2612762451171875
2.29754638671875
2.352294921875
2.7689361572265625
2.3785247802734375
2.576324462890625
2.159942626953125
2.5196685791015625
2.527618408203125
2.7569427490234375
2.1960906982421875
2.3303985595703125
2.3007049560546875
2.1853485107421875
2.64276123046875
2.3930511474609375
2.3050689697265625
2.3314971923828125
2.155517578125
2.495452880859375
2.4791717529296875
2.2445526123046875
2.660552978515625
2.3852691650390625
2.7795867919921875
2.29266357421875
2.1090545654296875
2.5183868408203125
2.152618408203125
2.3612823486328125
2.3276824951171875
2.0429534912109375
2.338623046875
2.3716583251953125
2.5594482421875
2.279693603515625
2.3984527587890625
2.7242584228515625
2.395233154296875
2.344818115234375
2.953857421875
2.5253448486328125
2.4794769287109375
2.5399017333984375
2.3418426513671875
2.03790283203125
2.264007568359375
2.4157562255859375
2.7745819091796875
2.2486572265625
2.242401123046875
2.4018402099609375
2.2947540283203125
2.2891998291015625
2.3663177490234375
2.38043212890625
2.3560638427734375
2.4905242919921875
2.47625732421875
2.235687255859375
2.171356201171875
2.10101318359375
2.1634674072265625
