2.0007476806640625
2.23895263671875
1.85272216796875
2.2856292724609375
2.155029296875
1.9456939697265625
2.627471923828125
2.268768310546875
2.7515106201171875
1.9736328125
2.2331695556640625
2.1000213623046875
2.310516357421875
2.3176422119140625
1.9880523681640625
2.4659423828125
1.725616455078125
1.7572784423828125
2.6120758056640625
2.0015106201171875
2.17193603515625
1.56121826171875
2.42486572265625
2.2340240478515625
2.117889404296875
2.022735595703125
2.061279296875
2.27734375
2.1860809326171875
2.135009765625
1.9771575927734375
2.08587646484375
2.3304901123046875
2.4266357421875
1.9889068603515625
2.1640472412109375
2.132843017578125
2.2047119140625
1.7745208740234375
2.107757568359375
2.21478271484375
2.344146728515625
1.890350341796875
1.859283447265625
2.108489990234375
2.34613037109375
2.2924957275390625
2.6267242431640625
1.96063232421875
2.3362884521484375
2.52801513671875
2.4350433349609375
1.99139404296875
1.8173370361328125
1.787200927734375
2.5222320556640625
2.0553436279296875
1.870086669921875
2.2834930419921875
2.1678466796875
2.1190643310546875
2.2462005615234375
2.2812652587890625
2.5267181396484375
2.4999542236328125
2.3069000244140625
2.4474945068359375
2.347625732421875
1.8179779052734375
2.55499267578125
2.52197265625
2.5117950439453125
2.2617950439453125
2.175872802734375
2.0090179443359375
2.21722412109375
2.213287353515625
1.7342987060546875
2.4381103515625
1.724761962890625
2.1768951416015625
2.3696746826171875
2.118621826171875
2.3860626220703125
2.116943359375
2.02362060546875
2.3754730224609375
2.197845458984375
1.9501190185546875
2.2588653564453125
2.2953948974609375
1.921112060546875
1.899261474609375
2.5562591552734375
2.029754638671875
2.051177978515625
1.99169921875
1.897705078125
2.0930023193359375
2.22760009765625
2.378448486328125
2.116943359375
2.101715087890625
2.3118743896484375
1.906646728515625
2.50726318359375
2.1575927734375
1.840118408203125
1.944427490234375
2.16949462890625
1.8686981201171875
2.115966796875
2.52740478515625
2.44891357421875
2.2799835205078125
2.184295654296875
1.9717864990234375
2.4395599365234375
2.2216644287109375
2.3395233154296875
2.3147430419921875
2.4687652587890625
2.4446258544921875
2.002166748046875
1.9871368408203125
2.0584564208984375
2.2688446044921875
2.0432586669921875
2.5249176025390625
1.994964599609375
2.0787811279296875
2.1399993896484375
2.0353546142578125
2.1805572509765625
2.117828369140625
2.1110382080078125
2.0217437744140625
2.1087799072265625
2.0956573486328125
2.083251953125
2.1584625244140625
2.1377105712890625
2.270233154296875
2.321441650390625
2.407379150390625
1.8708953857421875
2.1956024169921875
2.1334381103515625
2.746185302734375
2.5106353759765625
1.9782867431640625
2.015899658203125
2.5053253173828125
2.1305389404296875
2.20355224609375
2.340179443359375
2.1912078857421875
2.07940673828125
1.9929656982421875
2.3010711669921875
2.4165496826171875
2.2670745849609375
2.2799530029296875
2.0771942138671875
1.742828369140625
2.2411041259765625
2.36614990234375
2.094757080078125
2.181915283203125
1.8702392578125
2.3994293212890625
2.176605224609375
1.893310546875
2.1116790771484375
2.15533447265625
2.277374267578125
2.14410400390625
2.0440673828125
2.0838165283203125
1.9553070068359375
2.167266845703125
1.9058685302734375
2.17425537109375
1.863067626953125
2.121826171875
1.91461181640625
2.0071258544921875
2.1557769775390625
2.4413604736328125
2.1898345947265625
2.3033905029296875
2.40411376953125
2.300994873046875
2.498931884765625
2.156036376953125
2.281280517578125
1.9024810791015625
1.872467041015625
2.066925048828125
2.475006103515625
2.107818603515625
2.408966064453125
2.4783477783203125
2.3162689208984375
2.624359130859375
2.0391845703125
2.185211181640625
1.8154449462890625
1.9492645263671875
2.1990509033203125
2.095062255859375
1.96392822265625
2.27716064453125
1.6705780029296875
2.2763519287109375
2.3162689208984375
2.3993072509765625
1.9277496337890625
2.6529083251953125
2.15966796875
2.5044097900390625
2.1478271484375
2.1673431396484375
2.005615234375
2.23681640625
2.308624267578125
1.91656494140625
2.200531005859375
2.38641357421875
1.935516357421875
2.4445037841796875
2.57861328125
2.60308837890625
2.3084564208984375
2.2343292236328125
2.00341796875
1.9541015625
2.0633087158203125
2.069091796875
2.19012451171875
2.477294921875
1.8370819091796875
2.216949462890625
2.038299560546875
2.33349609375
2.126312255859375
1.911224365234375
2.21685791015625
2.4261474609375
1.8639678955078125
2.135284423828125
2.131256103515625
2.276031494140625
2.36090087890625
2.2232666015625
2.5109710693359375
2.7827606201171875
1.9371337890625
1.987152099609375
2.0118408203125
2.4608612060546875
2.57269287109375
2.0902099609375
1.8616943359375
2.1356201171875
1.9138336181640625
2.4880828857421875
2.18536376953125
2.2325592041015625
2.519287109375
2.1568450927734375
2.3507080078125
2.3264617919921875
2.5922393798828125
2.224517822265625
2.5050201416015625
2.2625732421875
2.3746337890625
2.2950286865234375
1.977996826171875
2.345428466796875
2.294952392578125
1.979400634765625
1.9999237060546875
2.3185882568359375
2.1839599609375
2.08087158203125
2.3191680908203125
2.0068359375
2.3901214599609375
2.1338653564453125
2.2424468994140625
2.1214447021484375
2.239898681640625
2.1337432861328125
2.322601318359375
2.4134368896484375
2.0929107666015625
2.5912017822265625
2.1961212158203125
1.849212646484375
2.0665740966796875
2.5498504638671875
2.1004180908203125
1.840667724609375
2.4722747802734375
2.065185546875
2.404510498046875
2.23492431640625
2.38824462890625
2.3714752197265625
2.205535888671875
2.6430206298828125
2.002227783203125
2.316314697265625
2.311676025390625
2.3083648681640625
2.1156463623046875
2.37896728515625
2.2735137939453125
2.35498046875
2.25079345703125
2.299041748046875
2.13897705078125
2.14892578125
2.1334686279296875
2.0201416015625
2.4796142578125
2.24200439453125
2.525390625
2.6831512451171875
2.02691650390625
2.0456390380859375
2.2540130615234375
2.3206787109375
1.876434326171875
2.161376953125
2.2630615234375
1.9061737060546875
1.9227142333984375
1.8765411376953125
2.4929962158203125
2.1131134033203125
2.0680694580078125
2.61871337890625
2.3739166259765625
2.198516845703125
2.055877685546875
2.3387451171875
2.3482513427734375
2.399322509765625
2.48443603515625
1.9114532470703125
2.3743133544921875
2.2413787841796875
2.2344512939453125
2.0973663330078125
1.953704833984375
2.0419158935546875
2.5166473388671875
2.12109375
2.0243377685546875
2.4380645751953125
2.150848388671875
2.324188232421875
1.970550537109375
2.2311553955078125
2.591705322265625
2.3363800048828125
2.4111480712890625
2.693572998046875
1.953125
2.2095489501953125
2.0370635986328125
2.152618408203125
2.1298675537109375
1.9882659912109375
2.2013397216796875
2.29656982421875
2.1722564697265625
2.61785888671875
2.462738037109375
2.1316375732421875
1.9396514892578125
1.8818511962890625
1.9383697509765625
2.01348876953125
1.948822021484375
2.418609619140625
1.8813323974609375
2.3957672119140625
2.2986907958984375
2.445404052734375
2.383514404296875
2.052581787109375
2.3235321044921875
2.1999053955078125
2.116455078125
2.0265960693359375
2.4276275634765625
2.26318359375
2.2584075927734375
2.3269195556640625
1.903045654296875
2.41436767578125
2.61688232421875
1.9331512451171875
2.552825927734375
2.184783935546875
2.663909912109375
2.118011474609375
2.7420806884765625
2.307891845703125
2.569061279296875
1.825653076171875
2.1479949951171875
2.6346588134765625
2.1529083251953125
2.0467071533203125
2.3658599853515625
2.211395263671875
2.0614166259765625
2.1399383544921875
1.9895782470703125
2.3608245849609375
1.9928131103515625
2.458343505859375
2.598052978515625
2.090240478515625
2.0736541748046875
2.424468994140625
1.817474365234375
2.4680328369140625
2.0565185546875
2.3898468017578125
2.108306884765625
2.1033477783203125
2.243499755859375
2.1238861083984375
2.880584716796875
2.0116119384765625
2.2295379638671875
2.69873046875
2.5881805419921875
2.244110107421875
1.9846649169921875
2.2775726318359375
2.313873291015625
2.396514892578125
2.238311767578125
2.340667724609375
2.397979736328125
1.93719482421875
2.559051513671875
2.15985107421875
2.3168182373046875
2.3662872314453125
2.7130279541015625
1.9121551513671875
2.0379791259765625
2.414703369140625
2.29364013671875
2.21649169921875
2.3011932373046875
2.0748291015625
2.3227081298828125
2.3580474853515625
2.283050537109375
2.01434326171875
2.0989532470703125
2.12744140625
1.7130889892578125
2.3671722412109375
2.23309326171875
2.12384033203125
1.9122161865234375
2.21795654296875
1.889129638671875
1.9718017578125
2.1431732177734375
2.077301025390625
2.18646240234375
2.858367919921875
2.2184295654296875
2.1709442138671875
2.050628662109375
1.9750823974609375
2.7308197021484375
1.6666412353515625
2.0328216552734375
2.306243896484375
2.3676300048828125
2.1279296875
2.3369598388671875
2.5627288818359375
1.866912841796875
2.1994171142578125
2.1227569580078125
2.347808837890625
2.200103759765625
