0.86676025390625
0.71697998046875
1.0215301513671875
1.152099609375
0.967803955078125
0.9189910888671875
1.0035400390625
1.2841339111328125
0.8817138671875
0.830047607421875
0.9602203369140625
1.206939697265625
0.923431396484375
1.5794219970703125
1.26824951171875
0.84771728515625
0.73175048828125
0.914520263671875
0.896209716796875
1.047027587890625
1.2169036865234375
0.7879486083984375
0.898040771484375
0.8638916015625
0.895538330078125
0.781036376953125
0.8068389892578125
0.7704010009765625
1.1846160888671875
1.268402099609375
0.81207275390625
0.9782562255859375
0.92706298828125
0.648956298828125
1.2883758544921875
1.0110931396484375
1.2118682861328125
1.0514068603515625
1.14239501953125
1.21258544921875
1.272735595703125
1.015045166015625
0.7911529541015625
1.095428466796875
1.599853515625
0.9778900146484375
0.73284912109375
0.931976318359375
1.368072509765625
1.007110595703125
0.78729248046875
0.6429595947265625
1.231842041015625
0.8176116943359375
0.764007568359375
0.8900146484375
0.9767303466796875
0.96075439453125
1.7076416015625
1.067840576171875
0.891082763671875
1.0838470458984375
0.9863128662109375
0.8859405517578125
0.9958953857421875
1.1240692138671875
0.8902587890625
1.02630615234375
0.9136505126953125
1.057464599609375
1.6533050537109375
0.9573822021484375
0.876373291015625
1.0422821044921875
0.89263916015625
0.8863677978515625
1.3150177001953125
0.991729736328125
0.9825592041015625
0.4548492431640625
0.9354095458984375
1.0244140625
0.8039703369140625
1.36260986328125
0.7770843505859375
1.0344696044921875
0.9437103271484375
0.6832427978515625
0.6669921875
1.12249755859375
1.2535858154296875
0.85772705078125
0.5211639404296875
0.9303436279296875
0.9825897216796875
1.2636566162109375
0.8221435546875
0.887969970703125
0.8029632568359375
1.558868408203125
1.078704833984375
0.78607177734375
1.0086212158203125
1.1859130859375
1.0286865234375
0.760498046875
0.791961669921875
0.780242919921875
1.1685638427734375
0.835357666015625
0.88861083984375
0.704376220703125
1.3751678466796875
1.0258331298828125
0.86175537109375
1.4010467529296875
0.8897552490234375
0.80755615234375
0.6318511962890625
1.104583740234375
0.58306884765625
1.117340087890625
1.011749267578125
1.25286865234375
1.152099609375
0.999053955078125
1.2463531494140625
0.8831024169921875
1.1301422119140625
0.881317138671875
0.7927703857421875
0.698028564453125
0.836151123046875
1.31585693359375
0.9797210693359375
0.9045257568359375
1.0708160400390625
0.6496734619140625
1.3505096435546875
0.9142303466796875
1.07867431640625
0.9456329345703125
0.8521575927734375
1.1240692138671875
1.2892303466796875
1.0330963134765625
1.0996856689453125
1.3831939697265625
1.4008636474609375
0.9837646484375
0.7139129638671875
1.3685760498046875
1.2237548828125
1.1361236572265625
0.8805999755859375
1.2266387939453125
1.0372314453125
0.89801025390625
0.8202056884765625
1.2104339599609375
0.740386962890625
0.74932861328125
1.0496826171875
1.3800201416015625
0.86248779296875
1.3016357421875
1.2072601318359375
1.0957489013671875
0.7481842041015625
0.7922515869140625
0.75689697265625
0.6880645751953125
1.0219573974609375
1.0431976318359375
1.003143310546875
0.9259185791015625
0.826446533203125
0.8805084228515625
1.0560302734375
1.3165740966796875
0.8288726806640625
1.077178955078125
0.912322998046875
0.7090301513671875
1.023468017578125
0.8920745849609375
0.844207763671875
0.946929931640625
0.8038330078125
1.283477783203125
0.629669189453125
0.88421630859375
0.7723388671875
0.8192138671875
0.875762939453125
1.1520233154296875
1.3340606689453125
0.6160888671875
0.6993560791015625
0.9808197021484375
1.014251708984375
0.8846435546875
0.8960113525390625
0.8748779296875
0.9761962890625
1.095489501953125
1.043243408203125
1.4412689208984375
0.919708251953125
0.9789886474609375
0.7958984375
0.9276275634765625
1.268951416015625
0.7332000732421875
1.1146697998046875
1.0641021728515625
0.6641387939453125
0.85675048828125
0.9243927001953125
0.9019317626953125
0.98089599609375
0.6732940673828125
0.8015899658203125
0.937469482421875
0.8582305908203125
0.9288482666015625
0.8014984130859375
1.3152313232421875
0.736114501953125
1.029693603515625
1.0542449951171875
1.024871826171875
1.1956329345703125
0.8032379150390625
0.8098907470703125
1.259307861328125
1.120330810546875
1.0907745361328125
0.9569854736328125
1.36029052734375
0.79449462890625
1.12384033203125
1.0535430908203125
0.9254302978515625
0.99444580078125
1.06048583984375
1.05218505859375
1.3273162841796875
0.930633544921875
0.9161376953125
0.802398681640625
1.4703369140625
1.1710968017578125
1.0798187255859375
0.88336181640625
1.26312255859375
1.1906585693359375
1.0525665283203125
1.38897705078125
1.0309600830078125
1.1658172607421875
1.0529022216796875
0.8791961669921875
0.8011016845703125
0.9993743896484375
0.725921630859375
1.39251708984375
1.0493011474609375
1.2324981689453125
1.282318115234375
0.8506622314453125
0.842193603515625
0.79913330078125
1.176513671875
0.6887054443359375
0.8793792724609375
0.7744293212890625
0.9449920654296875
1.1210479736328125
1.2610321044921875
0.986480712890625
0.81146240234375
0.79571533203125
0.7867431640625
0.963104248046875
0.8511810302734375
0.8107757568359375
0.9054412841796875
0.7403411865234375
0.9376373291015625
0.9294891357421875
0.8232269287109375
0.709808349609375
0.792205810546875
1.3037109375
0.75494384765625
0.9532470703125
0.6422119140625
1.002471923828125
1.3528594970703125
0.701202392578125
0.931182861328125
1.0267181396484375
1.019805908203125
0.9865875244140625
1.080902099609375
0.7691497802734375
1.03558349609375
0.8753204345703125
0.9664764404296875
1.4974212646484375
0.7971649169921875
0.88055419921875
1.0208892822265625
1.2877960205078125
1.19366455078125
0.9601898193359375
1.2208709716796875
1.213470458984375
0.6593017578125
0.72833251953125
0.645599365234375
0.9407958984375
1.4068450927734375
1.5433807373046875
0.5881500244140625
0.9019317626953125
0.727264404296875
0.6848602294921875
1.2858428955078125
0.8226165771484375
0.93701171875
0.7786407470703125
0.7000885009765625
1.14129638671875
0.9380340576171875
0.9755096435546875
0.995635986328125
1.0712738037109375
1.0272369384765625
1.0621337890625
0.7062530517578125
1.077972412109375
0.8689727783203125
0.9949951171875
0.705718994140625
1.332733154296875
0.945343017578125
1.21221923828125
0.68560791015625
0.7003021240234375
1.2790069580078125
0.9555511474609375
0.7503662109375
0.9169921875
0.8448944091796875
1.0577545166015625
1.168609619140625
1.0385894775390625
0.9057464599609375
1.008056640625
0.892425537109375
1.19287109375
1.415252685546875
1.076812744140625
0.844024658203125
0.546142578125
1.221221923828125
1.1135101318359375
0.8716583251953125
1.0068511962890625
0.844390869140625
1.1782379150390625
0.6406402587890625
0.9541015625
0.8860931396484375
0.9959259033203125
0.8105010986328125
1.0148773193359375
1.1367645263671875
0.92034912109375
0.580413818359375
0.7016754150390625
1.0797271728515625
0.9086456298828125
0.7674560546875
0.8610992431640625
1.3426971435546875
1.122528076171875
1.053375244140625
0.7840576171875
1.2908172607421875
1.079437255859375
1.1421356201171875
0.841827392578125
0.956787109375
0.9061737060546875
0.9898529052734375
1.04779052734375
0.9555511474609375
1.30804443359375
1.3824005126953125
1.080902099609375
1.132080078125
0.7737884521484375
0.7563934326171875
0.980621337890625
0.996063232421875
1.2142181396484375
1.27947998046875
0.9724273681640625
1.048370361328125
1.007080078125
0.8710174560546875
1.240509033203125
0.7639007568359375
1.060821533203125
0.8109588623046875
1.0290069580078125
0.7508697509765625
0.684112548828125
1.2529144287109375
1.0277099609375
0.970001220703125
1.4123687744140625
0.875274658203125
1.061676025390625
0.9409332275390625
0.9844970703125
0.9665374755859375
0.771759033203125
1.0267333984375
1.0544281005859375
1.3491058349609375
1.0687713623046875
0.77789306640625
0.8394012451171875
0.7732086181640625
0.914642333984375
1.2476806640625
0.96209716796875
1.21966552734375
1.0124664306640625
0.608154296875
1.044677734375
0.805999755859375
1.402099609375
0.7940673828125
0.96319580078125
0.7953338623046875
0.9173736572265625
1.2059326171875
0.7393798828125
0.8200836181640625
1.13177490234375
0.648773193359375
0.73333740234375
1.0522613525390625
0.9303741455078125
1.2066497802734375
0.7316436767578125
1.1738433837890625
0.9195556640625
0.825775146484375
0.8065643310546875
1.04339599609375
0.8922119140625
1.353057861328125
1.2140350341796875
0.763519287109375
0.919830322265625
0.8201904296875
0.883026123046875
0.893524169921875
0.9215545654296875
1.006500244140625
0.754364013671875
0.919708251953125
1.0911712646484375
1.23388671875
0.8996429443359375
1.1057586669921875
0.8473663330078125
1.2999267578125
1.02227783203125
0.8914947509765625
0.9075927734375
1.109375
0.9917755126953125
1.2089996337890625
0.8609771728515625
1.197662353515625
0.8694610595703125
1.028350830078125
0.8080291748046875
1.57598876953125
1.190093994140625
1.390350341796875
0.7312164306640625
0.8051605224609375
