1.8098297119140625
1.8719024658203125
1.89739990234375
2.0590972900390625
2.28240966796875
2.303466796875
2.0445556640625
1.5555572509765625
1.9229278564453125
1.8896484375
1.809783935546875
2.001251220703125
2.072601318359375
1.896026611328125
2.05279541015625
1.923370361328125
2.6071624755859375
2.23968505859375
1.9510498046875
1.876556396484375
1.65496826171875
2.136199951171875
1.888427734375
2.2196044921875
1.9437408447265625
2.344451904296875
1.7725982666015625
2.4120330810546875
1.575225830078125
2.27960205078125
2.086334228515625
2.0756378173828125
2.052154541015625
1.70513916015625
2.1537322998046875
2.2091522216796875
1.8794403076171875
1.9296112060546875
1.96319580078125
1.7592010498046875
1.7333831787109375
2.0359954833984375
1.9884033203125
1.743560791015625
2.2839813232421875
1.5693511962890625
1.4633026123046875
1.8321380615234375
1.804901123046875
1.8980560302734375
1.7964630126953125
1.896240234375
2.0930023193359375
2.0013275146484375
1.654998779296875
1.664398193359375
2.0270233154296875
2.05419921875
1.854339599609375
1.805755615234375
1.801727294921875
1.85009765625
1.8465728759765625
1.6042938232421875
2.0388641357421875
1.9465789794921875
1.764984130859375
1.94500732421875
1.9454803466796875
1.9552764892578125
2.0662078857421875
1.7830963134765625
1.8218231201171875
1.8430633544921875
1.8152008056640625
2.260009765625
2.2071075439453125
1.9558868408203125
2.0305328369140625
2.29217529296875
2.3296356201171875
2.088165283203125
2.0471038818359375
2.295745849609375
2.1062164306640625
1.825439453125
1.741912841796875
2.2881622314453125
1.8240966796875
2.0587310791015625
1.9120941162109375
1.9191131591796875
1.9104461669921875
1.9290924072265625
1.6219329833984375
1.5670623779296875
2.0848236083984375
2.4431304931640625
2.2977752685546875
1.9695587158203125
1.8480072021484375
1.806976318359375
1.7407379150390625
1.669708251953125
1.6696319580078125
1.8777313232421875
1.632781982421875
2.227752685546875
2.274383544921875
2.0269775390625
2.1090850830078125
2.012420654296875
1.805633544921875
2.31317138671875
2.0381622314453125
1.813873291015625
1.873779296875
1.62908935546875
1.90521240234375
1.947967529296875
2.0858917236328125
1.9852142333984375
1.8143310546875
2.0779266357421875
1.7673492431640625
2.0732879638671875
2.3574981689453125
1.79705810546875
1.9815216064453125
1.942413330078125
2.00592041015625
1.7758636474609375
1.8472900390625
1.7741851806640625
1.8459320068359375
1.8662109375
2.117706298828125
1.7162017822265625
2.1566009521484375
2.3394775390625
2.2389678955078125
1.8000640869140625
1.936859130859375
1.6579742431640625
1.901092529296875
1.9012603759765625
2.364227294921875
1.8886566162109375
2.4068450927734375
1.8809967041015625
1.6002044677734375
2.369232177734375
1.8624114990234375
2.595672607421875
1.6461029052734375
1.997283935546875
2.214569091796875
1.75274658203125
2.3911895751953125
2.305938720703125
1.608734130859375
2.516387939453125
2.126678466796875
2.05126953125
2.0934906005859375
2.288726806640625
2.2739105224609375
1.7190093994140625
2.0513153076171875
1.7930145263671875
2.1728057861328125
1.848114013671875
2.0705108642578125
1.762603759765625
2.052703857421875
2.0809326171875
1.8518218994140625
1.92242431640625
1.6688690185546875
1.834228515625
1.6169586181640625
2.00616455078125
2.1644287109375
1.6028900146484375
1.9256591796875
1.9468231201171875
2.0063323974609375
2.11688232421875
2.438812255859375
2.064422607421875
1.821746826171875
1.937286376953125
1.7615966796875
1.7655487060546875
2.1409149169921875
1.7312774658203125
2.2787628173828125
1.7381134033203125
1.9982147216796875
2.19854736328125
1.9664459228515625
1.9928436279296875
1.6601104736328125
2.05859375
1.9430694580078125
2.7794189453125
1.8541717529296875
1.818817138671875
2.0038909912109375
1.5414581298828125
2.1334075927734375
1.9808502197265625
1.8986358642578125
2.265594482421875
2.3199920654296875
2.01776123046875
2.16546630859375
1.64434814453125
1.5859375
2.021240234375
1.8536376953125
2.123626708984375
1.9641571044921875
2.0822601318359375
1.8954315185546875
1.8607940673828125
1.9306640625
1.72979736328125
1.7820892333984375
2.068634033203125
1.699188232421875
2.02703857421875
2.061614990234375
2.008331298828125
2.5733642578125
1.6506195068359375
2.381988525390625
1.67877197265625
1.83074951171875
1.8864898681640625
1.6911163330078125
2.226409912109375
1.8911285400390625
2.41839599609375
1.7746429443359375
2.078460693359375
1.9887847900390625
1.85003662109375
1.92498779296875
1.58587646484375
2.2459259033203125
2.348480224609375
1.9888916015625
1.779449462890625
1.55255126953125
2.0234222412109375
1.9808197021484375
1.8656768798828125
2.039398193359375
2.381561279296875
2.064300537109375
2.230010986328125
1.824371337890625
1.6260223388671875
1.98260498046875
1.9590911865234375
1.9319000244140625
1.962890625
2.0776824951171875
2.3685455322265625
1.893157958984375
1.962249755859375
1.988128662109375
1.72027587890625
2.453857421875
2.09417724609375
2.1957855224609375
1.759552001953125
1.790374755859375
2.4922637939453125
1.989044189453125
2.0218658447265625
1.934356689453125
1.7228240966796875
2.2588348388671875
2.2340545654296875
1.7669525146484375
1.8439483642578125
1.9988861083984375
1.6056060791015625
2.0343017578125
2.2166290283203125
2.2337493896484375
2.049652099609375
1.5859375
2.0372161865234375
2.1644287109375
1.9058074951171875
2.1341705322265625
2.3600921630859375
2.2387237548828125
1.9263916015625
2.369537353515625
2.190948486328125
2.48516845703125
2.2357635498046875
2.1505126953125
2.003936767578125
1.963623046875
1.827789306640625
2.1498565673828125
2.2034912109375
2.2048187255859375
2.193084716796875
1.7345428466796875
2.2653656005859375
1.8309783935546875
1.878814697265625
2.4431915283203125
2.12451171875
2.1516571044921875
1.6344757080078125
1.922821044921875
1.4601287841796875
1.8498077392578125
1.8589935302734375
1.9676513671875
2.0458221435546875
2.31280517578125
1.9044189453125
1.975006103515625
2.20330810546875
1.6940765380859375
2.148040771484375
2.0825958251953125
1.8790130615234375
1.50091552734375
1.569793701171875
1.849212646484375
1.73876953125
2.2285308837890625
1.8903961181640625
1.94970703125
2.4323883056640625
1.585693359375
1.975921630859375
1.8732147216796875
1.858184814453125
1.693267822265625
2.4479827880859375
1.8962860107421875
1.95684814453125
1.966552734375
2.1873321533203125
2.4936065673828125
2.0127105712890625
1.797576904296875
2.21600341796875
1.9399261474609375
1.55657958984375
1.959320068359375
2.1581573486328125
2.111358642578125
1.9161529541015625
2.0244598388671875
1.853851318359375
2.08984375
1.8792266845703125
2.26580810546875
2.059600830078125
1.7655029296875
2.217041015625
1.8691253662109375
2.140869140625
1.7239837646484375
1.5544586181640625
2.15142822265625
1.931793212890625
1.7910919189453125
1.8231964111328125
1.9561767578125
1.86297607421875
2.1491851806640625
1.9087982177734375
1.8302764892578125
1.789886474609375
2.194000244140625
2.1735992431640625
2.0191192626953125
1.88360595703125
1.9681243896484375
2.2659454345703125
2.0493621826171875
1.7403564453125
1.8669891357421875
2.167022705078125
2.3971405029296875
2.0529937744140625
2.1601409912109375
1.7097015380859375
2.109466552734375
2.409210205078125
2.154937744140625
2.5447998046875
1.9944000244140625
2.0383453369140625
2.245330810546875
1.590087890625
1.7069091796875
2.0880279541015625
1.7573394775390625
1.9697723388671875
1.4989013671875
1.8297119140625
2.09423828125
2.084197998046875
1.6396331787109375
1.9847869873046875
1.973480224609375
1.8041229248046875
1.7558441162109375
2.1347198486328125
2.1448211669921875
2.4293060302734375
2.0892486572265625
2.2783050537109375
1.656158447265625
1.704986572265625
1.9556121826171875
1.524658203125
1.7879180908203125
1.736419677734375
2.103363037109375
2.1467742919921875
1.987762451171875
1.733673095703125
2.1581573486328125
1.966552734375
1.9869232177734375
1.6544952392578125
1.6707000732421875
2.0046844482421875
1.842498779296875
1.8492431640625
2.052093505859375
1.9801788330078125
2.0013427734375
2.13909912109375
2.1217803955078125
1.6934051513671875
1.78521728515625
2.1143646240234375
2.70074462890625
2.288909912109375
2.01470947265625
2.1051177978515625
2.1509552001953125
1.8422698974609375
2.1070098876953125
1.8546295166015625
1.6256103515625
1.754547119140625
2.1425933837890625
1.5287322998046875
1.60845947265625
1.7270355224609375
1.80059814453125
2.058868408203125
1.9634246826171875
1.7707061767578125
2.35479736328125
2.1765899658203125
1.9508209228515625
1.865478515625
1.9210968017578125
1.8295745849609375
2.07183837890625
1.7266845703125
2.3560333251953125
2.1314849853515625
2.35260009765625
1.584686279296875
2.0545501708984375
2.1025848388671875
2.058319091796875
1.8231201171875
1.8828125
1.9405059814453125
1.6591033935546875
1.64093017578125
2.2979736328125
1.557464599609375
1.896026611328125
1.898406982421875
2.501068115234375
1.940673828125
1.8172149658203125
2.2130584716796875
1.5253448486328125
2.1001129150390625
