1.835174560546875
2.04705810546875
1.7154998779296875
2.1148834228515625
2.0384063720703125
1.7757568359375
2.499053955078125
2.071380615234375
2.6435546875
1.807861328125
2.130096435546875
1.958099365234375
2.162322998046875
2.1195831298828125
1.8259429931640625
2.3103790283203125
1.543792724609375
1.6151123046875
2.4719696044921875
1.890167236328125
2.00537109375
1.380126953125
2.2534942626953125
2.0928192138671875
2.0013275146484375
1.857147216796875
1.8507843017578125
2.10748291015625
2.043426513671875
1.9956512451171875
1.7567138671875
1.911224365234375
2.2000274658203125
2.2615509033203125
1.855712890625
2.018951416015625
1.9561920166015625
2.06256103515625
1.6215667724609375
1.9601593017578125
2.0786895751953125
2.16552734375
1.780853271484375
1.6710052490234375
1.9485931396484375
2.216278076171875
2.1423187255859375
2.4562530517578125
1.762664794921875
2.165985107421875
2.3579559326171875
2.2675018310546875
1.8296356201171875
1.6534576416015625
1.641204833984375
2.3504486083984375
1.9109954833984375
1.713623046875
2.1500091552734375
1.98162841796875
2.02685546875
2.072723388671875
2.1396331787109375
2.3361358642578125
2.27459716796875
2.1369171142578125
2.3238677978515625
2.1989288330078125
1.6256103515625
2.441314697265625
2.4090118408203125
2.352325439453125
2.11962890625
1.9908447265625
1.859130859375
2.029815673828125
2.026336669921875
1.603668212890625
2.333251953125
1.596923828125
2.0200042724609375
2.2489013671875
1.9764404296875
2.204864501953125
1.9377899169921875
1.873260498046875
2.2053070068359375
2.057373046875
1.77203369140625
2.1141815185546875
2.1633453369140625
1.734527587890625
1.7303314208984375
2.44366455078125
1.8689422607421875
1.8793487548828125
1.8193817138671875
1.731353759765625
1.938873291015625
2.0582275390625
2.2374725341796875
1.984466552734375
1.936309814453125
2.17291259765625
1.7517852783203125
2.2639312744140625
1.96209716796875
1.678375244140625
1.7977142333984375
2.010009765625
1.6986846923828125
1.930145263671875
2.4270172119140625
2.2637786865234375
2.121337890625
2.021759033203125
1.76483154296875
2.2762451171875
2.1101531982421875
2.116180419921875
2.21875
2.328582763671875
2.31591796875
1.8550262451171875
1.85186767578125
1.911651611328125
2.094329833984375
1.8802642822265625
2.384674072265625
1.8707427978515625
1.9416961669921875
1.994598388671875
1.8634796142578125
2.0310211181640625
1.9583587646484375
1.9351348876953125
1.8540496826171875
1.9806060791015625
1.8938446044921875
1.9150390625
1.970703125
1.9575347900390625
2.0998382568359375
2.186492919921875
2.2588958740234375
1.7072601318359375
2.049530029296875
1.948944091796875
2.616424560546875
2.3371124267578125
1.818695068359375
1.8883819580078125
2.3902435302734375
2.0052337646484375
2.0455322265625
2.2019805908203125
2.038421630859375
1.90948486328125
1.8568878173828125
2.1558990478515625
2.3011932373046875
2.1289825439453125
2.181884765625
1.932403564453125
1.547027587890625
2.040679931640625
2.2475738525390625
1.9161834716796875
2.0514678955078125
1.64678955078125
2.27581787109375
1.985687255859375
1.7071685791015625
1.9844970703125
2.025543212890625
2.135345458984375
1.98699951171875
1.8147430419921875
1.876129150390625
1.798370361328125
1.98443603515625
1.7685394287109375
2.0398101806640625
1.714508056640625
2.049224853515625
1.74176025390625
1.831390380859375
2.02581787109375
2.3016815185546875
2.0161590576171875
2.1516876220703125
2.2360687255859375
2.1456756591796875
2.3527069091796875
1.9892425537109375
2.1446533203125
1.7575836181640625
1.740509033203125
1.9453277587890625
2.2625885009765625
1.880584716796875
2.2135162353515625
2.2883148193359375
2.1976318359375
2.48345947265625
1.8978729248046875
2.07550048828125
1.6579132080078125
1.7982635498046875
2.0355072021484375
1.937591552734375
1.7425079345703125
2.146453857421875
1.487457275390625
2.1232147216796875
2.1970062255859375
2.2696533203125
1.7711334228515625
2.5155487060546875
2.021881103515625
2.3925018310546875
1.979644775390625
2.06072998046875
1.7763519287109375
2.078857421875
2.123046875
1.7406158447265625
2.03546142578125
2.211944580078125
1.8214263916015625
2.286224365234375
2.4071807861328125
2.4855194091796875
2.144073486328125
2.0958709716796875
1.8835906982421875
1.7454376220703125
1.89752197265625
1.914947509765625
2.07171630859375
2.294921875
1.648040771484375
2.0666351318359375
1.8736572265625
2.21234130859375
2.041015625
1.702606201171875
2.0480194091796875
2.3320465087890625
1.668487548828125
2.0015106201171875
1.962615966796875
2.1126861572265625
2.1543731689453125
2.139892578125
2.338592529296875
2.6093902587890625
1.762481689453125
1.789398193359375
1.846527099609375
2.2967987060546875
2.3987884521484375
1.9398040771484375
1.7115020751953125
1.96063232421875
1.767974853515625
2.3645477294921875
2.0358428955078125
2.0943145751953125
2.3798675537109375
1.9800567626953125
2.1569366455078125
2.174072265625
2.441009521484375
2.0405731201171875
2.3094635009765625
2.0649871826171875
2.2289581298828125
2.192047119140625
1.8175201416015625
2.1739349365234375
2.1173858642578125
1.8114776611328125
1.8590850830078125
2.2006072998046875
2.0574493408203125
1.9607086181640625
2.131439208984375
1.8052520751953125
2.237548828125
1.97576904296875
2.0876312255859375
2.008392333984375
2.0809783935546875
2.008758544921875
2.128753662109375
2.248321533203125
1.8986663818359375
2.4625091552734375
2.0469512939453125
1.75830078125
1.8850555419921875
2.4103240966796875
1.9085693359375
1.7183990478515625
2.31268310546875
1.9411468505859375
2.292938232421875
2.07635498046875
2.2345733642578125
2.19281005859375
2.07708740234375
2.5341033935546875
1.8477325439453125
2.1891021728515625
2.1270751953125
2.1432342529296875
2.0093536376953125
2.210540771484375
2.1341094970703125
2.2364501953125
2.1046905517578125
2.1241607666015625
1.9697723388671875
1.9767303466796875
2.03143310546875
1.9004974365234375
2.316131591796875
2.1573638916015625
2.41705322265625
2.5940704345703125
1.83111572265625
1.86834716796875
2.090545654296875
2.216888427734375
1.7071685791015625
2.055206298828125
2.0809783935546875
1.77874755859375
1.741973876953125
1.7042236328125
2.3651580810546875
1.97320556640625
1.890899658203125
2.5269775390625
2.1973876953125
2.069244384765625
1.938079833984375
2.1580810546875
2.1829071044921875
2.262481689453125
2.2649383544921875
1.7398834228515625
2.20379638671875
2.126983642578125
2.1013031005859375
1.9217071533203125
1.8173828125
1.9141387939453125
2.310699462890625
2.015869140625
1.8443756103515625
2.2656097412109375
1.9853668212890625
2.206024169921875
1.7729949951171875
2.079315185546875
2.447174072265625
2.2079925537109375
2.2872314453125
2.5531768798828125
1.7617950439453125
2.0409088134765625
1.8396759033203125
1.9787750244140625
1.9944915771484375
1.831939697265625
2.0484161376953125
2.08673095703125
1.986328125
2.4673309326171875
2.351104736328125
1.9688262939453125
1.7817230224609375
1.6886749267578125
1.7859954833984375
1.891143798828125
1.7874298095703125
2.302703857421875
1.735504150390625
2.2515106201171875
2.1376800537109375
2.3000335693359375
2.2077789306640625
1.8842010498046875
2.1972503662109375
2.11334228515625
1.9764556884765625
1.9090576171875
2.27880859375
2.187713623046875
2.1492767333984375
2.2151031494140625
1.7845916748046875
2.32952880859375
2.4971771240234375
1.8155364990234375
2.33599853515625
2.100189208984375
2.459930419921875
1.9240264892578125
2.6239013671875
2.1469573974609375
2.4282073974609375
1.6536102294921875
1.9970245361328125
2.4820709228515625
1.9672088623046875
1.863555908203125
2.170654296875
2.051544189453125
1.8826904296875
1.992767333984375
1.8021240234375
2.2434234619140625
1.7965545654296875
2.2809906005859375
2.45574951171875
1.953460693359375
1.90985107421875
2.2940826416015625
1.6813812255859375
2.21160888671875
1.9334869384765625
2.2536468505859375
1.9749603271484375
1.940673828125
2.06524658203125
1.9770965576171875
2.7366485595703125
1.8542633056640625
2.0713653564453125
2.5702667236328125
2.4404144287109375
2.080322265625
1.8209228515625
2.1344146728515625
2.180755615234375
2.2000885009765625
2.1322021484375
2.179046630859375
2.2492218017578125
1.7769622802734375
2.431610107421875
2.04046630859375
2.195343017578125
2.245941162109375
2.5424652099609375
1.76025390625
1.86822509765625
2.3298492431640625
2.2022857666015625
2.1236419677734375
2.177764892578125
1.8762664794921875
2.1857147216796875
2.194976806640625
2.1299285888671875
1.8860931396484375
1.906219482421875
1.9508209228515625
1.5265655517578125
2.2368011474609375
2.066253662109375
2.0048675537109375
1.710784912109375
2.081451416015625
1.757720947265625
1.8220977783203125
2.0087127685546875
1.93023681640625
2.0055084228515625
2.72467041015625
2.0849609375
1.9647216796875
1.9216766357421875
1.8182373046875
2.568359375
1.524200439453125
1.803314208984375
2.1475067138671875
2.2062225341796875
1.9918060302734375
2.2173004150390625
2.4135589599609375
1.6644287109375
2.08123779296875
1.964263916015625
2.1965484619140625
1.9769134521484375
