0.6895904541015625
0.6354217529296875
0.6269378662109375
0.678009033203125
1.2119903564453125
1.1807708740234375
0.7658538818359375
0.40814208984375
0.791534423828125
0.6876068115234375
0.616729736328125
0.58477783203125
0.8433380126953125
0.430572509765625
0.903961181640625
0.505767822265625
1.004791259765625
0.9692535400390625
0.6701812744140625
0.6974639892578125
0.3461151123046875
0.7808685302734375
0.76104736328125
0.7911224365234375
0.717559814453125
0.91168212890625
0.652252197265625
1.286224365234375
0.5798187255859375
1.0359344482421875
0.7994537353515625
0.8627777099609375
0.6908721923828125
0.5138702392578125
0.75030517578125
0.91888427734375
0.9510955810546875
0.785736083984375
1.10296630859375
0.675537109375
0.6927337646484375
0.6245574951171875
0.739959716796875
0.7799224853515625
1.0405120849609375
0.4222869873046875
0.4080047607421875
0.5502471923828125
0.6339263916015625
0.718963623046875
0.53851318359375
0.5591278076171875
1.024627685546875
0.836273193359375
0.4625701904296875
0.4179840087890625
0.77044677734375
0.9561309814453125
0.7708282470703125
0.553314208984375
0.469879150390625
0.562042236328125
0.518157958984375
0.4283294677734375
0.6810150146484375
0.6280517578125
0.4331512451171875
0.8359222412109375
0.757781982421875
0.4968414306640625
0.793975830078125
0.731414794921875
0.54473876953125
0.6864166259765625
0.667633056640625
0.789215087890625
0.8074188232421875
0.68359375
0.7383880615234375
0.84417724609375
1.21881103515625
0.8022003173828125
0.7974395751953125
0.822967529296875
0.7490234375
0.453521728515625
0.6230926513671875
0.79437255859375
0.4627838134765625
0.6775360107421875
0.8009796142578125
0.7227325439453125
0.9353179931640625
0.637176513671875
0.5366668701171875
0.4661102294921875
1.0433502197265625
0.78631591796875
0.985992431640625
0.581268310546875
0.5806884765625
0.5018768310546875
0.5767669677734375
0.57916259765625
0.4935302734375
0.5581207275390625
0.5088043212890625
1.064910888671875
0.77935791015625
0.6891021728515625
0.7584381103515625
0.7781982421875
0.6794586181640625
0.794677734375
0.606903076171875
0.6000823974609375
0.4398956298828125
0.501007080078125
0.8966827392578125
0.675323486328125
0.90838623046875
0.5961151123046875
0.608428955078125
0.9229888916015625
0.6179656982421875
0.6180267333984375
1.233642578125
0.80194091796875
0.5553131103515625
0.6307830810546875
0.664306640625
0.601104736328125
0.517822265625
0.583251953125
0.7945709228515625
0.7064666748046875
0.8141632080078125
0.61456298828125
0.633056640625
0.80841064453125
0.735931396484375
0.6578521728515625
0.875091552734375
0.623809814453125
0.6068572998046875
0.64544677734375
0.8890533447265625
0.8186187744140625
1.5547027587890625
0.6251068115234375
0.36444091796875
0.7943115234375
0.63287353515625
1.4131317138671875
0.4696197509765625
0.7418365478515625
0.882720947265625
0.3959197998046875
0.904296875
1.054473876953125
0.3679962158203125
1.1123809814453125
0.995941162109375
0.7691802978515625
0.54901123046875
0.8728179931640625
0.8338470458984375
0.4620361328125
0.768402099609375
0.62445068359375
0.8073577880859375
0.5518951416015625
0.881072998046875
0.7929229736328125
0.8580474853515625
0.77783203125
0.457977294921875
0.948944091796875
0.4957733154296875
0.7811737060546875
0.4913482666015625
0.822540283203125
0.789154052734375
0.4698333740234375
0.588043212890625
0.764801025390625
0.79290771484375
0.7935638427734375
0.8463897705078125
0.795989990234375
0.723175048828125
0.616546630859375
0.6626129150390625
0.8441619873046875
1.03167724609375
0.574371337890625
1.07232666015625
0.432861328125
0.8856964111328125
0.7670135498046875
0.6995849609375
0.9520721435546875
0.5380859375
0.696563720703125
0.744537353515625
1.4353179931640625
0.636688232421875
0.7260894775390625
0.7337493896484375
0.5443572998046875
0.89337158203125
0.6382293701171875
0.7700042724609375
0.8900146484375
0.9403228759765625
0.7292022705078125
1.00994873046875
0.5686798095703125
0.61541748046875
0.7288055419921875
0.630096435546875
0.74029541015625
0.57635498046875
0.7167205810546875
0.4388885498046875
0.6335296630859375
0.539764404296875
0.456939697265625
0.60980224609375
0.6978912353515625
0.584197998046875
0.702667236328125
0.53704833984375
0.554168701171875
0.923583984375
0.5098724365234375
1.015899658203125
0.47509765625
0.638031005859375
0.7500762939453125
0.582550048828125
0.8961944580078125
0.8746337890625
0.916015625
0.759033203125
0.6963653564453125
0.7491302490234375
0.5973968505859375
0.574127197265625
0.4472198486328125
0.781097412109375
1.080535888671875
0.7083740234375
0.447998046875
0.4040985107421875
0.681671142578125
0.634735107421875
0.8226165771484375
0.821380615234375
1.22735595703125
0.87371826171875
0.8542327880859375
0.48028564453125
0.4803009033203125
0.7197265625
0.73919677734375
0.7747802734375
0.7040557861328125
0.670989990234375
1.1355743408203125
0.8749847412109375
0.7295379638671875
0.7304534912109375
0.4753570556640625
1.048004150390625
0.819366455078125
0.9497222900390625
0.6663055419921875
0.5919189453125
1.2677764892578125
0.7436370849609375
0.6950531005859375
0.6945953369140625
0.5059967041015625
1.002044677734375
0.7660675048828125
0.5594024658203125
0.573699951171875
0.746917724609375
0.491943359375
0.7530670166015625
1.0885009765625
1.0489501953125
0.859954833984375
0.4204864501953125
1.00537109375
0.7196502685546875
0.535064697265625
0.69927978515625
1.1021881103515625
0.9259490966796875
0.7068023681640625
1.0154571533203125
0.706817626953125
1.118865966796875
1.018768310546875
0.8948974609375
0.6600494384765625
0.7457427978515625
0.637176513671875
0.9161834716796875
0.9384307861328125
0.8158111572265625
0.8387298583984375
0.5730743408203125
1.0419921875
0.5025482177734375
0.692535400390625
0.987396240234375
1.0192718505859375
1.017852783203125
0.6736907958984375
0.576751708984375
0.3672027587890625
0.8903961181640625
0.546295166015625
0.5263824462890625
0.805145263671875
1.1241455078125
0.520782470703125
0.7224884033203125
1.160675048828125
0.56500244140625
0.824310302734375
0.804290771484375
0.7865753173828125
0.332122802734375
0.397674560546875
0.532440185546875
0.5070953369140625
1.2731781005859375
0.5576934814453125
0.65155029296875
0.836761474609375
0.5198974609375
0.7859039306640625
0.5244140625
0.69183349609375
0.5547637939453125
1.140625
0.56207275390625
0.581878662109375
0.8907623291015625
1.1446685791015625
0.8717041015625
1.03009033203125
0.5026092529296875
0.798828125
0.812286376953125
0.5347442626953125
0.9376983642578125
0.725433349609375
0.7327880859375
0.5649871826171875
0.62017822265625
0.5592193603515625
0.7145538330078125
0.5482330322265625
0.86328125
0.6162109375
0.5744781494140625
0.97406005859375
0.5806884765625
0.7576904296875
0.3972625732421875
0.5616607666015625
0.96868896484375
0.9082489013671875
0.621734619140625
0.499053955078125
0.7633056640625
0.7420654296875
1.08740234375
0.623931884765625
0.6049041748046875
0.640899658203125
0.836761474609375
0.6290435791015625
0.8455963134765625
0.5765228271484375
0.7660980224609375
1.018646240234375
0.782440185546875
0.752593994140625
0.5337371826171875
1.0024566650390625
0.98358154296875
0.68853759765625
1.0291595458984375
0.613494873046875
0.74249267578125
0.9220123291015625
0.874908447265625
1.19036865234375
0.7516632080078125
0.7021026611328125
0.6744232177734375
0.4779052734375
0.63763427734375
0.8623046875
0.6525421142578125
0.6099700927734375
0.530487060546875
0.6994171142578125
0.936859130859375
0.59222412109375
0.52398681640625
0.6240081787109375
0.6942901611328125
0.6485443115234375
0.5571746826171875
0.8120574951171875
0.834869384765625
0.9898529052734375
0.797088623046875
0.80010986328125
0.55267333984375
0.55419921875
0.708526611328125
0.5286865234375
0.6971893310546875
0.695953369140625
0.6023712158203125
0.832611083984375
0.65728759765625
0.4660797119140625
1.2209930419921875
0.7593994140625
0.662689208984375
0.560302734375
0.622528076171875
0.66986083984375
0.771026611328125
0.53009033203125
0.888763427734375
0.6990203857421875
0.7310943603515625
0.844146728515625
0.925994873046875
0.49151611328125
0.4066314697265625
0.954498291015625
1.2526092529296875
0.9163818359375
0.7695159912109375
0.7993011474609375
0.8308563232421875
0.6483154296875
0.7621917724609375
0.766448974609375
0.6070709228515625
0.4756317138671875
0.8413238525390625
0.5106964111328125
0.4896697998046875
0.504638671875
0.6667633056640625
0.802642822265625
0.5725860595703125
0.673248291015625
0.8063201904296875
0.8976593017578125
0.6697998046875
0.6764068603515625
0.778533935546875
0.4495391845703125
0.669952392578125
0.4891815185546875
0.6521453857421875
0.89849853515625
0.781280517578125
0.550933837890625
0.9635009765625
0.7940216064453125
0.71435546875
0.6964263916015625
0.76806640625
0.943878173828125
0.4868011474609375
0.5685577392578125
0.698089599609375
0.4127197265625
0.416229248046875
0.5029296875
1.2626495361328125
0.5848541259765625
0.519012451171875
1.0926513671875
0.306732177734375
0.579193115234375
