1.2967071533203125
1.5630950927734375
1.285980224609375
1.4962615966796875
1.7313079833984375
1.20977783203125
1.8301544189453125
1.4525299072265625
2.0014190673828125
1.244354248046875
1.6868133544921875
1.4596099853515625
1.71307373046875
1.585540771484375
1.33184814453125
1.69744873046875
1.07293701171875
1.0726776123046875
1.962432861328125
1.50244140625
1.551544189453125
0.876617431640625
1.5047149658203125
1.5854339599609375
1.3480682373046875
1.2847442626953125
1.3525238037109375
1.6735076904296875
1.511444091796875
1.4041748046875
1.148162841796875
1.265777587890625
1.7735137939453125
1.6318359375
1.325592041015625
1.5712127685546875
1.37933349609375
1.46441650390625
1.147857666015625
1.4495849609375
1.5543212890625
1.5233612060546875
1.345794677734375
1.1708831787109375
1.4686126708984375
1.7774658203125
1.574249267578125
1.9483489990234375
1.199951171875
1.4504241943359375
1.6920623779296875
1.779815673828125
1.2789306640625
1.239715576171875
1.1699676513671875
1.69793701171875
1.454986572265625
1.1086883544921875
1.5341796875
1.502197265625
1.6968536376953125
1.44287109375
1.7080535888671875
1.7444000244140625
1.554473876953125
1.523590087890625
1.7256622314453125
1.596038818359375
1.1899871826171875
1.8289947509765625
1.92572021484375
1.7906646728515625
1.5102081298828125
1.3397674560546875
1.307586669921875
1.44573974609375
1.4763336181640625
1.1515350341796875
1.763885498046875
1.13818359375
1.308441162109375
1.80633544921875
1.2815093994140625
1.6619873046875
1.5559539794921875
1.29736328125
1.6132049560546875
1.542694091796875
1.311553955078125
1.62762451171875
1.6803436279296875
1.2420196533203125
1.25079345703125
2.0281524658203125
1.479827880859375
1.2940216064453125
1.312896728515625
1.2167510986328125
1.5043792724609375
1.534698486328125
1.69586181640625
1.3946533203125
1.320465087890625
1.5603790283203125
1.32861328125
1.5001068115234375
1.3572235107421875
1.17755126953125
1.29620361328125
1.463043212890625
1.1907501220703125
1.4164276123046875
1.963714599609375
1.6228179931640625
1.5304718017578125
1.50885009765625
1.0797119140625
1.7922515869140625
1.5154571533203125
1.4256439208984375
1.8226776123046875
1.69805908203125
1.82562255859375
1.4196014404296875
1.2238616943359375
1.3772125244140625
1.6009674072265625
1.3560791015625
1.7253265380859375
1.3660736083984375
1.3361663818359375
1.551513671875
1.21258544921875
1.461181640625
1.491943359375
1.466766357421875
1.1795806884765625
1.524322509765625
1.358489990234375
1.344390869140625
1.3524932861328125
1.3642578125
1.5804290771484375
1.7283935546875
1.724884033203125
1.1192779541015625
1.5799713134765625
1.4067230224609375
1.950042724609375
1.8085479736328125
1.313201904296875
1.3210601806640625
1.772369384765625
1.459564208984375
1.5110931396484375
1.815277099609375
1.5311737060546875
1.2834320068359375
1.4240875244140625
1.56512451171875
1.8274383544921875
1.7093505859375
1.6806793212890625
1.4672698974609375
1.0162506103515625
1.39404296875
1.69940185546875
1.378265380859375
1.5229949951171875
1.0892791748046875
1.604827880859375
1.459228515625
1.09893798828125
1.449432373046875
1.604766845703125
1.619049072265625
1.3921051025390625
1.13800048828125
1.4405517578125
1.2037506103515625
1.385467529296875
1.3266448974609375
1.286285400390625
1.1004486083984375
1.661041259765625
1.2397613525390625
1.289520263671875
1.5
1.8870086669921875
1.416900634765625
1.71630859375
1.69793701171875
1.6848297119140625
1.7467498779296875
1.3070831298828125
1.57928466796875
1.277984619140625
1.28125
1.599761962890625
1.587677001953125
1.1700286865234375
1.7009735107421875
1.6615447998046875
1.6749725341796875
1.9714813232421875
1.360626220703125
1.67071533203125
1.2387237548828125
1.276702880859375
1.4435272216796875
1.4064178466796875
1.140869140625
1.7667236328125
0.935150146484375
1.6580657958984375
1.686431884765625
1.8297576904296875
1.307342529296875
1.979888916015625
1.5202484130859375
1.9076080322265625
1.51275634765625
1.7188262939453125
1.1212615966796875
1.527130126953125
1.399505615234375
1.149749755859375
1.4457244873046875
1.60784912109375
1.34564208984375
1.57672119140625
1.8082427978515625
2.1208038330078125
1.58758544921875
1.565277099609375
1.432373046875
1.1768951416015625
1.319000244140625
1.31414794921875
1.611572265625
1.632080078125
0.97979736328125
1.5162200927734375
1.2501678466796875
1.9416961669921875
1.65716552734375
1.1056060791015625
1.4819183349609375
1.8109893798828125
1.0438079833984375
1.4331512451171875
1.522369384765625
1.3375396728515625
1.558135986328125
1.752105712890625
1.7932891845703125
2.1337738037109375
1.2085418701171875
1.162872314453125
1.3869171142578125
1.60125732421875
1.7334747314453125
1.46905517578125
1.307037353515625
1.4566802978515625
1.3705291748046875
1.942901611328125
1.483795166015625
1.58819580078125
1.8064727783203125
1.5081787109375
1.563201904296875
1.6470184326171875
1.866790771484375
1.525115966796875
1.7171783447265625
1.4772491455078125
1.68853759765625
1.796356201171875
1.235992431640625
1.683441162109375
1.427642822265625
1.357696533203125
1.2843780517578125
1.634429931640625
1.625823974609375
1.42431640625
1.627838134765625
1.2886199951171875
1.4985504150390625
1.3994903564453125
1.3594207763671875
1.682464599609375
1.475372314453125
1.403717041015625
1.5515289306640625
1.6549530029296875
1.3052215576171875
1.919281005859375
1.6060333251953125
1.3594207763671875
1.3599853515625
2.0105438232421875
1.453826904296875
1.2938232421875
1.698577880859375
1.55792236328125
1.8732757568359375
1.6340484619140625
1.75152587890625
1.5964813232421875
1.5626983642578125
2.0579833984375
1.3701629638671875
1.78179931640625
1.5592803955078125
1.67919921875
1.6219482421875
1.73492431640625
1.5273590087890625
1.7082977294921875
1.63214111328125
1.43487548828125
1.3859710693359375
1.4123687744140625
1.5070037841796875
1.449249267578125
1.706207275390625
1.7150726318359375
2.01739501953125
2.245025634765625
1.2059326171875
1.321929931640625
1.6209869384765625
1.695556640625
1.224822998046875
1.42724609375
1.541473388671875
1.3362274169921875
1.1573486328125
1.117706298828125
1.82080078125
1.43096923828125
1.325225830078125
1.936767578125
1.719329833984375
1.5608062744140625
1.563262939453125
1.5491790771484375
1.669647216796875
1.8951416015625
1.5805816650390625
1.1975555419921875
1.719390869140625
1.7217864990234375
1.5830535888671875
1.3245849609375
1.2938232421875
1.344512939453125
1.7227935791015625
1.47821044921875
1.2246856689453125
1.73834228515625
1.467529296875
1.727569580078125
1.10540771484375
1.44696044921875
1.91485595703125
1.7042999267578125
1.6950225830078125
2.0264892578125
1.26409912109375
1.5548095703125
1.368927001953125
1.4686737060546875
1.5129241943359375
1.368896484375
1.4956817626953125
1.580291748046875
1.5449981689453125
1.988311767578125
1.6844024658203125
1.557830810546875
1.133819580078125
1.0726165771484375
1.2638702392578125
1.3193817138671875
1.1401519775390625
1.74072265625
1.15283203125
1.6291961669921875
1.5612335205078125
1.6314697265625
1.48284912109375
1.321197509765625
1.636016845703125
1.605255126953125
1.433624267578125
1.458984375
1.7098236083984375
2.033905029296875
1.653076171875
1.7457733154296875
1.3803253173828125
1.94781494140625
2.016815185546875
1.343902587890625
1.696624755859375
1.67315673828125
1.8628387451171875
1.3468170166015625
2.0711212158203125
1.552001953125
1.8464813232421875
1.0778045654296875
1.4605255126953125
2.090667724609375
1.3907623291015625
1.302154541015625
1.693023681640625
1.4592742919921875
1.366424560546875
1.529205322265625
1.202667236328125
1.685638427734375
1.211669921875
1.7447967529296875
1.7946624755859375
1.48089599609375
1.1976318359375
1.784515380859375
1.1672821044921875
1.586029052734375
1.3175201416015625
1.7817535400390625
1.621368408203125
1.3557281494140625
1.5533905029296875
1.37237548828125
2.2561492919921875
1.3811798095703125
1.45758056640625
1.97576904296875
1.8059539794921875
1.475311279296875
1.4065093994140625
1.601898193359375
1.6750335693359375
1.6279144287109375
1.667694091796875
1.694854736328125
1.736572265625
1.228973388671875
1.850982666015625
1.5016326904296875
1.681732177734375
1.695159912109375
1.796661376953125
1.16497802734375
1.3973846435546875
1.942413330078125
1.7142791748046875
1.5614471435546875
1.722198486328125
1.2624053955078125
1.6878814697265625
1.4568634033203125
1.629425048828125
1.4295806884765625
1.486297607421875
1.3943939208984375
0.9816436767578125
1.813232421875
1.4296417236328125
1.473297119140625
1.020751953125
1.514404296875
1.2624664306640625
1.3536376953125
1.5031280517578125
1.4335174560546875
1.4762725830078125
2.1545257568359375
1.5080108642578125
1.243927001953125
1.500823974609375
1.426239013671875
2.0236053466796875
1.120513916015625
1.10406494140625
1.5968475341796875
1.6039581298828125
1.4014739990234375
1.571624755859375
1.73944091796875
1.0844573974609375
1.5711517333984375
1.426025390625
1.6084747314453125
1.3066864013671875
