1.37518310546875
1.5321807861328125
1.5169525146484375
1.5267791748046875
1.625518798828125
1.8612518310546875
1.84503173828125
2.3076324462890625
2.024658203125
1.649322509765625
1.8809661865234375
1.478302001953125
1.6571044921875
1.6645355224609375
1.5177001953125
1.7081756591796875
1.431121826171875
1.874542236328125
1.93408203125
1.8288421630859375
2.0750885009765625
1.8227081298828125
1.5247039794921875
2.2294158935546875
1.46502685546875
1.33953857421875
1.8560028076171875
1.9864959716796875
1.7010955810546875
1.03912353515625
1.8616790771484375
1.59490966796875
1.608184814453125
1.7473907470703125
1.7642974853515625
1.668060302734375
1.6940155029296875
2.02984619140625
1.562713623046875
1.7008514404296875
1.6739349365234375
1.5324554443359375
1.9133758544921875
2.0671539306640625
2.0923919677734375
1.498046875
1.732269287109375
1.877777099609375
1.8782806396484375
1.391082763671875
1.455535888671875
1.5407562255859375
1.6497955322265625
1.6751556396484375
1.50140380859375
1.5731353759765625
2.4700927734375
2.1880340576171875
1.736175537109375
1.7376556396484375
1.722015380859375
1.4052734375
1.7511444091796875
1.3339385986328125
1.9257049560546875
1.830169677734375
2.3909912109375
1.4921875
1.7723388671875
1.947723388671875
1.4947662353515625
1.837249755859375
1.7623291015625
1.460662841796875
1.343780517578125
1.526153564453125
2.301513671875
1.455535888671875
1.6132049560546875
1.7317047119140625
1.727996826171875
1.6591339111328125
1.8991546630859375
2.0508270263671875
1.6485595703125
2.1052093505859375
2.03564453125
2.187347412109375
1.492156982421875
1.59716796875
1.6483612060546875
1.281463623046875
1.63983154296875
2.036346435546875
1.4741668701171875
1.6955108642578125
1.8704376220703125
1.6940765380859375
1.7194976806640625
1.3978271484375
2.2920074462890625
1.706817626953125
1.8682403564453125
1.7768096923828125
1.554229736328125
1.51904296875
2.0636444091796875
1.71722412109375
2.0992584228515625
1.5153350830078125
1.4044189453125
1.716766357421875
1.636688232421875
1.4877471923828125
1.815643310546875
1.4133148193359375
1.627288818359375
2.0695648193359375
1.8693084716796875
1.673858642578125
2.02294921875
1.9774627685546875
1.6836700439453125
1.888031005859375
1.6640167236328125
1.6984710693359375
1.4864349365234375
2.2043609619140625
1.571441650390625
1.8969879150390625
1.4293975830078125
1.7716064453125
1.817413330078125
1.85150146484375
1.4023895263671875
1.4788055419921875
1.7934417724609375
1.747314453125
1.86846923828125
1.585968017578125
2.0629119873046875
1.585540771484375
1.657745361328125
2.3754119873046875
1.78009033203125
1.3321533203125
1.801116943359375
1.8026580810546875
2.095733642578125
1.8054351806640625
1.6164703369140625
1.809814453125
2.230987548828125
1.673370361328125
1.47698974609375
1.95477294921875
1.927581787109375
1.982421875
1.8752593994140625
1.954803466796875
1.8101348876953125
1.617523193359375
1.618133544921875
1.77545166015625
2.01055908203125
2.30572509765625
1.9224700927734375
1.9408721923828125
1.8292083740234375
1.8806915283203125
1.7027435302734375
1.90777587890625
1.659698486328125
1.5889739990234375
1.5863037109375
1.6203765869140625
2.1060333251953125
1.4806976318359375
1.6250762939453125
1.743682861328125
1.3514404296875
1.7435760498046875
1.932891845703125
1.5164337158203125
1.83624267578125
1.9407501220703125
1.97174072265625
1.482147216796875
1.5389404296875
1.910186767578125
1.8880767822265625
1.8486328125
1.511688232421875
1.5549163818359375
1.9606475830078125
2.602935791015625
1.5255126953125
1.755645751953125
1.58538818359375
1.6415557861328125
1.507476806640625
1.5917205810546875
1.5849609375
1.6198577880859375
1.957427978515625
1.2862701416015625
1.52081298828125
1.74853515625
1.2808074951171875
1.77001953125
1.897613525390625
1.7598876953125
1.6147003173828125
1.81201171875
1.697021484375
1.5728759765625
1.84344482421875
1.8055877685546875
1.882904052734375
1.79632568359375
2.0660858154296875
1.527984619140625
2.075225830078125
1.82977294921875
1.5961456298828125
1.2765655517578125
1.4847869873046875
1.8632354736328125
1.64373779296875
1.78448486328125
1.6354217529296875
1.953338623046875
1.5374908447265625
1.786834716796875
1.836517333984375
1.7362213134765625
1.9215240478515625
1.99420166015625
1.4772491455078125
2.0368194580078125
1.3201446533203125
1.561676025390625
1.563690185546875
1.483184814453125
1.8877410888671875
1.84417724609375
1.9408721923828125
1.9947662353515625
1.5695953369140625
1.4508819580078125
1.135498046875
1.8011932373046875
1.7708740234375
1.636260986328125
1.6940460205078125
1.8053741455078125
1.427703857421875
1.937255859375
1.504852294921875
1.608428955078125
1.756927490234375
1.7317352294921875
1.526580810546875
1.5163421630859375
1.472930908203125
1.7181396484375
1.6205291748046875
1.8749542236328125
1.6414337158203125
1.7632293701171875
1.71136474609375
1.6150970458984375
1.4390106201171875
1.767333984375
1.7773895263671875
1.5227813720703125
1.919219970703125
1.762054443359375
2.112152099609375
1.724212646484375
1.7247161865234375
1.444793701171875
1.734954833984375
1.5909576416015625
1.477264404296875
1.72467041015625
1.8474578857421875
1.93768310546875
1.4207611083984375
1.3452911376953125
1.4979400634765625
1.73480224609375
1.909759521484375
1.7826385498046875
1.4386444091796875
1.906036376953125
1.437652587890625
1.59124755859375
1.7388153076171875
2.09112548828125
1.3961334228515625
1.9405059814453125
1.598388671875
1.7945709228515625
1.5485076904296875
1.3777923583984375
1.6591949462890625
1.789703369140625
1.83306884765625
1.549407958984375
1.4333343505859375
1.6275787353515625
1.5541839599609375
1.8627777099609375
1.611328125
1.5452423095703125
1.293914794921875
1.919158935546875
1.597381591796875
1.682647705078125
1.56781005859375
1.8010101318359375
1.7788848876953125
1.612396240234375
2.0173187255859375
1.428009033203125
1.5323333740234375
1.7895965576171875
1.9610595703125
1.69873046875
1.520477294921875
1.615142822265625
1.737701416015625
1.668731689453125
1.567718505859375
1.90509033203125
1.7117767333984375
1.67584228515625
1.99884033203125
1.5963134765625
1.57440185546875
1.7509307861328125
1.818359375
1.76312255859375
1.820343017578125
1.933197021484375
1.6886444091796875
1.6828155517578125
1.9299774169921875
2.18145751953125
1.8105926513671875
1.818572998046875
1.8935394287109375
1.942352294921875
1.7229156494140625
1.810028076171875
1.8091278076171875
1.653350830078125
1.4691925048828125
1.547821044921875
1.4368133544921875
2.280426025390625
1.433563232421875
1.773712158203125
1.419464111328125
1.466400146484375
1.6462554931640625
1.62127685546875
2.2021484375
1.9166412353515625
1.687255859375
1.738067626953125
1.5556793212890625
2.0655670166015625
1.3850860595703125
1.3599853515625
1.402191162109375
1.605712890625
1.8277740478515625
1.4945220947265625
1.229278564453125
2.100799560546875
1.331512451171875
1.67376708984375
1.7415924072265625
1.65771484375
1.8248291015625
1.847686767578125
1.7460479736328125
1.662872314453125
1.6488800048828125
1.7621002197265625
1.995758056640625
1.638885498046875
2.2372283935546875
1.5765533447265625
1.4742431640625
1.541229248046875
1.5898590087890625
1.4216156005859375
1.8647918701171875
2.0889739990234375
1.5348968505859375
1.7383880615234375
1.9706268310546875
1.5997161865234375
1.9516448974609375
1.735870361328125
1.4481353759765625
2.0514373779296875
1.9821319580078125
1.33209228515625
1.952972412109375
1.6889495849609375
1.8071746826171875
1.722198486328125
2.0182342529296875
2.078094482421875
1.6499786376953125
1.6822967529296875
1.5376739501953125
1.430267333984375
1.59991455078125
1.8103790283203125
1.3223876953125
1.718536376953125
1.7307281494140625
1.996124267578125
1.8233489990234375
1.5540771484375
1.813995361328125
1.9080657958984375
1.5431671142578125
1.435760498046875
2.028533935546875
1.64019775390625
1.430084228515625
1.4560546875
1.87628173828125
1.7302398681640625
1.44097900390625
1.4813690185546875
1.984527587890625
1.9014129638671875
1.6495513916015625
1.5205230712890625
1.506439208984375
1.3746185302734375
2.043243408203125
1.9054107666015625
1.447540283203125
1.664459228515625
1.64520263671875
1.63714599609375
1.7324981689453125
1.4253387451171875
1.6672210693359375
2.26324462890625
1.680694580078125
1.7795562744140625
2.0698699951171875
1.6377410888671875
1.5784454345703125
1.780517578125
1.521270751953125
1.7406768798828125
1.7474212646484375
1.9754638671875
1.8375396728515625
1.9420928955078125
1.470611572265625
1.58807373046875
1.904052734375
1.2709808349609375
1.7897491455078125
2.065185546875
1.5105438232421875
1.599151611328125
1.50042724609375
1.738800048828125
1.900665283203125
1.2995452880859375
1.275238037109375
2.141448974609375
1.908416748046875
1.5763702392578125
1.6621551513671875
1.6072540283203125
1.529388427734375
1.6563873291015625
1.33978271484375
1.659454345703125
1.4435577392578125
1.67462158203125
2.1592864990234375
1.5628662109375
1.916656494140625
1.8287506103515625
1.9609222412109375
1.9667816162109375
