2.106842041015625
2.2140960693359375
2.1804351806640625
2.380889892578125
2.5574493408203125
2.5545196533203125
2.3744964599609375
1.9915618896484375
2.2269287109375
2.2720947265625
2.1714630126953125
2.3451385498046875
2.47216796875
2.2935943603515625
2.399658203125
2.24212646484375
2.9317779541015625
2.5175018310546875
2.3654632568359375
2.172821044921875
2.0911865234375
2.3997802734375
2.2676544189453125
2.503509521484375
2.2936248779296875
2.605133056640625
2.115875244140625
2.765106201171875
1.9307403564453125
2.525390625
2.339630126953125
2.45947265625
2.3456268310546875
2.079345703125
2.3940887451171875
2.517181396484375
2.15350341796875
2.2749481201171875
2.204498291015625
2.1181793212890625
2.078369140625
2.1958160400390625
2.3395538330078125
2.0779876708984375
2.5556640625
1.870391845703125
1.88739013671875
2.1865081787109375
2.1361083984375
2.2316436767578125
2.2225341796875
2.16864013671875
2.35113525390625
2.1450042724609375
2.028411865234375
2.017608642578125
2.349273681640625
2.3367767333984375
2.2025909423828125
2.18035888671875
2.14776611328125
2.1606292724609375
2.2295989990234375
2.01934814453125
2.4654693603515625
2.3398590087890625
2.115386962890625
2.2744293212890625
2.339263916015625
2.250701904296875
2.34967041015625
2.0984039306640625
2.192413330078125
2.15643310546875
2.2339630126953125
2.599884033203125
2.55523681640625
2.2137298583984375
2.35205078125
2.6528167724609375
2.6150054931640625
2.5305328369140625
2.3250579833984375
2.59234619140625
2.419708251953125
2.14801025390625
2.1129302978515625
2.65228271484375
2.156951904296875
2.4086151123046875
2.2400970458984375
2.254608154296875
2.1742706298828125
2.2134246826171875
2.07647705078125
1.91595458984375
2.4110107421875
2.854766845703125
2.669952392578125
2.2661895751953125
2.2276611328125
2.2287750244140625
2.04241943359375
1.9873199462890625
2.000396728515625
2.2335662841796875
1.9399566650390625
2.4790802001953125
2.55322265625
2.3416595458984375
2.4847869873046875
2.337982177734375
2.1461181640625
2.623870849609375
2.368316650390625
2.2816314697265625
2.1960906982421875
2.0532989501953125
2.1300048828125
2.38458251953125
2.4588775634765625
2.3636322021484375
2.1073150634765625
2.3933258056640625
2.127960205078125
2.3946533203125
2.66070556640625
2.148406982421875
2.3595428466796875
2.2808685302734375
2.3815765380859375
2.0485076904296875
2.1865997314453125
2.144866943359375
2.120086669921875
2.246368408203125
2.4406890869140625
2.13519287109375
2.432342529296875
2.667083740234375
2.534698486328125
2.15863037109375
2.26605224609375
2.046875
2.3131103515625
2.260650634765625
2.590301513671875
2.265777587890625
2.733734130859375
2.236328125
2.04022216796875
2.6868743896484375
2.1804046630859375
2.7267303466796875
2.06256103515625
2.234344482421875
2.5093231201171875
2.17413330078125
2.748565673828125
2.5735931396484375
2.098907470703125
2.8541717529296875
2.3879241943359375
2.3328857421875
2.4353485107421875
2.575592041015625
2.451171875
2.0858612060546875
2.4473419189453125
2.135894775390625
2.5062408447265625
2.2234344482421875
2.3204345703125
2.0565338134765625
2.3920745849609375
2.305908203125
2.240936279296875
2.15301513671875
2.1176910400390625
2.2138824462890625
1.9640960693359375
2.4066162109375
2.51654052734375
1.8785858154296875
2.285858154296875
2.2174224853515625
2.258575439453125
2.4841766357421875
2.6598052978515625
2.2574462890625
2.1575164794921875
2.333282470703125
2.07354736328125
2.087799072265625
2.400604248046875
2.0780181884765625
2.6175994873046875
2.1533203125
2.3784637451171875
2.479461669921875
2.3276824951171875
2.32989501953125
2.0094757080078125
2.407684326171875
2.2634124755859375
2.9848480224609375
2.177947998046875
2.1667022705078125
2.2055206298828125
2.012664794921875
2.555206298828125
2.326934814453125
2.1766510009765625
2.6600341796875
2.6458892822265625
2.4430084228515625
2.477813720703125
1.9459228515625
1.9636077880859375
2.355224609375
2.212799072265625
2.437835693359375
2.3618621826171875
2.29754638671875
2.282562255859375
2.155792236328125
2.2543182373046875
1.9849853515625
2.1576080322265625
2.4014434814453125
2.1531219482421875
2.302276611328125
2.3929595947265625
2.3783416748046875
2.80426025390625
2.0731048583984375
2.5854339599609375
1.9039459228515625
2.2483367919921875
2.1595916748046875
1.971343994140625
2.562591552734375
2.1544189453125
2.7611846923828125
2.1136322021484375
2.3896636962890625
2.2705535888671875
2.157501220703125
2.2499237060546875
1.92095947265625
2.5461578369140625
2.62200927734375
2.32891845703125
2.1009368896484375
1.9385528564453125
2.336639404296875
2.2865142822265625
2.1595306396484375
2.2829437255859375
2.70477294921875
2.453887939453125
2.6841583251953125
2.1915740966796875
2.0328521728515625
2.26617431640625
2.1357421875
2.3537445068359375
2.245819091796875
2.3974609375
2.62774658203125
2.2285919189453125
2.2448883056640625
2.389251708984375
2.156707763671875
2.75030517578125
2.3949127197265625
2.5397491455078125
2.1802215576171875
2.21002197265625
2.754852294921875
2.3043365478515625
2.3322296142578125
2.2803497314453125
2.1323089599609375
2.587554931640625
2.6035919189453125
2.1309814453125
2.1053466796875
2.3492279052734375
2.0722808837890625
2.2653656005859375
2.6216888427734375
2.4250946044921875
2.3092498779296875
1.923187255859375
2.2091064453125
2.5304718017578125
2.224822998046875
2.397705078125
2.6645050048828125
2.507293701171875
2.2682952880859375
2.647186279296875
2.5261688232421875
2.701416015625
2.486175537109375
2.4542999267578125
2.31219482421875
2.28271484375
2.1235504150390625
2.4468536376953125
2.560882568359375
2.449920654296875
2.40716552734375
2.0335845947265625
2.5196533203125
2.1760711669921875
2.18212890625
2.717681884765625
2.38665771484375
2.4107513427734375
1.94354248046875
2.1967620849609375
1.7960205078125
2.1257781982421875
2.1923980712890625
2.298004150390625
2.4227142333984375
2.5280303955078125
2.243377685546875
2.3445892333984375
2.4810943603515625
2.0077362060546875
2.42596435546875
2.357666015625
2.1900634765625
1.881500244140625
1.9716033935546875
2.1218719482421875
2.1727142333984375
2.5435333251953125
2.279083251953125
2.3082427978515625
2.6554718017578125
1.91204833984375
2.25872802734375
2.22344970703125
2.2765960693359375
2.1117706298828125
2.8104400634765625
2.2523345947265625
2.317779541015625
2.278961181640625
2.4401092529296875
2.83502197265625
2.3712615966796875
2.08514404296875
2.5378570556640625
2.2968292236328125
1.94915771484375
2.264434814453125
2.3744659423828125
2.4735870361328125
2.217803955078125
2.3166656494140625
2.1751251220703125
2.3887481689453125
2.268585205078125
2.601318359375
2.436859130859375
2.09375
2.4392242431640625
2.252349853515625
2.4186248779296875
2.1300201416015625
1.9601593017578125
2.4959259033203125
2.1965789794921875
2.12347412109375
2.1933441162109375
2.3238067626953125
2.2226409912109375
2.4860992431640625
2.1958770751953125
2.1869964599609375
2.1730194091796875
2.54791259765625
2.53564453125
2.329833984375
2.2837066650390625
2.3464202880859375
2.5582733154296875
2.27685546875
2.0995025634765625
2.2174224853515625
2.4237518310546875
2.7249603271484375
2.36419677734375
2.4433746337890625
2.0751953125
2.3709564208984375
2.7144927978515625
2.4198760986328125
2.809295654296875
2.3235015869140625
2.3957977294921875
2.5054168701171875
1.99212646484375
2.087249755859375
2.360137939453125
2.0485992431640625
2.3431396484375
1.8062896728515625
2.19354248046875
2.459686279296875
2.3428497314453125
2.029205322265625
2.245452880859375
2.3877105712890625
2.179412841796875
2.1337432861328125
2.4320220947265625
2.53704833984375
2.68133544921875
2.3751373291015625
2.4639739990234375
1.9681243896484375
2.05712890625
2.225921630859375
1.8895111083984375
2.1283416748046875
2.0989837646484375
2.3580474853515625
2.52716064453125
2.3158111572265625
2.1751861572265625
2.33673095703125
2.2666168212890625
2.340484619140625
2.059661865234375
1.941070556640625
2.3162841796875
2.136138916015625
2.1381072998046875
2.4443817138671875
2.2990570068359375
2.3538665771484375
2.4537353515625
2.4035491943359375
2.0876922607421875
2.2010040283203125
2.45733642578125
2.9344482421875
2.5795440673828125
2.3444366455078125
2.492156982421875
2.452972412109375
2.1300048828125
2.3838653564453125
2.1240081787109375
1.9619598388671875
2.0379791259765625
2.4276885986328125
1.90826416015625
1.9556121826171875
2.133544921875
2.1883544921875
2.50653076171875
2.232421875
2.0282135009765625
2.6414794921875
2.4325714111328125
2.3517303466796875
2.180938720703125
2.2115325927734375
2.102996826171875
2.51434326171875
2.0687713623046875
2.747161865234375
2.4400177001953125
2.702301025390625
1.9879150390625
2.3890838623046875
2.359588623046875
2.4888916015625
2.0845489501953125
2.124725341796875
2.259429931640625
1.981903076171875
2.102783203125
2.649993896484375
1.9469757080078125
2.2325286865234375
2.2393798828125
2.75341796875
2.2389373779296875
2.117034912109375
2.5290069580078125
1.937469482421875
2.4318389892578125
