0.6036834716796875
0.5049896240234375
0.7191314697265625
0.916046142578125
0.7884674072265625
0.6788787841796875
0.6558685302734375
1.00738525390625
0.6593475341796875
0.5980072021484375
0.67303466796875
0.9025115966796875
0.7436676025390625
1.256591796875
1.045166015625
0.6418304443359375
0.544708251953125
0.7082977294921875
0.59527587890625
0.7210235595703125
0.9760589599609375
0.537322998046875
0.6217498779296875
0.714111328125
0.6143951416015625
0.593505859375
0.6011199951171875
0.591064453125
0.941131591796875
1.0737762451171875
0.540191650390625
0.783905029296875
0.7266082763671875
0.4234771728515625
1.001251220703125
0.756011962890625
1.00030517578125
0.728363037109375
0.866729736328125
0.83489990234375
0.92401123046875
0.716461181640625
0.536102294921875
0.7671966552734375
1.287628173828125
0.7323150634765625
0.477874755859375
0.6793975830078125
1.01300048828125
0.7527618408203125
0.536956787109375
0.4493865966796875
0.9355010986328125
0.5637664794921875
0.5894012451171875
0.6513214111328125
0.8319549560546875
0.784454345703125
1.348724365234375
0.7880096435546875
0.655181884765625
0.7847747802734375
0.743194580078125
0.6072845458984375
0.8646087646484375
0.9921722412109375
0.708740234375
0.7743988037109375
0.6947174072265625
0.7489471435546875
1.3554229736328125
0.7374114990234375
0.7231597900390625
0.84234619140625
0.7316436767578125
0.6575775146484375
0.96856689453125
0.789093017578125
0.6468658447265625
0.297943115234375
0.7047271728515625
0.754241943359375
0.566497802734375
1.111663818359375
0.53656005859375
0.77703857421875
0.7076416015625
0.5385589599609375
0.428619384765625
0.8416595458984375
0.9595947265625
0.66925048828125
0.3687744140625
0.6002960205078125
0.727325439453125
1.0964508056640625
0.57586669921875
0.5863800048828125
0.591400146484375
1.3607940673828125
0.77703857421875
0.516510009765625
0.8770294189453125
0.8838958740234375
0.701263427734375
0.495147705078125
0.7130279541015625
0.5293426513671875
0.9519500732421875
0.551177978515625
0.6936187744140625
0.489898681640625
1.127349853515625
0.80523681640625
0.635406494140625
1.115753173828125
0.646820068359375
0.516265869140625
0.419891357421875
0.7902069091796875
0.4122467041015625
0.7880859375
0.756195068359375
1.09906005859375
0.8514556884765625
0.8076019287109375
0.9358367919921875
0.693695068359375
0.9097137451171875
0.6501922607421875
0.601531982421875
0.4979400634765625
0.62298583984375
0.9754180908203125
0.7498626708984375
0.7068023681640625
0.7564697265625
0.4206085205078125
0.968231201171875
0.6597137451171875
0.841278076171875
0.7198638916015625
0.5727996826171875
0.7774200439453125
1.0054779052734375
0.8511962890625
0.8848419189453125
1.068634033203125
1.154022216796875
0.677215576171875
0.4669036865234375
1.0548095703125
1.0770721435546875
0.932891845703125
0.69873046875
0.983306884765625
0.8077239990234375
0.6065216064453125
0.590301513671875
0.8976898193359375
0.4932403564453125
0.5129241943359375
0.8522491455078125
0.9735870361328125
0.6086578369140625
0.986724853515625
0.9302215576171875
0.8030853271484375
0.489166259765625
0.605621337890625
0.5578460693359375
0.4935302734375
0.83001708984375
0.8053131103515625
0.7706146240234375
0.6545562744140625
0.6200714111328125
0.6187896728515625
0.6952972412109375
0.9396820068359375
0.6533660888671875
0.7318878173828125
0.7107696533203125
0.4672698974609375
0.8299713134765625
0.6967926025390625
0.6101531982421875
0.617767333984375
0.615631103515625
1.0600433349609375
0.4119873046875
0.6791839599609375
0.577484130859375
0.5336151123046875
0.6552581787109375
0.76043701171875
1.0098724365234375
0.4618072509765625
0.526336669921875
0.760345458984375
0.8447723388671875
0.6976776123046875
0.593994140625
0.5831146240234375
0.69879150390625
0.8617706298828125
0.8030853271484375
1.258026123046875
0.7656402587890625
0.691619873046875
0.5259246826171875
0.70843505859375
0.9899139404296875
0.47662353515625
0.832733154296875
0.7897796630859375
0.5176849365234375
0.65509033203125
0.6678924560546875
0.643310546875
0.6583404541015625
0.5200653076171875
0.5561676025390625
0.6822052001953125
0.63739013671875
0.6903839111328125
0.5972442626953125
1.004058837890625
0.473480224609375
0.752532958984375
0.73907470703125
0.7387237548828125
0.9170074462890625
0.553955078125
0.525482177734375
1.0220184326171875
0.786529541015625
0.7438201904296875
0.7060089111328125
1.1020050048828125
0.5230560302734375
0.782928466796875
0.760345458984375
0.673583984375
0.7676544189453125
0.8709716796875
0.756805419921875
1.0197601318359375
0.7341766357421875
0.676055908203125
0.5809478759765625
1.0132904052734375
0.9785614013671875
0.7760009765625
0.6899261474609375
1.015472412109375
0.9571075439453125
0.8570098876953125
1.038787841796875
0.842376708984375
0.87152099609375
0.83074951171875
0.6355133056640625
0.575775146484375
0.7762298583984375
0.504058837890625
1.011474609375
0.7757568359375
0.9930572509765625
0.90997314453125
0.6467437744140625
0.5763092041015625
0.5786285400390625
0.8819122314453125
0.497283935546875
0.58001708984375
0.550018310546875
0.67193603515625
0.892578125
0.83746337890625
0.6412811279296875
0.5677032470703125
0.592315673828125
0.58673095703125
0.7249908447265625
0.6811676025390625
0.553924560546875
0.6505126953125
0.4962005615234375
0.6652374267578125
0.7121124267578125
0.5933990478515625
0.514556884765625
0.5105133056640625
0.957916259765625
0.5799560546875
0.6995086669921875
0.45892333984375
0.6711578369140625
1.0487823486328125
0.4893035888671875
0.7235107421875
0.720123291015625
0.67596435546875
0.813995361328125
0.75653076171875
0.5805206298828125
0.781585693359375
0.6517333984375
0.646087646484375
1.21044921875
0.6018524169921875
0.5778961181640625
0.8463287353515625
0.9631805419921875
0.961334228515625
0.6870880126953125
0.987335205078125
0.93548583984375
0.489227294921875
0.5102081298828125
0.4203338623046875
0.6363677978515625
1.0080718994140625
1.3291778564453125
0.4052276611328125
0.6771392822265625
0.50762939453125
0.476348876953125
0.901824951171875
0.5446014404296875
0.6123504638671875
0.55810546875
0.462371826171875
0.940093994140625
0.764312744140625
0.7525482177734375
0.771087646484375
0.8390350341796875
0.7782745361328125
0.767852783203125
0.5385589599609375
0.851959228515625
0.6496124267578125
0.738800048828125
0.500213623046875
0.9662628173828125
0.6534881591796875
1.02850341796875
0.442718505859375
0.482086181640625
1.090057373046875
0.679534912109375
0.5354461669921875
0.6998443603515625
0.623992919921875
0.7286224365234375
0.841217041015625
0.8313751220703125
0.7545928955078125
0.8457489013671875
0.6718597412109375
0.9901580810546875
1.08416748046875
0.8278045654296875
0.597259521484375
0.3666534423828125
1.000457763671875
0.8456268310546875
0.6287078857421875
0.730560302734375
0.6204376220703125
0.9181976318359375
0.4656982421875
0.72882080078125
0.632232666015625
0.659881591796875
0.5302581787109375
0.84271240234375
0.8954315185546875
0.6611480712890625
0.4463958740234375
0.4518890380859375
0.77447509765625
0.5914459228515625
0.549102783203125
0.61920166015625
1.0239410400390625
0.84051513671875
0.8636016845703125
0.524871826171875
0.9626312255859375
0.7469329833984375
0.8991546630859375
0.5858154296875
0.687408447265625
0.6378936767578125
0.8117218017578125
0.7603607177734375
0.675048828125
1.0312042236328125
1.051361083984375
0.888824462890625
0.890594482421875
0.5358123779296875
0.5483245849609375
0.7433624267578125
0.8058929443359375
0.92877197265625
0.984222412109375
0.799896240234375
0.6793212890625
0.700469970703125
0.667724609375
0.926788330078125
0.53973388671875
0.9061279296875
0.522491455078125
0.819244384765625
0.487640380859375
0.4882049560546875
0.916107177734375
0.820343017578125
0.7784423828125
1.127716064453125
0.6368255615234375
0.809906005859375
0.762115478515625
0.763916015625
0.6689300537109375
0.5068511962890625
0.7621612548828125
0.8240966796875
1.0616302490234375
0.731414794921875
0.53704833984375
0.62579345703125
0.542633056640625
0.6827850341796875
0.91815185546875
0.66326904296875
1.0124664306640625
0.756072998046875
0.391754150390625
0.8562774658203125
0.5157012939453125
1.1382598876953125
0.5567474365234375
0.7487030029296875
0.609771728515625
0.655426025390625
0.900543212890625
0.47857666015625
0.5734405517578125
0.7553253173828125
0.4813690185546875
0.4860992431640625
0.7521514892578125
0.6126861572265625
0.984039306640625
0.5443115234375
0.84417724609375
0.69464111328125
0.619903564453125
0.619232177734375
0.7900848388671875
0.599639892578125
1.0019683837890625
0.9434051513671875
0.5605621337890625
0.6955413818359375
0.633453369140625
0.7252960205078125
0.5828857421875
0.716033935546875
0.7859649658203125
0.4934234619140625
0.6004791259765625
0.7182159423828125
0.9883575439453125
0.628662109375
0.895538330078125
0.5834808349609375
0.9896697998046875
0.7632293701171875
0.706939697265625
0.619476318359375
0.78228759765625
0.7015380859375
0.9019622802734375
0.628509521484375
0.9250640869140625
0.666900634765625
0.724334716796875
0.56353759765625
1.405975341796875
0.8700714111328125
1.065338134765625
0.5236358642578125
0.6642608642578125
