0.4168701171875
0.572509765625
0.5523223876953125
0.524169921875
0.5504608154296875
0.7036285400390625
0.774169921875
1.045440673828125
0.7246246337890625
0.72381591796875
0.71514892578125
0.584625244140625
0.660003662109375
0.812469482421875
0.644195556640625
0.7769775390625
0.52947998046875
0.8813018798828125
1.325408935546875
0.6312255859375
0.9624176025390625
0.7689666748046875
0.4728240966796875
1.1953887939453125
0.4644927978515625
0.5034027099609375
0.64959716796875
0.8878021240234375
0.677825927734375
0.28143310546875
0.66583251953125
0.8465118408203125
0.57720947265625
0.6907196044921875
0.870452880859375
0.50885009765625
0.645355224609375
1.0982208251953125
0.638031005859375
0.4805755615234375
0.538238525390625
0.639801025390625
0.8200531005859375
0.909210205078125
1.107513427734375
0.5773468017578125
0.7170562744140625
0.78411865234375
0.79296875
0.646759033203125
0.526580810546875
0.50360107421875
0.6567230224609375
0.66064453125
0.5553436279296875
0.79034423828125
1.19036865234375
1.111663818359375
0.6697540283203125
0.7348785400390625
1.0058441162109375
0.46551513671875
0.8194580078125
0.413116455078125
0.9127655029296875
0.6377716064453125
1.044097900390625
0.7928009033203125
0.6574859619140625
0.657562255859375
0.587432861328125
0.836273193359375
0.72747802734375
0.5299530029296875
0.37347412109375
0.6468048095703125
1.3769073486328125
0.548553466796875
0.7579498291015625
0.6536407470703125
0.563690185546875
0.631500244140625
0.7906341552734375
0.918609619140625
0.7079925537109375
1.1172943115234375
0.909698486328125
1.244354248046875
0.4814300537109375
0.539794921875
0.6251373291015625
0.3907623291015625
0.694793701171875
0.9111175537109375
0.47369384765625
0.6754608154296875
0.857818603515625
0.670806884765625
0.9993438720703125
0.5048065185546875
1.342620849609375
0.6078338623046875
1.0869598388671875
0.846466064453125
0.65447998046875
0.662872314453125
0.8907928466796875
0.7285919189453125
0.727142333984375
0.76483154296875
0.4937744140625
0.7491455078125
0.4653778076171875
0.63763427734375
0.864044189453125
0.4674530029296875
0.7804412841796875
0.9944000244140625
0.9010162353515625
0.822265625
0.8223419189453125
0.95098876953125
0.8686981201171875
0.7277984619140625
0.7840423583984375
0.717315673828125
0.5190277099609375
1.0007171630859375
0.53607177734375
0.8022613525390625
0.4079437255859375
0.970855712890625
0.5954437255859375
0.7106475830078125
0.5190582275390625
0.628814697265625
1.1082763671875
0.860565185546875
0.8639068603515625
0.5429534912109375
1.1992340087890625
0.5012664794921875
0.804901123046875
1.3493194580078125
0.6771392822265625
0.455230712890625
0.708984375
0.699493408203125
1.2573089599609375
0.6750640869140625
0.8329010009765625
0.67523193359375
1.053924560546875
0.563079833984375
0.581756591796875
0.9281768798828125
0.7967987060546875
0.8187713623046875
0.6157073974609375
0.9531707763671875
0.8839263916015625
0.767822265625
0.5106201171875
0.781585693359375
1.1426544189453125
1.173980712890625
0.6527252197265625
0.794830322265625
0.885711669921875
0.969451904296875
0.63177490234375
1.032623291015625
0.645416259765625
0.7555694580078125
0.52880859375
0.7205047607421875
0.838714599609375
0.564849853515625
0.6841278076171875
0.764251708984375
0.6656036376953125
0.9838409423828125
0.7342987060546875
0.61761474609375
0.8764190673828125
0.8962249755859375
1.1021270751953125
0.5110626220703125
0.6880035400390625
0.8797607421875
0.6013336181640625
1.093719482421875
0.57220458984375
1.0226898193359375
0.8951263427734375
1.3361358642578125
0.5718841552734375
0.783721923828125
0.65911865234375
0.5943450927734375
0.74456787109375
0.80767822265625
0.5452117919921875
0.648712158203125
0.8688201904296875
0.473968505859375
0.548858642578125
0.7210540771484375
0.5349273681640625
0.790130615234375
0.8301544189453125
0.750579833984375
0.5435791015625
0.78125
0.694580078125
0.5599822998046875
0.63702392578125
0.731353759765625
0.7282867431640625
0.6746368408203125
0.7677001953125
0.55023193359375
0.857177734375
0.9523468017578125
0.645843505859375
0.563568115234375
0.50726318359375
0.821929931640625
0.66259765625
0.6630706787109375
0.6341400146484375
1.057708740234375
0.59063720703125
0.77923583984375
0.7360382080078125
0.6173858642578125
0.9646148681640625
0.798675537109375
0.672576904296875
0.9165802001953125
0.515472412109375
0.5947723388671875
0.6135406494140625
0.6813507080078125
0.94439697265625
0.7134246826171875
0.8015289306640625
0.785125732421875
0.5451202392578125
0.6568756103515625
0.3327484130859375
0.95098876953125
0.546142578125
0.5520477294921875
0.8870086669921875
0.6630859375
0.562225341796875
0.8507232666015625
0.5189208984375
0.4963531494140625
0.8468017578125
0.6261749267578125
0.5274810791015625
0.6690216064453125
0.493743896484375
0.8311309814453125
0.6962127685546875
0.7668609619140625
0.8777008056640625
0.772125244140625
0.7330322265625
0.5863494873046875
0.4974517822265625
0.7263946533203125
0.7326202392578125
0.6292724609375
0.8203887939453125
0.8333282470703125
1.016937255859375
0.5999603271484375
0.6890411376953125
0.3880767822265625
0.6359710693359375
0.6794281005859375
0.5054168701171875
0.8367919921875
0.8040924072265625
0.681884765625
0.545745849609375
0.6144561767578125
0.7058258056640625
0.6553497314453125
0.7684326171875
0.500244140625
0.591583251953125
1.139129638671875
0.409912109375
0.6122894287109375
0.61517333984375
1.0868377685546875
0.575836181640625
1.0310211181640625
0.53961181640625
0.66064453125
0.6046295166015625
0.4417877197265625
0.7647247314453125
0.7222900390625
0.6941070556640625
0.7536773681640625
0.4936065673828125
0.5253143310546875
0.656768798828125
0.7548980712890625
0.715179443359375
0.58392333984375
0.4272918701171875
0.970123291015625
0.6884307861328125
0.8351287841796875
0.6978759765625
0.63873291015625
0.620849609375
0.574676513671875
1.0045318603515625
0.4893951416015625
0.5541839599609375
0.7971649169921875
0.71728515625
0.739593505859375
0.5514678955078125
0.6465301513671875
0.8113555908203125
0.76678466796875
0.5622100830078125
1.04632568359375
0.746826171875
0.8745574951171875
0.993988037109375
0.5472869873046875
0.5507354736328125
0.9210968017578125
0.589263916015625
0.6868896484375
0.6745147705078125
0.8301849365234375
0.8364410400390625
0.696929931640625
0.992156982421875
0.8687896728515625
0.586761474609375
0.673095703125
0.9067535400390625
0.729522705078125
0.687225341796875
0.592559814453125
0.875640869140625
0.4405059814453125
0.4687957763671875
0.468505859375
0.6881866455078125
1.060089111328125
0.4741363525390625
0.6572113037109375
0.6898956298828125
0.679412841796875
0.81207275390625
0.7928619384765625
0.8856048583984375
0.7010650634765625
0.4799957275390625
0.611053466796875
0.6721038818359375
1.2431793212890625
0.525421142578125
0.5145263671875
0.504119873046875
0.4993438720703125
0.8780364990234375
0.5526275634765625
0.371734619140625
0.7552490234375
0.43023681640625
0.6117095947265625
0.8167877197265625
0.5838775634765625
0.770477294921875
0.828582763671875
0.800445556640625
0.5518035888671875
0.616729736328125
0.8470458984375
0.8744049072265625
0.647552490234375
1.049652099609375
0.6775360107421875
0.4993896484375
0.599884033203125
0.6330108642578125
0.521209716796875
0.81561279296875
0.7802734375
0.65618896484375
0.6422271728515625
0.99713134765625
0.6026611328125
0.989013671875
0.6205902099609375
0.5294342041015625
1.088104248046875
0.9858856201171875
0.4871826171875
1.003173828125
0.657867431640625
0.77642822265625
0.600311279296875
1.03564453125
1.0018310546875
0.6773834228515625
0.6128997802734375
0.5084381103515625
0.4020538330078125
0.5355377197265625
0.7332305908203125
0.414031982421875
0.747711181640625
0.7775421142578125
0.90399169921875
0.9192962646484375
0.6653594970703125
0.6368255615234375
0.8534088134765625
0.5237884521484375
0.6881561279296875
1.065277099609375
0.5874176025390625
0.5052642822265625
0.4964599609375
0.69000244140625
0.61529541015625
0.53717041015625
0.507476806640625
0.7342681884765625
1.1104278564453125
0.5572662353515625
0.5846710205078125
0.7495574951171875
0.4917755126953125
0.9673919677734375
1.045013427734375
0.5082550048828125
0.7925872802734375
0.6458740234375
0.6865997314453125
0.7967376708984375
0.5050811767578125
0.6110687255859375
1.2586822509765625
0.7474212646484375
0.7088623046875
0.8345947265625
0.8043060302734375
0.8070526123046875
0.6992340087890625
0.48663330078125
0.90362548828125
0.7786102294921875
0.9028778076171875
0.8022918701171875
0.783905029296875
0.546417236328125
0.6749267578125
0.802947998046875
0.5370330810546875
0.7022552490234375
0.8481597900390625
0.5011138916015625
0.5037994384765625
0.46636962890625
0.889739990234375
0.708251953125
0.43878173828125
0.5061187744140625
1.0280609130859375
0.7679595947265625
0.6785430908203125
0.8767242431640625
0.63043212890625
0.6626129150390625
0.740936279296875
0.52056884765625
0.8662872314453125
0.62738037109375
0.788543701171875
1.067718505859375
0.5478057861328125
0.689483642578125
0.7151031494140625
0.6927642822265625
0.780364990234375
