2.0312652587890625
1.8097076416015625
1.5600433349609375
1.89404296875
1.8960113525390625
2.392303466796875
1.78094482421875
1.8753204345703125
2.0763702392578125
1.910430908203125
1.9485931396484375
1.5307769775390625
1.676300048828125
2.1023101806640625
2.1645660400390625
1.917938232421875
1.56524658203125
1.8482666015625
1.8686981201171875
1.8372344970703125
1.852386474609375
1.85223388671875
2.083953857421875
2.1708221435546875
1.93658447265625
1.596466064453125
2.0652008056640625
2.0116729736328125
1.5061492919921875
2.2198028564453125
2.184539794921875
1.917022705078125
2.11016845703125
1.8637237548828125
1.589447021484375
1.4810943603515625
2.249664306640625
2.2373199462890625
1.8899993896484375
2.2514190673828125
1.96539306640625
1.8220672607421875
1.931488037109375
1.6307525634765625
2.187835693359375
1.580078125
1.8966827392578125
1.8531951904296875
1.8680419921875
1.568572998046875
1.8502197265625
2.1790618896484375
2.0133819580078125
1.9904327392578125
1.6766204833984375
2.6574554443359375
2.0087432861328125
2.0222015380859375
2.0021209716796875
2.244293212890625
1.966522216796875
2.0563812255859375
1.60186767578125
2.150634765625
1.897369384765625
1.5878753662109375
2.02099609375
1.7729339599609375
1.830718994140625
1.9911346435546875
1.9792022705078125
2.243011474609375
2.22119140625
2.0014495849609375
1.94354248046875
1.981719970703125
2.04461669921875
1.6260223388671875
1.813201904296875
2.1962890625
2.4426116943359375
2.044219970703125
2.1856231689453125
1.90277099609375
2.0272674560546875
2.1558380126953125
1.9474029541015625
2.0836639404296875
1.9607391357421875
1.8215179443359375
2.477264404296875
1.792144775390625
2.199737548828125
1.6851348876953125
2.03448486328125
2.2277069091796875
2.4978485107421875
2.1754913330078125
2.1212005615234375
2.0724029541015625
1.6487579345703125
2.1506195068359375
2.311309814453125
1.7902069091796875
2.22784423828125
1.808258056640625
1.611236572265625
1.9228363037109375
1.8526153564453125
2.33624267578125
1.9591217041015625
1.848297119140625
2.092041015625
1.7603759765625
1.6295928955078125
1.8917083740234375
1.880706787109375
1.9197845458984375
2.157379150390625
1.5641937255859375
1.91168212890625
1.6483306884765625
1.7808074951171875
2.0338287353515625
1.7911529541015625
1.9620513916015625
1.872344970703125
1.8834686279296875
1.8888397216796875
1.843475341796875
1.87939453125
1.7251129150390625
1.84600830078125
1.8849334716796875
2.0029754638671875
2.0715484619140625
1.8212127685546875
1.931671142578125
1.26873779296875
1.983795166015625
2.1380462646484375
1.59619140625
2.0434722900390625
1.812347412109375
2.2425079345703125
1.6495819091796875
1.6077423095703125
1.9647979736328125
1.8311767578125
1.9234771728515625
1.956634521484375
1.98974609375
2.0576171875
1.7400665283203125
1.7096405029296875
1.6988067626953125
1.6842041015625
2.0204925537109375
1.917877197265625
1.95916748046875
2.0346527099609375
1.95074462890625
2.173736572265625
1.7466278076171875
1.872528076171875
1.6823577880859375
2.2361907958984375
2.1334228515625
2.1649322509765625
1.9942169189453125
1.7594146728515625
2.37237548828125
1.8486175537109375
1.9258575439453125
1.6790618896484375
2.1586456298828125
1.895660400390625
1.707122802734375
2.0602874755859375
2.0335845947265625
1.65679931640625
2.012115478515625
1.7431793212890625
1.889373779296875
1.9907989501953125
1.82904052734375
1.8172760009765625
1.5947418212890625
1.8879241943359375
1.69891357421875
2.026458740234375
1.75787353515625
1.689483642578125
1.521575927734375
1.936370849609375
1.7087860107421875
2.0094451904296875
1.999298095703125
1.879241943359375
2.2466888427734375
2.331878662109375
2.113922119140625
2.0786895751953125
1.97955322265625
2.033935546875
2.282745361328125
1.724456787109375
1.921722412109375
1.8942108154296875
2.002960205078125
1.8497772216796875
1.6646881103515625
2.1593017578125
1.9798583984375
1.7107086181640625
1.9797210693359375
1.8706817626953125
1.9205780029296875
1.5562896728515625
1.985748291015625
1.7525482177734375
1.9576263427734375
1.931610107421875
1.9112701416015625
2.1406097412109375
1.9122772216796875
2.15435791015625
2.1444549560546875
1.77008056640625
2.09320068359375
1.9184112548828125
1.773223876953125
2.255401611328125
1.90850830078125
1.6610565185546875
2.14410400390625
1.9710845947265625
1.68597412109375
2.1448211669921875
1.8442230224609375
1.749847412109375
1.429443359375
1.9733428955078125
2.2924041748046875
1.97772216796875
1.8552093505859375
1.6464080810546875
1.7932281494140625
1.717010498046875
1.557586669921875
2.0280303955078125
2.104278564453125
1.86419677734375
1.81195068359375
1.57147216796875
2.180816650390625
2.135223388671875
2.17010498046875
2.282806396484375
1.944183349609375
2.01702880859375
1.667816162109375
1.9930877685546875
1.5617218017578125
1.8294219970703125
1.8088531494140625
1.6987762451171875
2.0582733154296875
2.431182861328125
1.5108642578125
2.121185302734375
2.1346282958984375
1.699249267578125
2.0360565185546875
1.8397369384765625
1.8240509033203125
2.0195770263671875
1.7626800537109375
2.09869384765625
2.0874786376953125
1.648345947265625
2.044525146484375
1.8967132568359375
1.9283447265625
2.2087249755859375
2.04827880859375
1.665924072265625
1.862335205078125
1.8524627685546875
2.0496673583984375
1.7970733642578125
1.8756561279296875
1.8968505859375
1.6948394775390625
1.841278076171875
1.8346099853515625
2.0640106201171875
2.173431396484375
1.4694671630859375
1.8344268798828125
1.720916748046875
1.7855072021484375
2.1387176513671875
2.18902587890625
1.7822723388671875
2.558380126953125
1.5956878662109375
2.02093505859375
2.0371856689453125
1.9062347412109375
1.9544677734375
1.772369384765625
1.4400787353515625
1.98614501953125
2.1951751708984375
1.8668975830078125
1.8423004150390625
1.829620361328125
2.067230224609375
1.83331298828125
1.9365997314453125
1.635711669921875
1.691741943359375
1.9015655517578125
1.3648834228515625
1.962127685546875
2.3341827392578125
1.8891448974609375
1.914581298828125
1.8895263671875
1.927032470703125
1.97882080078125
2.15252685546875
1.816558837890625
1.9826507568359375
1.9471893310546875
1.6717071533203125
1.786376953125
1.713958740234375
1.482177734375
1.8555908203125
1.6809234619140625
1.791748046875
1.850860595703125
1.6182403564453125
1.9975128173828125
1.8573455810546875
1.5789794921875
2.1018524169921875
1.959991455078125
2.15728759765625
1.6970672607421875
2.1467132568359375
2.1651763916015625
2.0047760009765625
1.9599609375
2.2084197998046875
2.3633270263671875
2.1949310302734375
1.7246551513671875
1.6652984619140625
2.1628265380859375
1.37994384765625
1.952880859375
2.2324371337890625
1.935821533203125
1.86346435546875
1.9538116455078125
1.91009521484375
2.0805511474609375
1.898834228515625
1.9965057373046875
1.783599853515625
1.9688568115234375
1.857147216796875
1.7606964111328125
1.806976318359375
2.174774169921875
2.2894287109375
2.0049285888671875
1.985931396484375
1.763214111328125
2.2770843505859375
2.54730224609375
1.5411834716796875
1.845458984375
1.98773193359375
1.9818572998046875
2.0060272216796875
1.930999755859375
1.7554473876953125
1.9406890869140625
1.740386962890625
1.8531646728515625
2.0771331787109375
1.6909332275390625
1.597076416015625
2.2288970947265625
1.8520965576171875
1.9772491455078125
2.1055755615234375
1.7884063720703125
2.0810546875
1.9353179931640625
1.63226318359375
1.9177093505859375
2.250946044921875
2.170562744140625
1.646820068359375
2.1017303466796875
1.56646728515625
2.0099029541015625
1.717926025390625
2.08892822265625
1.845245361328125
1.7116241455078125
1.89801025390625
1.435089111328125
1.91656494140625
1.9206085205078125
2.353485107421875
1.942352294921875
1.94744873046875
1.5967254638671875
1.623779296875
1.5062408447265625
1.9609832763671875
1.9618988037109375
2.059600830078125
1.8915557861328125
1.651763916015625
1.831878662109375
2.1891632080078125
1.8635406494140625
2.134765625
1.90771484375
1.75628662109375
1.644744873046875
1.9069976806640625
1.8229522705078125
2.0641021728515625
1.7998199462890625
1.714111328125
1.71514892578125
1.5496673583984375
1.950103759765625
1.854644775390625
1.69091796875
2.0725555419921875
1.8628082275390625
1.8181610107421875
2.2107391357421875
2.0452423095703125
2.3646697998046875
1.9457550048828125
2.2364654541015625
1.9687957763671875
2.159332275390625
2.2709808349609375
1.797607421875
1.9949798583984375
1.83575439453125
1.5431671142578125
1.618988037109375
1.7725677490234375
1.71221923828125
1.5226593017578125
1.839874267578125
1.90655517578125
1.3592376708984375
1.3345794677734375
2.003387451171875
1.968505859375
1.646759033203125
1.6077117919921875
2.2904052734375
1.58380126953125
2.063629150390625
2.1314544677734375
1.961181640625
1.8474578857421875
1.9258880615234375
1.673492431640625
1.9841461181640625
1.6785430908203125
1.9916229248046875
1.6348876953125
2.1828460693359375
2.16357421875
2.137176513671875
2.079315185546875
1.8982696533203125
1.9282379150390625
1.864501953125
1.5613250732421875
1.643310546875
1.707183837890625
1.88958740234375
1.982635498046875
1.9506683349609375
