1.845916748046875
1.788818359375
1.6595306396484375
1.76654052734375
1.7906341552734375
1.9910736083984375
1.9007415771484375
1.59210205078125
2.192352294921875
2.194915771484375
1.761627197265625
1.831756591796875
1.789398193359375
1.8108367919921875
2.0209197998046875
1.852020263671875
1.7566986083984375
1.84393310546875
2.103302001953125
1.7620391845703125
1.72119140625
1.792633056640625
1.805999755859375
1.78790283203125
1.8226470947265625
1.8034515380859375
2.091949462890625
2.094970703125
1.8854522705078125
1.842437744140625
1.9988555908203125
2.10675048828125
1.951446533203125
1.662841796875
1.7849273681640625
1.85247802734375
2.085052490234375
1.6846160888671875
1.4232177734375
2.052154541015625
2.55975341796875
1.769256591796875
1.605377197265625
1.7117156982421875
2.2251739501953125
1.8219451904296875
2.0306549072265625
1.87384033203125
1.74981689453125
2.2510528564453125
1.6127166748046875
2.2386322021484375
1.9897003173828125
2.286285400390625
1.5654449462890625
1.998931884765625
2.21112060546875
1.94647216796875
1.718353271484375
1.7562103271484375
1.334381103515625
1.8534698486328125
2.247222900390625
1.5668487548828125
1.5203857421875
2.0442352294921875
2.0225067138671875
1.8305816650390625
2.1004791259765625
1.8678741455078125
2.10015869140625
2.1410369873046875
1.5599365234375
1.8898773193359375
1.99652099609375
1.9200439453125
1.7947235107421875
2.3724517822265625
1.5925750732421875
2.1432647705078125
1.6177825927734375
1.8844451904296875
1.7156982421875
1.898284912109375
1.809722900390625
1.6291351318359375
1.8406219482421875
1.5954437255859375
1.745849609375
1.95782470703125
1.61328125
1.964019775390625
1.6991119384765625
1.758026123046875
1.9467620849609375
1.8112640380859375
2.2403106689453125
2.087249755859375
1.9315643310546875
2.157867431640625
2.111419677734375
2.1099700927734375
2.125946044921875
2.3825836181640625
1.634124755859375
1.4852447509765625
1.6452484130859375
2.180267333984375
2.282135009765625
1.7400970458984375
1.975341796875
2.302215576171875
1.3683319091796875
1.531036376953125
1.768524169921875
1.7654876708984375
1.670562744140625
2.006683349609375
1.6619873046875
1.6258544921875
2.035369873046875
2.097747802734375
1.7010498046875
1.8820953369140625
1.9794464111328125
1.7503662109375
1.647979736328125
2.3974151611328125
1.779937744140625
1.8821258544921875
1.9288177490234375
2.5055694580078125
1.999359130859375
2.1107940673828125
1.849853515625
1.4758758544921875
1.9650726318359375
1.4288330078125
1.481536865234375
1.834075927734375
2.3334808349609375
2.2151031494140625
1.7572021484375
1.9602813720703125
1.9281463623046875
2.3734283447265625
1.8622589111328125
1.9540557861328125
1.9357147216796875
2.207366943359375
1.8016204833984375
2.118377685546875
2.359283447265625
2.1027374267578125
2.0767059326171875
2.1394195556640625
1.9904632568359375
1.8580169677734375
2.0685882568359375
1.5106201171875
2.3818817138671875
1.745758056640625
1.782745361328125
1.899139404296875
1.8506622314453125
1.7585601806640625
1.82830810546875
2.2513580322265625
1.4238433837890625
1.9653167724609375
2.04718017578125
2.0059356689453125
1.77911376953125
1.9697723388671875
2.2516326904296875
1.94024658203125
1.988800048828125
1.6278839111328125
1.75543212890625
2.0085906982421875
2.137969970703125
1.85491943359375
1.68414306640625
1.6774749755859375
1.9502410888671875
1.769195556640625
2.026458740234375
2.0695343017578125
2.3533477783203125
2.5982666015625
1.799560546875
1.736572265625
1.64752197265625
2.0064239501953125
1.8693389892578125
2.1072540283203125
2.154266357421875
1.755157470703125
2.1248321533203125
2.0407257080078125
1.9367828369140625
1.6649932861328125
1.740447998046875
2.298675537109375
1.858551025390625
2.0760040283203125
2.013916015625
2.042083740234375
1.684814453125
1.9440765380859375
1.6927490234375
2.282012939453125
1.8209228515625
2.079376220703125
2.04718017578125
1.855316162109375
2.218231201171875
1.95452880859375
2.026092529296875
2.1569671630859375
1.796783447265625
1.661590576171875
1.822601318359375
2.020111083984375
1.77459716796875
1.737548828125
1.7423858642578125
2.039215087890625
1.4955596923828125
2.1347198486328125
1.98583984375
2.1116485595703125
1.6915130615234375
1.9611053466796875
2.008453369140625
2.0543670654296875
2.1607513427734375
1.7803192138671875
2.23223876953125
1.3007354736328125
2.272918701171875
1.666534423828125
1.7921600341796875
1.654388427734375
1.637451171875
1.6241455078125
1.8790740966796875
1.7442626953125
1.9440460205078125
2.2811431884765625
2.1211700439453125
1.887420654296875
1.859375
1.8918304443359375
1.7152099609375
1.83074951171875
2.1613616943359375
1.6255645751953125
1.718475341796875
1.820831298828125
1.8406982421875
2.0153961181640625
1.9312896728515625
1.7570648193359375
2.0577545166015625
2.1330413818359375
1.6854705810546875
2.2604827880859375
1.7411041259765625
1.94134521484375
1.7368011474609375
2.310638427734375
1.914642333984375
2.189666748046875
2.021636962890625
1.9136199951171875
1.9119415283203125
1.6887969970703125
1.7675323486328125
2.4099578857421875
1.9123077392578125
1.6247100830078125
1.6286468505859375
1.66741943359375
1.8649749755859375
1.9318695068359375
1.653411865234375
1.836822509765625
2.0198211669921875
1.7923736572265625
2.0491180419921875
1.71905517578125
1.6648712158203125
1.8433685302734375
2.13092041015625
2.0576171875
2.1683502197265625
2.275970458984375
1.572113037109375
1.82452392578125
2.126708984375
2.0649871826171875
1.83245849609375
2.0916290283203125
1.630126953125
1.860809326171875
1.7892913818359375
2.168670654296875
1.840057373046875
2.100341796875
1.678802490234375
2.136016845703125
2.028289794921875
1.6090240478515625
2.1674957275390625
1.733306884765625
2.3721466064453125
1.9951324462890625
2.249481201171875
2.365142822265625
1.508056640625
2.1862030029296875
1.9298858642578125
1.8573150634765625
2.020538330078125
1.8219146728515625
2.018157958984375
2.1266326904296875
1.74578857421875
1.8502960205078125
2.0321197509765625
1.78155517578125
1.7182464599609375
1.66387939453125
2.03204345703125
2.2139129638671875
2.2131195068359375
1.8944244384765625
1.829986572265625
1.997406005859375
2.010955810546875
1.885162353515625
1.661895751953125
2.2430267333984375
1.7119140625
1.76983642578125
2.116363525390625
1.4496307373046875
1.8024444580078125
1.8764190673828125
2.3283233642578125
1.93475341796875
1.5785369873046875
2.031982421875
1.909820556640625
2.1488800048828125
1.848419189453125
1.872802734375
2.0793609619140625
1.9460296630859375
1.650360107421875
1.945220947265625
2.08526611328125
1.61505126953125
1.86962890625
2.456817626953125
2.0894775390625
1.7361907958984375
1.724365234375
1.9726715087890625
1.8693084716796875
1.9511871337890625
2.01177978515625
2.0906982421875
2.1186981201171875
1.924102783203125
1.6277923583984375
1.9123992919921875
1.8073577880859375
2.07305908203125
2.1940155029296875
2.4812469482421875
1.691192626953125
2.32672119140625
2.025726318359375
1.8043365478515625
1.755096435546875
1.76776123046875
1.6555328369140625
1.8771514892578125
1.7707977294921875
1.6133880615234375
1.76629638671875
2.0819549560546875
1.9085235595703125
2.005950927734375
1.66436767578125
1.913726806640625
1.64727783203125
2.402618408203125
1.80694580078125
2.2711029052734375
2.4188079833984375
1.48492431640625
1.8590087890625
1.6961517333984375
2.030181884765625
1.9963226318359375
1.9288482666015625
1.842987060546875
1.9221343994140625
1.7678375244140625
1.89453125
2.0074615478515625
2.193389892578125
1.4486083984375
1.862396240234375
1.8506927490234375
1.62103271484375
1.823822021484375
1.6087188720703125
1.98974609375
1.88836669921875
1.932342529296875
2.0688629150390625
2.033599853515625
1.9632110595703125
1.5170745849609375
2.0050048828125
1.805877685546875
1.7642822265625
1.7882843017578125
1.8685760498046875
1.5426025390625
1.6298828125
1.7107696533203125
2.064453125
1.80682373046875
1.9205322265625
1.7705078125
2.171173095703125
1.839874267578125
1.888458251953125
1.742218017578125
1.8443145751953125
2.2500762939453125
2.155059814453125
1.7353668212890625
1.8152618408203125
1.7533111572265625
1.608428955078125
2.2244415283203125
1.995574951171875
2.0873260498046875
2.101470947265625
1.7188873291015625
1.8750762939453125
1.8854827880859375
1.5479888916015625
2.228271484375
1.90423583984375
2.168701171875
1.84686279296875
1.7188568115234375
2.032470703125
1.7051239013671875
1.7857513427734375
1.828094482421875
1.489471435546875
1.741546630859375
1.8397674560546875
2.060272216796875
1.72515869140625
1.828887939453125
2.4603271484375
1.940460205078125
1.735931396484375
2.5787811279296875
1.90997314453125
2.2863006591796875
2.0331878662109375
1.7371673583984375
1.5724334716796875
1.708221435546875
1.9174346923828125
2.5135040283203125
1.7497406005859375
1.64483642578125
1.9939117431640625
1.8213653564453125
1.80120849609375
1.9817657470703125
1.8979644775390625
1.7325592041015625
1.9692230224609375
2.009124755859375
1.838958740234375
1.56890869140625
1.6350860595703125
1.6998443603515625
