2.0092010498046875
2.099517822265625
2.08197021484375
2.2630462646484375
2.442352294921875
2.466278076171875
2.27630615234375
1.8347625732421875
2.1368408203125
2.1361541748046875
2.0308074951171875
2.2505340576171875
2.33856201171875
2.1656494140625
2.279998779296875
2.125946044921875
2.8448638916015625
2.402984619140625
2.212432861328125
2.06591796875
1.931365966796875
2.326934814453125
2.151611328125
2.4300689697265625
2.1845703125
2.534393310546875
1.9902191162109375
2.6410675048828125
1.8015289306640625
2.4566192626953125
2.2513580322265625
2.3224639892578125
2.23980712890625
1.946075439453125
2.3139495849609375
2.4128265380859375
2.047882080078125
2.169952392578125
2.1256103515625
1.993743896484375
1.9558868408203125
2.1499176025390625
2.2224578857421875
1.962738037109375
2.435546875
1.7574462890625
1.71875
2.0617218017578125
2.0153961181640625
2.1418914794921875
2.10040283203125
2.09124755859375
2.257080078125
2.0861663818359375
1.8914337158203125
1.8866729736328125
2.23333740234375
2.237518310546875
2.0942840576171875
2.0428924560546875
2.02813720703125
2.066009521484375
2.09625244140625
1.8750152587890625
2.3380889892578125
2.198699951171875
1.9902191162109375
2.1505584716796875
2.1865081787109375
2.13446044921875
2.256683349609375
1.9947509765625
2.0848388671875
2.039764404296875
2.101318359375
2.4863433837890625
2.4333038330078125
2.125640869140625
2.264923095703125
2.5241241455078125
2.51422119140625
2.3939056396484375
2.2387542724609375
2.4913787841796875
2.3014984130859375
2.047637939453125
1.997650146484375
2.5279998779296875
2.0465850830078125
2.289306640625
2.119720458984375
2.1159820556640625
2.0804595947265625
2.1112823486328125
1.9033660888671875
1.766693115234375
2.2805328369140625
2.7299957275390625
2.5388946533203125
2.165771484375
2.09521484375
2.080902099609375
1.933837890625
1.8729248046875
1.8814544677734375
2.110748291015625
1.8171539306640625
2.3762969970703125
2.461029052734375
2.2269744873046875
2.346527099609375
2.2238006591796875
2.0296630859375
2.5302734375
2.25701904296875
2.1053314208984375
2.090057373046875
1.9007720947265625
2.038177490234375
2.2291259765625
2.32489013671875
2.2396697998046875
2.01397705078125
2.2779998779296875
2.0133819580078125
2.265838623046875
2.54656982421875
2.0224761962890625
2.2203369140625
2.181793212890625
2.269287109375
1.9499664306640625
2.0541534423828125
2.0148468017578125
2.012542724609375
2.1015777587890625
2.326263427734375
1.9776763916015625
2.34326171875
2.5419464111328125
2.4389495849609375
2.0353240966796875
2.15191650390625
1.9157867431640625
2.1837005615234375
2.145538330078125
2.514068603515625
2.1457672119140625
2.59228515625
2.1249237060546875
1.8804473876953125
2.5946502685546875
2.0615234375
2.664794921875
1.912750244140625
2.1746826171875
2.4134521484375
2.006439208984375
2.6513671875
2.479522705078125
1.92486572265625
2.7395172119140625
2.278961181640625
2.234588623046875
2.3534088134765625
2.4833526611328125
2.397552490234375
1.95977783203125
2.2921295166015625
2.0171661376953125
2.4071807861328125
2.0954132080078125
2.23016357421875
1.9525604248046875
2.2768096923828125
2.2362213134765625
2.1043853759765625
2.0797576904296875
1.960784912109375
2.07196044921875
1.8471832275390625
2.265167236328125
2.37939453125
1.7718353271484375
2.141937255859375
2.11199951171875
2.1533050537109375
2.379638671875
2.596160888671875
2.195770263671875
2.0528564453125
2.21356201171875
1.954345703125
1.9845123291015625
2.3148193359375
1.9392852783203125
2.4874114990234375
2.0076751708984375
2.2488555908203125
2.401641845703125
2.1834259033203125
2.2067718505859375
1.8739013671875
2.2887725830078125
2.156158447265625
2.9334564208984375
2.074188232421875
2.05487060546875
2.1302490234375
1.8322296142578125
2.41424560546875
2.2374267578125
2.08197021484375
2.504547119140625
2.5248260498046875
2.3079681396484375
2.3693084716796875
1.8291778564453125
1.8462066650390625
2.2507781982421875
2.10260009765625
2.3333282470703125
2.2335205078125
2.2420196533203125
2.1461181640625
2.0724334716796875
2.1482086181640625
1.904327392578125
2.019866943359375
2.31024169921875
2.001007080078125
2.19580078125
2.27178955078125
2.2499542236328125
2.7212982177734375
1.9074249267578125
2.5143585205078125
1.8341217041015625
2.1147003173828125
2.055419921875
1.8799896240234375
2.4342803955078125
2.057708740234375
2.6625213623046875
1.9778594970703125
2.291656494140625
2.1826019287109375
2.0543060302734375
2.140716552734375
1.8036346435546875
2.4375152587890625
2.5308990478515625
2.2128753662109375
1.9851226806640625
1.8101654052734375
2.22564697265625
2.1798858642578125
2.0459442138671875
2.2101287841796875
2.6215362548828125
2.3140716552734375
2.543426513671875
2.062652587890625
1.8979949951171875
2.1620941162109375
2.085174560546875
2.1947174072265625
2.1331634521484375
2.2868804931640625
2.553131103515625
2.1102447509765625
2.1544189453125
2.243255615234375
1.999847412109375
2.655731201171875
2.2927398681640625
2.4274749755859375
2.03948974609375
2.08111572265625
2.6664581298828125
2.194000244140625
2.234039306640625
2.1468353271484375
1.9961700439453125
2.4590301513671875
2.4791412353515625
1.9963531494140625
2.0068359375
2.230865478515625
1.9051666259765625
2.19293212890625
2.50396728515625
2.34222412109375
2.208160400390625
1.789306640625
2.142303466796875
2.3976593017578125
2.1060333251953125
2.31744384765625
2.53765869140625
2.4239044189453125
2.137908935546875
2.5531158447265625
2.4153594970703125
2.6651611328125
2.4196929931640625
2.360931396484375
2.2123565673828125
2.1819610595703125
2.00274658203125
2.3748321533203125
2.4455108642578125
2.3790740966796875
2.3527069091796875
1.9190521240234375
2.435516357421875
2.062469482421875
2.0540008544921875
2.6398773193359375
2.28857421875
2.3113250732421875
1.8343048095703125
2.0948638916015625
1.6733856201171875
2.0368499755859375
2.080902099609375
2.18121337890625
2.3006439208984375
2.4262847900390625
2.1334991455078125
2.2171478271484375
2.37603759765625
1.8973846435546875
2.3329010009765625
2.27020263671875
2.0800323486328125
1.7574310302734375
1.839385986328125
2.01861572265625
2.0214691162109375
2.4389190673828125
2.1368560791015625
2.2039947509765625
2.5839080810546875
1.7994384765625
2.1772003173828125
2.090576171875
2.14703369140625
1.969512939453125
2.6807861328125
2.12847900390625
2.1977386474609375
2.1677398681640625
2.3449554443359375
2.718536376953125
2.2404632568359375
1.9781341552734375
2.43780517578125
2.1706390380859375
1.8167724609375
2.1378326416015625
2.3147125244140625
2.3535308837890625
2.10968017578125
2.212738037109375
2.0649261474609375
2.2933502197265625
2.125701904296875
2.4839630126953125
2.293121337890625
1.9685211181640625
2.3745574951171875
2.1286163330078125
2.3325958251953125
1.9942169189453125
1.7994537353515625
2.3875732421875
2.10601806640625
2.0090179443359375
2.0975799560546875
2.195159912109375
2.0874176025390625
2.376983642578125
2.0950927734375
2.064971923828125
2.0485992431640625
2.4301910400390625
2.4055938720703125
2.215179443359375
2.167449951171875
2.21600341796875
2.4577484130859375
2.19818115234375
1.9867095947265625
2.098175048828125
2.3408660888671875
2.6101837158203125
2.2535858154296875
2.348602294921875
1.9403228759765625
2.2894287109375
2.6390380859375
2.330718994140625
2.73291015625
2.1923065185546875
2.291351318359375
2.419281005859375
1.8582305908203125
1.952880859375
2.2562713623046875
1.93487548828125
2.2159423828125
1.692138671875
2.069427490234375
2.3321380615234375
2.2503662109375
1.895782470703125
2.16473388671875
2.2421112060546875
2.0408935546875
2.0092010498046875
2.3436126708984375
2.4260406494140625
2.6090087890625
2.293487548828125
2.4027252197265625
1.8518829345703125
1.947235107421875
2.127716064453125
1.7634735107421875
2.034088134765625
1.9573516845703125
2.3191375732421875
2.40838623046875
2.1936492919921875
2.03375244140625
2.2663421630859375
2.17333984375
2.2169036865234375
1.9276275634765625
1.8394927978515625
2.21734619140625
2.0113677978515625
2.0294647216796875
2.2918548583984375
2.2162322998046875
2.25067138671875
2.3438568115234375
2.2998199462890625
1.947906494140625
2.0663299560546875
2.3451690673828125
2.8463897705078125
2.48052978515625
2.2366180419921875
2.366180419921875
2.3498687744140625
2.012908935546875
2.294036865234375
2.020782470703125
1.828704833984375
1.9432830810546875
2.336456298828125
1.762176513671875
1.8318023681640625
1.990234375
2.0445404052734375
2.3550872802734375
2.1485748291015625
1.940887451171875
2.5576934814453125
2.3483123779296875
2.215850830078125
2.05322265625
2.09661865234375
2.0261383056640625
2.38885498046875
1.9539794921875
2.6338043212890625
2.3379364013671875
2.5946044921875
1.8709716796875
2.277313232421875
2.2779083251953125
2.3310394287109375
1.995147705078125
2.04913330078125
2.14337158203125
1.857574462890625
1.9301910400390625
2.5316314697265625
1.8104095458984375
2.12347412109375
2.12420654296875
2.660003662109375
2.1445159912109375
2.0138397216796875
2.4098358154296875
1.787078857421875
2.327972412109375
