2.19805908203125
1.9675445556640625
2.1900634765625
2.4158782958984375
1.773468017578125
2.2834625244140625
2.15130615234375
2.5865936279296875
2.014129638671875
2.0672149658203125
2.2606048583984375
2.5359649658203125
2.0121002197265625
2.83001708984375
2.35107421875
2.0182037353515625
1.845855712890625
1.93194580078125
2.2258453369140625
2.4861297607421875
2.563323974609375
1.989349365234375
2.3373870849609375
1.872528076171875
2.1495819091796875
1.9901123046875
2.0264892578125
2.061431884765625
2.5235595703125
2.2592620849609375
2.1069793701171875
2.118438720703125
2.3621826171875
1.97100830078125
2.61474609375
1.994049072265625
2.1904144287109375
2.248809814453125
2.1234893798828125
2.1664886474609375
2.45880126953125
2.10906982421875
2.2059478759765625
2.047882080078125
2.537017822265625
2.1332550048828125
1.977264404296875
2.3376312255859375
2.594818115234375
2.069671630859375
2.1900177001953125
1.9503173828125
2.462493896484375
2.153472900390625
1.786041259765625
1.6915130615234375
2.321044921875
1.8478546142578125
2.6074676513671875
2.2229156494140625
2.0965576171875
2.4191131591796875
1.9752960205078125
2.1018524169921875
2.2298126220703125
2.096038818359375
1.9851531982421875
2.2010345458984375
2.2875823974609375
2.2198333740234375
2.73016357421875
2.00311279296875
2.1500244140625
2.0568084716796875
1.9124603271484375
2.015655517578125
2.567413330078125
2.0642242431640625
2.1628265380859375
1.63201904296875
1.9140777587890625
2.385955810546875
2.193267822265625
2.379364013671875
1.983062744140625
2.0126800537109375
2.2572021484375
2.083099365234375
1.930419921875
2.448486328125
2.465087890625
2.2149810791015625
1.8495941162109375
2.112457275390625
2.18695068359375
2.268463134765625
2.0024871826171875
2.2301025390625
2.0095367431640625
2.2323455810546875
2.2371978759765625
1.9037933349609375
2.2262115478515625
2.5871429443359375
2.3821868896484375
2.2831878662109375
2.18621826171875
1.9682464599609375
2.1155853271484375
2.082366943359375
2.0624847412109375
2.056427001953125
2.3579254150390625
2.2445068359375
2.244049072265625
2.6336517333984375
2.12890625
2.088165283203125
1.7704315185546875
2.28302001953125
1.8235931396484375
2.4282379150390625
2.36907958984375
2.012847900390625
2.347198486328125
2.17205810546875
2.2893829345703125
1.94989013671875
2.4878692626953125
1.9286041259765625
2.11773681640625
1.598175048828125
2.2919158935546875
2.4459381103515625
2.1404266357421875
2.028289794921875
2.4296112060546875
1.82177734375
2.4456329345703125
2.1180267333984375
2.26763916015625
2.412017822265625
2.2245941162109375
2.612457275390625
2.6331787109375
2.286865234375
2.0840911865234375
2.1031646728515625
2.3834381103515625
2.0887451171875
2.1929473876953125
2.51007080078125
2.2822265625
2.3316192626953125
1.9779052734375
2.4248504638671875
1.7505340576171875
2.25714111328125
1.83331298828125
2.5701446533203125
2.142181396484375
1.7544403076171875
2.3170318603515625
2.66815185546875
2.2603607177734375
2.4115753173828125
2.486785888671875
2.169586181640625
2.1580657958984375
2.0603179931640625
1.928558349609375
1.8761749267578125
2.3077850341796875
2.21917724609375
2.33331298828125
2.2144317626953125
2.25042724609375
1.9620819091796875
2.4357452392578125
2.4549713134765625
2.13629150390625
2.12322998046875
2.24700927734375
1.94378662109375
2.2606201171875
1.889862060546875
2.1279449462890625
2.2737579345703125
2.0269317626953125
2.3218841552734375
1.97393798828125
2.356048583984375
2.0507659912109375
2.071044921875
2.1314849853515625
2.6264190673828125
2.283111572265625
1.9380035400390625
1.8590240478515625
1.99688720703125
2.1419219970703125
1.787353515625
2.019500732421875
2.2745208740234375
2.121246337890625
2.19049072265625
2.305694580078125
2.412933349609375
2.1144561767578125
2.24688720703125
2.0836334228515625
2.14044189453125
2.2876739501953125
2.1731414794921875
2.5232696533203125
2.2806549072265625
1.8183135986328125
1.9997711181640625
2.0825958251953125
2.05682373046875
2.0984649658203125
1.8951263427734375
2.1473236083984375
2.232025146484375
2.046173095703125
2.26824951171875
1.8831787109375
2.329376220703125
1.9714202880859375
2.2510528564453125
2.32110595703125
2.109588623046875
2.300567626953125
1.88427734375
2.122894287109375
2.27996826171875
2.31195068359375
2.306915283203125
2.142974853515625
2.5512847900390625
2.1578369140625
2.3803558349609375
2.361328125
2.126861572265625
2.3767242431640625
2.252777099609375
2.2537689208984375
2.18194580078125
2.0810546875
2.1232452392578125
2.2172393798828125
2.360565185546875
2.343109130859375
2.2929229736328125
2.273193359375
2.297637939453125
2.304931640625
2.543701171875
2.5879669189453125
1.987091064453125
2.40142822265625
2.482666015625
1.8660125732421875
2.1793060302734375
2.016265869140625
1.9018402099609375
2.598114013671875
2.3764190673828125
2.365936279296875
2.7560272216796875
2.1435699462890625
2.06341552734375
2.0299835205078125
2.4521942138671875
2.0148162841796875
1.9824676513671875
2.1643524169921875
2.2071533203125
2.212799072265625
2.416900634765625
2.051483154296875
2.2479705810546875
2.160003662109375
2.0861663818359375
2.0946807861328125
2.1747894287109375
1.879241943359375
2.087921142578125
2.003692626953125
2.3249664306640625
2.337371826171875
2.2192230224609375
2.083526611328125
2.078155517578125
2.5560302734375
2.0048828125
2.1237945556640625
1.8477935791015625
2.177642822265625
2.651580810546875
1.9553680419921875
2.1874542236328125
2.2218170166015625
2.3820343017578125
2.246246337890625
2.2495880126953125
1.917694091796875
2.1228179931640625
1.9981231689453125
2.2098236083984375
2.49603271484375
2.192291259765625
2.1350860595703125
1.9641265869140625
2.2928619384765625
2.3710174560546875
2.0937042236328125
2.17694091796875
2.3881378173828125
1.925384521484375
1.9019622802734375
1.8453826904296875
2.2574005126953125
2.4834747314453125
2.331695556640625
1.90911865234375
2.0885467529296875
1.9074249267578125
1.998046875
2.6246490478515625
2.0396881103515625
2.3596954345703125
2.1756439208984375
2.1969451904296875
2.456298828125
2.077239990234375
2.4744415283203125
2.016571044921875
2.3458404541015625
2.3054351806640625
2.548187255859375
1.7813568115234375
2.37066650390625
2.1936798095703125
2.2161865234375
2.253265380859375
2.502288818359375
2.1257476806640625
2.49432373046875
1.9514923095703125
1.98529052734375
2.3191986083984375
2.0845947265625
1.9398193359375
1.95831298828125
1.9160308837890625
2.2657012939453125
2.49066162109375
2.44000244140625
1.881103515625
2.1955108642578125
2.0740966796875
2.375091552734375
2.1806793212890625
2.38165283203125
2.1059417724609375
1.8731689453125
2.1909637451171875
2.4736785888671875
1.995330810546875
2.140472412109375
2.0745849609375
2.1592559814453125
2.099395751953125
2.089935302734375
2.124481201171875
2.2275390625
2.087493896484375
2.3426055908203125
2.3935089111328125
2.494049072265625
1.826324462890625
1.9373016357421875
2.212554931640625
2.11383056640625
2.087249755859375
2.2556610107421875
2.3568572998046875
2.3149871826171875
2.345367431640625
2.3304595947265625
2.1622772216796875
2.3955841064453125
2.3580780029296875
2.0332489013671875
1.885040283203125
2.1728363037109375
2.057830810546875
2.3361968994140625
2.2630767822265625
2.43267822265625
2.4730072021484375
2.3235015869140625
2.37451171875
2.0704193115234375
2.0123748779296875
2.160797119140625
2.484466552734375
2.206695556640625
2.2763519287109375
2.0567169189453125
2.3823394775390625
2.4687347412109375
2.0157623291015625
2.605682373046875
2.1038055419921875
2.1351165771484375
2.1325531005859375
2.29559326171875
1.9567108154296875
1.902679443359375
2.162261962890625
2.3426666259765625
2.2378692626953125
2.288177490234375
2.0721435546875
2.3454132080078125
2.0877685546875
2.1065826416015625
2.246612548828125
2.349517822265625
2.3950653076171875
2.277587890625
2.3674163818359375
2.5319976806640625
1.9639892578125
2.204010009765625
2.1944580078125
2.1784820556640625
2.5792236328125
2.1658477783203125
2.254119873046875
2.259735107421875
1.7619781494140625
2.0206146240234375
2.05816650390625
2.742584228515625
2.168548583984375
2.1449432373046875
2.088226318359375
2.1763763427734375
2.3209228515625
2.1294403076171875
2.2168731689453125
2.231903076171875
1.9934539794921875
2.0979766845703125
2.2332763671875
2.48052978515625
2.4434967041015625
1.8423309326171875
2.3351287841796875
2.179962158203125
1.9247894287109375
2.197998046875
2.26458740234375
2.1747589111328125
2.8277587890625
2.362274169921875
2.241302490234375
1.9040374755859375
2.0986785888671875
2.182159423828125
2.05902099609375
2.23822021484375
1.9840240478515625
2.0777587890625
2.2114105224609375
2.2077178955078125
2.45953369140625
1.927520751953125
2.2174530029296875
2.10552978515625
2.22637939453125
2.1997528076171875
2.150665283203125
2.2458648681640625
2.289764404296875
2.3251800537109375
2.6173553466796875
2.01629638671875
2.2270355224609375
2.0027008056640625
2.2999114990234375
1.9252471923828125
2.5658721923828125
2.63067626953125
2.342498779296875
1.8024139404296875
2.0277252197265625
