0.046875
0.046875
0.046875
0.046875
0.046875
0.046142578125
0.031494140625
0.03515625
0.046142578125
0.072509765625
0.102783203125
0.093017578125
0.08154296875
0.0712890625
0.036376953125
0.033203125
0.027099609375
0.044921875
0.044921875
0.054443359375
0.187744140625
0.0556640625
0.0126953125
0.19189453125
0.11572265625
0.08056640625
0.091552734375
0.053466796875
0.061279296875
0.070556640625
0.055419921875
0.02685546875
0.037841796875
0.087646484375
0.162109375
0.06591796875
0.0966796875
0.089599609375
0.101806640625
0.1171875
0.028564453125
0.096435546875
0.035888671875
0.126953125
0.077392578125
0.103759765625
0.048583984375
0.083740234375
0.044921875
0.251953125
0.134521484375
0.0869140625
0.03515625
0.101806640625
0.033447265625
0.028564453125
0.02880859375
0.04833984375
0.034423828125
0.0439453125
0.042724609375
0.04931640625
0.07275390625
0.084228515625
0.069091796875
0.12353515625
0.024658203125
0.216064453125
0.12255859375
0.08544921875
0.08544921875
0.040283203125
0.04638671875
0.048095703125
0.03662109375
0.052978515625
0.047607421875
0.18798828125
0.028564453125
0.087646484375
0.0576171875
0.116943359375
0.228271484375
0.146484375
0.05810546875
0.07861328125
0.1015625
0.09765625
0.16650390625
0.07080078125
0.0439453125
0.043701171875
0.096435546875
0.080322265625
0.05029296875
0.037353515625
0.0966796875
0.121826171875
0.082763671875
0.0458984375
0.060546875
0.0439453125
0.089111328125
0.228515625
0.075439453125
0.15478515625
0.04541015625
0.08056640625
0.069091796875
0.25732421875
0.1103515625
0.058837890625
0.03271484375
0.039794921875
0.048095703125
0.060546875
0.022216796875
0.176513671875
0.029296875
0.09912109375
0.091552734375
0.095458984375
0.038818359375
0.181640625
0.06103515625
0.037353515625
0.033935546875
0.07958984375
0.099853515625
0.059326171875
0.056884765625
0.06298828125
0.061279296875
0.053955078125
0.092041015625
0.04150390625
0.062255859375
0.063232421875
0.046142578125
0.092041015625
0.056640625
0.074462890625
0.190185546875
0.062255859375
0.049072265625
0.02490234375
0.17724609375
0.159423828125
0.18701171875
0.057861328125
0.151123046875
0.063232421875
0.06396484375
0.08935546875
0.024658203125
0.11376953125
0.083740234375
0.0615234375
0.132080078125
0.060791015625
0.0302734375
0.052978515625
0.04443359375
0.056396484375
0.08740234375
0.172607421875
0.053955078125
0.064208984375
0.109130859375
0.027099609375
0.2080078125
0.088623046875
0.03076171875
0.060546875
0.1064453125
0.045166015625
0.142333984375
0.22119140625
0.0380859375
0.244384765625
0.14990234375
0.078125
0.044189453125
0.0390625
0.068603515625
0.078857421875
0.0751953125
0.041015625
0.11669921875
0.035400390625
0.066162109375
0.109619140625
0.06005859375
0.022705078125
0.079345703125
0.02587890625
0.04931640625
0.18017578125
0.033203125
0.09912109375
0.179931640625
0.076171875
0.0478515625
0.045166015625
0.035400390625
0.09033203125
0.0634765625
0.1376953125
0.167236328125
0.16552734375
0.072998046875
0.073974609375
0.046875
0.1728515625
0.090087890625
0.05322265625
0.031494140625
0.06005859375
0.0888671875
0.04443359375
0.1201171875
0.04736328125
0.026611328125
0.05126953125
0.144287109375
0.04248046875
0.18017578125
0.06005859375
0.0322265625
0.06689453125
0.025634765625
0.076171875
0.025634765625
0.159423828125
0.046875
0.07177734375
0.085693359375
0.045166015625
0.025634765625
0.04443359375
0.047119140625
0.199462890625
0.066162109375
0.0341796875
0.12255859375
0.136962890625
0.060546875
0.140625
0.093017578125
0.060302734375
0.04638671875
0.058349609375
0.052001953125
0.184814453125
0.1259765625
0.098388671875
0.05517578125
0.032470703125
0.254638671875
0.061279296875
0.063232421875
0.08642578125
0.03515625
0.048828125
0.025146484375
0.1171875
0.031982421875
0.04052734375
0.02490234375
0.024169921875
0.109619140625
0.20947265625
0.04443359375
0.076171875
0.181884765625
0.051025390625
0.054931640625
0.17529296875
0.025634765625
0.083984375
0.105712890625
0.016845703125
0.09765625
0.077392578125
0.0478515625
0.07568359375
0.11767578125
0.128173828125
0.04443359375
0.05908203125
0.06396484375
0.045166015625
0.02734375
0.073974609375
0.1455078125
0.170654296875
0.024658203125
0.082763671875
0.05419921875
0.122314453125
0.15234375
0.0859375
0.060302734375
0.103759765625
0.06005859375
0.05029296875
0.046875
0.0595703125
0.048828125
0.044677734375
0.094970703125
0.047119140625
0.040283203125
0.027587890625
0.11279296875
0.033447265625
0.0498046875
0.107666015625
0.0771484375
0.1748046875
0.03759765625
0.141357421875
0.16015625
0.09033203125
0.05615234375
0.072265625
0.18798828125
0.165771484375
0.020263671875
0.0634765625
0.034423828125
0.04443359375
0.048095703125
0.0751953125
0.08056640625
0.073974609375
0.15087890625
0.09033203125
0.127685546875
0.034912109375
0.038818359375
0.0517578125
0.050537109375
0.049560546875
0.128662109375
0.0654296875
0.12109375
0.069580078125
0.039794921875
0.068603515625
0.054443359375
0.070068359375
0.145263671875
0.0732421875
0.049560546875
0.094970703125
0.052734375
0.14501953125
0.0947265625
0.04296875
0.036865234375
0.1240234375
0.054931640625
0.089111328125
0.03271484375
0.046630859375
0.046875
0.0341796875
0.044677734375
0.05908203125
0.03662109375
0.1611328125
0.104736328125
0.04541015625
0.10302734375
0.027587890625
0.098388671875
0.066650390625
0.071044921875
0.044677734375
0.04833984375
0.033203125
0.0419921875
0.08154296875
0.0986328125
0.033447265625
0.05615234375
0.04638671875
0.119873046875
0.04541015625
0.157958984375
0.03564453125
0.072509765625
0.04638671875
0.103759765625
0.054931640625
0.0517578125
0.078369140625
0.1748046875
0.132568359375
0.05859375
0.114013671875
0.0791015625
0.0244140625
0.049560546875
0.192138671875
0.1630859375
0.048828125
0.118896484375
0.06494140625
0.052978515625
0.02099609375
0.06103515625
0.069091796875
0.052001953125
0.06103515625
0.083251953125
0.0361328125
0.0283203125
0.031494140625
0.06201171875
0.059326171875
0.099609375
0.046630859375
0.04345703125
0.04736328125
0.048583984375
0.09521484375
0.09716796875
0.044921875
0.0537109375
0.0703125
0.057861328125
0.090087890625
0.016357421875
0.09228515625
0.040283203125
0.102783203125
0.1455078125
0.0322265625
0.037109375
0.084228515625
0.060791015625
0.08984375
0.039306640625
0.037353515625
0.054443359375
0.04345703125
0.06201171875
0.056396484375
0.1005859375
0.051513671875
0.135498046875
0.167724609375
0.091064453125
0.060546875
0.0439453125
0.028076171875
0.008056640625
0.064453125
0.121337890625
0.053466796875
0.14306640625
0.041015625
0.217529296875
0.12060546875
0.065185546875
0.093505859375
0.0478515625
0.126708984375
0.08251953125
0.094970703125
0.023193359375
0.0927734375
0.08740234375
0.21630859375
0.05126953125
0.107666015625
0.1279296875
0.061767578125
0.09228515625
0.04296875
0.076904296875
0.119140625
0.0263671875
0.0751953125
0.08349609375
0.05859375
0.0634765625
0.04931640625
0.162109375
0.126220703125
0.02880859375
0.03125
0.151611328125
0.0400390625
0.035888671875
0.09619140625
0.033935546875
0.12548828125
0.06787109375
0.124755859375
0.049072265625
0.093994140625
0.070068359375
0.156494140625
0.033203125
0.07763671875
0.1572265625
0.075439453125
0.148193359375
0.042724609375
0.110107421875
0.07373046875
0.05908203125
0.044677734375
0.06689453125
0.05859375
0.09814453125
0.048828125
0.046875
0.1611328125
0.164794921875
0.07958984375
0.145263671875
0.095458984375
0.0830078125
0.119384765625
0.031005859375
0.0693359375
0.091064453125
0.070556640625
0.03662109375
0.23193359375
0.037353515625
0.110107421875
0.085205078125
0.055908203125
0.11767578125
0.048583984375
0.0380859375
0.037109375
0.06884765625
0.04248046875
0.105224609375
0.088134765625
0.088623046875
0.05078125
0.11572265625
0.0244140625
0.069580078125
0.062255859375
0.0908203125
0.051513671875
0.11669921875
0.08203125
0.1748046875
0.148193359375
0.077880859375
0.05126953125
0.10302734375
0.070556640625
0.05615234375
0.037353515625
0.104248046875
0.066650390625
0.056396484375
0.08349609375
0.06494140625
0.07421875
0.112548828125
0.064208984375
0.126708984375
0.112060546875
0.032470703125
0.11083984375
0.17822265625
0.100341796875
0.0400390625
0.074951171875
0.114013671875
0.05859375
0.069091796875
0.21728515625
0.084716796875
0.09912109375
0.042236328125
0.078857421875
0.072998046875
0.070556640625
0.1513671875
0.13671875
0.080322265625
0.069091796875
0.191162109375
0.1630859375
0.080810546875
0.201416015625
0.04052734375
0.041748046875
0.056396484375
0.144775390625
0.025146484375
0.17333984375
0.0537109375
0.04833984375
0.11572265625
0.06396484375
0.1552734375
0.0986328125
0.19775390625
0.099609375
0.0390625
0.110107421875
0.053955078125
0.1513671875
0.07275390625
0.0576171875
0.044677734375
0.080078125
0.158203125
0.12255859375
0.033447265625
0.05908203125
0.1142578125
0.08642578125
0.047119140625
0.0673828125
0.03271484375
0.066650390625
0.0859375
0.107177734375
0.02001953125
0.166748046875
0.03076171875
0.028564453125
0.0419921875
0.043701171875
0.041748046875
0.034912109375
0.022216796875
0.0947265625
0.060302734375
0.21728515625
0.078125
0.02880859375
0.033935546875
0.0576171875
0.078125
0.04638671875
0.027587890625
0.19482421875
0.046142578125
0.0498046875
0.083251953125
0.10595703125
0.0498046875
0.033447265625
0.0498046875
0.086181640625
0.19189453125
0.15185546875
0.023681640625
0.158447265625
0.040771484375
0.044677734375
0.178466796875
0.021728515625
0.148681640625
0.048583984375
0.23046875
0.089111328125
0.180419921875
0.079833984375
0.0556640625
0.182373046875
0.05908203125
0.068115234375
0.0595703125
0.156005859375
0.04248046875
0.075439453125
0.048095703125
0.028564453125
0.15087890625
0.06005859375
0.07568359375
0.080810546875
0.034423828125
0.060546875
0.08544921875
0.163330078125
0.056884765625
0.02197265625
0.048583984375
0.166748046875
0.060791015625
0.095947265625
0.056884765625
0.143310546875
0.02734375
0.151611328125
0.02783203125
0.087890625
0.21728515625
0.062744140625
0.034423828125
0.02490234375
0.1796875
0.0966796875
0.143310546875
0.128662109375
0.037353515625
0.02392578125
0.077880859375
0.05322265625
0.068359375
0.11962890625
0.052978515625
0.05859375
0.042724609375
0.054931640625
0.099365234375
0.128662109375
0.0341796875
0.18798828125
0.08447265625
0.193359375
0.086181640625
0.035888671875
0.169921875
0.118408203125
0.056396484375
0.152587890625
0.0390625
0.14990234375
0.059326171875
0.030029296875
0.06005859375
0.109130859375
0.04833984375
0.08837890625
0.104248046875
0.138671875
0.029052734375
0.051025390625
0.214599609375
0.099853515625
0.057861328125
0.15283203125
0.0869140625
0.077880859375
0.0322265625
0.097900390625
0.1015625
0.1044921875
0.094482421875
0.03564453125
0.0986328125
0.040283203125
0.054443359375
0.076416015625
0.08642578125
0.037353515625
0.11279296875
0.151123046875
0.120361328125
0.05810546875
0.12060546875
0.06201171875
0.118896484375
0.072998046875
0.0478515625
0.029296875
0.033203125
0.050537109375
0.264404296875
0.1015625
0.087646484375
0.070068359375
0.02294921875
0.0283203125
0.039794921875
0.144287109375
0.052978515625
0.05810546875
0.204833984375
0.063720703125
0.258056640625
0.051025390625
0.12060546875
0.13525390625
0.03369140625
0.049072265625
0.031005859375
0.062744140625
0.035400390625
0.1328125
0.125
0.14404296875
0.03515625
0.08740234375
0.052490234375
0.019775390625
0.05322265625
0.12939453125
0.123046875
0.119140625
0.14453125
0.05517578125
0.03662109375
0.08935546875
0.0419921875
0.052490234375
0.0546875
0.0390625
0.03125
0.046142578125
0.1328125
0.2041015625
0.04736328125
0.051513671875
0.038330078125
0.086181640625
0.03369140625
0.181640625
0.142822265625
0.0439453125
0.122802734375
0.060791015625
0.06494140625
0.058349609375
0.0302734375
0.04833984375
0.08349609375
0.041748046875
0.017333984375
0.053955078125
0.05908203125
0.079833984375
0.14697265625
0.05712890625
0.056640625
0.209716796875
0.054443359375
0.029541015625
0.02783203125
0.08056640625
0.103759765625
0.049560546875
0.034912109375
0.13427734375
0.051513671875
0.0283203125
0.037109375
0.048583984375
0.019775390625
0.058837890625
0.041748046875
0.033203125
0.10595703125
0.048583984375
0.02197265625
0.042236328125
0.10595703125
0.033935546875
0.10986328125
0.047607421875
0.141357421875
0.097900390625
0.028076171875
0.038330078125
0.0595703125
0.0302734375
0.097412109375
0.0908203125
0.020263671875
0.063232421875
0.0654296875
0.0439453125
0.054931640625
0.23291015625
0.0546875
0.036376953125
0.1484375
0.029052734375
0.034912109375
0.064697265625
0.04443359375
0.052734375
0.129150390625
0.080078125
0.131103515625
0.187255859375
0.242919921875
0.04150390625
0.0673828125
0.135498046875
0.072265625
0.128173828125
0.0537109375
0.068603515625
0.0810546875
0.0419921875
0.0322265625
0.082763671875
0.14599609375
0.08740234375
0.017333984375
0.035400390625
0.0830078125
0.1728515625
0.056884765625
0.0478515625
0.09912109375
0.29541015625
0.046142578125
0.117919921875
0.1240234375
0.088623046875
0.05029296875
0.066650390625
0.018798828125
0.07421875
0.1328125
0.075927734375
0.063232421875
0.0830078125
0.0419921875
0.061767578125
0.044921875
0.088134765625
0.063232421875
0.165771484375
0.06640625
0.152587890625
0.0888671875
0.190673828125
0.087890625
0.121337890625
0.033935546875
0.06298828125
0.045654296875
0.04931640625
0.037109375
0.01953125
0.030517578125
0.064208984375
0.064453125
0.16748046875
0.102294921875
0.051025390625
0.175537109375
0.0439453125
0.073974609375
0.10302734375
0.135986328125
0.06982421875
0.028564453125
0.0791015625
0.019287109375
0.03369140625
0.243896484375
0.033203125
0.068359375
0.026611328125
0.067626953125
0.095947265625
0.114990234375
0.02783203125
0.097412109375
0.0712890625
0.096923828125
0.039794921875
0.0224609375
0.0498046875
0.100341796875
0.050048828125
0.0380859375
0.061279296875
0.038330078125
0.022216796875
0.035888671875
0.09716796875
0.052490234375
0.03857421875
0.056884765625
0.03271484375
0.046142578125
0.053466796875
0.038330078125
0.051513671875
0.020263671875
0.095947265625
0.06494140625
