0.724853515625
0.724853515625
0.724853515625
0.724853515625
0.66455078125
0.525634765625
0.61572265625
0.56982421875
0.719482421875
0.573486328125
0.0
0.7177734375
0.65673828125
0.7255859375
0.660888671875
0.595458984375
0.709716796875
0.603271484375
0.73193359375
0.751220703125
0.701416015625
0.0
0.7119140625
0.681884765625
0.573974609375
0.651611328125
0.564697265625
0.69970703125
0.57080078125
0.531005859375
0.519775390625
0.520263671875
0.71435546875
0.0
0.0
0.0
0.661865234375
0.770751953125
0.73388671875
0.72900390625
0.73291015625
0.852294921875
0.59716796875
0.667236328125
0.615966796875
0.0
0.0
0.525634765625
0.51171875
0.68115234375
0.711669921875
0.68359375
0.679443359375
0.0
0.640625
0.62060546875
0.580078125
0.706787109375
0.749755859375
0.571044921875
0.66748046875
0.739501953125
0.662353515625
0.66845703125
0.0
0.0
0.0
0.594970703125
0.533935546875
0.6181640625
0.594482421875
0.0
0.0
0.0
0.0
0.767822265625
0.56005859375
0.69970703125
0.739501953125
0.72900390625
0.700927734375
0.0
0.6708984375
0.55517578125
0.782958984375
0.6572265625
0.687255859375
0.0
0.6279296875
0.631103515625
0.610595703125
0.677490234375
0.6162109375
0.5830078125
0.644287109375
0.498291015625
0.71484375
0.619140625
0.688232421875
0.766357421875
0.783203125
0.962158203125
0.761474609375
0.709716796875
0.72021484375
0.724365234375
0.0
0.0
0.6044921875
0.736083984375
0.5244140625
0.65283203125
0.7158203125
0.6357421875
0.720703125
0.735107421875
0.0
0.0
0.0
0.515869140625
0.653564453125
0.695068359375
0.578857421875
0.0
0.0
0.0
0.780029296875
0.71728515625
0.55615234375
0.62890625
0.6201171875
0.787353515625
0.0
0.670166015625
0.586669921875
0.665771484375
0.540771484375
0.717529296875
0.53564453125
0.611328125
0.685302734375
0.589111328125
0.671142578125
0.775146484375
0.472900390625
0.738525390625
0.735595703125
0.62841796875
0.769775390625
0.58056640625
0.591796875
0.609619140625
0.77099609375
0.873046875
0.6181640625
0.0
0.0
0.0
0.0
0.504638671875
0.697265625
0.714111328125
0.67578125
0.58984375
0.67919921875
0.5546875
0.0
0.600341796875
0.52294921875
0.631103515625
0.586181640625
0.7548828125
0.80126953125
0.669921875
0.627685546875
0.648193359375
0.658203125
0.81640625
0.0
0.720703125
0.645263671875
0.601806640625
0.574462890625
0.69140625
0.84130859375
0.0
0.0
0.0
0.503173828125
0.482177734375
0.79052734375
0.65966796875
0.6748046875
0.71630859375
0.715576171875
0.66650390625
0.7099609375
0.0
0.771728515625
0.688720703125
0.470703125
0.8642578125
1.114990234375
0.617919921875
0.509765625
0.7392578125
0.803466796875
0.62109375
0.0
0.641845703125
0.717041015625
0.50927734375
0.0
0.0
0.731689453125
0.801025390625
0.700439453125
0.580810546875
0.649658203125
0.7001953125
0.529052734375
0.5693359375
0.663818359375
0.535888671875
0.0
0.0
0.0
0.589599609375
0.6201171875
0.805908203125
0.8154296875
0.66796875
0.609619140625
0.65966796875
0.684326171875
0.739990234375
0.0
0.0
0.78662109375
0.521240234375
0.67333984375
0.524658203125
0.669677734375
0.705322265625
0.83349609375
0.548583984375
0.687744140625
0.0
0.720947265625
0.702880859375
0.81298828125
0.485595703125
0.59228515625
0.59228515625
0.65576171875
0.65966796875
0.618896484375
0.71142578125
0.72705078125
0.66357421875
0.0
0.617919921875
0.691162109375
0.655517578125
0.556884765625
0.58642578125
0.739501953125
0.831787109375
0.83935546875
0.781494140625
0.724609375
0.607666015625
0.6162109375
0.869384765625
0.610595703125
0.6044921875
0.726806640625
0.673583984375
0.62744140625
0.62646484375
0.0
0.69970703125
0.6416015625
0.72216796875
0.64501953125
0.847412109375
0.65966796875
0.66748046875
0.725341796875
0.37841796875
0.0
0.0
0.6494140625
0.6728515625
0.6416015625
0.696533203125
0.6728515625
0.73486328125
0.490234375
0.74951171875
0.62939453125
0.7705078125
0.505615234375
0.62109375
0.71435546875
0.54345703125
0.6826171875
0.63818359375
0.804443359375
0.806396484375
0.63427734375
0.53564453125
0.744384765625
0.63671875
0.498046875
0.92919921875
0.658447265625
0.64990234375
0.71484375
0.71337890625
0.79345703125
0.0
0.0
0.67919921875
0.8056640625
0.66796875
0.664794921875
0.793212890625
0.7607421875
0.598876953125
0.6787109375
0.633056640625
0.720947265625
0.552490234375
0.79736328125
0.0
0.0
0.6748046875
0.662109375
0.833984375
0.5537109375
0.66650390625
0.763427734375
0.647216796875
0.65771484375
0.633544921875
0.609619140625
0.0
0.65869140625
0.5849609375
0.49169921875
0.514892578125
0.707275390625
0.81005859375
0.0
0.0
0.603759765625
0.770751953125
0.734375
0.6728515625
0.61572265625
0.719482421875
0.0
0.612548828125
0.449951171875
0.814453125
0.64697265625
0.791015625
0.69384765625
0.0
0.588623046875
0.727294921875
0.723876953125
0.744384765625
0.72021484375
0.0
0.0
0.8017578125
0.7421875
0.77783203125
0.617431640625
0.658447265625
0.7236328125
0.0
0.0
0.654296875
0.695068359375
0.6845703125
0.64404296875
0.65576171875
0.840576171875
0.705078125
0.62158203125
0.693359375
0.0
0.654296875
0.56787109375
0.808349609375
0.580810546875
0.591064453125
0.777587890625
0.0
0.0
0.0
0.58056640625
0.68994140625
0.716796875
0.75341796875
0.638916015625
0.692138671875
0.987060546875
0.726806640625
0.68896484375
0.490478515625
0.8203125
0.616943359375
0.7607421875
0.62158203125
0.811767578125
0.68212890625
0.818603515625
0.82666015625
0.727294921875
0.72412109375
0.60498046875
0.81982421875
0.667236328125
0.7900390625
0.692138671875
0.55322265625
0.0
0.5693359375
0.6015625
0.534423828125
0.60400390625
0.658203125
0.56494140625
0.667236328125
0.60595703125
0.589599609375
0.731201171875
0.0
0.0
0.5634765625
0.68603515625
0.728271484375
0.640380859375
0.888427734375
0.727294921875
0.735107421875
0.792236328125
0.6337890625
0.547119140625
0.663330078125
0.0
0.7919921875
0.548583984375
0.671875
0.663818359375
0.649169921875
0.62841796875
0.0
0.0
0.827392578125
0.641845703125
0.586181640625
0.0
0.0
0.0
0.621826171875
0.583740234375
0.765869140625
0.678955078125
0.677490234375
0.69091796875
0.671142578125
0.832275390625
0.0
0.830810546875
0.567138671875
0.642333984375
0.0
0.0
0.0
0.78173828125
0.6552734375
0.57275390625
0.537109375
0.8251953125
0.76220703125
0.0
0.0
0.67578125
0.682861328125
0.63818359375
0.760986328125
0.656982421875
0.71923828125
0.947509765625
0.59228515625
0.70263671875
0.88916015625
0.903564453125
0.776611328125
0.6337890625
0.537353515625
0.768798828125
0.758544921875
0.6982421875
0.596435546875
0.61572265625
0.749755859375
0.7060546875
0.586181640625
0.6015625
0.617919921875
0.60888671875
0.558837890625
0.673828125
0.882568359375
0.656005859375
0.6005859375
0.6572265625
0.712158203125
0.6572265625
0.69970703125
0.614501953125
0.846435546875
0.688720703125
0.0
0.0
0.612060546875
0.499267578125
0.626708984375
0.0
0.79443359375
0.640869140625
0.808349609375
0.800537109375
0.55224609375
0.583251953125
0.697998046875
0.0
0.533203125
0.71923828125
0.77880859375
0.783447265625
0.735595703125
0.81103515625
0.79150390625
0.40234375
0.71484375
0.0
0.663330078125
0.614013671875
0.716796875
0.72900390625
0.672607421875
0.751708984375
0.570068359375
0.60107421875
0.702880859375
0.678466796875
0.0
0.0
0.584228515625
0.64306640625
0.850341796875
0.828857421875
0.669189453125
0.65087890625
0.492919921875
0.782958984375
0.64599609375
0.599853515625
0.701904296875
0.6142578125
0.5859375
0.53076171875
0.0
0.0
0.6904296875
0.574462890625
0.59130859375
0.75439453125
0.688720703125
0.60546875
0.0
0.84033203125
0.650146484375
0.68603515625
0.71044921875
0.716064453125
0.591064453125
0.0
0.0
0.760498046875
0.726806640625
0.8017578125
0.531494140625
0.692138671875
0.0
0.0
0.65576171875
0.82861328125
0.633544921875
0.716552734375
0.8115234375
0.585205078125
0.753662109375
0.633544921875
0.0
0.0
0.76318359375
0.77880859375
0.775146484375
0.602783203125
0.0
0.0
0.0
0.6484375
0.5673828125
0.599853515625
0.68310546875
0.59228515625
0.6318359375
0.0
0.0
0.491943359375
0.71728515625
0.798828125
0.776611328125
0.830078125
0.585693359375
0.61181640625
0.0
0.0
0.0
0.0
0.0
0.63525390625
0.631103515625
0.71435546875
0.696044921875
0.0
0.0
0.0
0.524658203125
0.6806640625
0.885009765625
0.7001953125
0.694091796875
0.537353515625
0.76953125
0.65283203125
0.0
0.0
0.0
0.0
0.0
0.0
0.732177734375
0.8193359375
0.6435546875
0.79296875
0.71484375
0.0
0.0
0.622314453125
0.624267578125
0.741943359375
0.55859375
0.646728515625
0.57958984375
0.757568359375
0.686767578125
0.827392578125
0.63134765625
0.6767578125
0.658447265625
0.6064453125
0.67333984375
0.809814453125
0.651611328125
0.845947265625
0.655029296875
0.650390625
0.0
0.7236328125
0.7705078125
0.816650390625
0.703369140625
0.71923828125
0.633056640625
0.560546875
0.0
0.0
0.0
0.0
0.0
0.69482421875
0.683837890625
0.69677734375
0.790771484375
0.643798828125
0.79296875
0.568115234375
0.68310546875
0.577392578125
0.652587890625
0.0
0.542236328125
0.675048828125
0.68505859375
0.625732421875
0.5732421875
0.73046875
0.706787109375
0.677734375
0.0
0.526611328125
0.699462890625
0.685546875
0.847412109375
0.662841796875
0.0
0.0
0.0
0.563720703125
0.789794921875
0.696044921875
0.539306640625
0.698974609375
0.0
0.0
0.5654296875
0.663818359375
0.607421875
0.629638671875
0.50146484375
0.667236328125
0.752685546875
0.66552734375
0.6025390625
0.60009765625
0.5546875
0.76171875
0.678955078125
0.78466796875
0.5947265625
0.652587890625
0.7880859375
0.0
0.0
0.0
0.751220703125
0.63720703125
0.746337890625
0.51513671875
0.707275390625
0.66015625
0.759521484375
0.572509765625
0.0
0.6904296875
0.85546875
0.458740234375
0.0
0.0
0.672607421875
0.73681640625
0.676025390625
0.736328125
0.656494140625
0.78564453125
0.0
0.0
0.668212890625
0.736572265625
0.578369140625
0.4736328125
0.7646484375
0.7783203125
0.563720703125
0.0
0.0
0.862060546875
0.56298828125
0.633544921875
0.614501953125
0.710693359375
0.0
0.696044921875
0.823974609375
0.722412109375
0.69677734375
0.0
0.0
0.77001953125
0.7490234375
0.541748046875
0.0
0.0
0.0
0.761962890625
0.703369140625
0.450439453125
0.74658203125
0.79931640625
0.759765625
0.699951171875
0.62353515625
0.66455078125
0.0
0.828857421875
0.716552734375
0.0
0.0
0.0
0.0
0.766357421875
0.709228515625
0.761474609375
0.553466796875
0.0
0.71044921875
0.640625
0.700927734375
0.564208984375
0.772705078125
0.6328125
0.700439453125
0.0
0.0
0.773681640625
0.833740234375
0.572021484375
0.523193359375
0.760009765625
0.62890625
0.6533203125
0.0
0.0
0.0
0.537841796875
0.573974609375
0.86572265625
0.723388671875
0.0
0.0
0.0
0.71728515625
0.7568359375
0.573974609375
0.735107421875
0.7294921875
0.768310546875
0.57861328125
0.7392578125
0.70751953125
0.59521484375
0.6337890625
0.638916015625
0.612060546875
0.89208984375
0.711669921875
0.701416015625
0.783447265625
0.0
0.6015625
0.74560546875
0.72216796875
0.721923828125
0.629150390625
0.685302734375
0.7041015625
0.720703125
0.667236328125
0.72021484375
0.717041015625
0.83740234375
0.702880859375
0.592041015625
0.625244140625
0.775390625
0.0
0.0
0.6171875
0.64453125
0.36083984375
0.546875
0.607177734375
0.635009765625
0.711181640625
0.86572265625
0.7294921875
0.0
0.0
0.816162109375
0.795654296875
0.73876953125
0.545654296875
0.780517578125
0.8662109375
0.0
0.0
0.657470703125
0.63232421875
0.5771484375
0.6337890625
0.579833984375
0.0
0.0
0.0
0.662841796875
0.769287109375
0.78515625
0.724853515625
0.760009765625
0.66943359375
0.566162109375
0.63818359375
0.619140625
0.7509765625
0.790283203125
0.830810546875
0.65869140625
0.779541015625
0.6875
0.665771484375
0.0
0.0
0.0
0.67236328125
0.655029296875
0.5693359375
0.72705078125
0.66357421875
0.0
0.0
0.0
0.0
0.606201171875
0.697265625
0.71142578125
0.589599609375
0.738525390625
0.771484375
0.55810546875
0.839599609375
0.66162109375
0.75732421875
0.637451171875
0.603271484375
0.0
0.0
0.583984375
0.608154296875
0.713134765625
0.5927734375
0.486572265625
0.602294921875
0.6611328125
0.667724609375
0.867431640625
0.84228515625
0.76611328125
0.637451171875
0.0
0.0
0.0
0.679443359375
0.71923828125
0.735107421875
0.720458984375
0.751708984375
0.726318359375
0.728271484375
0.7783203125
0.0
0.0
0.0
0.676025390625
0.790283203125
0.7509765625
0.642333984375
0.78759765625
0.87744140625
0.7646484375
0.687255859375
0.0
0.748779296875
0.5947265625
0.52001953125
0.82177734375
0.50927734375
0.720703125
0.0
0.0
