0.3701171875
0.0
0.371826171875
0.22705078125
0.309814453125
0.233154296875
0.283935546875
0.42041015625
0.0
0.0
0.0
0.251708984375
0.4189453125
0.3701171875
0.0
0.0
0.36669921875
0.22119140625
0.301513671875
0.30126953125
0.161376953125
0.4853515625
0.311767578125
0.380859375
0.28125
0.321533203125
0.40380859375
0.337890625
0.255615234375
0.0
0.0
0.467041015625
0.4169921875
0.41748046875
0.452880859375
0.361083984375
0.0
0.214599609375
0.41015625
0.386962890625
0.369384765625
0.5107421875
0.28564453125
0.306396484375
0.36962890625
0.434814453125
0.447265625
0.328857421875
0.353759765625
0.248046875
0.252685546875
0.384521484375
0.443359375
0.315185546875
0.310302734375
0.5322265625
0.343994140625
0.3544921875
0.39501953125
0.326171875
0.0
0.33349609375
0.293701171875
0.43359375
0.312744140625
0.243896484375
0.436767578125
0.0
0.0
0.480224609375
0.37939453125
0.44873046875
0.208984375
0.33154296875
0.0
0.366943359375
0.292236328125
0.4580078125
0.0
0.0
0.359375
0.341552734375
0.138427734375
0.378173828125
0.355712890625
0.408447265625
0.35498046875
0.451904296875
0.28369140625
0.0
0.0
0.41552734375
0.281005859375
0.342041015625
0.182373046875
0.366455078125
0.2783203125
0.590087890625
0.295654296875
0.368896484375
0.420654296875
0.3583984375
0.0
0.26904296875
0.363037109375
0.40283203125
0.0
0.0
0.329345703125
0.307373046875
0.0
0.0
0.0
0.0
0.323486328125
0.28515625
0.424072265625
0.341064453125
0.219482421875
0.0
0.496337890625
0.361328125
0.283447265625
0.333984375
0.257568359375
0.0
0.0
0.28857421875
0.419189453125
0.25537109375
0.278076171875
0.37841796875
0.355224609375
0.0
0.0
0.0
0.330078125
0.4873046875
0.0
0.0
0.352294921875
0.226318359375
0.468505859375
0.298828125
0.341552734375
0.646484375
0.0
0.0
0.3642578125
0.305908203125
0.377197265625
0.292724609375
0.4345703125
0.312744140625
0.371826171875
0.48828125
0.297607421875
0.387939453125
0.395263671875
0.0
0.0
0.0
0.3916015625
0.39697265625
0.589599609375
0.30224609375
0.39013671875
0.320068359375
0.0
0.0
0.0
0.0
0.287353515625
0.46044921875
0.58935546875
0.371826171875
0.0
0.43408203125
0.298583984375
0.263916015625
0.208984375
0.4501953125
0.303466796875
0.235595703125
0.466796875
0.257080078125
0.388916015625
0.0
0.448486328125
0.17041015625
0.355712890625
0.35693359375
0.3203125
0.38818359375
0.23486328125
0.554443359375
0.0
0.0
0.283447265625
0.30078125
0.45751953125
0.650390625
0.248779296875
0.292236328125
0.481689453125
0.0
0.3037109375
0.334228515625
0.488525390625
0.5517578125
0.310546875
0.0
0.26220703125
0.31640625
0.31787109375
0.402587890625
0.362060546875
0.242919921875
0.38916015625
0.0
0.0
0.357421875
0.41064453125
0.449462890625
0.427001953125
0.269287109375
0.385009765625
0.50048828125
0.43212890625
0.0
0.0
0.21923828125
0.3525390625
0.552001953125
0.0
0.0
0.0
0.0
0.285888671875
0.225341796875
0.509765625
0.257568359375
0.29052734375
0.377197265625
0.336181640625
0.32421875
0.437255859375
0.301513671875
0.0
0.252685546875
0.0
0.0
0.199951171875
0.240234375
0.145751953125
0.3466796875
0.4267578125
0.337890625
0.337646484375
0.427734375
0.0
0.2900390625
0.384033203125
0.26318359375
0.312255859375
0.27783203125
0.22802734375
0.311767578125
0.0
0.56494140625
0.54638671875
0.324951171875
0.353271484375
0.49072265625
0.374267578125
0.323486328125
0.0
0.0
0.275390625
0.307861328125
0.15283203125
0.248779296875
0.338134765625
0.480712890625
0.274658203125
0.0
0.0
0.0
0.32861328125
0.4365234375
0.28662109375
0.365966796875
0.26123046875
0.231689453125
0.359619140625
0.0
0.0
0.0
0.0
0.26318359375
0.271728515625
0.431396484375
0.455322265625
0.342041015625
0.33056640625
0.0
0.297607421875
0.37353515625
0.493408203125
0.323486328125
0.47216796875
0.0
0.0
0.0
0.286376953125
0.327880859375
0.298828125
0.37841796875
0.319580078125
0.6162109375
0.3232421875
0.272705078125
0.287841796875
0.3203125
0.334228515625
0.3642578125
0.33642578125
0.34228515625
0.2412109375
0.0
0.0
0.0
0.307373046875
0.19873046875
0.494873046875
0.461669921875
0.329345703125
0.0
0.0
0.0
0.283447265625
0.314208984375
0.29638671875
0.0
0.0
0.33544921875
0.416748046875
0.39794921875
0.26123046875
0.290283203125
0.39697265625
0.218505859375
0.293212890625
0.286376953125
0.339599609375
0.1953125
0.318115234375
0.3818359375
0.255615234375
0.254638671875
0.18701171875
0.0
0.0
0.3291015625
0.124755859375
0.319091796875
0.256103515625
0.332275390625
0.28466796875
0.385009765625
0.307373046875
0.4052734375
0.2646484375
0.0
0.35009765625
0.380126953125
0.34619140625
0.44921875
0.379638671875
0.0
0.371337890625
0.0
0.0
0.44677734375
0.6064453125
0.225341796875
0.32421875
0.455322265625
0.0
0.0
0.361083984375
0.33056640625
0.42578125
0.49658203125
0.41845703125
0.28173828125
0.280029296875
0.337890625
0.191162109375
0.0
0.0
0.0
0.164794921875
0.2626953125
0.22607421875
0.24169921875
0.214599609375
0.369873046875
0.314208984375
0.439453125
0.318115234375
0.58935546875
0.0
0.0
0.0
0.0
0.0
0.211181640625
0.44140625
0.201416015625
0.38330078125
0.3095703125
0.380615234375
0.0
0.0
0.0
0.202392578125
0.31201171875
0.30859375
0.40576171875
0.148193359375
0.462646484375
0.3408203125
0.0
0.337890625
0.210205078125
0.280029296875
0.0
0.27490234375
0.3642578125
0.292724609375
0.431396484375
0.3115234375
0.3212890625
0.327392578125
0.0
0.373046875
0.282470703125
0.254638671875
0.341064453125
0.0
0.0
0.0
0.172607421875
0.307861328125
0.378173828125
0.347900390625
0.515625
0.2587890625
0.281494140625
0.0
0.363525390625
0.350830078125
0.356201171875
0.297607421875
0.255615234375
0.31982421875
0.250732421875
0.296630859375
0.384033203125
0.427001953125
0.0
0.0
0.0
0.0
0.424560546875
0.4755859375
0.51708984375
0.45703125
0.315673828125
0.25732421875
0.3095703125
0.0
0.32958984375
0.320068359375
0.45458984375
0.0
0.0
0.0
0.0
0.375244140625
0.225830078125
0.319091796875
0.264404296875
0.30322265625
0.356689453125
0.197509765625
0.191650390625
0.338134765625
0.53173828125
0.326171875
0.0
0.0
0.374755859375
0.4375
0.391357421875
0.318359375
0.323974609375
0.235107421875
0.3935546875
0.363525390625
0.0
0.366943359375
0.297119140625
0.3564453125
0.176513671875
0.4267578125
0.432373046875
0.346435546875
0.0
0.0
0.24072265625
0.3134765625
0.23583984375
0.267578125
0.0
0.0
0.0
0.401611328125
0.38232421875
0.226318359375
0.184814453125
0.24853515625
0.0
0.0
0.16455078125
0.238525390625
0.3134765625
0.0
0.0
0.0
0.264404296875
0.361328125
0.4130859375
0.26171875
0.26123046875
0.42822265625
0.3662109375
0.22021484375
0.231201171875
0.416015625
0.3828125
0.341552734375
0.1630859375
0.0
0.0
0.35400390625
0.213134765625
0.303955078125
0.430908203125
0.38671875
0.287109375
0.4658203125
0.44482421875
0.0
0.0
0.3896484375
0.412109375
0.46142578125
0.317626953125
0.335205078125
0.34814453125
0.428466796875
0.38720703125
0.270751953125
0.3779296875
0.0
0.0
0.0
0.324951171875
0.330322265625
0.327392578125
0.3720703125
0.280517578125
0.264892578125
0.0
0.0
0.32373046875
0.259765625
0.239990234375
0.0
0.0
0.2724609375
0.187744140625
0.417724609375
0.200927734375
0.203857421875
0.41845703125
0.0
0.0
0.391845703125
0.36669921875
0.3896484375
0.321044921875
0.3955078125
0.33056640625
0.0
0.225341796875
0.416015625
0.3330078125
0.319091796875
0.378173828125
0.242431640625
0.0
0.3583984375
0.374267578125
0.342529296875
0.0
0.289794921875
0.314453125
0.3173828125
0.330810546875
0.283203125
0.28271484375
0.416748046875
0.45947265625
0.328369140625
0.272705078125
0.0
0.0
0.34228515625
0.376220703125
0.228271484375
0.314697265625
0.3115234375
0.4677734375
0.324462890625
0.468017578125
0.2841796875
0.620361328125
0.281982421875
0.271240234375
0.0
0.0
0.425048828125
0.433837890625
0.303466796875
0.602783203125
0.48974609375
0.456298828125
0.31201171875
0.48486328125
0.286376953125
0.0
0.0
0.308349609375
0.275390625
0.30810546875
0.248046875
0.400634765625
0.0
0.42431640625
0.256591796875
0.425537109375
0.40283203125
0.308349609375
0.329345703125
0.4423828125
0.0
0.0
0.255126953125
0.2548828125
0.2548828125
0.469970703125
0.538330078125
0.202392578125
0.321533203125
0.0
0.0
0.29296875
0.38134765625
0.2763671875
0.373779296875
0.44287109375
0.2880859375
0.0
0.0
0.0
0.30810546875
0.608154296875
0.50830078125
0.266357421875
0.0
0.17041015625
0.4443359375
0.425537109375
0.285888671875
0.289306640625
0.3310546875
0.266357421875
0.4130859375
0.0
0.0
0.0
0.0
0.0
0.236572265625
0.0
0.388916015625
0.183837890625
0.455810546875
0.271484375
0.270263671875
0.3173828125
0.341064453125
0.25439453125
0.32080078125
0.0
0.0
0.4765625
0.368408203125
0.29931640625
0.307373046875
0.189453125
0.25
0.0
0.0
0.302001953125
0.417236328125
0.22314453125
0.34375
0.0
0.0
0.0
0.0
0.2021484375
0.18408203125
0.3193359375
0.0
0.0
0.389404296875
0.240966796875
0.42919921875
0.46044921875
0.41015625
0.443359375
0.419189453125
0.25048828125
0.52392578125
0.0
0.0
0.0
0.0
0.4091796875
0.25634765625
0.341064453125
0.533203125
0.34765625
0.45263671875
0.2490234375
0.570556640625
0.3759765625
0.0
0.280029296875
0.32861328125
0.4072265625
0.327880859375
0.0
0.0
0.0
0.0
0.0
0.52783203125
0.337890625
0.42724609375
0.33642578125
0.0
0.227294921875
0.38232421875
0.4697265625
0.3525390625
0.4052734375
0.431884765625
0.47900390625
0.408935546875
0.314697265625
0.398681640625
0.4091796875
0.0
0.302734375
0.331298828125
0.40625
0.383544921875
0.0
0.0
0.36572265625
0.3125
0.377685546875
0.352783203125
0.32080078125
0.317626953125
0.0
0.0
0.25439453125
0.3974609375
0.37353515625
0.402587890625
0.267333984375
0.3984375
0.537353515625
0.289794921875
0.2021484375
0.39208984375
0.2333984375
0.0
0.0
0.3505859375
0.364013671875
0.358642578125
0.31982421875
0.2607421875
0.324462890625
0.348876953125
0.391357421875
0.408203125
0.341064453125
0.4423828125
0.323974609375
0.36083984375
0.292236328125
0.5078125
0.333251953125
0.0
0.0
0.199462890625
0.485595703125
0.270751953125
0.42333984375
0.220947265625
0.27001953125
0.354248046875
0.486328125
0.24951171875
0.0
0.0
0.509765625
0.404541015625
0.33544921875
0.286376953125
0.3876953125
0.37890625
0.0
0.4794921875
0.0
0.0
0.455078125
0.2490234375
0.520263671875
0.29541015625
0.349609375
0.0
0.393798828125
0.40283203125
0.34912109375
0.420654296875
0.234375
0.339111328125
0.6220703125
0.0
0.0
0.0
0.5146484375
0.35546875
0.2392578125
0.0
0.4052734375
0.442138671875
0.41259765625
0.35205078125
0.0
0.284423828125
0.393310546875
0.2919921875
0.46728515625
0.3671875
0.350830078125
0.297119140625
0.0
0.0
0.0
0.22705078125
0.281005859375
0.333740234375
0.354736328125
0.286376953125
0.497314453125
0.230712890625
0.342529296875
0.0
0.313232421875
0.44921875
0.28271484375
0.27294921875
0.34375
0.3798828125
0.283935546875
0.37451171875
0.533447265625
0.3076171875
0.27783203125
0.241455078125
0.31982421875
0.17138671875
0.350341796875
0.480712890625
0.0
0.0
0.0
0.0
0.39013671875
0.313720703125
0.319580078125
0.36474609375
0.28759765625
0.0
0.0
0.0
0.405517578125
0.18798828125
0.380615234375
0.306884765625
0.396728515625
0.312255859375
0.581787109375
0.28173828125
0.293212890625
0.541259765625
0.35009765625
0.44873046875
0.0
0.27685546875
0.414794921875
0.373291015625
0.259521484375
0.277099609375
0.317138671875
0.283935546875
0.3076171875
0.0
0.0
0.416748046875
0.32568359375
0.464599609375
0.3642578125
0.333984375
0.230224609375
0.1943359375
0.0
0.0
0.342529296875
0.23193359375
0.275634765625
0.323486328125
0.470703125
0.0
0.0
0.0
0.0
0.201904296875
0.300537109375
0.407470703125
0.422607421875
0.300048828125
0.0
0.0
0.44189453125
0.3642578125
0.414794921875
0.3310546875
0.436767578125
0.0
0.293701171875
0.4013671875
0.322509765625
0.280517578125
0.2763671875
0.209716796875
0.42822265625
0.0
