0.283447265625
0.216064453125
0.0
0.3779296875
0.252685546875
0.513427734375
0.200439453125
0.31005859375
0.0
0.408447265625
0.20361328125
0.222900390625
0.0
0.37451171875
0.24951171875
0.224853515625
0.217529296875
0.288818359375
0.2548828125
0.35693359375
0.18896484375
0.190185546875
0.2265625
0.0
0.19873046875
0.365966796875
0.244384765625
0.28125
0.2216796875
0.186767578125
0.0
0.259033203125
0.24267578125
0.289306640625
0.240234375
0.364990234375
0.1806640625
0.135498046875
0.24169921875
0.252685546875
0.417724609375
0.210693359375
0.204345703125
0.285400390625
0.260498046875
0.281982421875
0.272216796875
0.4013671875
0.248779296875
0.36083984375
0.253173828125
0.205078125
0.378662109375
0.17138671875
0.25732421875
0.440185546875
0.0
0.0
0.0
0.460205078125
0.49462890625
0.253662109375
0.495361328125
0.29150390625
0.312255859375
0.183837890625
0.5322265625
0.203369140625
0.0
0.0
0.0
0.419677734375
0.0
0.0
0.266845703125
0.203857421875
0.359130859375
0.3662109375
0.23486328125
0.529541015625
0.446044921875
0.3955078125
0.0
0.0
0.0
0.269775390625
0.295166015625
0.4697265625
0.375244140625
0.245849609375
0.377197265625
0.311767578125
0.534423828125
0.3935546875
0.3671875
0.24658203125
0.185546875
0.24365234375
0.53857421875
0.27294921875
0.343505859375
0.36669921875
0.255126953125
0.0
0.357177734375
0.193603515625
0.303955078125
0.2373046875
0.294921875
0.4140625
0.188720703125
0.25537109375
0.0
0.0
0.171142578125
0.180419921875
0.42919921875
0.360107421875
0.196044921875
0.0
0.0
0.0
0.0
0.27734375
0.353759765625
0.34130859375
0.277587890625
0.12939453125
0.0
0.0
0.0
0.285400390625
0.453857421875
0.3505859375
0.279052734375
0.22021484375
0.48876953125
0.272216796875
0.0
0.0
0.157958984375
0.246337890625
0.327880859375
0.270751953125
0.36376953125
0.4033203125
0.218994140625
0.413330078125
0.0
0.0
0.0
0.0
0.250732421875
0.236572265625
0.162109375
0.251953125
0.311279296875
0.182373046875
0.2841796875
0.258544921875
0.363037109375
0.0
0.0
0.38671875
0.245361328125
0.265625
0.225341796875
0.2724609375
0.2734375
0.220703125
0.216064453125
0.293701171875
0.177001953125
0.20751953125
0.329345703125
0.28955078125
0.290771484375
0.27099609375
0.0
0.0
0.22705078125
0.28125
0.39599609375
0.30224609375
0.0
0.353271484375
0.23388671875
0.0
0.215576171875
0.187744140625
0.217041015625
0.400146484375
0.482421875
0.263671875
0.252197265625
0.216796875
0.21923828125
0.319580078125
0.221923828125
0.440673828125
0.276123046875
0.428466796875
0.350830078125
0.284423828125
0.281005859375
0.38525390625
0.289794921875
0.27685546875
0.304443359375
0.470703125
0.343505859375
0.287841796875
0.310302734375
0.28955078125
0.33154296875
0.281005859375
0.0
0.0
0.0
0.225830078125
0.271728515625
0.384765625
0.294921875
0.393798828125
0.318603515625
0.24658203125
0.2958984375
0.377685546875
0.252197265625
0.276123046875
0.1005859375
0.1796875
0.1376953125
0.0
0.0
0.0
0.223388671875
0.16943359375
0.236083984375
0.2763671875
0.387451171875
0.0
0.19580078125
0.167236328125
0.261474609375
0.28564453125
0.37744140625
0.443115234375
0.0
0.313232421875
0.3740234375
0.236572265625
0.26220703125
0.400146484375
0.1455078125
0.47607421875
0.145751953125
0.5166015625
0.4052734375
0.364013671875
0.32763671875
0.444580078125
0.0
0.436279296875
0.364990234375
0.318115234375
0.20654296875
0.278564453125
0.356689453125
0.239013671875
0.45703125
0.337890625
0.296875
0.0
0.0
0.320556640625
0.1455078125
0.22021484375
0.2138671875
0.41455078125
0.4228515625
0.4384765625
0.0
0.0
0.43994140625
0.232666015625
0.236328125
0.35546875
0.329833984375
0.327392578125
0.0
0.2314453125
0.283447265625
0.25830078125
0.0
0.0
0.0
0.245849609375
0.154541015625
0.0
0.0
0.0
0.638427734375
0.336669921875
0.271728515625
0.269775390625
0.1669921875
0.26708984375
0.310791015625
0.237060546875
0.275634765625
0.381591796875
0.394287109375
0.3720703125
0.274658203125
0.149169921875
0.418212890625
0.249267578125
0.21533203125
0.167236328125
0.142578125
0.363037109375
0.29150390625
0.308349609375
0.31005859375
0.227783203125
0.0
0.0
0.303955078125
0.224365234375
0.249755859375
0.212158203125
0.3515625
0.36572265625
0.4287109375
0.3662109375
0.333984375
0.322265625
0.43603515625
0.32373046875
0.4609375
0.3330078125
0.275390625
0.381103515625
0.411376953125
0.370361328125
0.421142578125
0.31591796875
0.360107421875
0.306396484375
0.24462890625
0.0
0.0
0.214599609375
0.21142578125
0.326416015625
0.196533203125
0.35986328125
0.0
0.1982421875
0.263916015625
0.300537109375
0.340087890625
0.322265625
0.26953125
0.427978515625
0.28466796875
0.361328125
0.331787109375
0.27783203125
0.0
0.0
0.334228515625
0.22998046875
0.27001953125
0.259521484375
0.1484375
0.53955078125
0.137451171875
0.28662109375
0.15869140625
0.20263671875
0.22265625
0.0
0.0
0.248779296875
0.361083984375
0.35107421875
0.24951171875
0.0
0.0
0.34716796875
0.330322265625
0.19091796875
0.23779296875
0.352294921875
0.18994140625
0.637939453125
0.448974609375
0.179931640625
0.16162109375
0.181884765625
0.30615234375
0.444091796875
0.3984375
0.317626953125
0.158203125
0.0
0.0
0.0
0.0
0.465576171875
0.19970703125
0.1640625
0.248046875
0.29638671875
0.365234375
0.0
0.0
0.0
0.359619140625
0.217529296875
0.25
0.388671875
0.35888671875
0.43994140625
0.219970703125
0.393798828125
0.0
0.254150390625
0.14453125
0.193115234375
0.352294921875
0.0
0.0
0.340576171875
0.27783203125
0.382568359375
0.4580078125
0.534423828125
0.177490234375
0.0
0.0
0.271484375
0.301513671875
0.37939453125
0.33984375
0.346923828125
0.3203125
0.38232421875
0.208984375
0.38525390625
0.0
0.0
0.263671875
0.33740234375
0.2763671875
0.369140625
0.36181640625
0.20166015625
0.33154296875
0.357177734375
0.47216796875
0.0
0.326171875
0.180908203125
0.284423828125
0.390625
0.280517578125
0.401123046875
0.0
0.138671875
0.33642578125
0.304443359375
0.25927734375
0.390625
0.149169921875
0.215576171875
0.205322265625
0.327880859375
0.509765625
0.423828125
0.395751953125
0.224365234375
0.4169921875
0.408935546875
0.241455078125
0.192138671875
0.429931640625
0.22998046875
0.256591796875
0.0
0.0
0.0
0.0
0.0
0.218505859375
0.19384765625
0.47705078125
0.241943359375
0.4462890625
0.281005859375
0.300048828125
0.20947265625
0.271728515625
0.4169921875
0.0
0.266845703125
0.28369140625
0.35546875
0.251220703125
0.288818359375
0.180908203125
0.16845703125
0.205322265625
0.302734375
0.240478515625
0.20947265625
0.3916015625
0.255859375
0.176513671875
0.356689453125
0.0
0.18798828125
0.31005859375
0.334716796875
0.318603515625
0.2685546875
0.2001953125
0.0
0.24072265625
0.284423828125
0.4267578125
0.336669921875
0.0
0.339111328125
0.27197265625
0.40771484375
0.239990234375
0.296875
0.0
0.0
0.27490234375
0.37451171875
0.241943359375
0.357666015625
0.248046875
0.4873046875
0.2041015625
0.39990234375
0.250732421875
0.209228515625
0.307861328125
0.414306640625
0.29931640625
0.35546875
0.32763671875
0.17236328125
0.234375
0.317626953125
0.374267578125
0.0
0.326171875
0.304443359375
0.19189453125
0.31494140625
0.1796875
0.327392578125
0.0
0.39990234375
0.2255859375
0.486328125
0.232421875
0.244140625
0.20849609375
0.0
0.0
0.0
0.237060546875
0.41552734375
0.27685546875
0.21728515625
0.287353515625
0.186279296875
0.19140625
0.2646484375
0.246337890625
0.302978515625
0.0
0.361328125
0.392333984375
0.494873046875
0.0
0.0
0.215087890625
0.187255859375
0.0
0.0
0.0
0.0
0.326171875
0.370361328125
0.16748046875
0.14990234375
0.194091796875
0.236572265625
0.29638671875
0.2822265625
0.229248046875
0.2587890625
0.26611328125
0.0
0.272216796875
0.294921875
0.374267578125
0.21142578125
0.258056640625
0.31201171875
0.294189453125
0.346923828125
0.288330078125
0.0
0.0
0.262939453125
0.3330078125
0.3115234375
0.42236328125
0.240234375
0.218017578125
0.185546875
0.0
0.0
0.266845703125
0.417724609375
0.320068359375
0.3623046875
0.1318359375
0.0
0.0
0.172119140625
0.2646484375
0.292724609375
0.315185546875
0.208984375
0.388916015625
0.0
0.0
0.0
0.0
0.25390625
0.353515625
0.302734375
0.364501953125
0.228759765625
0.291015625
0.236572265625
0.291259765625
0.39404296875
0.337158203125
0.41064453125
0.435302734375
0.2109375
0.225830078125
0.3271484375
0.0
0.0
0.0
0.302001953125
0.462890625
0.152099609375
0.1171875
0.27587890625
0.218505859375
0.35693359375
0.26416015625
0.3154296875
0.328369140625
0.347412109375
0.162841796875
0.35546875
0.282470703125
0.224365234375
0.18359375
0.44091796875
0.0
0.0
0.244873046875
0.251708984375
0.37158203125
0.21826171875
0.38037109375
0.242431640625
0.0
0.0
0.29833984375
0.49560546875
0.27392578125
0.572998046875
0.224609375
0.2392578125
0.36669921875
0.0
0.338623046875
0.176513671875
0.18017578125
0.281005859375
0.394775390625
0.347412109375
0.251953125
0.17138671875
0.51708984375
0.36572265625
0.257568359375
0.3974609375
0.0
0.4404296875
0.37646484375
0.1455078125
0.364501953125
0.125
0.411376953125
0.1806640625
0.2607421875
0.39453125
0.408935546875
0.2734375
0.478759765625
0.250732421875
0.243896484375
0.0
0.0
0.0
0.0
0.341796875
0.439453125
0.371337890625
0.289306640625
0.1875
0.1923828125
0.445068359375
0.30517578125
0.0
0.31640625
0.30517578125
0.18603515625
0.318603515625
0.27490234375
0.271240234375
0.0
0.3193359375
0.270751953125
0.2529296875
0.228515625
0.30126953125
0.432373046875
0.24169921875
0.313720703125
0.447265625
0.361328125
0.3349609375
0.0
0.0
0.211181640625
0.28955078125
0.0
0.0
0.0
0.23876953125
0.25146484375
0.314453125
0.0
0.0
0.0
0.345947265625
0.3359375
0.205810546875
0.26318359375
0.410400390625
0.0
0.39306640625
0.260986328125
0.384033203125
0.365478515625
0.386474609375
0.277099609375
0.0
0.34619140625
0.330322265625
0.234375
0.395751953125
0.18359375
0.42919921875
0.34228515625
0.1005859375
0.327392578125
0.0
0.422119140625
0.3115234375
0.227783203125
0.30029296875
0.30517578125
0.217041015625
0.269287109375
0.237060546875
0.173583984375
0.0
0.0
0.33056640625
0.28369140625
0.358642578125
0.390869140625
0.0
0.0
0.34228515625
0.456787109375
0.3291015625
0.316650390625
0.342041015625
0.357177734375
0.442626953125
0.185546875
0.337158203125
0.355224609375
0.440673828125
0.30419921875
0.0
0.0
0.283935546875
0.315673828125
0.22314453125
0.478271484375
0.390625
0.215087890625
0.0
0.0
0.471923828125
0.198486328125
0.296875
0.34130859375
0.377197265625
0.237060546875
0.0
0.0
0.31640625
0.343017578125
0.1962890625
0.2861328125
0.2451171875
0.33935546875
0.155517578125
0.188232421875
0.0
0.0
0.0
0.0
0.203125
0.223388671875
0.23193359375
0.413330078125
0.0
0.27978515625
0.239501953125
0.321044921875
0.268798828125
0.210693359375
0.16357421875
0.284912109375
0.22119140625
0.439208984375
0.2822265625
0.294189453125
0.0
0.0
0.0
0.175048828125
0.1826171875
0.216796875
0.343505859375
0.30419921875
0.39306640625
0.2724609375
0.289306640625
0.21533203125
0.25146484375
0.30126953125
0.171875
0.0
0.27294921875
0.28759765625
0.32958984375
0.273193359375
0.0
0.0
0.24951171875
0.471435546875
0.1630859375
0.321044921875
0.1875
0.0
0.382568359375
0.235595703125
0.0
0.0
0.0
0.235107421875
0.254150390625
0.1884765625
0.4130859375
0.346435546875
0.299560546875
0.42236328125
0.391845703125
0.1396484375
0.281982421875
0.42578125
0.239990234375
0.228515625
0.301513671875
0.439453125
0.183349609375
0.287353515625
0.27197265625
0.0
0.46240234375
0.197998046875
0.3564453125
0.324462890625
0.26611328125
0.228515625
0.23193359375
0.188720703125
0.21337890625
0.302978515625
0.223388671875
0.423828125
0.31689453125
0.34423828125
0.27099609375
0.0
0.364990234375
0.263671875
0.357666015625
0.324462890625
0.287109375
0.140625
0.363037109375
0.253662109375
0.384765625
0.378173828125
0.0
0.0
0.331787109375
0.135986328125
0.322509765625
0.293212890625
0.281494140625
0.313720703125
0.0
0.0
0.0
0.22216796875
0.308349609375
0.31591796875
0.240478515625
0.462158203125
0.3115234375
0.0
0.0
0.186279296875
0.340087890625
0.359130859375
0.25341796875
0.220703125
0.25830078125
0.2353515625
0.239013671875
0.22998046875
0.0
0.35205078125
0.457763671875
0.316650390625
0.456787109375
0.234375
0.185546875
0.240966796875
0.363525390625
0.26123046875
0.171630859375
0.267333984375
0.268310546875
0.244140625
0.3466796875
0.226318359375
0.504150390625
0.327392578125
0.258544921875
0.27783203125
0.1708984375
0.23486328125
