0.73779296875
0.73779296875
0.73779296875
0.73779296875
0.533203125
0.4267578125
0.517822265625
0.478759765625
0.64111328125
0.505126953125
0.0
0.6123046875
0.58740234375
0.6240234375
0.588134765625
0.571044921875
0.61962890625
0.51416015625
0.669677734375
0.688720703125
0.628173828125
0.0
0.60791015625
0.6201171875
0.51318359375
0.542236328125
0.57080078125
0.5771484375
0.56884765625
0.454345703125
0.502197265625
0.4794921875
0.643798828125
0.0
0.0
0.0
0.552490234375
0.77392578125
0.7236328125
0.73046875
0.630126953125
0.74658203125
0.54443359375
0.576904296875
0.544677734375
0.0
0.0
0.402587890625
0.4560546875
0.605712890625
0.610595703125
0.509033203125
0.615234375
0.0
0.650146484375
0.577392578125
0.53076171875
0.621826171875
0.689697265625
0.535888671875
0.615478515625
0.630126953125
0.536865234375
0.636474609375
0.0
0.0
0.0
0.52294921875
0.470458984375
0.558349609375
0.4990234375
0.0
0.0
0.0
0.0
0.741455078125
0.510009765625
0.5966796875
0.643310546875
0.643310546875
0.662841796875
0.0
0.63525390625
0.514404296875
0.733642578125
0.58935546875
0.640869140625
0.0
0.544677734375
0.54052734375
0.519775390625
0.590576171875
0.61767578125
0.5361328125
0.539306640625
0.471435546875
0.6171875
0.5576171875
0.64794921875
0.67822265625
0.712158203125
0.891357421875
0.69970703125
0.67041015625
0.67822265625
0.677001953125
0.0
0.0
0.55859375
0.606201171875
0.441162109375
0.581787109375
0.613525390625
0.55810546875
0.645263671875
0.743408203125
0.0
0.0
0.0
0.484619140625
0.592529296875
0.59326171875
0.531494140625
0.0
0.0
0.0
0.689208984375
0.642578125
0.452392578125
0.556396484375
0.5546875
0.729248046875
0.0
0.586181640625
0.511474609375
0.5869140625
0.495361328125
0.64794921875
0.483642578125
0.5341796875
0.587890625
0.5166015625
0.637939453125
0.6923828125
0.374755859375
0.70068359375
0.640869140625
0.549072265625
0.79443359375
0.5126953125
0.470703125
0.526611328125
0.677978515625
0.7314453125
0.533203125
0.0
0.0
0.0
0.0
0.455078125
0.63525390625
0.640380859375
0.604736328125
0.5126953125
0.592041015625
0.465087890625
0.0
0.575439453125
0.443115234375
0.560302734375
0.51708984375
0.70849609375
0.656005859375
0.592529296875
0.5478515625
0.615966796875
0.595458984375
0.6328125
0.0
0.6884765625
0.596923828125
0.571044921875
0.504638671875
0.671630859375
0.732177734375
0.0
0.0
0.0
0.42529296875
0.4267578125
0.752685546875
0.54931640625
0.585693359375
0.619384765625
0.682373046875
0.63330078125
0.614013671875
0.0
0.72802734375
0.617431640625
0.40869140625
0.80419921875
0.91064453125
0.56494140625
0.448486328125
0.665771484375
0.66357421875
0.619384765625
0.0
0.59716796875
0.692138671875
0.421875
0.0
0.0
0.6328125
0.708740234375
0.59130859375
0.486572265625
0.572265625
0.593017578125
0.500732421875
0.48974609375
0.62158203125
0.462158203125
0.0
0.0
0.0
0.516357421875
0.6123046875
0.729736328125
0.79541015625
0.52783203125
0.50537109375
0.610107421875
0.548583984375
0.644287109375
0.0
0.0
0.739013671875
0.465087890625
0.58154296875
0.43701171875
0.5234375
0.552978515625
0.74267578125
0.494384765625
0.64208984375
0.0
0.6572265625
0.642578125
0.757568359375
0.43994140625
0.502685546875
0.536865234375
0.5966796875
0.5927734375
0.60400390625
0.660400390625
0.66015625
0.561279296875
0.0
0.614013671875
0.629150390625
0.630615234375
0.4951171875
0.469482421875
0.630615234375
0.77001953125
0.772705078125
0.636474609375
0.619384765625
0.55810546875
0.549072265625
0.75927734375
0.484375
0.551025390625
0.61279296875
0.604248046875
0.5439453125
0.551025390625
0.0
0.6259765625
0.532470703125
0.696533203125
0.654052734375
0.842041015625
0.60107421875
0.56787109375
0.631591796875
0.32861328125
0.0
0.0
0.6005859375
0.56103515625
0.620849609375
0.6787109375
0.544677734375
0.609375
0.443359375
0.66455078125
0.55126953125
0.683837890625
0.4208984375
0.590087890625
0.70751953125
0.458984375
0.633544921875
0.616943359375
0.73876953125
0.697998046875
0.55859375
0.498291015625
0.700927734375
0.5458984375
0.4462890625
0.883056640625
0.52099609375
0.495361328125
0.584716796875
0.585205078125
0.70458984375
0.0
0.0
0.558837890625
0.7392578125
0.584716796875
0.537109375
0.791015625
0.693359375
0.53955078125
0.5712890625
0.51416015625
0.60986328125
0.517578125
0.67822265625
0.0
0.0
0.619140625
0.669921875
0.807861328125
0.46044921875
0.62255859375
0.7216796875
0.572509765625
0.5966796875
0.602783203125
0.642333984375
0.0
0.613037109375
0.448486328125
0.459716796875
0.486572265625
0.5908203125
0.7294921875
0.0
0.0
0.51513671875
0.707275390625
0.636962890625
0.524169921875
0.5673828125
0.61474609375
0.0
0.58544921875
0.345947265625
0.763671875
0.58642578125
0.664306640625
0.650390625
0.0
0.549072265625
0.750732421875
0.62353515625
0.654052734375
0.667236328125
0.0
0.0
0.690673828125
0.632080078125
0.781982421875
0.555419921875
0.619384765625
0.680908203125
0.0
0.0
0.588623046875
0.590576171875
0.568115234375
0.559814453125
0.623779296875
0.6923828125
0.68505859375
0.57275390625
0.617431640625
0.0
0.567138671875
0.470947265625
0.771240234375
0.548828125
0.53271484375
0.695556640625
0.0
0.0
0.0
0.5283203125
0.582275390625
0.691162109375
0.666748046875
0.61767578125
0.61669921875
0.898193359375
0.708251953125
0.651123046875
0.373046875
0.828125
0.485107421875
0.698974609375
0.53466796875
0.7412109375
0.596435546875
0.560546875
0.721923828125
0.644287109375
0.71337890625
0.567626953125
0.683837890625
0.567626953125
0.7333984375
0.599853515625
0.572021484375
0.0
0.534423828125
0.584228515625
0.47802734375
0.524169921875
0.607177734375
0.486328125
0.67333984375
0.54150390625
0.516845703125
0.666259765625
0.0
0.0
0.533935546875
0.57373046875
0.661376953125
0.60791015625
0.731689453125
0.672119140625
0.59375
0.75341796875
0.554931640625
0.4599609375
0.626953125
0.0
0.75537109375
0.536376953125
0.60693359375
0.597412109375
0.584228515625
0.54052734375
0.0
0.0
0.7783203125
0.57958984375
0.59423828125
0.0
0.0
0.0
0.518798828125
0.5751953125
0.740234375
0.601318359375
0.65380859375
0.60302734375
0.619140625
0.718017578125
0.0
0.7509765625
0.521484375
0.555908203125
0.0
0.0
0.0
0.729736328125
0.591796875
0.5224609375
0.49609375
0.69384765625
0.692138671875
0.0
0.0
0.595703125
0.6240234375
0.544189453125
0.62060546875
0.607666015625
0.640869140625
0.8671875
0.52734375
0.692138671875
0.7939453125
0.787109375
0.66845703125
0.552978515625
0.4521484375
0.635498046875
0.6826171875
0.593017578125
0.591796875
0.54052734375
0.697265625
0.62255859375
0.504638671875
0.514404296875
0.55322265625
0.623291015625
0.512451171875
0.60595703125
0.804443359375
0.60791015625
0.546630859375
0.62109375
0.63671875
0.557861328125
0.685302734375
0.509521484375
0.78466796875
0.58984375
0.0
0.0
0.57666015625
0.4658203125
0.57568359375
0.0
0.66357421875
0.61474609375
0.69091796875
0.63037109375
0.4873046875
0.500732421875
0.704833984375
0.0
0.506591796875
0.666015625
0.66162109375
0.742919921875
0.67626953125
0.7294921875
0.71044921875
0.36669921875
0.619873046875
0.0
0.56640625
0.549560546875
0.6669921875
0.6376953125
0.56689453125
0.672119140625
0.490966796875
0.53173828125
0.71337890625
0.59814453125
0.0
0.0
0.54296875
0.5400390625
0.71240234375
0.68310546875
0.59765625
0.673828125
0.491943359375
0.732177734375
0.61279296875
0.572021484375
0.65771484375
0.535400390625
0.500244140625
0.471923828125
0.0
0.0
0.619384765625
0.58935546875
0.5263671875
0.72412109375
0.645263671875
0.552490234375
0.0
0.7431640625
0.52783203125
0.613525390625
0.650146484375
0.587890625
0.533447265625
0.0
0.0
0.656005859375
0.656982421875
0.659912109375
0.508544921875
0.5908203125
0.0
0.0
0.60400390625
0.740478515625
0.581298828125
0.63818359375
0.782958984375
0.5068359375
0.64404296875
0.548095703125
0.0
0.0
0.665283203125
0.654541015625
0.68408203125
0.500732421875
0.0
0.0
0.0
0.595703125
0.553955078125
0.602783203125
0.604736328125
0.529296875
0.556640625
0.0
0.0
0.46728515625
0.6318359375
0.730224609375
0.700439453125
0.773193359375
0.53955078125
0.51806640625
0.0
0.0
0.0
0.0
0.0
0.568603515625
0.572021484375
0.662109375
0.58203125
0.0
0.0
0.0
0.447021484375
0.653564453125
0.8203125
0.62060546875
0.623046875
0.490966796875
0.572021484375
0.558349609375
0.0
0.0
0.0
0.0
0.0
0.0
0.62060546875
0.69677734375
0.64208984375
0.7744140625
0.649658203125
0.0
0.0
0.531005859375
0.5693359375
0.6669921875
0.53271484375
0.54150390625
0.523681640625
0.68505859375
0.63720703125
0.724853515625
0.546875
0.636474609375
0.53271484375
0.53271484375
0.581298828125
0.73095703125
0.638671875
0.75927734375
0.582275390625
0.51806640625
0.0
0.688720703125
0.670166015625
0.7646484375
0.609619140625
0.70361328125
0.579833984375
0.519775390625
0.0
0.0
0.0
0.0
0.0
0.661376953125
0.626220703125
0.639404296875
0.6767578125
0.607666015625
0.616455078125
0.4921875
0.720703125
0.54541015625
0.515380859375
0.0
0.453369140625
0.622314453125
0.71142578125
0.5654296875
0.560791015625
0.66796875
0.589599609375
0.60107421875
0.0
0.469970703125
0.608154296875
0.63427734375
0.7568359375
0.640625
0.0
0.0
0.0
0.501953125
0.658935546875
0.65576171875
0.474853515625
0.64306640625
0.0
0.0
0.504150390625
0.55859375
0.54296875
0.56005859375
0.399169921875
0.593994140625
0.651123046875
0.60400390625
0.568603515625
0.531005859375
0.52978515625
0.6767578125
0.6357421875
0.724365234375
0.53125
0.5732421875
0.697509765625
0.0
0.0
0.0
0.7109375
0.4990234375
0.62646484375
0.499267578125
0.613037109375
0.573974609375
0.623046875
0.46337890625
0.0
0.625244140625
0.767822265625
0.382080078125
0.0
0.0
0.595458984375
0.6767578125
0.630859375
0.685546875
0.5732421875
0.708984375
0.0
0.0
0.620849609375
0.68408203125
0.491943359375
0.432861328125
0.70361328125
0.7060546875
0.507568359375
0.0
0.0
0.792724609375
0.507568359375
0.572021484375
0.55908203125
0.637939453125
0.0
0.625244140625
0.73974609375
0.712158203125
0.61767578125
0.0
0.0
0.700927734375
0.63525390625
0.486572265625
0.0
0.0
0.0
0.6728515625
0.65380859375
0.44580078125
0.616455078125
0.739501953125
0.668701171875
0.640625
0.55224609375
0.611328125
0.0
0.73388671875
0.675537109375
0.0
0.0
0.0
0.0
0.6875
0.63427734375
0.707275390625
0.467041015625
0.0
0.618408203125
0.591552734375
0.667724609375
0.498046875
0.682373046875
0.560791015625
0.63916015625
0.0
0.0
0.62451171875
0.719970703125
0.50830078125
0.552001953125
0.6806640625
0.557861328125
0.580078125
0.0
0.0
0.0
0.483154296875
0.482177734375
0.81884765625
0.696533203125
0.0
0.0
0.0
0.679931640625
0.69384765625
0.50048828125
0.595458984375
0.702880859375
0.680419921875
0.536865234375
0.656494140625
0.666259765625
0.5458984375
0.63671875
0.551025390625
0.57275390625
0.732666015625
0.612060546875
0.675537109375
0.71533203125
0.0
0.528564453125
0.67919921875
0.665771484375
0.634033203125
0.58447265625
0.639404296875
0.638427734375
0.60888671875
0.54150390625
0.72607421875
0.63330078125
0.75341796875
0.627685546875
0.485107421875
0.548095703125
0.6728515625
0.0
0.0
0.546142578125
0.524658203125
0.3037109375
0.45556640625
0.52001953125
0.572509765625
0.67041015625
0.728759765625
0.6123046875
0.0
0.0
0.66015625
0.76220703125
0.66015625
0.57275390625
0.713623046875
0.845703125
0.0
0.0
0.5517578125
0.58935546875
0.47998046875
0.542236328125
0.51611328125
0.0
0.0
0.0
0.57080078125
0.737060546875
0.712158203125
0.651123046875
0.68603515625
0.621337890625
0.499755859375
0.569091796875
0.544921875
0.77099609375
0.727783203125
0.800537109375
0.5830078125
0.7548828125
0.610595703125
0.634033203125
0.0
0.0
0.0
0.611572265625
0.572998046875
0.5244140625
0.6796875
0.572021484375
0.0
0.0
0.0
0.0
0.49462890625
0.623779296875
0.619384765625
0.448974609375
0.61328125
0.662109375
0.48486328125
0.8037109375
0.61376953125
0.635009765625
0.531005859375
0.594482421875
0.0
0.0
0.536865234375
0.54248046875
0.6220703125
0.595947265625
0.4033203125
0.539794921875
0.58349609375
0.585205078125
0.773681640625
0.82373046875
0.7001953125
0.5927734375
0.0
0.0
0.0
0.620361328125
0.59814453125
0.62890625
0.65576171875
0.688720703125
0.658935546875
0.6474609375
0.6787109375
0.0
0.0
0.0
0.611328125
0.696044921875
0.699462890625
0.53662109375
0.661376953125
0.772216796875
0.6962890625
0.569091796875
0.0
0.634521484375
0.521728515625
0.447021484375
0.720703125
0.42529296875
0.58544921875
0.0
0.0
