0.7197265625
0.7197265625
0.72998046875
0.716552734375
0.634521484375
0.627197265625
0.96337890625
0.738525390625
0.722900390625
0.6806640625
0.887939453125
0.8603515625
0.82861328125
0.837890625
0.68017578125
0.76611328125
0.813232421875
0.8994140625
0.62890625
0.804443359375
0.8994140625
0.790283203125
0.785400390625
0.852783203125
0.90087890625
0.668212890625
0.7978515625
0.6396484375
0.525634765625
0.55908203125
0.765380859375
0.659912109375
0.533203125
0.788330078125
0.887451171875
0.656494140625
0.75341796875
0.611083984375
0.84375
0.966064453125
0.71240234375
0.7568359375
0.8359375
0.70751953125
0.774169921875
0.8408203125
0.84765625
0.65966796875
0.723876953125
0.7294921875
0.775390625
0.769287109375
0.80908203125
0.8564453125
0.67822265625
0.80322265625
0.745849609375
0.6396484375
0.674560546875
0.64794921875
0.607666015625
0.642822265625
0.568115234375
0.570556640625
0.8837890625
0.551513671875
0.694580078125
0.71875
0.584228515625
0.701171875
0.65380859375
0.656982421875
0.822265625
0.71826171875
0.58984375
0.736572265625
0.7685546875
0.75927734375
0.72802734375
0.748779296875
0.90380859375
0.718994140625
0.70947265625
0.614990234375
0.559326171875
0.70458984375
0.708984375
0.63623046875
0.853271484375
0.7666015625
0.712158203125
0.68896484375
0.8994140625
0.83935546875
0.638916015625
0.685791015625
0.6708984375
0.662109375
0.6640625
0.717529296875
0.769287109375
0.68603515625
0.61572265625
0.6376953125
0.807861328125
0.672607421875
0.704833984375
0.691162109375
0.753173828125
0.747802734375
0.59521484375
0.731689453125
0.670166015625
0.843017578125
0.748046875
0.68408203125
0.61865234375
0.7216796875
0.772216796875
0.62890625
0.62255859375
0.6357421875
0.606689453125
0.60595703125
0.901123046875
0.673583984375
0.7353515625
0.444580078125
0.873779296875
0.555419921875
0.74560546875
0.682861328125
0.684326171875
0.662841796875
0.856201171875
0.760009765625
0.751220703125
0.7138671875
0.80126953125
0.801513671875
0.885986328125
0.8037109375
0.773193359375
0.715576171875
0.758056640625
0.94921875
0.625
0.76806640625
0.662841796875
0.64501953125
0.746826171875
0.70654296875
0.59326171875
0.75
0.78271484375
0.837890625
0.70361328125
0.7529296875
0.639892578125
0.553955078125
0.672119140625
0.73876953125
0.677978515625
0.638916015625
0.597900390625
0.558349609375
0.863037109375
0.7392578125
0.669189453125
0.65478515625
0.76123046875
0.756103515625
0.74951171875
0.714599609375
0.98291015625
0.7138671875
0.6904296875
0.788330078125
0.657470703125
0.798095703125
0.561279296875
0.723388671875
0.7255859375
0.7373046875
0.724365234375
0.671875
0.81396484375
0.7841796875
0.7880859375
0.78369140625
0.70849609375
0.852783203125
0.72412109375
0.732177734375
0.530029296875
0.724609375
0.67529296875
0.7763671875
0.64013671875
0.728759765625
0.743896484375
0.7119140625
0.787841796875
0.761474609375
0.803466796875
0.74560546875
0.7275390625
0.65771484375
0.81591796875
0.571044921875
0.81884765625
0.654541015625
0.60546875
0.82177734375
0.567626953125
0.6357421875
0.62939453125
0.66259765625
0.657470703125
0.67431640625
0.94921875
0.828857421875
0.646728515625
0.52001953125
0.596435546875
0.84912109375
0.681396484375
0.700439453125
0.622802734375
0.91259765625
0.69091796875
0.7099609375
0.629150390625
0.83056640625
0.56005859375
0.62548828125
0.542236328125
0.7958984375
0.814453125
0.767333984375
0.528564453125
0.898681640625
0.555419921875
0.830810546875
0.49462890625
0.551025390625
0.695556640625
0.7197265625
0.7353515625
0.677490234375
0.522705078125
0.505126953125
0.688720703125
0.61376953125
0.81103515625
0.736083984375
0.624267578125
0.752685546875
0.865478515625
0.76513671875
0.786376953125
0.588134765625
0.709716796875
0.575439453125
0.724609375
0.818115234375
0.719970703125
0.682373046875
0.875732421875
0.8369140625
0.8681640625
0.79052734375
0.701416015625
0.758056640625
0.63134765625
0.759033203125
0.720947265625
0.80078125
0.667236328125
0.7822265625
0.88330078125
0.638427734375
0.74755859375
0.4560546875
0.832275390625
0.697021484375
0.6064453125
0.5966796875
0.6337890625
0.87548828125
0.632080078125
0.78759765625
0.68310546875
0.750732421875
0.834716796875
0.779052734375
0.7109375
0.955322265625
0.726318359375
0.87890625
0.650390625
0.841796875
0.814453125
0.90087890625
0.684326171875
0.635498046875
0.62841796875
0.802978515625
0.79931640625
0.652587890625
0.670166015625
0.72998046875
0.6640625
0.630859375
0.542724609375
0.764404296875
0.97119140625
0.614501953125
0.85302734375
0.728759765625
0.657958984375
0.712646484375
0.68798828125
0.825439453125
0.679931640625
0.74853515625
0.624267578125
0.626953125
0.797119140625
0.74169921875
0.71826171875
0.73876953125
0.7880859375
0.69384765625
0.78173828125
0.65625
0.79833984375
0.68896484375
0.7392578125
0.6845703125
0.816162109375
0.685302734375
0.798583984375
0.783447265625
0.78662109375
0.78466796875
0.66015625
0.66845703125
0.59228515625
0.679931640625
0.821533203125
0.8076171875
0.710693359375
0.687255859375
0.77978515625
0.727783203125
0.647705078125
0.71923828125
0.595458984375
0.71044921875
0.669189453125
0.770751953125
0.684326171875
0.69384765625
0.570556640625
0.69384765625
0.655029296875
0.827880859375
0.681884765625
0.64111328125
0.6064453125
0.775146484375
0.605712890625
0.8291015625
0.808349609375
0.690185546875
0.66943359375
0.622314453125
0.680419921875
0.68505859375
0.849365234375
0.7451171875
0.809326171875
0.76123046875
0.813720703125
0.6044921875
0.66259765625
0.78076171875
0.8427734375
0.719482421875
0.720458984375
0.56884765625
0.841552734375
0.859619140625
0.763916015625
0.71337890625
0.7841796875
0.656005859375
0.943115234375
0.563232421875
0.74951171875
0.737060546875
0.498779296875
0.786376953125
0.684326171875
0.740478515625
0.787841796875
0.480224609375
0.6953125
0.591064453125
0.720947265625
0.77392578125
0.68212890625
0.689208984375
0.79833984375
0.66357421875
0.822021484375
0.77734375
0.72021484375
0.666015625
0.76318359375
0.626953125
0.676025390625
0.865966796875
0.500732421875
0.65234375
0.730224609375
0.803955078125
0.830322265625
0.698974609375
0.8466796875
0.8544921875
0.571044921875
0.535400390625
0.819091796875
0.835205078125
0.68359375
0.667724609375
0.765625
0.664794921875
0.75732421875
0.70458984375
0.80615234375
0.55029296875
0.55712890625
0.8134765625
0.718017578125
0.647705078125
0.955078125
0.78076171875
0.700927734375
0.7421875
0.6943359375
0.611572265625
0.525390625
0.807861328125
0.609375
0.561279296875
0.77294921875
0.498046875
0.7021484375
0.732421875
0.721435546875
0.67138671875
0.6953125
0.74560546875
0.6640625
0.654541015625
0.585205078125
0.6591796875
0.91650390625
0.802490234375
0.609130859375
0.681396484375
0.723876953125
0.69775390625
0.726806640625
0.8583984375
0.93994140625
0.559326171875
0.661865234375
0.6669921875
0.64208984375
0.692626953125
0.60791015625
0.894775390625
0.728759765625
0.7236328125
0.79150390625
0.717529296875
0.7783203125
0.892333984375
0.7880859375
0.663330078125
0.65380859375
0.729736328125
0.679443359375
0.73583984375
0.800537109375
0.6552734375
0.686767578125
0.776611328125
0.660888671875
0.640380859375
0.57861328125
0.787353515625
0.640380859375
0.7158203125
0.718017578125
0.814208984375
0.792236328125
0.673828125
0.70947265625
0.68359375
0.676513671875
0.712646484375
0.75927734375
0.70361328125
0.69775390625
0.787353515625
0.836181640625
0.6337890625
0.749755859375
0.642333984375
0.935546875
0.63720703125
0.70361328125
0.783203125
0.723876953125
0.9326171875
0.74267578125
0.730224609375
0.816162109375
0.7265625
0.572021484375
0.641357421875
0.65673828125
0.6982421875
0.902099609375
0.646484375
0.69677734375
0.675048828125
0.6865234375
0.77734375
0.697998046875
0.80615234375
0.6748046875
0.52294921875
0.829345703125
0.631103515625
0.644287109375
0.783447265625
0.613037109375
0.62744140625
0.5546875
0.708984375
0.603271484375
0.783447265625
0.619140625
0.58642578125
0.79931640625
0.61767578125
0.685791015625
0.77685546875
0.678955078125
0.67236328125
0.751220703125
0.673583984375
0.69677734375
0.893798828125
0.761962890625
0.785400390625
0.824462890625
0.85595703125
0.927490234375
0.723388671875
0.560791015625
0.652099609375
0.790283203125
0.682861328125
0.6865234375
0.710693359375
0.79736328125
0.78125
0.59619140625
0.582763671875
0.63232421875
0.61376953125
0.664794921875
0.890625
0.768310546875
0.796142578125
0.58740234375
0.64794921875
0.734375
0.795166015625
0.751220703125
0.851318359375
0.79443359375
0.77734375
0.594970703125
0.742431640625
0.647705078125
0.78369140625
0.779296875
0.607177734375
0.55126953125
0.7607421875
0.749267578125
0.8837890625
0.8681640625
0.7236328125
0.537353515625
0.69091796875
0.923828125
0.772216796875
0.744140625
0.787353515625
0.707275390625
0.791748046875
0.511474609375
0.697265625
0.696533203125
0.6806640625
0.76513671875
0.63037109375
0.6357421875
0.57421875
0.745849609375
0.603515625
0.630126953125
0.728515625
0.656005859375
0.793701171875
0.6474609375
0.652099609375
0.6533203125
0.8134765625
0.852294921875
0.596923828125
0.781005859375
0.697265625
0.97265625
0.816650390625
0.6298828125
0.614013671875
0.806640625
0.7216796875
0.70458984375
0.573974609375
0.717529296875
0.71826171875
0.7255859375
0.7607421875
0.808837890625
0.923828125
0.6162109375
0.7060546875
0.73583984375
0.7158203125
0.693359375
0.81396484375
0.51513671875
0.552001953125
0.785400390625
0.641845703125
0.579345703125
0.65869140625
0.864990234375
0.6455078125
0.695556640625
0.625
0.733642578125
0.71630859375
0.757080078125
0.70361328125
0.582763671875
0.72265625
0.61083984375
0.753662109375
0.7626953125
0.6416015625
0.765380859375
0.828369140625
0.78955078125
0.689697265625
0.804443359375
0.8232421875
0.572265625
0.95654296875
0.70556640625
0.6650390625
0.817626953125
0.822265625
0.7470703125
0.698974609375
0.630615234375
0.725830078125
0.679931640625
0.631591796875
0.82763671875
0.837646484375
0.933837890625
0.56005859375
0.788330078125
0.703857421875
0.791259765625
0.763916015625
0.767333984375
0.72900390625
0.719970703125
0.682373046875
0.56396484375
0.596923828125
0.659423828125
0.69091796875
0.64306640625
0.74658203125
0.636962890625
0.60107421875
0.809326171875
0.69482421875
0.564697265625
0.664794921875
0.71728515625
0.77978515625
0.8134765625
0.716796875
0.60888671875
0.610595703125
0.64501953125
0.65380859375
0.722900390625
0.715087890625
0.679443359375
0.759033203125
0.740966796875
0.58837890625
0.728271484375
0.552490234375
0.595458984375
0.640380859375
0.897216796875
0.66064453125
0.688720703125
0.828369140625
0.727294921875
0.8408203125
0.59228515625
0.77197265625
0.727294921875
0.756103515625
0.647705078125
0.696044921875
0.76806640625
0.693115234375
0.676513671875
0.64208984375
0.732177734375
0.668212890625
0.817626953125
0.684814453125
0.66162109375
0.658447265625
0.634033203125
0.598388671875
0.807861328125
0.82470703125
0.57275390625
0.742919921875
0.775390625
0.74951171875
0.68115234375
0.669189453125
0.6435546875
0.64501953125
0.645751953125
0.643310546875
0.826171875
0.709228515625
0.784912109375
0.690673828125
0.682861328125
0.781005859375
0.71435546875
0.701171875
0.654296875
0.83544921875
0.667724609375
0.604248046875
0.6220703125
0.920654296875
0.884521484375
0.64794921875
0.56689453125
0.74462890625
0.562255859375
0.636962890625
0.86083984375
0.903076171875
0.7001953125
0.728271484375
0.74951171875
0.794921875
0.7158203125
0.738525390625
0.7578125
0.626220703125
0.69384765625
0.927734375
0.641357421875
0.73974609375
0.51513671875
0.603759765625
0.59814453125
0.646240234375
0.704345703125
0.679931640625
0.673828125
0.539306640625
0.77490234375
0.876953125
0.805908203125
0.888427734375
0.69970703125
0.712890625
0.690673828125
0.829833984375
0.80419921875
0.509765625
0.626220703125
0.95654296875
0.65185546875
0.693115234375
0.70703125
0.704345703125
0.75830078125
0.789794921875
0.912841796875
0.64599609375
0.549560546875
0.697509765625
0.742919921875
0.689453125
0.699951171875
0.844482421875
0.728759765625
0.679443359375
0.5888671875
0.670654296875
0.687255859375
0.74072265625
0.56640625
0.86083984375
0.753173828125
0.468505859375
0.780517578125
0.6611328125
0.801025390625
0.55908203125
0.709228515625
0.769287109375
0.7734375
0.75439453125
0.788818359375
0.83544921875
0.702880859375
0.7578125
0.664794921875
0.8125
0.746337890625
0.7783203125
0.5732421875
0.826416015625
0.704345703125
0.919921875
0.675048828125
0.7783203125
0.611083984375
0.611083984375
0.737060546875
0.78369140625
0.8046875
0.61669921875
0.892333984375
0.70361328125
0.685791015625
0.7353515625
0.776123046875
0.818603515625
0.697265625
0.74365234375
0.6708984375
0.767333984375
0.48193359375
0.58642578125
0.691162109375
0.74658203125
0.6396484375
0.79248046875
0.563720703125
0.735107421875
0.516357421875
0.703369140625
0.7666015625
0.6474609375
0.712890625
0.839599609375
0.734619140625
0.614501953125
0.897705078125
0.595458984375
0.884521484375
0.684326171875
0.8154296875
0.814208984375
0.711181640625
0.683837890625
0.74658203125
0.681640625
0.67626953125
0.686767578125
0.630126953125
0.681884765625
0.73828125
0.65576171875
0.7705078125
0.7646484375
0.657958984375
0.727783203125
0.747802734375
0.680419921875
0.8994140625
0.63720703125
0.685302734375
0.768310546875
0.64404296875
0.807861328125
0.7939453125
0.71435546875
0.49609375
0.68310546875
0.693603515625
0.7060546875
0.679443359375
0.972412109375
0.822998046875
0.645751953125
0.91552734375
0.776123046875
0.633544921875
0.79541015625
0.78271484375
0.675537109375
0.65771484375
0.8046875
0.828125
0.712890625
0.7177734375
0.63427734375
0.793212890625
0.620849609375
0.799072265625
0.75390625
0.81201171875
0.8212890625
0.57568359375
0.578125
0.68115234375
0.590576171875
0.57568359375
0.758544921875
0.709228515625
0.79296875
0.6142578125
0.64892578125
0.723876953125
0.7734375
0.81298828125
0.748779296875
0.553466796875
0.75244140625
0.731689453125
0.758056640625
0.638427734375
0.85595703125
0.66015625
0.828369140625
0.71484375
0.6416015625
0.756591796875
0.86572265625
0.733154296875
0.52490234375
0.6650390625
0.64404296875
0.750732421875
0.599609375
0.66162109375
0.638916015625
