0.7060546875
0.637451171875
0.0
0.81982421875
0.73486328125
0.77490234375
0.64794921875
0.798095703125
0.0
0.7421875
0.58203125
0.734375
0.0
0.7861328125
0.678466796875
0.65380859375
0.662109375
0.677490234375
0.796142578125
0.722900390625
0.704345703125
0.59375
0.699951171875
0.0
0.736572265625
0.787109375
0.55810546875
0.580078125
0.59619140625
0.6875
0.0
0.750732421875
0.626220703125
0.69140625
0.746826171875
0.680908203125
0.513916015625
0.608642578125
0.74755859375
0.7392578125
0.871337890625
0.706787109375
0.67919921875
0.56591796875
0.435302734375
0.515380859375
0.6826171875
0.5693359375
0.6904296875
0.808349609375
0.644287109375
0.57763671875
0.74755859375
0.616943359375
0.8212890625
0.815673828125
0.0
0.0
0.0
0.741455078125
0.71875
0.640625
0.68212890625
0.690185546875
0.526611328125
0.62646484375
0.68115234375
0.72900390625
0.0
0.0
0.0
0.70751953125
0.0
0.0
0.565673828125
0.699462890625
0.740966796875
0.7236328125
0.705322265625
0.915283203125
0.7333984375
0.7392578125
0.0
0.0
0.0
0.649658203125
0.767822265625
0.81396484375
0.616455078125
0.69287109375
0.660400390625
0.733154296875
0.646484375
0.778564453125
0.856201171875
0.601318359375
0.474365234375
0.66943359375
0.90771484375
0.69970703125
0.730224609375
0.7265625
0.63916015625
0.0
0.63232421875
0.65234375
0.69384765625
0.650634765625
0.60791015625
0.8935546875
0.71875
0.6279296875
0.0
0.0
0.63916015625
0.62109375
0.641845703125
0.8349609375
0.606201171875
0.0
0.0
0.0
0.0
0.75341796875
0.556640625
0.534423828125
0.54248046875
0.57763671875
0.0
0.0
0.0
0.846923828125
0.776611328125
0.72265625
0.64599609375
0.699951171875
0.741943359375
0.73095703125
0.0
0.0
0.53564453125
0.704345703125
0.758544921875
0.59228515625
0.64111328125
0.7998046875
0.656005859375
0.779296875
0.0
0.0
0.0
0.0
0.736328125
0.467529296875
0.583251953125
0.688232421875
0.672607421875
0.662353515625
0.645263671875
0.736328125
0.724853515625
0.0
0.0
0.711181640625
0.703125
0.654052734375
0.705810546875
0.60107421875
0.749267578125
0.565185546875
0.76416015625
0.6728515625
0.562255859375
0.68505859375
0.7587890625
0.64306640625
0.71044921875
0.70068359375
0.0
0.0
0.679443359375
0.537109375
0.610107421875
0.734130859375
0.0
0.71826171875
0.68994140625
0.0
0.6044921875
0.481201171875
0.644287109375
0.77294921875
0.73291015625
0.6962890625
0.670166015625
0.739501953125
0.6728515625
0.760009765625
0.728759765625
0.949951171875
0.704345703125
0.75244140625
0.7275390625
0.54833984375
0.745849609375
0.612548828125
0.587646484375
0.7724609375
0.675537109375
0.84423828125
0.686767578125
0.690185546875
0.778564453125
0.7607421875
0.871337890625
0.62548828125
0.0
0.0
0.0
0.72119140625
0.5634765625
0.75634765625
0.731689453125
0.81005859375
0.84765625
0.624755859375
0.79296875
0.779541015625
0.70361328125
0.71533203125
0.552490234375
0.654052734375
0.449951171875
0.0
0.0
0.0
0.6669921875
0.535888671875
0.50634765625
0.6962890625
0.7392578125
0.0
0.549072265625
0.6259765625
0.512939453125
0.701171875
0.781005859375
0.864501953125
0.0
0.725830078125
0.665771484375
0.80224609375
0.59619140625
0.5927734375
0.5888671875
0.886474609375
0.655029296875
0.777099609375
0.67431640625
0.674560546875
0.677978515625
0.74267578125
0.0
0.699462890625
0.802001953125
0.79638671875
0.608642578125
0.74267578125
0.689697265625
0.629150390625
0.77978515625
0.679931640625
0.80078125
0.0
0.0
0.634521484375
0.5751953125
0.669677734375
0.5224609375
0.663330078125
0.80908203125
0.737060546875
0.0
0.0
0.747314453125
0.619873046875
0.6845703125
0.7080078125
0.69677734375
0.75537109375
0.0
0.5869140625
0.6416015625
0.547119140625
0.0
0.0
0.0
0.63623046875
0.6494140625
0.0
0.0
0.0
0.846923828125
0.647705078125
0.5625
0.6748046875
0.5830078125
0.617431640625
0.74658203125
0.748291015625
0.607177734375
0.81982421875
0.801025390625
0.84619140625
0.61328125
0.6845703125
0.709716796875
0.646728515625
0.740966796875
0.6357421875
0.490966796875
0.684814453125
0.69091796875
0.7919921875
0.738037109375
0.6015625
0.0
0.0
0.67236328125
0.5390625
0.57373046875
0.658935546875
0.76123046875
0.60693359375
0.73193359375
0.661376953125
0.68994140625
0.556640625
0.766845703125
0.71630859375
0.730712890625
0.759521484375
0.54833984375
0.581787109375
0.776123046875
0.70068359375
0.679443359375
0.748046875
0.8232421875
0.6630859375
0.800048828125
0.0
0.0
0.6845703125
0.728515625
0.732666015625
0.615966796875
0.76904296875
0.0
0.520263671875
0.64404296875
0.656005859375
0.72216796875
0.886474609375
0.685302734375
0.66162109375
0.645751953125
0.739990234375
0.718017578125
0.574951171875
0.0
0.0
0.783203125
0.589111328125
0.712646484375
0.636962890625
0.485107421875
0.688720703125
0.50390625
0.5908203125
0.748291015625
0.5771484375
0.625244140625
0.0
0.0
0.6220703125
0.737060546875
0.69677734375
0.49267578125
0.0
0.0
0.61865234375
0.71044921875
0.680908203125
0.7060546875
0.845947265625
0.56201171875
0.966796875
0.788330078125
0.58984375
0.7431640625
0.6953125
0.720947265625
0.72265625
0.75537109375
0.51416015625
0.651611328125
0.0
0.0
0.0
0.0
0.814453125
0.6650390625
0.64501953125
0.71826171875
0.759033203125
0.718017578125
0.0
0.0
0.0
0.79736328125
0.672119140625
0.612060546875
0.782958984375
0.910400390625
0.78515625
0.589599609375
0.78125
0.0
0.547119140625
0.595947265625
0.65625
0.70166015625
0.0
0.0
0.6162109375
0.64453125
0.811279296875
0.76611328125
0.83154296875
0.56103515625
0.0
0.0
0.705322265625
0.602294921875
0.614013671875
0.644287109375
0.6640625
0.669189453125
0.523681640625
0.677490234375
0.689208984375
0.0
0.0
0.697509765625
0.52099609375
0.611083984375
0.799560546875
0.80859375
0.545166015625
0.511474609375
0.588134765625
0.925537109375
0.0
0.6904296875
0.704345703125
0.723388671875
0.698974609375
0.783203125
0.7109375
0.0
0.576904296875
0.64453125
0.67431640625
0.842041015625
0.831298828125
0.5908203125
0.64990234375
0.621337890625
0.80029296875
0.831787109375
0.59521484375
0.69189453125
0.66357421875
0.753173828125
0.83984375
0.581787109375
0.62744140625
0.831298828125
0.77783203125
0.638916015625
0.0
0.0
0.0
0.0
0.0
0.5185546875
0.7373046875
0.7412109375
0.710693359375
0.6298828125
0.665771484375
0.730224609375
0.753173828125
0.651611328125
0.765869140625
0.0
0.53466796875
0.64697265625
0.634033203125
0.714599609375
0.762939453125
0.498779296875
0.644775390625
0.68603515625
0.727783203125
0.615966796875
0.674072265625
0.723876953125
0.697021484375
0.65380859375
0.832275390625
0.0
0.61181640625
0.859619140625
0.696044921875
0.747802734375
0.734619140625
0.825439453125
0.0
0.76123046875
0.741455078125
0.652587890625
0.68212890625
0.0
0.6494140625
0.71142578125
0.71142578125
0.6826171875
0.743408203125
0.0
0.0
0.616455078125
0.879638671875
0.77392578125
0.6650390625
0.55517578125
0.7353515625
0.57177734375
0.6806640625
0.62939453125
0.78173828125
0.604736328125
0.606201171875
0.5986328125
0.64453125
0.6650390625
0.602294921875
0.750244140625
0.729736328125
0.673828125
0.0
0.72900390625
0.547119140625
0.63427734375
0.727783203125
0.592041015625
0.74609375
0.0
0.667724609375
0.62353515625
0.7958984375
0.701171875
0.55859375
0.728759765625
0.0
0.0
0.0
0.730224609375
0.871337890625
0.621826171875
0.696044921875
0.831787109375
0.670166015625
0.6796875
0.759521484375
0.73486328125
0.823486328125
0.0
0.73876953125
0.7392578125
0.68896484375
0.0
0.0
0.547119140625
0.630615234375
0.0
0.0
0.0
0.0
0.76025390625
0.84423828125
0.600341796875
0.57080078125
0.537841796875
0.702880859375
0.7080078125
0.699462890625
0.780029296875
0.732421875
0.624755859375
0.0
0.624755859375
0.59228515625
0.78173828125
0.592529296875
0.7255859375
0.744384765625
0.774658203125
0.83251953125
0.674560546875
0.0
0.0
0.71240234375
0.77490234375
0.71484375
0.746337890625
0.6474609375
0.764404296875
0.740478515625
0.0
0.0
0.713623046875
0.736572265625
0.52294921875
0.55859375
0.494873046875
0.0
0.0
0.486083984375
0.586669921875
0.7763671875
0.544921875
0.708740234375
0.828857421875
0.0
0.0
0.0
0.0
0.54541015625
0.713623046875
0.672607421875
0.853759765625
0.615478515625
0.6689453125
0.65185546875
0.562744140625
0.713623046875
0.81494140625
0.5986328125
0.607666015625
0.678466796875
0.84375
0.75732421875
0.0
0.0
0.0
0.597900390625
0.663330078125
0.5966796875
0.453857421875
0.7998046875
0.75048828125
0.66748046875
0.83935546875
0.84375
0.6845703125
0.63232421875
0.674072265625
0.621826171875
0.6435546875
0.69287109375
0.630615234375
0.697265625
0.0
0.0
0.6845703125
0.6875
0.77587890625
0.704345703125
0.81982421875
0.72314453125
0.0
0.0
0.7421875
0.8427734375
0.694580078125
0.798828125
0.616455078125
0.6845703125
0.815673828125
0.0
0.72607421875
0.56982421875
0.462158203125
0.87744140625
0.682861328125
0.656005859375
0.51904296875
0.784423828125
0.72265625
0.934326171875
0.802490234375
0.688232421875
0.0
0.70166015625
0.795654296875
0.6083984375
0.7255859375
0.49951171875
0.743408203125
0.69140625
0.81689453125
0.71533203125
0.827392578125
0.592529296875
0.769287109375
0.77490234375
0.519287109375
0.0
0.0
0.0
0.0
0.615234375
0.673828125
0.8125
0.621826171875
0.630615234375
0.75244140625
0.642822265625
0.631103515625
0.0
0.716796875
0.72314453125
0.59716796875
0.565673828125
0.6298828125
0.60009765625
0.0
0.70947265625
0.54931640625
0.76416015625
0.594482421875
0.7119140625
0.86962890625
0.580322265625
0.759033203125
0.691162109375
0.79345703125
0.806640625
0.0
0.0
0.5810546875
0.636474609375
0.0
0.0
0.0
0.6328125
0.550048828125
0.6748046875
0.0
0.0
0.0
0.66796875
0.703857421875
0.6826171875
0.621337890625
0.829833984375
0.0
0.708740234375
0.81689453125
0.75244140625
0.638671875
0.6728515625
0.66064453125
0.0
0.74560546875
0.573486328125
0.6171875
0.711181640625
0.750244140625
0.84716796875
0.80615234375
0.484375
0.68212890625
0.0
0.697265625
0.739990234375
0.6142578125
0.552001953125
0.800537109375
0.61865234375
0.547119140625
0.760498046875
0.615966796875
0.0
0.0
0.719482421875
0.783935546875
0.734130859375
0.849609375
0.0
0.0
0.67822265625
0.635498046875
0.724609375
0.704345703125
0.5947265625
0.6865234375
0.822265625
0.646728515625
0.697998046875
0.665771484375
0.708984375
0.539306640625
0.0
0.0
0.73974609375
0.987060546875
0.686279296875
0.791015625
0.658935546875
0.560546875
0.0
0.0
0.799072265625
0.653564453125
0.6396484375
0.709716796875
0.750732421875
0.792724609375
0.0
0.0
0.7470703125
0.79833984375
0.534912109375
0.74365234375
0.68603515625
0.818115234375
0.537353515625
0.5625
0.0
0.0
0.0
0.0
0.645263671875
0.659423828125
0.658203125
0.78173828125
0.0
0.661376953125
0.635986328125
0.68603515625
0.651123046875
0.6748046875
0.58203125
0.848388671875
0.57763671875
0.8759765625
0.627197265625
0.880615234375
0.0
0.0
0.0
0.534423828125
0.53173828125
0.713623046875
0.6142578125
0.677978515625
0.5224609375
0.694580078125
0.71484375
0.71923828125
0.85205078125
0.73583984375
0.778564453125
0.0
0.762939453125
0.603759765625
0.710693359375
0.517822265625
0.0
0.0
0.586669921875
0.712646484375
0.54052734375
0.689208984375
0.622314453125
0.0
0.6494140625
0.571533203125
0.0
0.0
0.0
0.526611328125
0.54443359375
0.625732421875
0.709716796875
0.6298828125
0.66162109375
0.8173828125
0.643310546875
0.70361328125
0.620849609375
0.897705078125
0.628173828125
0.72998046875
0.737548828125
0.72998046875
0.50830078125
0.651611328125
0.73583984375
0.0
0.78466796875
0.71240234375
0.926025390625
0.934326171875
0.683349609375
0.7099609375
0.735107421875
0.66650390625
0.63330078125
0.679443359375
0.66845703125
0.70458984375
0.771240234375
0.734619140625
0.680908203125
0.0
0.698486328125
0.631591796875
0.77978515625
0.688232421875
0.755615234375
0.593505859375
0.57568359375
0.627685546875
0.7314453125
0.8837890625
0.0
0.0
0.771484375
0.6142578125
0.626708984375
0.723388671875
0.725830078125
0.61865234375
0.0
0.0
0.0
0.661865234375
0.661865234375
0.688720703125
0.714111328125
0.71630859375
0.7451171875
0.0
0.0
0.667724609375
0.73193359375
0.7861328125
0.64599609375
0.70703125
0.6728515625
0.65380859375
0.77099609375
0.6826171875
0.0
0.755859375
0.76220703125
0.72509765625
0.5908203125
0.813232421875
0.599853515625
0.64990234375
0.6220703125
0.765625
0.69482421875
0.582275390625
0.598876953125
0.68115234375
0.68359375
0.504150390625
0.901123046875
0.644287109375
0.775146484375
0.603271484375
0.579833984375
0.511962890625
