0.73779296875
0.73779296875
0.73779296875
0.73779296875
0.46728515625
0.56591796875
0.490234375
0.603515625
0.468994140625
0.51416015625
0.72900390625
0.0
0.512939453125
0.65185546875
0.74169921875
0.580322265625
0.607421875
0.592041015625
0.71044921875
0.0
0.58251953125
0.55712890625
0.607666015625
0.82763671875
0.0
0.0
0.0
0.0
0.0
0.0
0.614501953125
0.359375
0.55419921875
0.604736328125
0.57763671875
0.702392578125
0.49267578125
0.562744140625
0.605224609375
0.5517578125
0.56787109375
0.374755859375
0.49462890625
0.629150390625
0.718017578125
0.791259765625
0.78515625
0.584716796875
0.66552734375
0.533203125
0.744140625
0.6962890625
0.48681640625
0.487548828125
0.61669921875
0.5673828125
0.0
0.0
0.558349609375
0.68701171875
0.881103515625
0.626220703125
0.580078125
0.5927734375
0.7333984375
0.50732421875
0.556640625
0.737548828125
0.0
0.6591796875
0.623779296875
0.601318359375
0.536865234375
0.63720703125
0.6689453125
0.48974609375
0.586669921875
0.513671875
0.612548828125
0.562255859375
0.540283203125
0.0
0.575927734375
0.643310546875
0.52001953125
0.48828125
0.0
0.0
0.61328125
0.519775390625
0.593017578125
0.582763671875
0.66455078125
0.52685546875
0.65625
0.63671875
0.57421875
0.5419921875
0.840087890625
0.622314453125
0.744873046875
0.69140625
0.54248046875
0.600830078125
0.739990234375
0.70751953125
0.56103515625
0.50048828125
0.750244140625
0.614990234375
0.0
0.529052734375
0.586181640625
0.6806640625
0.54296875
0.77294921875
0.480712890625
0.64111328125
0.62890625
0.564208984375
0.51611328125
0.6943359375
0.697509765625
0.515380859375
0.80419921875
0.0
0.559814453125
0.771240234375
0.58935546875
0.596435546875
0.662353515625
0.0
0.0
0.669921875
0.55517578125
0.585693359375
0.71923828125
0.617431640625
0.633056640625
0.78759765625
0.0
0.60595703125
0.624267578125
0.5625
0.60986328125
0.609130859375
0.566650390625
0.703857421875
0.66357421875
0.45947265625
0.614990234375
0.59375
0.58154296875
0.590087890625
0.48779296875
0.746337890625
0.6923828125
0.56103515625
0.398193359375
0.0
0.0
0.0
0.0
0.636962890625
0.559326171875
0.53759765625
0.559326171875
0.6123046875
0.627685546875
0.69384765625
0.5498046875
0.4296875
0.587646484375
0.54345703125
0.645751953125
0.0
0.0
0.640625
0.37890625
0.468017578125
0.58349609375
0.450927734375
0.641845703125
0.73876953125
0.61669921875
0.66748046875
0.621337890625
0.724853515625
0.656982421875
0.594482421875
0.635009765625
0.66943359375
0.673583984375
0.468017578125
0.58642578125
0.67919921875
0.599365234375
0.747314453125
0.58740234375
0.80029296875
0.646484375
0.0
0.6259765625
0.57421875
0.685791015625
0.67724609375
0.63232421875
0.57958984375
0.516357421875
0.616943359375
0.613037109375
0.74560546875
0.48095703125
0.414306640625
0.667724609375
0.673095703125
0.57421875
0.67919921875
0.0
0.0
0.68359375
0.555908203125
0.64111328125
0.50048828125
0.668701171875
0.56201171875
0.617919921875
0.0
0.6376953125
0.494384765625
0.580322265625
0.571533203125
0.687744140625
0.55615234375
0.541748046875
0.639404296875
0.552001953125
0.0
0.49267578125
0.5048828125
0.607177734375
0.63525390625
0.5791015625
0.629150390625
0.582275390625
0.50537109375
0.0
0.442626953125
0.734619140625
0.4658203125
0.67626953125
0.575439453125
0.525390625
0.554443359375
0.0
0.0
0.6513671875
0.5322265625
0.527099609375
0.6044921875
0.573486328125
0.55615234375
0.631103515625
0.636962890625
0.688720703125
0.692138671875
0.582275390625
0.627197265625
0.5263671875
0.545654296875
0.527587890625
0.0
0.55859375
0.648681640625
0.487060546875
0.462646484375
0.0
0.461669921875
0.51025390625
0.677001953125
0.72119140625
0.5810546875
0.56396484375
0.663330078125
0.54736328125
0.5966796875
0.63330078125
0.382080078125
0.55224609375
0.584228515625
0.556396484375
0.0
0.517333984375
0.671142578125
0.5556640625
0.652099609375
0.53759765625
0.56298828125
0.0
0.0
0.890380859375
0.569091796875
0.517578125
0.53759765625
0.489013671875
0.40771484375
0.606689453125
0.54541015625
0.594482421875
0.726318359375
0.41943359375
0.617919921875
0.576171875
0.405029296875
0.630615234375
0.652587890625
0.70703125
0.594970703125
0.0
0.0
0.0
0.636474609375
0.615234375
0.539306640625
0.72265625
0.60986328125
0.562744140625
0.66357421875
0.677734375
0.649658203125
0.6376953125
0.74462890625
0.672607421875
0.52392578125
0.47119140625
0.0
0.0
0.0
0.0
0.0
0.509033203125
0.642333984375
0.42333984375
0.588623046875
0.0
0.0
0.0
0.0
0.407958984375
0.619384765625
0.53955078125
0.62060546875
0.617919921875
0.490966796875
0.6005859375
0.670166015625
0.58203125
0.638671875
0.673828125
0.612060546875
0.755615234375
0.568603515625
0.52880859375
0.48046875
0.722412109375
0.523681640625
0.4638671875
0.6064453125
0.640380859375
0.468505859375
0.6064453125
0.0
0.5869140625
0.597412109375
0.642333984375
0.55712890625
0.603515625
0.494873046875
0.51416015625
0.5859375
0.522705078125
0.55908203125
0.52490234375
0.635498046875
0.0
0.0
0.615478515625
0.562255859375
0.62646484375
0.720947265625
0.64306640625
0.5947265625
0.482421875
0.0
0.0
0.0
0.0
0.51904296875
0.668212890625
0.554931640625
0.52587890625
0.0
0.552734375
0.5830078125
0.56640625
0.64013671875
0.499755859375
0.53466796875
0.817626953125
0.739990234375
0.665283203125
0.6435546875
0.0
0.0
0.0
0.0
0.0
0.600341796875
0.60498046875
0.543212890625
0.502685546875
0.0
0.622802734375
0.587646484375
0.72216796875
0.628173828125
0.59130859375
0.585693359375
0.663818359375
0.611572265625
0.58447265625
0.7216796875
0.7490234375
0.8359375
0.785400390625
0.70654296875
0.892333984375
0.679443359375
0.588623046875
0.593017578125
0.53857421875
0.57080078125
0.665283203125
0.63671875
0.46435546875
0.6181640625
0.76416015625
0.555419921875
0.619140625
0.73388671875
0.552734375
0.613037109375
0.770263671875
0.709228515625
0.0
0.0
0.0
0.568359375
0.536865234375
0.41796875
0.0
0.0
0.0
0.795654296875
0.458251953125
0.655029296875
0.655517578125
0.524658203125
0.517333984375
0.652099609375
0.61767578125
0.651611328125
0.608642578125
0.0
0.0
0.55908203125
0.762451171875
0.53466796875
0.616943359375
0.621826171875
0.51513671875
0.70068359375
0.615234375
0.403076171875
0.602294921875
0.819091796875
0.5283203125
0.0
0.0
0.55859375
0.5830078125
0.701904296875
0.557373046875
0.593017578125
0.560546875
0.681640625
0.7109375
0.638916015625
0.873291015625
0.59912109375
0.625732421875
0.51416015625
0.6103515625
0.55126953125
0.606689453125
0.66552734375
0.6923828125
0.57568359375
0.51318359375
0.653076171875
0.0
0.50048828125
0.483154296875
0.0
0.57958984375
0.829345703125
0.646484375
0.574462890625
0.61962890625
0.554443359375
0.75927734375
0.685302734375
0.662353515625
0.57275390625
0.58740234375
0.603271484375
0.48486328125
0.55517578125
0.564208984375
0.756103515625
0.0
0.549560546875
0.68603515625
0.669189453125
0.536865234375
0.554443359375
0.64404296875
0.484619140625
0.6025390625
0.0
0.0
0.56787109375
0.63232421875
0.536865234375
0.58447265625
0.689208984375
0.645263671875
0.51806640625
0.607177734375
0.567626953125
0.0
0.0
0.0
0.677490234375
0.610595703125
0.4990234375
0.765869140625
0.69140625
0.519287109375
0.5849609375
0.479736328125
0.71630859375
0.515625
0.635498046875
0.6142578125
0.0
0.0
0.71630859375
0.729736328125
0.691650390625
0.515869140625
0.52978515625
0.579345703125
0.623779296875
0.0
0.0
0.556884765625
0.61181640625
0.63134765625
0.607666015625
0.515380859375
0.0
0.0
0.587646484375
0.539306640625
0.577392578125
0.508544921875
0.552001953125
0.52783203125
0.606201171875
0.546142578125
0.517578125
0.693115234375
0.537109375
0.673095703125
0.65380859375
0.562255859375
0.732666015625
0.504150390625
0.537353515625
0.589111328125
0.549072265625
0.0
0.0
0.676025390625
0.570556640625
0.4931640625
0.51318359375
0.45458984375
0.751708984375
0.609130859375
0.63037109375
0.0
0.7197265625
0.58642578125
0.54248046875
0.5302734375
0.0
0.552978515625
0.771484375
0.49853515625
0.4638671875
0.627685546875
0.49755859375
0.0
0.609375
0.4267578125
0.428955078125
0.5341796875
0.55517578125
0.7060546875
0.742431640625
0.52685546875
0.0
0.49072265625
0.63818359375
0.547607421875
0.72265625
0.522216796875
0.0
0.0
0.641845703125
0.523681640625
0.6484375
0.625732421875
0.5908203125
0.498291015625
0.5888671875
0.668212890625
0.484375
0.533203125
0.601806640625
0.5927734375
0.4775390625
0.493896484375
0.55126953125
0.44140625
0.83251953125
0.0
0.0
0.0
0.67626953125
0.79736328125
0.60302734375
0.53369140625
0.516845703125
0.33984375
0.5341796875
0.673095703125
0.516357421875
0.695068359375
0.763671875
0.0
0.0
0.650390625
0.33544921875
0.640625
0.491455078125
0.816162109375
0.48291015625
0.0
0.0
0.59228515625
0.657470703125
0.486328125
0.3994140625
0.60400390625
0.52490234375
0.0
0.0
0.799072265625
0.67529296875
0.720947265625
0.583251953125
0.525146484375
0.608642578125
0.55224609375
0.58935546875
0.4814453125
0.536865234375
0.52978515625
0.44384765625
0.0
0.0
0.541748046875
0.70068359375
0.57470703125
0.748779296875
0.623291015625
0.0
0.0
0.5400390625
0.731689453125
0.73486328125
0.0
0.0
0.0
0.0
0.673095703125
0.631103515625
0.542724609375
0.58251953125
0.6328125
0.533447265625
0.0
0.65966796875
0.6689453125
0.720458984375
0.704833984375
0.55419921875
0.614501953125
0.62841796875
0.0
0.6416015625
0.622314453125
0.657958984375
0.616455078125
0.621826171875
0.694091796875
0.566650390625
0.66845703125
0.0
0.0
0.681884765625
0.71484375
0.666748046875
0.474609375
0.42236328125
0.510009765625
0.59716796875
0.0
0.698486328125
0.56982421875
0.517578125
0.539794921875
0.612548828125
0.69287109375
0.824462890625
0.0
0.468994140625
0.608642578125
0.720458984375
0.71435546875
0.751953125
0.6474609375
0.0
0.0
0.677734375
0.617431640625
0.566650390625
0.0
0.58349609375
0.7392578125
0.70263671875
0.607666015625
0.69482421875
0.6689453125
0.0
0.65966796875
0.7998046875
0.60595703125
0.0
0.381591796875
0.509765625
0.95947265625
0.68505859375
0.6845703125
0.51904296875
0.702392578125
0.456787109375
0.641845703125
0.69091796875
0.0
0.0
0.0
0.0
0.719482421875
0.5888671875
0.619140625
0.679443359375
0.52587890625
0.691650390625
0.4833984375
0.596923828125
0.577880859375
0.6796875
0.43115234375
0.0
0.64306640625
0.544677734375
0.0
0.0
0.58740234375
0.626220703125
0.534912109375
0.6455078125
0.565185546875
0.58740234375
0.0
0.59326171875
0.480224609375
0.781494140625
0.599853515625
0.58349609375
0.67919921875
0.0
0.0
0.832763671875
0.438720703125
0.582763671875
0.66259765625
0.66259765625
0.700439453125
0.677734375
0.63720703125
0.659423828125
0.0
0.334716796875
0.54296875
0.698486328125
0.5849609375
0.5654296875
0.0
0.522705078125
0.600341796875
0.748779296875
0.626953125
0.5380859375
0.609375
0.0
0.0
0.4697265625
0.650146484375
0.794677734375
0.616943359375
0.53857421875
0.0
0.0
0.615234375
0.55078125
0.52490234375
0.71875
0.663818359375
0.54296875
0.548583984375
0.58642578125
0.60009765625
0.675537109375
0.7099609375
0.703857421875
0.73779296875
0.5576171875
0.627685546875
0.0
0.480224609375
0.622314453125
0.5107421875
0.812255859375
0.54052734375
0.62646484375
0.0
0.0
0.59619140625
0.670654296875
0.0
0.0
0.0
0.658935546875
0.525146484375
0.53857421875
0.630859375
0.60400390625
0.0
0.0
0.5986328125
0.514892578125
0.6181640625
0.592041015625
0.739501953125
0.371826171875
0.0
0.0
0.565673828125
0.669189453125
0.39892578125
0.54296875
0.786865234375
0.547607421875
0.635009765625
0.593505859375
0.60498046875
0.494140625
0.0
0.5556640625
0.473876953125
0.809326171875
0.557861328125
0.488037109375
0.72900390625
0.809326171875
0.611083984375
0.5185546875
0.39208984375
0.642578125
0.578369140625
0.0
0.53076171875
0.485107421875
0.4814453125
0.6435546875
0.632080078125
0.6787109375
0.0
0.57373046875
0.653076171875
0.751953125
0.495849609375
0.6484375
0.0
0.0
0.482666015625
0.49169921875
0.608642578125
0.473388671875
0.6884765625
0.629150390625
0.518798828125
0.0
0.0
0.749267578125
0.548095703125
0.675537109375
0.801025390625
0.5673828125
0.4921875
0.7177734375
0.51513671875
0.781982421875
0.5537109375
0.54541015625
0.545166015625
0.624755859375
0.5556640625
0.0
0.0
0.735107421875
0.616455078125
0.60107421875
0.53076171875
0.571533203125
0.66259765625
0.742431640625
0.49169921875
0.628662109375
0.0
0.0
0.596923828125
0.8486328125
0.575927734375
0.699951171875
0.62548828125
0.700439453125
0.74560546875
0.52783203125
0.48828125
0.0
0.52734375
0.57080078125
0.471435546875
0.6416015625
0.728515625
0.0
0.0
0.74853515625
0.5263671875
0.480224609375
0.63916015625
0.0
0.742431640625
