0.0
0.0
0.0
0.63134765625
0.7587890625
0.7265625
0.685791015625
0.81298828125
0.618896484375
0.6689453125
0.65625
0.540283203125
0.603515625
0.44921875
0.7333984375
0.463623046875
0.631103515625
0.648193359375
0.64013671875
0.566162109375
0.0
0.0
0.84375
0.582275390625
0.611572265625
0.69921875
0.73779296875
0.669189453125
0.828125
0.584716796875
0.8388671875
0.634521484375
0.4833984375
0.5947265625
0.0
0.9296875
0.86474609375
0.613037109375
0.55615234375
0.709716796875
0.438232421875
0.0
0.761474609375
0.53564453125
0.57470703125
0.584228515625
0.57470703125
0.789794921875
0.63330078125
0.550048828125
0.0
0.0
0.0
0.672607421875
0.83154296875
0.673583984375
0.74755859375
0.686767578125
0.73486328125
0.68310546875
0.50244140625
0.677734375
0.0
0.0
0.689453125
0.591552734375
0.796630859375
0.662841796875
0.616943359375
0.0
0.0
0.0
0.0
0.6201171875
0.501953125
0.6708984375
0.663818359375
0.778076171875
0.671875
0.7021484375
0.73583984375
0.77783203125
0.597412109375
0.64794921875
0.5185546875
0.695556640625
0.763916015625
0.0
0.708984375
0.581298828125
0.738525390625
0.0
0.0
0.51904296875
0.48486328125
0.609375
0.633544921875
0.6572265625
0.0
0.7724609375
0.47607421875
0.636962890625
0.0
0.0
0.710693359375
0.64306640625
0.573486328125
0.572998046875
0.62060546875
0.610595703125
0.659912109375
0.0
0.707275390625
0.6025390625
0.6337890625
0.68408203125
0.62353515625
0.692138671875
0.498779296875
0.64208984375
0.453369140625
0.58203125
0.673095703125
0.634033203125
0.676025390625
0.0
0.0
0.0
0.733642578125
0.7431640625
0.541748046875
0.7177734375
0.69482421875
0.81689453125
0.551025390625
0.67578125
0.0
0.0
0.0
0.0
0.714111328125
0.638427734375
0.587890625
0.72119140625
0.0
0.0
0.0
0.785888671875
0.76904296875
0.663818359375
0.61572265625
0.677734375
0.614501953125
0.416259765625
0.599609375
0.7109375
0.66455078125
0.625732421875
0.662353515625
0.652099609375
0.0
0.0
0.52783203125
0.743408203125
0.822509765625
0.703369140625
0.676513671875
0.590576171875
0.0
0.653076171875
0.57275390625
0.68798828125
0.586669921875
0.75439453125
0.6513671875
0.64453125
0.0
0.0
0.0
0.702392578125
0.527587890625
0.743896484375
0.583740234375
0.767333984375
0.734375
0.652099609375
0.490478515625
0.713623046875
0.69189453125
0.742919921875
0.0
0.0
0.68505859375
0.694091796875
0.57373046875
0.608154296875
0.624267578125
0.647216796875
0.610107421875
0.490966796875
0.64111328125
0.559326171875
0.697265625
0.612060546875
0.60400390625
0.610107421875
0.613525390625
0.682861328125
0.0
0.0
0.6064453125
0.56787109375
0.718994140625
0.52099609375
0.715087890625
0.7958984375
0.0
0.54052734375
0.5576171875
0.875
0.55712890625
0.849609375
0.489501953125
0.716796875
0.637451171875
0.53076171875
0.0
0.0
0.0
0.0
0.0
0.69970703125
0.5048828125
0.616455078125
0.568115234375
0.640869140625
0.0
0.0
0.6748046875
0.744873046875
0.6259765625
0.617431640625
0.568603515625
0.48974609375
0.0
0.0
0.6064453125
0.71240234375
0.525146484375
0.8994140625
0.669921875
0.548828125
0.0
0.0
0.6923828125
0.762939453125
0.69775390625
0.74853515625
0.5546875
0.707763671875
0.85595703125
0.6416015625
0.80859375
0.775146484375
0.59765625
0.60009765625
0.5146484375
0.0
0.0
0.61376953125
0.58935546875
0.790771484375
0.456787109375
0.81884765625
0.773193359375
0.6787109375
0.0
0.0
0.5556640625
0.75146484375
0.73486328125
0.87548828125
0.725830078125
0.741943359375
0.545654296875
0.630859375
0.0
0.0
0.622314453125
0.72509765625
0.7509765625
0.644775390625
0.4736328125
0.70068359375
0.0
0.0
0.7392578125
0.669189453125
0.748779296875
0.572021484375
0.673095703125
0.69189453125
0.614990234375
0.632568359375
0.486328125
0.0
0.0
0.5927734375
0.65869140625
0.709228515625
0.595947265625
0.675537109375
0.8076171875
0.5390625
0.453125
0.59765625
0.6103515625
0.621826171875
0.61865234375
0.0
0.64404296875
0.676025390625
0.598388671875
0.761962890625
0.6611328125
0.6142578125
0.0
0.814697265625
0.545654296875
0.8974609375
0.800048828125
0.6630859375
0.81494140625
0.638671875
0.0
0.0
0.55126953125
0.673095703125
0.67822265625
0.5791015625
0.613037109375
0.833984375
0.0
0.810546875
0.7783203125
0.5517578125
0.57080078125
0.66015625
0.669677734375
0.0
0.468994140625
0.586669921875
0.0
0.6826171875
0.73193359375
0.5615234375
0.745849609375
0.0
0.68896484375
0.599365234375
0.740478515625
0.759521484375
0.608154296875
0.499755859375
0.0
0.0
0.676025390625
0.5322265625
0.4580078125
0.6083984375
0.425048828125
0.825439453125
0.858642578125
0.0
0.0
0.5859375
0.829833984375
0.832275390625
0.786865234375
0.581298828125
0.58251953125
0.679443359375
0.7216796875
0.67626953125
0.65673828125
0.594970703125
0.0
0.0
0.805419921875
0.52734375
0.634033203125
0.689697265625
0.625244140625
0.673095703125
0.763671875
0.0
0.0
0.81689453125
0.75927734375
0.494140625
0.0
0.0
0.5361328125
0.733154296875
0.6494140625
0.74658203125
0.572998046875
0.481689453125
0.7705078125
0.645263671875
0.553466796875
0.0
0.0
0.0
0.65771484375
0.63916015625
0.690673828125
0.630615234375
0.820068359375
0.73974609375
0.607421875
0.0
0.0
0.0
0.0
0.60791015625
0.6767578125
0.523193359375
0.59228515625
0.72607421875
0.600830078125
0.60791015625
0.5673828125
0.5654296875
0.633544921875
0.737548828125
0.0
0.0
0.0
0.6240234375
0.60400390625
0.821044921875
0.666259765625
0.69775390625
0.700927734375
0.0
0.585205078125
0.640380859375
0.64990234375
0.6572265625
0.788818359375
0.706298828125
0.0
0.644287109375
0.700439453125
0.716552734375
0.671875
0.70166015625
0.535400390625
0.608642578125
0.59423828125
0.717529296875
0.5927734375
0.871337890625
0.619384765625
0.59765625
0.72998046875
0.663330078125
0.599853515625
0.836669921875
0.509765625
0.765625
0.518798828125
0.41845703125
0.623291015625
0.865966796875
0.587646484375
0.753662109375
0.0
0.0
0.6845703125
0.60595703125
0.58837890625
0.726806640625
0.61279296875
0.67333984375
0.469970703125
0.578857421875
0.4150390625
0.65771484375
0.0
0.0
0.679931640625
0.744384765625
0.603759765625
0.75537109375
0.65234375
0.637451171875
0.0
0.6552734375
0.645263671875
0.775146484375
0.835205078125
0.503662109375
0.57373046875
0.0
0.0
0.728271484375
0.712646484375
0.619140625
0.7177734375
0.0
0.0
0.638671875
0.60400390625
0.71337890625
0.7529296875
0.7197265625
0.667724609375
0.71484375
0.0
0.0
0.533447265625
0.65185546875
0.66455078125
0.66650390625
0.79443359375
0.64013671875
0.69482421875
0.7783203125
0.764892578125
0.568359375
0.70703125
0.648681640625
0.6376953125
0.673095703125
0.729736328125
0.8046875
0.560302734375
0.793212890625
0.60986328125
0.74365234375
0.803955078125
0.66748046875
0.595947265625
0.551025390625
0.58447265625
0.68408203125
0.0
0.0
0.0
0.50244140625
0.751953125
0.73583984375
0.69140625
0.57373046875
0.73388671875
0.830322265625
0.67041015625
0.58203125
0.713134765625
0.638671875
0.0
0.0
0.566162109375
0.578857421875
0.684814453125
0.575927734375
0.675048828125
0.628662109375
0.68505859375
0.782958984375
0.702392578125
0.621826171875
0.818359375
0.681884765625
0.73828125
0.0
0.0
0.638916015625
0.68310546875
0.63330078125
0.7412109375
0.698486328125
0.642822265625
0.564453125
0.69677734375
0.572509765625
0.5400390625
0.654052734375
0.0
0.0
0.607666015625
0.79443359375
0.757080078125
0.75439453125
0.0
0.0
0.0
0.793212890625
0.79052734375
0.720947265625
0.5986328125
0.75244140625
0.8857421875
0.670166015625
0.0
0.0
0.5615234375
0.554443359375
0.64013671875
0.75830078125
0.63427734375
0.712158203125
0.0
0.72509765625
0.82373046875
0.438720703125
0.60888671875
0.71484375
0.718017578125
0.8115234375
0.0
0.0
0.8701171875
0.738037109375
0.5439453125
0.619873046875
0.605224609375
0.0
0.68359375
0.572998046875
0.489990234375
0.576171875
0.67431640625
0.676025390625
0.702880859375
0.53955078125
0.0
0.0
0.626708984375
0.64599609375
0.72265625
0.693603515625
0.0
0.0
0.639892578125
0.590087890625
0.85205078125
0.630615234375
0.609130859375
0.6015625
0.707275390625
0.70166015625
0.7275390625
0.730712890625
0.73583984375
0.61865234375
0.76806640625
0.599853515625
0.637451171875
0.556396484375
0.715576171875
0.731201171875
0.73828125
0.782470703125
0.734130859375
0.0
0.0
0.617431640625
0.669677734375
0.7275390625
0.979248046875
0.651611328125
0.71240234375
0.80615234375
0.628662109375
0.62744140625
0.572021484375
0.7275390625
0.0
0.0
0.671630859375
0.546630859375
0.685302734375
0.69921875
0.549072265625
0.772216796875
0.74658203125
0.69970703125
0.697998046875
0.676513671875
0.506591796875
0.560791015625
0.5234375
0.652099609375
0.599365234375
0.63671875
0.0
0.0
0.5615234375
0.778076171875
0.6826171875
0.643798828125
0.58837890625
0.58544921875
0.0
0.0
0.0
0.83837890625
0.72705078125
0.5400390625
0.762451171875
0.5205078125
0.551025390625
0.0
0.672119140625
0.681396484375
0.82861328125
0.793701171875
0.7431640625
0.622802734375
0.649169921875
0.794189453125
0.81298828125
0.684326171875
0.0
0.0
0.689697265625
0.707275390625
0.48193359375
0.65380859375
0.823974609375
0.733642578125
0.653076171875
0.742919921875
0.699951171875
0.0
0.72998046875
0.570556640625
0.718994140625
0.55322265625
0.565673828125
0.619384765625
0.54541015625
0.0
0.710205078125
0.616943359375
0.63525390625
0.0
0.0
0.54833984375
0.5830078125
0.0
0.0
0.656494140625
0.688232421875
0.617919921875
0.62744140625
0.0
0.0
0.0
0.706787109375
0.5634765625
0.6396484375
0.6171875
0.0
0.0
0.61181640625
0.699951171875
0.764404296875
0.7333984375
0.692138671875
0.746826171875
0.70703125
0.718017578125
0.634765625
0.765380859375
0.65966796875
0.691650390625
0.64990234375
0.584228515625
0.0
0.0
0.737548828125
0.632080078125
0.59912109375
0.662109375
0.77783203125
0.59375
0.57568359375
0.586669921875
0.70751953125
0.657958984375
0.0
0.0
0.0
0.8046875
0.599609375
0.71728515625
0.830078125
0.558837890625
0.70556640625
0.66748046875
0.0
0.0
0.550537109375
0.7236328125
0.65966796875
0.5908203125
0.750732421875
0.75732421875
0.0
0.0
0.0
0.68359375
0.718994140625
0.59521484375
0.653564453125
0.845703125
0.829345703125
0.790771484375
0.566650390625
0.650634765625
0.62890625
0.7138671875
0.58642578125
0.0
0.0
0.6259765625
0.59033203125
0.52783203125
0.0
0.62158203125
0.66455078125
0.6865234375
0.0
0.0
0.648193359375
0.633056640625
0.71484375
0.8046875
0.645263671875
0.5595703125
0.60302734375
0.0
0.0
0.0
0.78515625
0.751953125
0.59130859375
0.583740234375
0.844970703125
0.634765625
0.549560546875
0.8408203125
0.0
0.0
0.7060546875
0.5869140625
0.757568359375
0.861572265625
0.6728515625
0.680419921875
0.66357421875
0.68017578125
0.66259765625
0.662109375
0.65478515625
0.548828125
0.722900390625
0.562255859375
0.0
0.64501953125
0.666259765625
0.867431640625
0.575927734375
0.89306640625
0.71728515625
0.6103515625
0.725830078125
0.59326171875
0.73876953125
0.0
0.0
0.628662109375
0.781494140625
0.52978515625
0.50927734375
0.0
0.0
0.58544921875
0.5927734375
0.67333984375
0.62744140625
0.67431640625
0.0
0.0
0.0
0.0
0.721435546875
0.709228515625
0.773193359375
0.76708984375
0.0
0.0
0.0
0.78759765625
0.436279296875
0.72900390625
0.639892578125
0.59765625
0.58203125
0.593505859375
0.0
0.0
0.0
0.702880859375
0.617919921875
0.66455078125
0.743896484375
0.6865234375
0.764892578125
0.0
0.54296875
0.701171875
0.62646484375
0.7236328125
0.0
0.0
0.85400390625
0.63037109375
0.658447265625
0.77783203125
0.605712890625
0.616455078125
0.0
0.0
0.771240234375
0.51611328125
0.7001953125
0.587646484375
0.904541015625
0.0
0.81494140625
0.65869140625
0.614013671875
0.669189453125
0.5546875
0.650390625
0.672119140625
0.554443359375
0.82177734375
0.689453125
0.74951171875
0.0
0.0
0.0
0.0
0.6923828125
0.635498046875
0.75634765625
0.55712890625
0.608642578125
0.6806640625
0.58642578125
0.0
0.7138671875
0.541015625
0.55322265625
0.65087890625
0.730224609375
0.653076171875
0.643310546875
0.71240234375
0.543701171875
0.5224609375
0.669921875
0.0
0.5546875
0.6787109375
0.6923828125
0.687255859375
0.0
0.0
0.0
0.787109375
0.73583984375
0.46142578125
0.600341796875
0.662841796875
0.715087890625
0.5654296875
