0.6474609375
0.6474609375
0.6474609375
0.6474609375
0.6474609375
0.6474609375
0.6474609375
0.52490234375
0.633544921875
0.607421875
0.535888671875
0.585205078125
0.420654296875
0.424072265625
0.421630859375
0.61328125
0.4453125
0.450439453125
0.593017578125
0.46142578125
0.5537109375
0.419677734375
0.569580078125
0.578369140625
0.562255859375
0.342529296875
0.513916015625
0.435546875
0.564453125
0.47998046875
0.439453125
0.585205078125
0.7978515625
0.478759765625
0.5166015625
0.71337890625
0.412841796875
0.55859375
0.575439453125
0.554443359375
0.52734375
0.4501953125
0.461181640625
0.489501953125
0.620849609375
0.619384765625
0.372314453125
0.4365234375
0.397705078125
0.59912109375
0.381591796875
0.361328125
0.654052734375
0.779296875
0.48876953125
0.533935546875
0.381591796875
0.5947265625
0.455322265625
0.658935546875
0.63623046875
0.37646484375
0.482421875
0.47509765625
0.6259765625
0.61279296875
0.467529296875
0.617431640625
0.25
0.42822265625
0.41357421875
0.585205078125
0.521484375
0.6005859375
0.485595703125
0.548828125
0.476318359375
0.59619140625
0.559814453125
0.61376953125
0.40869140625
0.511962890625
0.554443359375
0.6298828125
0.55078125
0.5439453125
0.537841796875
0.42529296875
0.656494140625
0.57958984375
0.5400390625
0.569091796875
0.40380859375
0.647216796875
0.526611328125
0.54638671875
0.5439453125
0.527587890625
0.501220703125
0.521240234375
0.40771484375
0.645751953125
0.420166015625
0.580322265625
0.61181640625
0.4736328125
0.327880859375
0.537841796875
0.629638671875
0.57666015625
0.48974609375
0.522216796875
0.418212890625
0.4228515625
0.484130859375
0.546630859375
0.675048828125
0.43017578125
0.549072265625
0.454833984375
0.474365234375
0.397705078125
0.44482421875
0.442626953125
0.700927734375
0.4970703125
0.70166015625
0.62255859375
0.701416015625
0.4775390625
0.541259765625
0.48828125
0.463623046875
0.67626953125
0.564208984375
0.41455078125
0.47705078125
0.4951171875
0.514404296875
0.44921875
0.53662109375
0.6533203125
0.78076171875
0.427490234375
0.44580078125
0.386474609375
0.52490234375
0.48876953125
0.563232421875
0.562255859375
0.459228515625
0.621826171875
0.486572265625
0.4189453125
0.65771484375
0.5595703125
0.618896484375
0.494873046875
0.619384765625
0.59521484375
0.51123046875
0.56005859375
0.459228515625
0.59423828125
0.505126953125
0.4287109375
0.61572265625
0.5791015625
0.59326171875
0.51318359375
0.579345703125
0.4970703125
0.46337890625
0.5478515625
0.523193359375
0.556640625
0.562255859375
0.507080078125
0.52685546875
0.513671875
0.584716796875
0.427978515625
0.486083984375
0.56640625
0.447998046875
0.3974609375
0.502197265625
0.494384765625
0.60595703125
0.568115234375
0.597900390625
0.56787109375
0.333251953125
0.431884765625
0.513427734375
0.53857421875
0.7548828125
0.356201171875
0.626953125
0.589599609375
0.577392578125
0.41162109375
0.529541015625
0.480224609375
0.535400390625
0.5380859375
0.618408203125
0.6044921875
0.567138671875
0.5185546875
0.584716796875
0.530517578125
0.689697265625
0.582763671875
0.465576171875
0.433837890625
0.5859375
0.5244140625
0.55908203125
0.532470703125
0.349853515625
0.4462890625
0.666748046875
0.49365234375
0.5302734375
0.529541015625
0.553466796875
0.58740234375
0.51220703125
0.527099609375
0.400146484375
0.461669921875
0.693359375
0.52197265625
0.482421875
0.640380859375
0.68115234375
0.59326171875
0.547607421875
0.3896484375
0.58642578125
0.600341796875
0.501220703125
0.6650390625
0.506591796875
0.527587890625
0.586181640625
0.55029296875
0.525146484375
0.583984375
0.49462890625
0.501953125
0.42431640625
0.603271484375
0.5966796875
0.583740234375
0.4853515625
0.5703125
0.36474609375
0.393798828125
0.480224609375
0.425537109375
0.718505859375
0.513916015625
0.5419921875
0.6025390625
0.4287109375
0.5263671875
0.62255859375
0.4716796875
0.57373046875
0.60302734375
0.568603515625
0.453857421875
0.594482421875
0.502197265625
0.469482421875
0.540771484375
0.482666015625
0.44140625
0.42724609375
0.59130859375
0.4580078125
0.614990234375
0.708251953125
0.35791015625
0.553955078125
0.4736328125
0.45703125
0.526611328125
0.646728515625
0.58740234375
0.590576171875
0.534423828125
0.332275390625
0.48046875
0.59765625
0.572265625
0.525390625
0.52685546875
0.4609375
0.431884765625
0.469970703125
0.70166015625
0.400634765625
0.57421875
0.36865234375
0.723388671875
0.570556640625
0.662841796875
0.493896484375
0.461669921875
0.540283203125
0.54931640625
0.6376953125
0.482421875
0.5849609375
0.550537109375
0.3857421875
0.657958984375
0.46044921875
0.43115234375
0.514892578125
0.53125
0.54638671875
0.3955078125
0.626953125
0.48486328125
0.42041015625
0.48388671875
0.426513671875
0.54248046875
0.418212890625
0.6123046875
0.679443359375
0.699951171875
0.496826171875
0.384521484375
0.56298828125
0.551025390625
0.513916015625
0.563232421875
0.504638671875
0.709228515625
0.666259765625
0.47216796875
0.625
0.438720703125
0.44482421875
0.572021484375
0.439453125
0.489990234375
0.74072265625
0.606689453125
0.632080078125
0.443115234375
0.53759765625
0.622314453125
0.61669921875
0.40625
0.412353515625
0.6328125
0.51416015625
0.45849609375
0.412109375
0.467529296875
0.560546875
0.7548828125
0.559814453125
0.482177734375
0.554931640625
0.617431640625
0.57861328125
0.6474609375
0.52001953125
0.482177734375
0.47412109375
0.470703125
0.607666015625
0.54150390625
0.51025390625
0.584228515625
0.520263671875
0.639404296875
0.547119140625
0.46533203125
0.38671875
0.39111328125
0.393798828125
0.376708984375
0.46728515625
0.607421875
0.56201171875
0.47802734375
0.7578125
0.5458984375
0.629150390625
0.495849609375
0.5966796875
0.671875
0.517822265625
0.29638671875
0.635986328125
0.377197265625
0.662353515625
0.63427734375
0.501708984375
0.52587890625
0.456298828125
0.383544921875
0.4619140625
0.51123046875
0.454345703125
0.5322265625
0.60107421875
0.489990234375
0.522705078125
0.392578125
0.53369140625
0.55322265625
0.478271484375
0.532958984375
0.501220703125
0.5068359375
0.62841796875
0.493408203125
0.444580078125
0.4697265625
0.64453125
0.47509765625
0.5732421875
0.54443359375
0.396240234375
0.59033203125
0.505859375
0.432861328125
0.44384765625
0.478271484375
0.4453125
0.59521484375
0.74267578125
0.3662109375
0.521728515625
0.57177734375
0.45947265625
0.453125
0.523193359375
0.624755859375
0.447998046875
0.436767578125
0.75341796875
0.591064453125
0.6103515625
0.47998046875
0.5615234375
0.388916015625
0.57958984375
0.5087890625
0.34716796875
0.447998046875
0.410888671875
0.6396484375
0.426025390625
0.5224609375
0.622314453125
0.45166015625
0.45458984375
0.47705078125
0.516357421875
0.58056640625
0.553466796875
0.513427734375
0.59326171875
0.462646484375
0.562255859375
0.520751953125
0.42626953125
0.652587890625
0.514892578125
0.407958984375
0.538818359375
0.50537109375
0.6640625
0.550537109375
0.536376953125
0.47412109375
0.281005859375
0.685546875
0.62890625
0.509033203125
0.489013671875
0.406005859375
0.566650390625
0.336181640625
0.697509765625
0.54052734375
0.437744140625
0.55859375
0.62255859375
0.553466796875
0.62548828125
0.622314453125
0.532470703125
0.470458984375
0.416015625
0.4921875
0.347412109375
0.4677734375
0.40234375
0.6318359375
0.5810546875
0.555419921875
0.60302734375
0.59033203125
0.65625
0.52099609375
0.42431640625
0.369140625
0.477783203125
0.39794921875
0.580810546875
0.457763671875
0.69580078125
0.59033203125
0.586181640625
0.514404296875
0.552978515625
0.4609375
0.591064453125
0.4033203125
0.52734375
0.381103515625
0.507568359375
0.57958984375
0.6201171875
0.39599609375
0.515869140625
0.47509765625
0.53369140625
0.744140625
0.5166015625
0.584716796875
0.599365234375
0.611572265625
0.552490234375
0.476806640625
0.53759765625
0.420166015625
0.544189453125
0.44873046875
0.666259765625
0.48193359375
0.470947265625
0.3974609375
0.40771484375
0.5419921875
0.43994140625
0.540283203125
0.712646484375
0.610595703125
0.48974609375
0.490966796875
0.41162109375
0.469482421875
0.48779296875
0.60205078125
0.517578125
0.479736328125
0.302490234375
0.62841796875
0.640869140625
0.725830078125
0.501953125
0.3876953125
0.48583984375
0.530029296875
0.550537109375
0.616943359375
0.54541015625
0.549560546875
0.644775390625
0.49560546875
0.44482421875
0.45703125
0.7021484375
0.58984375
0.531982421875
0.646728515625
0.62744140625
0.679443359375
0.62109375
0.60986328125
0.458251953125
0.41845703125
0.44580078125
0.493896484375
0.4609375
0.3994140625
0.559326171875
0.68896484375
0.486328125
0.507568359375
0.640380859375
0.49072265625
0.3984375
0.581787109375
0.572021484375
0.453125
0.62451171875
0.48095703125
0.470947265625
0.447265625
0.5048828125
0.660400390625
0.74658203125
0.540771484375
0.61767578125
0.498046875
0.51025390625
0.670166015625
0.63916015625
0.474853515625
0.5107421875
0.486083984375
0.51708984375
0.476318359375
0.473876953125
0.52197265625
0.5888671875
0.624755859375
0.53466796875
0.453857421875
0.62353515625
0.6220703125
0.52392578125
0.60791015625
0.318359375
0.537109375
0.437744140625
0.67919921875
0.491943359375
0.422119140625
0.5224609375
0.392822265625
0.72607421875
0.501220703125
0.585693359375
0.495849609375
0.426025390625
0.533447265625
0.5849609375
0.498779296875
0.465576171875
0.482666015625
0.536376953125
0.54736328125
0.515869140625
0.573974609375
0.41796875
0.6572265625
0.632568359375
0.5458984375
0.458984375
0.604248046875
0.463134765625
0.42919921875
0.457763671875
0.472900390625
0.456298828125
0.447265625
0.570068359375
0.552978515625
0.361083984375
0.4697265625
0.479248046875
0.662841796875
0.68212890625
0.56689453125
0.660888671875
0.626953125
0.556884765625
0.619873046875
0.468017578125
0.52783203125
0.4521484375
0.404296875
0.399658203125
0.522705078125
0.57373046875
0.50048828125
0.515869140625
0.653564453125
0.62646484375
0.531494140625
0.575927734375
0.3857421875
0.483642578125
0.552734375
0.572265625
0.47900390625
0.505859375
0.4443359375
0.562744140625
0.450439453125
0.46240234375
0.53955078125
0.503173828125
0.548095703125
0.3779296875
0.61572265625
0.49365234375
0.459228515625
0.551513671875
0.740234375
0.6171875
0.631591796875
0.495361328125
0.53515625
0.392578125
0.670166015625
0.58837890625
0.65185546875
0.650634765625
0.57373046875
0.532958984375
0.620361328125
0.605712890625
0.54833984375
0.576171875
0.490966796875
0.4423828125
0.496826171875
0.377685546875
0.639404296875
0.5205078125
0.63330078125
0.596923828125
0.520751953125
0.61865234375
0.384765625
0.508544921875
0.500732421875
0.5322265625
0.615234375
0.611572265625
0.408447265625
0.47607421875
0.65478515625
0.546875
0.5771484375
0.5654296875
0.556640625
0.55419921875
0.53173828125
0.3359375
0.60986328125
0.59521484375
0.552978515625
0.5146484375
0.519287109375
0.633544921875
0.484375
0.46044921875
0.3291015625
0.46240234375
0.58642578125
0.42724609375
0.4853515625
0.50244140625
0.51220703125
0.68408203125
0.578125
0.47412109375
0.614990234375
0.630859375
0.676025390625
0.377197265625
0.401123046875
0.48193359375
0.535888671875
0.40087890625
0.538818359375
0.512939453125
0.530517578125
0.39453125
0.49755859375
0.380859375
0.606201171875
0.507080078125
0.45263671875
0.34765625
0.572021484375
0.526611328125
0.47607421875
0.355712890625
0.383056640625
0.43896484375
0.583251953125
0.4951171875
0.50390625
0.471435546875
0.583740234375
0.48583984375
0.42431640625
0.580810546875
0.434814453125
0.432861328125
0.388671875
0.446533203125
0.293701171875
0.603271484375
0.393798828125
0.6357421875
0.462158203125
0.4921875
0.50341796875
0.569091796875
0.535400390625
0.554931640625
0.5615234375
0.592529296875
0.745361328125
0.51513671875
0.452392578125
0.4775390625
0.668212890625
0.537109375
0.649658203125
0.481201171875
0.504638671875
0.536376953125
0.498291015625
0.608154296875
0.762451171875
0.54296875
0.59619140625
0.650146484375
0.62939453125
0.515869140625
0.4404296875
0.448974609375
0.460693359375
0.486572265625
0.488037109375
0.492919921875
0.380859375
0.616943359375
0.370361328125
0.78515625
0.677490234375
0.678955078125
0.61328125
0.48876953125
0.529296875
0.726806640625
0.588134765625
0.481689453125
0.384765625
0.44482421875
0.4736328125
0.5234375
0.3974609375
0.4912109375
0.572265625
0.6240234375
0.3623046875
0.44482421875
0.74755859375
0.596435546875
0.6298828125
0.697021484375
0.54443359375
0.51708984375
0.471923828125
0.6357421875
0.424560546875
0.5478515625
0.6220703125
0.4951171875
0.59716796875
0.53564453125
0.57275390625
0.537841796875
0.62646484375
0.568603515625
0.594970703125
0.534423828125
0.35400390625
0.405029296875
0.485107421875
0.48876953125
0.69677734375
0.511962890625
0.478515625
0.679443359375
0.6669921875
0.467041015625
0.47265625
0.5732421875
0.572509765625
0.527099609375
0.61328125
0.44921875
0.4697265625
0.791748046875
0.474609375
0.5634765625
0.47705078125
0.507080078125
0.69580078125
0.41259765625
0.820556640625
0.48681640625
0.576171875
0.52880859375
0.521484375
0.72314453125
0.428466796875
0.495361328125
0.264892578125
0.708984375
0.47900390625
0.348388671875
0.43505859375
0.60302734375
0.4560546875
0.45703125
0.580322265625
0.522705078125
0.530517578125
0.540771484375
0.45068359375
0.588134765625
0.60791015625
0.437744140625
0.603515625
0.53173828125
0.54443359375
0.5341796875
0.5068359375
0.597900390625
0.621826171875
0.38916015625
0.317626953125
0.584716796875
0.555908203125
0.4853515625
0.59375
0.377197265625
0.46484375
0.636474609375
0.624267578125
0.449462890625
0.615234375
0.614013671875
0.609375
0.414306640625
0.484375
0.643310546875
0.584228515625
0.537841796875
0.407958984375
0.528076171875
0.484130859375
0.527099609375
0.4755859375
0.485595703125
0.54248046875
0.348876953125
0.443359375
0.519287109375
0.3984375
0.60546875
0.562255859375
0.63134765625
0.46484375
0.456787109375
0.39794921875
0.470703125
0.554443359375
0.697509765625
0.610107421875
0.4580078125
0.381103515625
0.382080078125
0.519287109375
0.6064453125
0.529541015625
0.45068359375
0.590576171875
0.505615234375
0.47509765625
0.616455078125
0.516357421875
0.607421875
