0.50439453125
0.50439453125
0.50439453125
0.50439453125
0.50439453125
0.50439453125
0.50439453125
0.448974609375
0.564697265625
0.46484375
0.400390625
0.4638671875
0.284912109375
0.3466796875
0.330322265625
0.544189453125
0.3388671875
0.368896484375
0.5078125
0.35302734375
0.4677734375
0.330322265625
0.409423828125
0.47607421875
0.444580078125
0.235107421875
0.558349609375
0.3173828125
0.491455078125
0.376220703125
0.32080078125
0.5126953125
0.693603515625
0.40283203125
0.4560546875
0.54296875
0.385986328125
0.470458984375
0.49755859375
0.427734375
0.39892578125
0.406982421875
0.313720703125
0.382568359375
0.51416015625
0.505126953125
0.312255859375
0.30517578125
0.380859375
0.524658203125
0.28125
0.29296875
0.53759765625
0.697021484375
0.410400390625
0.4326171875
0.32080078125
0.44580078125
0.3623046875
0.581787109375
0.57763671875
0.282470703125
0.398681640625
0.424560546875
0.54248046875
0.53125
0.372314453125
0.567626953125
0.208740234375
0.310302734375
0.2861328125
0.55859375
0.4033203125
0.51220703125
0.333984375
0.43896484375
0.350830078125
0.48681640625
0.452392578125
0.58056640625
0.3369140625
0.446044921875
0.47509765625
0.507080078125
0.4482421875
0.44384765625
0.4580078125
0.32421875
0.500732421875
0.444091796875
0.443359375
0.500244140625
0.368896484375
0.52197265625
0.41796875
0.460693359375
0.49267578125
0.383056640625
0.41943359375
0.371826171875
0.333740234375
0.5439453125
0.34716796875
0.530029296875
0.54345703125
0.406005859375
0.279541015625
0.4267578125
0.546875
0.494384765625
0.41943359375
0.42578125
0.368896484375
0.35791015625
0.479736328125
0.4619140625
0.54150390625
0.310791015625
0.4326171875
0.37646484375
0.341552734375
0.343505859375
0.356689453125
0.35546875
0.5771484375
0.376708984375
0.588134765625
0.456787109375
0.535400390625
0.413818359375
0.419677734375
0.419189453125
0.403564453125
0.590087890625
0.447998046875
0.369384765625
0.41455078125
0.4287109375
0.423583984375
0.37109375
0.4423828125
0.596923828125
0.662353515625
0.3798828125
0.3212890625
0.355712890625
0.416748046875
0.360595703125
0.462890625
0.482421875
0.384765625
0.533203125
0.42578125
0.29443359375
0.5537109375
0.437744140625
0.53125
0.379638671875
0.481201171875
0.49560546875
0.390625
0.409423828125
0.355712890625
0.521728515625
0.380859375
0.354736328125
0.51318359375
0.510009765625
0.49755859375
0.42529296875
0.4677734375
0.396240234375
0.354248046875
0.460693359375
0.435791015625
0.40625
0.46533203125
0.413818359375
0.4130859375
0.40966796875
0.470947265625
0.330078125
0.399169921875
0.434814453125
0.34765625
0.364013671875
0.417724609375
0.406982421875
0.528564453125
0.471923828125
0.463134765625
0.4384765625
0.27685546875
0.35595703125
0.44287109375
0.545166015625
0.64501953125
0.291748046875
0.59814453125
0.4736328125
0.5048828125
0.300537109375
0.42529296875
0.322021484375
0.441162109375
0.447265625
0.584228515625
0.55322265625
0.45361328125
0.41845703125
0.5029296875
0.414794921875
0.61572265625
0.5087890625
0.353271484375
0.3271484375
0.427490234375
0.43017578125
0.513671875
0.43359375
0.240966796875
0.37939453125
0.529052734375
0.364501953125
0.421875
0.522216796875
0.442138671875
0.575927734375
0.368896484375
0.50830078125
0.310546875
0.3642578125
0.611572265625
0.45654296875
0.416259765625
0.53076171875
0.586181640625
0.553955078125
0.501953125
0.29296875
0.51123046875
0.529052734375
0.365478515625
0.62109375
0.405517578125
0.380126953125
0.462646484375
0.438720703125
0.449462890625
0.48681640625
0.372314453125
0.4228515625
0.43505859375
0.465087890625
0.5068359375
0.442626953125
0.39599609375
0.440185546875
0.272216796875
0.34521484375
0.374267578125
0.37158203125
0.56494140625
0.451171875
0.529296875
0.501220703125
0.365478515625
0.517578125
0.5751953125
0.39501953125
0.429931640625
0.51025390625
0.505615234375
0.411865234375
0.53173828125
0.380126953125
0.379150390625
0.46923828125
0.39892578125
0.34228515625
0.35693359375
0.4736328125
0.3232421875
0.5068359375
0.58447265625
0.319091796875
0.47265625
0.3662109375
0.409912109375
0.398681640625
0.537353515625
0.483642578125
0.502197265625
0.461669921875
0.253662109375
0.418212890625
0.45166015625
0.484375
0.405517578125
0.393798828125
0.413818359375
0.3642578125
0.388427734375
0.632568359375
0.314453125
0.468505859375
0.28076171875
0.6845703125
0.4873046875
0.535888671875
0.379638671875
0.351806640625
0.42724609375
0.4423828125
0.5087890625
0.36767578125
0.485595703125
0.44921875
0.319580078125
0.587158203125
0.36376953125
0.333740234375
0.4375
0.4677734375
0.42431640625
0.338134765625
0.4873046875
0.40625
0.31787109375
0.38818359375
0.47119140625
0.448486328125
0.337646484375
0.447998046875
0.526123046875
0.620361328125
0.386474609375
0.295166015625
0.427978515625
0.4609375
0.400146484375
0.5439453125
0.43701171875
0.635009765625
0.615478515625
0.391357421875
0.49755859375
0.464111328125
0.439208984375
0.43798828125
0.353515625
0.419677734375
0.54736328125
0.510009765625
0.504150390625
0.35595703125
0.413330078125
0.47265625
0.6142578125
0.327392578125
0.358154296875
0.556640625
0.475341796875
0.361083984375
0.350830078125
0.357666015625
0.487060546875
0.655029296875
0.4462890625
0.331787109375
0.5126953125
0.60205078125
0.486328125
0.61669921875
0.482666015625
0.4638671875
0.39599609375
0.33935546875
0.449951171875
0.407958984375
0.400634765625
0.486083984375
0.493896484375
0.507568359375
0.483154296875
0.379638671875
0.3310546875
0.3291015625
0.29345703125
0.345703125
0.374755859375
0.479736328125
0.48291015625
0.383544921875
0.64697265625
0.48583984375
0.54833984375
0.3837890625
0.52880859375
0.589599609375
0.388427734375
0.2314453125
0.5390625
0.292724609375
0.568603515625
0.46923828125
0.44482421875
0.401611328125
0.387939453125
0.304443359375
0.37353515625
0.421875
0.392578125
0.40283203125
0.508544921875
0.351806640625
0.37548828125
0.343505859375
0.40771484375
0.4775390625
0.39599609375
0.463134765625
0.3916015625
0.36669921875
0.53759765625
0.421630859375
0.34033203125
0.33154296875
0.656494140625
0.40283203125
0.412353515625
0.48681640625
0.29931640625
0.528564453125
0.383544921875
0.292724609375
0.418212890625
0.39990234375
0.392333984375
0.508544921875
0.59326171875
0.28173828125
0.466552734375
0.46630859375
0.34228515625
0.380615234375
0.43017578125
0.52587890625
0.37744140625
0.390869140625
0.596923828125
0.400634765625
0.563720703125
0.379638671875
0.448486328125
0.294677734375
0.42236328125
0.39306640625
0.29931640625
0.40234375
0.32958984375
0.552490234375
0.37548828125
0.431396484375
0.563720703125
0.364990234375
0.33056640625
0.351806640625
0.368408203125
0.661376953125
0.4091796875
0.39697265625
0.552734375
0.374267578125
0.506591796875
0.379150390625
0.29345703125
0.57275390625
0.392822265625
0.346923828125
0.4658203125
0.409912109375
0.5673828125
0.45751953125
0.404296875
0.38232421875
0.187255859375
0.60107421875
0.50244140625
0.37109375
0.404052734375
0.32177734375
0.447265625
0.239990234375
0.638916015625
0.448486328125
0.344970703125
0.466796875
0.578125
0.4228515625
0.568359375
0.543701171875
0.43896484375
0.34716796875
0.335205078125
0.433349609375
0.287841796875
0.330810546875
0.3251953125
0.44970703125
0.415771484375
0.478271484375
0.45703125
0.495361328125
0.618896484375
0.44677734375
0.33935546875
0.273193359375
0.41943359375
0.383056640625
0.478759765625
0.344482421875
0.55615234375
0.4248046875
0.464599609375
0.46826171875
0.437744140625
0.4248046875
0.45263671875
0.347900390625
0.445068359375
0.28369140625
0.400390625
0.515625
0.518798828125
0.306640625
0.406005859375
0.457763671875
0.40576171875
0.633056640625
0.43603515625
0.470703125
0.477783203125
0.448486328125
0.4140625
0.364013671875
0.46044921875
0.330322265625
0.4541015625
0.36669921875
0.497314453125
0.381103515625
0.400634765625
0.307861328125
0.34326171875
0.395751953125
0.378173828125
0.41748046875
0.60693359375
0.530517578125
0.387939453125
0.447998046875
0.2998046875
0.33642578125
0.390625
0.524169921875
0.375
0.371337890625
0.236083984375
0.55615234375
0.529052734375
0.62646484375
0.357177734375
0.308837890625
0.4072265625
0.420166015625
0.408203125
0.456298828125
0.4111328125
0.41748046875
0.55224609375
0.408447265625
0.322265625
0.446533203125
0.612548828125
0.486572265625
0.44970703125
0.519775390625
0.544677734375
0.510498046875
0.521484375
0.602783203125
0.3828125
0.356201171875
0.39990234375
0.42919921875
0.370361328125
0.358642578125
0.437744140625
0.59765625
0.352783203125
0.392822265625
0.563232421875
0.455322265625
0.29736328125
0.42626953125
0.462890625
0.354736328125
0.474853515625
0.3515625
0.36474609375
0.354736328125
0.414794921875
0.52587890625
0.587646484375
0.4111328125
0.44189453125
0.36865234375
0.41064453125
0.5830078125
0.529052734375
0.361328125
0.47509765625
0.4072265625
0.4384765625
0.402099609375
0.398193359375
0.438720703125
0.424560546875
0.536376953125
0.41064453125
0.453857421875
0.462890625
0.58056640625
0.425048828125
0.465087890625
0.233642578125
0.443359375
0.33544921875
0.59130859375
0.400390625
0.312744140625
0.470703125
0.289306640625
0.58984375
0.439208984375
0.472900390625
0.3994140625
0.3857421875
0.430419921875
0.475341796875
0.430908203125
0.375
0.427978515625
0.417724609375
0.404052734375
0.439208984375
0.516845703125
0.345703125
0.54931640625
0.474853515625
0.49365234375
0.3916015625
0.411376953125
0.344970703125
0.28271484375
0.3583984375
0.458984375
0.380615234375
0.333740234375
0.483154296875
0.50537109375
0.280029296875
0.344482421875
0.4072265625
0.6494140625
0.5322265625
0.4873046875
0.512939453125
0.5576171875
0.458984375
0.48779296875
0.43017578125
0.42138671875
0.328125
0.369384765625
0.31591796875
0.4130859375
0.458251953125
0.408203125
0.3984375
0.50927734375
0.47216796875
0.450439453125
0.481689453125
0.349365234375
0.36279296875
0.451904296875
0.51611328125
0.3896484375
0.499755859375
0.3798828125
0.51171875
0.4169921875
0.37646484375
0.48681640625
0.3837890625
0.48583984375
0.25634765625
0.552978515625
0.441162109375
0.355712890625
0.457275390625
0.58447265625
0.554931640625
0.542236328125
0.451416015625
0.435302734375
0.310546875
0.519775390625
0.4765625
0.599853515625
0.529296875
0.494873046875
0.419677734375
0.526123046875
0.45947265625
0.49853515625
0.492919921875
0.35693359375
0.331787109375
0.41650390625
0.3134765625
0.602783203125
0.42578125
0.517822265625
0.52197265625
0.42236328125
0.46435546875
0.299560546875
0.40966796875
0.403076171875
0.4130859375
0.46923828125
0.483642578125
0.287109375
0.408935546875
0.53857421875
0.4072265625
0.45654296875
0.552001953125
0.503173828125
0.498046875
0.472412109375
0.24560546875
0.56201171875
0.546875
0.41796875
0.431884765625
0.396484375
0.49169921875
0.44482421875
0.40673828125
0.21630859375
0.406005859375
0.4755859375
0.365234375
0.41748046875
0.45947265625
0.44970703125
0.564208984375
0.470458984375
0.362060546875
0.5302734375
0.56787109375
0.53759765625
0.276611328125
0.291015625
0.37255859375
0.478759765625
0.32470703125
0.399169921875
0.4072265625
0.41845703125
0.2958984375
0.385986328125
0.3349609375
0.508056640625
0.55615234375
0.3505859375
0.260498046875
0.462890625
0.403564453125
0.357666015625
0.247314453125
0.3046875
0.364990234375
0.504150390625
0.3583984375
0.416259765625
0.389892578125
0.449951171875
0.342041015625
0.345947265625
0.50244140625
0.328125
0.416748046875
0.2900390625
0.33203125
0.232666015625
0.552490234375
0.284423828125
0.676513671875
0.33056640625
0.407958984375
0.396240234375
0.52197265625
0.373291015625
0.441162109375
0.489990234375
0.53857421875
0.66162109375
0.43603515625
0.437744140625
0.381591796875
0.558349609375
0.434814453125
0.542724609375
0.395751953125
0.393310546875
0.476806640625
0.3876953125
0.51708984375
0.59521484375
0.44189453125
0.45556640625
0.535888671875
0.58154296875
0.3671875
0.308837890625
0.334716796875
0.365966796875
0.381591796875
0.4091796875
0.4287109375
0.2783203125
0.442138671875
0.292724609375
0.63037109375
0.627685546875
0.618408203125
0.510009765625
0.352294921875
0.457275390625
0.586181640625
0.432861328125
0.435302734375
0.3125
0.382568359375
0.43994140625
0.446044921875
0.38720703125
0.45947265625
0.394287109375
0.515625
0.319091796875
0.3662109375
0.659423828125
0.569580078125
0.50390625
0.521728515625
0.441650390625
0.4267578125
0.44091796875
0.508544921875
0.3203125
0.431396484375
0.650390625
0.418701171875
0.458251953125
0.482177734375
0.46435546875
0.464111328125
0.526123046875
0.5087890625
0.468017578125
0.365478515625
0.26708984375
0.295654296875
0.3916015625
0.38720703125
0.664794921875
0.410888671875
0.371826171875
0.481201171875
0.61328125
0.38037109375
0.36376953125
0.477294921875
0.484130859375
0.393310546875
0.507080078125
0.365966796875
0.36279296875
0.705078125
0.357666015625
0.503662109375
0.404052734375
0.446533203125
0.614501953125
0.357177734375
0.670166015625
0.38525390625
0.4580078125
0.4990234375
0.4560546875
0.58447265625
0.34033203125
0.4287109375
0.175537109375
0.68896484375
0.38330078125
0.31201171875
0.310546875
0.503173828125
0.37548828125
0.355224609375
0.45751953125
0.479248046875
0.403076171875
0.384765625
0.415283203125
0.484619140625
0.50048828125
0.350830078125
0.49267578125
0.464111328125
0.393310546875
0.393310546875
0.37841796875
0.49365234375
0.525146484375
0.333984375
0.296142578125
0.4716796875
0.460693359375
0.4140625
0.446044921875
0.288330078125
0.39599609375
0.578125
0.580810546875
0.342529296875
0.51025390625
0.459716796875
0.51611328125
0.342529296875
0.4296875
0.51806640625
0.452880859375
0.422119140625
0.279052734375
0.349365234375
0.389892578125
0.458251953125
0.437255859375
0.349609375
0.4208984375
0.2802734375
0.37451171875
0.420166015625
0.2763671875
0.486328125
0.458251953125
0.500244140625
0.404541015625
0.41552734375
0.27685546875
0.42724609375
0.462158203125
0.544189453125
0.503173828125
0.37841796875
0.308837890625
0.305908203125
0.401123046875
0.451904296875
0.462158203125
0.336669921875
0.4951171875
0.45458984375
0.3935546875
0.568603515625
0.487060546875
0.5185546875
