0.75048828125
0.75048828125
0.75048828125
0.75048828125
0.75048828125
0.71484375
0.755615234375
0.865234375
0.578857421875
0.54833984375
0.650146484375
0.77734375
0.742919921875
0.765625
0.64599609375
0.65185546875
0.476318359375
0.510498046875
0.637939453125
0.664794921875
0.538330078125
0.8251953125
0.53662109375
0.673095703125
0.570068359375
0.6650390625
0.4345703125
0.574951171875
0.447265625
0.78466796875
0.738525390625
0.623779296875
0.77880859375
0.53125
0.599853515625
0.600341796875
0.7783203125
0.695068359375
0.5849609375
0.68212890625
0.580810546875
0.829345703125
0.55126953125
0.69384765625
0.59765625
0.516845703125
0.614990234375
0.85546875
0.918701171875
0.62158203125
0.55029296875
0.70361328125
0.706298828125
0.671630859375
0.549560546875
0.6142578125
0.509033203125
0.6806640625
0.54052734375
0.436767578125
0.6689453125
0.824951171875
0.838623046875
0.4443359375
0.55029296875
0.369873046875
0.651611328125
0.70166015625
0.689697265625
0.395751953125
0.48681640625
0.656494140625
0.802734375
0.6845703125
0.47509765625
0.619140625
0.537109375
0.630615234375
0.592041015625
0.807373046875
0.717529296875
0.658447265625
0.580810546875
0.599365234375
0.550048828125
0.5947265625
0.6513671875
0.48583984375
0.64794921875
0.71728515625
0.685302734375
0.6005859375
0.69287109375
0.68994140625
0.6455078125
0.5478515625
0.687744140625
0.530517578125
0.720458984375
0.72314453125
0.632568359375
0.5205078125
0.662841796875
0.559814453125
0.552001953125
0.701904296875
0.736328125
0.709228515625
0.58837890625
0.611572265625
0.566650390625
0.554443359375
0.58447265625
0.766845703125
0.6455078125
0.74951171875
0.569091796875
0.5986328125
0.705322265625
0.75634765625
0.71630859375
0.519775390625
0.643798828125
0.60595703125
0.529296875
0.526611328125
0.66796875
0.62255859375
0.730712890625
0.564453125
0.606201171875
0.712646484375
0.66845703125
0.78955078125
0.712646484375
0.63330078125
0.53076171875
0.622314453125
0.587646484375
0.521484375
0.665771484375
0.697021484375
0.551513671875
0.66259765625
0.6171875
0.580322265625
0.71142578125
0.672607421875
0.509033203125
0.6494140625
0.7294921875
0.613525390625
0.782470703125
0.5458984375
0.564453125
0.56787109375
0.624755859375
0.659423828125
0.72509765625
0.64892578125
0.671875
0.484619140625
0.731201171875
0.726806640625
0.567138671875
0.576904296875
0.759521484375
0.743896484375
0.600341796875
0.717529296875
0.6435546875
0.564208984375
0.54833984375
0.728515625
0.708740234375
0.720458984375
0.695556640625
0.588134765625
0.601806640625
0.728515625
0.52490234375
0.6953125
0.576416015625
0.693603515625
0.697509765625
0.6865234375
0.691650390625
0.63671875
0.68017578125
0.605712890625
0.73583984375
0.8232421875
0.591796875
0.573486328125
0.738525390625
0.6025390625
0.653076171875
0.590087890625
0.70751953125
0.707275390625
0.578857421875
0.646728515625
0.806640625
0.677734375
0.703857421875
0.691650390625
0.66357421875
0.582763671875
0.5859375
0.745849609375
0.598876953125
0.76708984375
0.64404296875
0.63037109375
0.628173828125
0.759033203125
0.689697265625
0.70263671875
0.751708984375
0.550048828125
0.60205078125
0.826171875
0.59130859375
0.449951171875
0.3828125
0.64208984375
0.48974609375
0.7783203125
0.8251953125
0.681396484375
0.540771484375
0.60986328125
0.545166015625
0.6416015625
0.6533203125
0.61279296875
0.7802734375
0.62939453125
0.657958984375
0.753173828125
0.764404296875
0.540771484375
0.744873046875
0.592529296875
0.76416015625
0.69677734375
0.595947265625
0.734375
0.7294921875
0.64013671875
0.572265625
0.530029296875
0.58544921875
0.747314453125
0.626953125
0.576171875
0.66552734375
0.7646484375
0.679443359375
0.684326171875
0.758056640625
0.64599609375
0.740234375
0.451904296875
0.53759765625
0.70068359375
0.73681640625
0.714111328125
0.661865234375
0.554931640625
0.692138671875
0.6025390625
0.54931640625
0.550048828125
0.509521484375
0.747802734375
0.605712890625
0.48779296875
0.578369140625
0.531494140625
0.768310546875
0.536376953125
0.81640625
0.80908203125
0.771240234375
0.742431640625
0.599609375
0.700439453125
0.79248046875
0.7900390625
0.500244140625
0.751708984375
0.505126953125
0.7646484375
0.714599609375
0.660888671875
0.5439453125
0.66796875
0.707763671875
0.544677734375
0.747802734375
0.538818359375
0.572021484375
0.573486328125
0.66162109375
0.55810546875
0.511474609375
0.6630859375
0.551025390625
0.599609375
0.783935546875
0.5810546875
0.72705078125
0.603759765625
0.384033203125
0.454833984375
0.612060546875
0.642333984375
0.696533203125
0.598388671875
0.64599609375
0.6630859375
0.638916015625
0.843505859375
0.509765625
0.594970703125
0.4599609375
0.74365234375
0.44140625
0.46435546875
0.7265625
0.708251953125
0.572021484375
0.7763671875
0.69482421875
0.417724609375
0.75048828125
0.719482421875
0.57958984375
0.586669921875
0.681884765625
0.512451171875
0.63720703125
0.60205078125
0.52783203125
0.4794921875
0.740478515625
0.651123046875
0.568115234375
0.740234375
0.662353515625
0.725830078125
0.73974609375
0.46142578125
0.585693359375
0.560791015625
0.69287109375
0.453369140625
0.7265625
0.699462890625
0.59912109375
0.636962890625
0.614013671875
0.694580078125
0.553955078125
0.628662109375
0.637939453125
0.65380859375
0.575927734375
0.798828125
0.59912109375
0.642333984375
0.858642578125
0.609130859375
0.648681640625
0.619873046875
0.827880859375
0.666259765625
0.62451171875
0.58447265625
0.66064453125
0.519775390625
0.768798828125
0.69482421875
0.541015625
0.754638671875
0.579345703125
0.615478515625
0.624755859375
0.552734375
0.831298828125
0.514404296875
0.780029296875
0.621826171875
0.718017578125
0.745849609375
0.6044921875
0.58203125
0.563720703125
0.607177734375
0.78076171875
0.582275390625
0.64501953125
0.56689453125
0.7236328125
0.7783203125
0.552978515625
0.547607421875
0.64111328125
0.4521484375
0.6484375
0.56005859375
0.559326171875
0.693603515625
0.5654296875
0.685791015625
0.62109375
0.543701171875
0.5244140625
0.67333984375
0.625244140625
0.6669921875
0.9609375
0.72705078125
0.458251953125
0.80126953125
0.813720703125
0.765869140625
0.8583984375
0.727783203125
0.642333984375
0.803955078125
0.532470703125
0.60693359375
0.5625
0.9150390625
0.697021484375
0.73095703125
0.799560546875
0.6015625
0.65478515625
0.605712890625
0.741943359375
0.725341796875
0.696044921875
0.7724609375
0.71728515625
0.4892578125
0.80419921875
0.56689453125
0.562744140625
0.8046875
0.5869140625
0.63232421875
0.81103515625
0.628173828125
0.778076171875
0.654296875
0.541748046875
0.754638671875
0.454833984375
0.7109375
0.58740234375
0.7421875
0.698974609375
0.6259765625
0.584228515625
0.564697265625
0.635009765625
0.624267578125
0.68310546875
0.735595703125
0.642333984375
0.54736328125
0.7080078125
0.689208984375
0.48095703125
0.75537109375
0.778076171875
0.7294921875
0.623046875
0.64599609375
0.591064453125
0.7236328125
0.534912109375
0.56884765625
0.60595703125
0.729248046875
0.529541015625
0.675048828125
0.588134765625
0.708984375
0.612060546875
0.558837890625
0.593994140625
0.46826171875
0.515380859375
0.5791015625
0.6005859375
0.778564453125
0.706787109375
0.57373046875
0.579345703125
0.94140625
0.698486328125
0.715576171875
0.56689453125
0.621826171875
0.706787109375
0.62451171875
0.625244140625
0.636474609375
0.535888671875
0.726318359375
0.626708984375
0.719482421875
0.821533203125
0.724853515625
0.66650390625
0.83203125
0.67578125
0.51171875
0.681396484375
0.635009765625
0.718994140625
0.65869140625
0.71826171875
0.669677734375
0.513916015625
0.536865234375
0.637939453125
0.811767578125
0.677001953125
0.488037109375
0.520751953125
0.7509765625
0.8056640625
0.688720703125
0.742431640625
0.809326171875
0.58740234375
0.55859375
0.67138671875
0.783203125
0.638427734375
0.635498046875
0.6123046875
0.630615234375
0.708251953125
0.727294921875
0.665771484375
0.891845703125
0.62353515625
0.662109375
0.46826171875
0.677978515625
0.834228515625
0.59619140625
0.71728515625
0.685546875
0.631103515625
0.795166015625
0.645751953125
0.5537109375
0.7236328125
0.74267578125
0.409912109375
0.720703125
0.449951171875
0.625732421875
0.67431640625
0.62841796875
0.538818359375
0.637451171875
0.62060546875
0.59130859375
0.573974609375
0.5556640625
0.481201171875
0.67333984375
0.726806640625
0.631591796875
0.755615234375
0.553466796875
0.66943359375
0.491455078125
0.460205078125
0.624755859375
0.73193359375
0.6142578125
0.656005859375
0.627197265625
0.60498046875
0.55078125
0.61083984375
0.598388671875
0.63037109375
0.6123046875
0.534912109375
0.67431640625
0.620849609375
0.6513671875
0.6708984375
0.613037109375
0.7099609375
0.629150390625
0.728271484375
0.731201171875
0.564208984375
0.779296875
0.60498046875
0.727783203125
0.544677734375
0.61572265625
0.650146484375
0.735107421875
0.6376953125
0.66943359375
0.656005859375
0.773193359375
0.521240234375
0.547119140625
0.7099609375
0.5517578125
0.6630859375
0.52783203125
0.767822265625
0.701416015625
0.60791015625
0.63720703125
0.525390625
0.60791015625
0.5615234375
0.608642578125
0.686279296875
0.582763671875
0.62744140625
0.806640625
0.737060546875
0.679443359375
0.5205078125
0.508056640625
0.51513671875
0.6162109375
0.5263671875
0.520751953125
0.631591796875
0.602294921875
0.759521484375
0.65869140625
0.54638671875
0.560791015625
0.716796875
0.646240234375
0.4462890625
0.576171875
0.658935546875
0.721923828125
0.54736328125
0.637939453125
0.591064453125
0.770263671875
0.53515625
0.659912109375
0.616455078125
0.55078125
0.768798828125
0.618896484375
0.5732421875
0.6328125
0.65869140625
0.6865234375
0.721435546875
0.6748046875
0.661376953125
0.547119140625
0.627685546875
0.551025390625
0.47119140625
0.768310546875
0.67724609375
0.64501953125
0.664794921875
0.539794921875
0.543212890625
0.667236328125
0.639404296875
0.643310546875
0.691162109375
0.585693359375
0.625
0.620361328125
0.6513671875
0.4638671875
0.54248046875
0.59033203125
0.666748046875
0.641845703125
0.524169921875
0.520751953125
0.586669921875
0.693603515625
0.609375
0.607666015625
0.6474609375
0.706298828125
0.582763671875
0.70361328125
0.66845703125
0.92578125
0.618896484375
0.6259765625
0.52880859375
0.5341796875
0.54833984375
0.65625
0.805908203125
0.623291015625
0.599853515625
0.64111328125
0.84619140625
0.643310546875
0.786865234375
0.699462890625
0.4873046875
0.660400390625
0.5625
0.367431640625
0.73095703125
0.61962890625
0.64599609375
0.7529296875
0.6796875
0.641845703125
0.6875
0.595458984375
0.76025390625
0.716064453125
0.65380859375
0.6142578125
0.498046875
0.490478515625
0.3984375
0.528076171875
0.787841796875
0.396484375
0.623779296875
0.533447265625
0.68994140625
0.74462890625
0.68212890625
0.79150390625
0.565673828125
0.63720703125
0.511474609375
0.666015625
0.608154296875
0.4375
0.592529296875
0.734619140625
0.607177734375
0.81005859375
0.64013671875
0.669189453125
0.80517578125
0.704833984375
0.748779296875
0.621337890625
0.63525390625
0.709716796875
0.504638671875
0.626953125
0.64892578125
0.630126953125
0.603271484375
0.590576171875
0.627197265625
0.829345703125
0.7177734375
0.562255859375
0.52490234375
0.62646484375
0.67236328125
0.617919921875
0.622802734375
0.679443359375
0.5537109375
0.686767578125
0.5849609375
0.71533203125
0.66455078125
0.535888671875
0.70556640625
0.629150390625
0.706787109375
0.753662109375
0.66455078125
0.58349609375
0.771484375
0.576171875
0.6181640625
0.532958984375
0.5859375
0.591796875
0.6298828125
0.5869140625
0.5087890625
0.7353515625
0.570068359375
0.593505859375
0.74560546875
0.697021484375
0.6689453125
0.6650390625
0.654052734375
0.606689453125
0.745849609375
0.63525390625
0.7099609375
0.763916015625
0.635498046875
0.68212890625
0.64599609375
0.746337890625
0.689208984375
0.76171875
0.652099609375
0.552734375
0.63232421875
0.6162109375
0.669921875
0.554443359375
0.616943359375
0.649658203125
0.567626953125
0.494384765625
0.463134765625
0.71728515625
0.58984375
0.7861328125
0.684814453125
0.5966796875
0.72216796875
0.712158203125
0.595458984375
0.482666015625
0.740478515625
0.670166015625
0.747802734375
0.544677734375
0.575439453125
0.730712890625
0.754638671875
0.636474609375
0.632568359375
0.71533203125
0.4990234375
0.4619140625
0.692138671875
0.667724609375
0.6396484375
0.55810546875
0.693115234375
0.63671875
0.603271484375
0.684814453125
0.7236328125
0.568603515625
0.64697265625
0.880859375
0.70849609375
0.493896484375
0.69482421875
0.64990234375
0.564697265625
0.76025390625
0.62841796875
0.730224609375
0.614501953125
0.64794921875
0.63134765625
0.71435546875
0.502685546875
0.575927734375
0.667236328125
0.552978515625
0.62939453125
0.6015625
0.678955078125
0.530029296875
0.546630859375
0.66552734375
0.68310546875
0.59521484375
0.756103515625
0.635498046875
0.739013671875
0.708251953125
0.619384765625
0.875732421875
0.717041015625
0.7451171875
0.81591796875
0.595458984375
0.692138671875
0.584228515625
0.744384765625
0.648193359375
0.572998046875
0.625732421875
0.81494140625
0.655517578125
0.59130859375
0.676025390625
0.6533203125
0.65869140625
0.689697265625
0.575439453125
0.72509765625
0.63720703125
0.76220703125
0.473388671875
0.676513671875
0.711181640625
0.516845703125
0.79638671875
0.71240234375
0.64794921875
0.656982421875
0.688232421875
0.56005859375
0.627685546875
0.5498046875
0.598876953125
0.604736328125
0.548828125
0.723388671875
0.77294921875
0.764404296875
0.667724609375
0.50341796875
0.700439453125
0.741943359375
0.528564453125
0.6171875
0.599609375
0.609375
0.46826171875
0.713134765625
0.625
0.730712890625
0.807373046875
0.797119140625
0.64013671875
0.7744140625
0.380859375
0.6572265625
0.7900390625
0.608642578125
0.60986328125
0.513671875
0.603759765625
0.7314453125
0.632568359375
0.57763671875
0.631103515625
0.6845703125
0.531494140625
0.621337890625
0.686279296875
0.695556640625
0.703369140625
0.7626953125
0.626220703125
0.74951171875
0.66943359375
0.675537109375
0.644287109375
0.724365234375
0.682861328125
0.6162109375
0.51123046875
0.797119140625
0.7626953125
0.69140625
0.63525390625
0.793212890625
0.7109375
0.854736328125
0.65869140625
0.44189453125
0.731201171875
0.527587890625
0.365478515625
0.716796875
