0.75048828125
0.75048828125
0.75048828125
0.75048828125
0.0
0.0
0.5087890625
0.638916015625
0.513427734375
0.0
0.9130859375
0.536865234375
0.625
0.676513671875
0.721435546875
0.67578125
0.49658203125
0.54296875
0.688232421875
0.781494140625
0.789794921875
0.0
0.0
0.572509765625
0.5869140625
0.61865234375
0.587646484375
0.5400390625
0.6904296875
0.60546875
0.0
0.0
0.593994140625
0.79443359375
0.617919921875
0.5546875
0.755126953125
0.574462890625
0.65673828125
0.552001953125
0.673828125
0.7978515625
0.634521484375
0.801025390625
0.811767578125
0.61328125
0.705810546875
0.6474609375
0.61474609375
0.0
0.639892578125
0.603759765625
0.712890625
0.816162109375
0.568359375
0.579833984375
0.59619140625
0.0
0.68408203125
0.6201171875
0.649169921875
0.70703125
0.0
0.0
0.61083984375
0.7880859375
0.67919921875
0.663818359375
0.0
0.0
0.0
0.62109375
0.63623046875
0.6044921875
0.631103515625
0.56201171875
0.57763671875
0.512451171875
0.806396484375
0.655517578125
0.546142578125
0.57080078125
0.97705078125
0.0
0.633544921875
0.595458984375
0.624755859375
0.58935546875
0.0
0.0
0.658203125
0.702392578125
0.603271484375
0.598388671875
0.531982421875
0.47509765625
0.54833984375
0.702392578125
0.658203125
0.0
0.0
0.0
0.830322265625
0.735595703125
0.62451171875
0.777587890625
0.609619140625
0.539794921875
0.531982421875
0.551025390625
0.0
0.704833984375
0.774658203125
0.589599609375
0.719482421875
0.621826171875
0.0
0.0
0.0
0.839111328125
0.81201171875
0.0
0.603515625
0.51953125
0.781982421875
0.431884765625
0.574462890625
0.570556640625
0.0
0.0
0.82568359375
0.473876953125
0.55517578125
0.6240234375
0.58544921875
0.618408203125
0.634033203125
0.48388671875
0.444091796875
0.675537109375
0.709228515625
0.74267578125
0.667236328125
0.60986328125
0.536376953125
0.687255859375
0.615234375
0.59228515625
0.474365234375
0.541748046875
0.5458984375
0.5478515625
0.0
0.70068359375
0.54296875
0.669921875
0.52685546875
0.675048828125
0.0
0.5986328125
0.665283203125
0.613037109375
0.653076171875
0.767333984375
0.0
0.553466796875
0.733154296875
0.66943359375
0.68212890625
0.826904296875
0.797607421875
0.0
0.64404296875
0.416259765625
0.62646484375
0.6171875
0.62353515625
0.589599609375
0.480712890625
0.60400390625
0.559326171875
0.0
0.0
0.644287109375
0.621337890625
0.562744140625
0.80078125
0.61376953125
0.665771484375
0.646728515625
0.769287109375
0.740234375
1.03271484375
0.648681640625
0.71923828125
0.6259765625
0.61279296875
0.58837890625
0.765380859375
0.67529296875
0.51025390625
0.60888671875
0.705810546875
0.728759765625
0.59716796875
0.61083984375
0.7265625
0.0
0.0
0.807373046875
0.736083984375
0.605224609375
0.56005859375
0.853271484375
0.0
0.0
0.0
0.532958984375
0.580078125
0.683349609375
0.7685546875
0.770263671875
0.710693359375
0.742919921875
0.73486328125
0.413818359375
0.5078125
0.59423828125
0.0
0.7451171875
0.420654296875
0.6044921875
0.513916015625
0.73583984375
0.593505859375
0.594482421875
0.589599609375
0.680908203125
0.625
0.605224609375
0.755615234375
0.0
0.68505859375
0.563232421875
0.741943359375
0.683837890625
0.83740234375
0.730224609375
0.787353515625
0.0
0.0
0.662109375
0.615966796875
0.635498046875
0.604736328125
0.643798828125
0.632080078125
0.650390625
0.580078125
0.0
0.0
0.632568359375
0.6689453125
0.718994140625
0.580322265625
0.619873046875
0.725830078125
0.67041015625
0.585205078125
0.649658203125
0.0
0.490234375
0.632080078125
0.62548828125
0.656494140625
0.58447265625
0.638916015625
0.640869140625
0.670166015625
0.678466796875
0.59521484375
0.660400390625
0.737548828125
0.607177734375
0.587890625
0.668701171875
0.68017578125
0.630859375
0.56982421875
0.545654296875
0.619384765625
0.571044921875
0.59814453125
0.633544921875
0.0
0.0
0.48193359375
0.58740234375
0.49169921875
0.604736328125
0.687255859375
0.740234375
0.545166015625
0.55126953125
0.441162109375
0.705810546875
0.5888671875
0.0
0.6728515625
0.84912109375
0.76171875
0.647705078125
0.591064453125
0.543701171875
0.580078125
0.579833984375
0.6513671875
0.882568359375
0.6650390625
0.0
0.600830078125
0.90234375
0.773193359375
0.736328125
0.538330078125
0.550537109375
0.0
0.0
0.0
0.60546875
0.588134765625
0.64794921875
0.0
0.5908203125
0.71923828125
0.578125
0.61328125
0.0
0.620361328125
0.611328125
0.7216796875
0.669677734375
0.639892578125
0.73291015625
0.6884765625
0.594970703125
0.708984375
0.0
0.6259765625
0.541748046875
0.8095703125
0.68115234375
0.637939453125
0.76611328125
0.31982421875
0.0
0.0
0.0
0.0
0.0
0.650146484375
0.705078125
0.404052734375
0.658203125
0.6728515625
0.0
0.565185546875
0.55322265625
0.70703125
0.7568359375
0.7939453125
0.0
0.63818359375
0.59716796875
0.671142578125
0.63916015625
0.668701171875
0.0
0.0
0.59619140625
0.61865234375
0.824951171875
0.62646484375
0.727783203125
0.765380859375
0.6748046875
0.0
0.656494140625
0.616455078125
0.43359375
0.701171875
0.622802734375
0.748046875
0.485107421875
0.714599609375
0.0
0.5458984375
0.78759765625
0.7451171875
0.80712890625
0.580810546875
0.573974609375
0.489013671875
0.0
0.814697265625
0.738037109375
0.72802734375
0.76513671875
0.635009765625
0.697509765625
0.72607421875
0.696533203125
0.670166015625
0.70849609375
0.77294921875
0.577880859375
0.616943359375
0.583740234375
0.6240234375
0.84130859375
0.76025390625
0.47998046875
0.695068359375
0.565673828125
0.729736328125
0.716796875
0.562255859375
0.5869140625
0.42724609375
0.634521484375
0.681640625
0.0
0.64453125
0.452880859375
0.722900390625
0.594482421875
0.33056640625
0.8486328125
0.6064453125
0.55712890625
0.537109375
0.8125
0.0
0.572265625
0.604248046875
0.57275390625
0.758056640625
0.623291015625
0.7421875
0.558349609375
0.698486328125
0.56103515625
0.750732421875
0.4619140625
0.650634765625
0.0
0.0
0.697998046875
0.52392578125
0.619384765625
0.603759765625
0.73388671875
0.71240234375
0.5595703125
0.714599609375
0.581787109375
0.67578125
0.751708984375
0.744140625
0.827392578125
0.687744140625
0.7451171875
0.844970703125
0.593505859375
0.66064453125
0.7744140625
0.615966796875
0.7568359375
0.54443359375
0.62451171875
0.7412109375
0.648681640625
0.5888671875
0.6884765625
0.5107421875
0.89892578125
0.75732421875
0.681640625
0.558349609375
0.656005859375
0.71923828125
0.737548828125
0.63134765625
0.693115234375
1.029052734375
0.7060546875
0.75
0.0
0.0
0.513427734375
0.63818359375
0.654296875
0.678955078125
0.719970703125
0.491943359375
0.707763671875
0.683837890625
0.643310546875
0.7177734375
0.533447265625
0.7783203125
0.735595703125
0.722900390625
0.567138671875
0.602783203125
0.660400390625
0.62890625
0.525146484375
0.0
0.0
0.0
0.6875
0.67529296875
0.703369140625
0.51806640625
0.708251953125
0.0
0.0
0.623779296875
0.71240234375
0.744384765625
0.619384765625
0.0
0.0
0.0
0.63916015625
0.64990234375
0.551025390625
0.808837890625
0.698974609375
0.697509765625
0.0
0.0
0.595703125
0.648193359375
0.6396484375
0.69873046875
0.765380859375
0.693115234375
0.6123046875
0.610107421875
0.0
0.65869140625
0.725830078125
0.612548828125
0.565185546875
0.739013671875
0.0
0.0
0.0
0.0
0.73876953125
0.712890625
0.54638671875
0.611328125
0.680419921875
0.60693359375
0.652587890625
0.521728515625
0.50830078125
0.0
0.810546875
0.64501953125
0.543701171875
0.694091796875
0.5732421875
0.662841796875
0.642333984375
0.0
0.6044921875
0.57177734375
0.66552734375
0.671630859375
0.8193359375
0.5576171875
0.67236328125
0.64404296875
0.692626953125
0.69189453125
0.0
0.69482421875
0.73681640625
0.86083984375
0.515625
0.888427734375
0.0
0.69873046875
0.600341796875
0.585693359375
0.65185546875
0.553955078125
0.515625
0.619873046875
0.643310546875
0.6240234375
0.0
0.0
0.45703125
0.705810546875
0.698974609375
0.713623046875
0.552001953125
0.58251953125
0.45947265625
0.0
0.0
0.7080078125
0.66162109375
0.555908203125
0.703369140625
0.6083984375
0.603271484375
0.729736328125
0.782958984375
0.0
0.0
0.860595703125
0.557373046875
0.712646484375
0.6064453125
0.529541015625
0.638671875
0.64013671875
0.57177734375
0.802978515625
0.649658203125
0.0
0.0
0.542724609375
0.744384765625
0.591552734375
0.38623046875
0.79638671875
0.643310546875
0.48095703125
0.612060546875
0.53466796875
0.0
0.0
0.0
0.714599609375
0.514892578125
0.501220703125
0.616455078125
0.7119140625
0.643798828125
0.695068359375
0.9833984375
0.0
0.796630859375
0.682373046875
0.67724609375
0.729248046875
0.5791015625
0.58984375
0.632080078125
0.731201171875
0.57373046875
0.704833984375
0.592041015625
0.0
0.0
0.0
0.0
0.0
0.50341796875
0.668212890625
0.550537109375
0.74365234375
0.76904296875
0.4951171875
0.657470703125
0.70703125
0.83251953125
0.580078125
0.481689453125
0.742919921875
0.746337890625
0.769775390625
0.667236328125
0.642578125
0.575439453125
0.497314453125
0.59521484375
0.66796875
0.55712890625
0.0
0.78173828125
0.50732421875
0.561279296875
0.67236328125
0.820556640625
0.786865234375
0.656494140625
0.6796875
0.626708984375
0.6484375
0.0
0.0
0.4755859375
0.516357421875
0.65087890625
0.625732421875
0.681640625
0.556640625
0.615234375
0.58203125
0.70458984375
0.635986328125
0.823486328125
0.0
0.6171875
0.5849609375
0.71533203125
0.66943359375
0.47705078125
0.0
0.674072265625
0.722412109375
0.6435546875
0.77490234375
0.706298828125
0.52978515625
0.66357421875
0.69384765625
0.7724609375
0.0
0.0
0.6240234375
0.646484375
0.71337890625
0.5615234375
0.667724609375
0.66162109375
0.657958984375
0.529541015625
0.0
0.551025390625
0.88427734375
0.5966796875
0.670654296875
0.5771484375
0.553466796875
0.644775390625
0.61767578125
0.684814453125
0.640380859375
0.663818359375
0.64794921875
0.0
0.71142578125
0.66796875
0.55615234375
0.538818359375
0.75390625
0.0
0.0
0.0
0.0
0.0
0.75439453125
0.65283203125
0.687255859375
0.427490234375
0.615234375
0.0
0.0
0.0
0.5205078125
0.686279296875
0.728515625
0.758544921875
0.0
0.5791015625
0.705078125
0.542236328125
0.76123046875
0.544189453125
0.576416015625
0.75537109375
0.0
0.65966796875
0.537109375
0.651611328125
0.774169921875
0.73193359375
0.540283203125
0.77978515625
0.77001953125
0.52197265625
0.0
0.0
0.545654296875
0.717041015625
0.5224609375
0.620361328125
0.545654296875
0.52490234375
0.772705078125
0.0
0.77734375
0.669677734375
0.54736328125
0.715087890625
0.575927734375
0.6611328125
0.751953125
0.70166015625
0.49609375
0.674560546875
0.635986328125
0.6181640625
0.619140625
0.772705078125
0.778076171875
0.72021484375
0.0
0.675537109375
0.77099609375
0.0
0.0
0.69921875
0.6279296875
0.659912109375
0.629150390625
0.57080078125
0.577880859375
0.643310546875
0.721923828125
0.603271484375
0.71044921875
0.608154296875
0.632568359375
0.81884765625
0.659912109375
0.0
0.6328125
0.773681640625
0.66552734375
0.650390625
0.59912109375
0.610595703125
0.524169921875
0.57373046875
0.581787109375
0.57763671875
0.576416015625
0.665283203125
0.0
0.655029296875
0.61865234375
0.76953125
0.650146484375
0.724609375
0.65283203125
0.0
0.52587890625
0.528564453125
0.744140625
0.756103515625
0.0
0.701171875
0.709716796875
0.72021484375
0.700439453125
0.740966796875
0.5498046875
0.584716796875
0.656005859375
0.642578125
0.616455078125
0.5673828125
0.73193359375
0.0
0.561767578125
0.7236328125
0.640625
0.581298828125
0.0
0.6162109375
0.667724609375
0.697021484375
0.8076171875
0.5185546875
0.590087890625
0.677734375
0.0
0.0
0.568359375
0.909912109375
0.75146484375
0.71630859375
0.446533203125
0.0
0.65673828125
0.440185546875
0.711181640625
0.535888671875
0.681396484375
0.599609375
0.59521484375
0.534423828125
0.516845703125
0.0
0.0
0.6259765625
0.776123046875
0.48583984375
0.63330078125
0.64111328125
0.6787109375
0.65380859375
0.70458984375
0.515380859375
0.60693359375
0.578857421875
0.0
0.6806640625
0.58349609375
0.704833984375
0.70751953125
0.709716796875
0.489013671875
0.0
0.6962890625
0.81494140625
0.6279296875
0.815673828125
0.768310546875
0.640869140625
0.507568359375
0.0
0.0
0.0
0.59375
0.682861328125
0.695556640625
0.745849609375
0.667724609375
0.0
0.0
0.6337890625
0.517822265625
0.5625
0.51708984375
0.569091796875
0.659912109375
0.68408203125
0.646240234375
0.721923828125
0.638427734375
0.718994140625
0.594482421875
0.695556640625
0.8134765625
0.6123046875
0.56494140625
0.667236328125
0.0
0.0
0.0
0.560302734375
0.669677734375
0.591796875
0.64501953125
0.0
0.600341796875
0.6259765625
0.685546875
0.64453125
0.6748046875
0.682861328125
0.61328125
0.610107421875
0.623046875
0.71875
0.721923828125
0.503173828125
0.68896484375
0.713623046875
0.702880859375
0.0
0.599609375
0.580322265625
0.764892578125
0.512451171875
0.444580078125
0.0
0.541748046875
