0.50439453125
0.50439453125
0.468994140625
0.486083984375
0.3740234375
0.448974609375
0.611328125
0.490966796875
0.53662109375
0.484619140625
0.71044921875
0.611572265625
0.55859375
0.503173828125
0.3427734375
0.32421875
0.43896484375
0.559326171875
0.405029296875
0.65087890625
0.552490234375
0.435791015625
0.4580078125
0.63671875
0.617431640625
0.369140625
0.45458984375
0.348388671875
0.351318359375
0.322509765625
0.48681640625
0.502197265625
0.266357421875
0.514892578125
0.5126953125
0.42724609375
0.459716796875
0.447021484375
0.61279296875
0.6064453125
0.3076171875
0.365234375
0.411376953125
0.3515625
0.357177734375
0.3994140625
0.622802734375
0.383544921875
0.448486328125
0.57177734375
0.576416015625
0.490478515625
0.478271484375
0.558349609375
0.443359375
0.40283203125
0.464111328125
0.2822265625
0.421630859375
0.37353515625
0.294677734375
0.372802734375
0.302001953125
0.29833984375
0.492919921875
0.406982421875
0.38330078125
0.39794921875
0.3916015625
0.418212890625
0.287109375
0.383056640625
0.583984375
0.3525390625
0.279296875
0.361572265625
0.4228515625
0.390869140625
0.3955078125
0.552490234375
0.572021484375
0.434814453125
0.5693359375
0.44287109375
0.4150390625
0.513916015625
0.4970703125
0.370849609375
0.580810546875
0.4833984375
0.489990234375
0.4013671875
0.539794921875
0.550048828125
0.405517578125
0.3525390625
0.4912109375
0.329345703125
0.36669921875
0.46142578125
0.427490234375
0.3994140625
0.345458984375
0.406005859375
0.46875
0.387939453125
0.42578125
0.372314453125
0.4228515625
0.5390625
0.32275390625
0.500732421875
0.415283203125
0.515869140625
0.70947265625
0.43603515625
0.417236328125
0.4140625
0.46826171875
0.242919921875
0.36767578125
0.415283203125
0.297607421875
0.40625
0.482421875
0.333984375
0.42578125
0.144775390625
0.39501953125
0.27783203125
0.385498046875
0.406494140625
0.346923828125
0.409423828125
0.595458984375
0.45458984375
0.47705078125
0.373779296875
0.423583984375
0.5986328125
0.583984375
0.45166015625
0.469970703125
0.39306640625
0.477783203125
0.712890625
0.3427734375
0.39697265625
0.365478515625
0.289306640625
0.553466796875
0.397705078125
0.4267578125
0.505126953125
0.6240234375
0.547607421875
0.4833984375
0.443115234375
0.457763671875
0.2216796875
0.333984375
0.4091796875
0.313720703125
0.36865234375
0.388671875
0.253662109375
0.515625
0.344482421875
0.314208984375
0.47900390625
0.518310546875
0.455322265625
0.52099609375
0.4375
0.7216796875
0.455078125
0.46142578125
0.578857421875
0.3671875
0.5048828125
0.303466796875
0.34814453125
0.46240234375
0.487548828125
0.333740234375
0.357177734375
0.47412109375
0.49365234375
0.34619140625
0.60595703125
0.3955078125
0.45361328125
0.484130859375
0.44482421875
0.390380859375
0.4296875
0.411865234375
0.451171875
0.525146484375
0.36474609375
0.37744140625
0.434814453125
0.516845703125
0.387451171875
0.5986328125
0.481689453125
0.371826171875
0.48974609375
0.50732421875
0.323486328125
0.503173828125
0.42822265625
0.265625
0.509765625
0.306884765625
0.43994140625
0.34423828125
0.384521484375
0.3583984375
0.390869140625
0.514404296875
0.46533203125
0.28466796875
0.223388671875
0.573486328125
0.525634765625
0.42626953125
0.407470703125
0.306884765625
0.467041015625
0.41064453125
0.39794921875
0.354248046875
0.50927734375
0.31201171875
0.35791015625
0.28466796875
0.56494140625
0.50732421875
0.56884765625
0.287109375
0.486572265625
0.262939453125
0.53759765625
0.21728515625
0.302978515625
0.4287109375
0.441650390625
0.47119140625
0.44140625
0.2822265625
0.375
0.442138671875
0.404541015625
0.485595703125
0.47607421875
0.333740234375
0.451171875
0.563232421875
0.523193359375
0.563232421875
0.458740234375
0.355712890625
0.415771484375
0.360107421875
0.426025390625
0.5068359375
0.455322265625
0.608642578125
0.498779296875
0.591552734375
0.48095703125
0.44970703125
0.364501953125
0.462646484375
0.489990234375
0.384033203125
0.392822265625
0.32666015625
0.470458984375
0.500732421875
0.43701171875
0.447265625
0.205078125
0.552978515625
0.3798828125
0.268798828125
0.3193359375
0.363037109375
0.605224609375
0.2841796875
0.3974609375
0.513916015625
0.39208984375
0.431884765625
0.538818359375
0.559814453125
0.653564453125
0.528076171875
0.44677734375
0.378173828125
0.52783203125
0.558349609375
0.533203125
0.367431640625
0.32568359375
0.364501953125
0.509765625
0.463134765625
0.39892578125
0.319091796875
0.416259765625
0.392578125
0.3994140625
0.26123046875
0.457275390625
0.464599609375
0.4111328125
0.54638671875
0.422607421875
0.462158203125
0.489013671875
0.32177734375
0.537841796875
0.467041015625
0.485107421875
0.422119140625
0.41162109375
0.408447265625
0.41015625
0.4296875
0.478515625
0.447021484375
0.43115234375
0.439697265625
0.459716796875
0.475830078125
0.471923828125
0.501220703125
0.43408203125
0.474365234375
0.5107421875
0.4423828125
0.53955078125
0.484375
0.5146484375
0.396484375
0.395751953125
0.3076171875
0.395751953125
0.451416015625
0.510986328125
0.41845703125
0.364990234375
0.56787109375
0.490966796875
0.426025390625
0.364501953125
0.361328125
0.421630859375
0.4326171875
0.452880859375
0.40283203125
0.447509765625
0.33642578125
0.428955078125
0.488037109375
0.557861328125
0.435302734375
0.284423828125
0.425048828125
0.41845703125
0.450927734375
0.399658203125
0.50927734375
0.428466796875
0.588623046875
0.329833984375
0.34375
0.423583984375
0.510986328125
0.428955078125
0.491943359375
0.439453125
0.552734375
0.367431640625
0.396728515625
0.452880859375
0.50927734375
0.450439453125
0.375244140625
0.314697265625
0.614013671875
0.427001953125
0.43017578125
0.390869140625
0.42724609375
0.45947265625
0.659423828125
0.294677734375
0.422119140625
0.3916015625
0.22216796875
0.472412109375
0.297119140625
0.490478515625
0.662841796875
0.255126953125
0.50732421875
0.39697265625
0.43359375
0.498291015625
0.5185546875
0.42236328125
0.5703125
0.3447265625
0.495361328125
0.499755859375
0.392578125
0.310302734375
0.44873046875
0.333740234375
0.323974609375
0.535400390625
0.225341796875
0.339599609375
0.427001953125
0.412841796875
0.494873046875
0.510009765625
0.681640625
0.43798828125
0.291748046875
0.290771484375
0.54052734375
0.385498046875
0.42236328125
0.3564453125
0.466064453125
0.406494140625
0.3359375
0.39794921875
0.368896484375
0.31591796875
0.369384765625
0.481689453125
0.445068359375
0.39892578125
0.472412109375
0.46533203125
0.4521484375
0.441162109375
0.40771484375
0.308837890625
0.222900390625
0.384765625
0.376220703125
0.353271484375
0.36669921875
0.26513671875
0.390869140625
0.375
0.386474609375
0.47998046875
0.39111328125
0.4658203125
0.2216796875
0.33544921875
0.390625
0.34765625
0.6201171875
0.45458984375
0.4189453125
0.544921875
0.422607421875
0.447998046875
0.435791015625
0.447998046875
0.787841796875
0.227783203125
0.505615234375
0.43994140625
0.40087890625
0.326416015625
0.38818359375
0.460693359375
0.436767578125
0.423583984375
0.356689453125
0.4638671875
0.441650390625
0.5615234375
0.478271484375
0.583740234375
0.487548828125
0.53271484375
0.4150390625
0.406494140625
0.44482421875
0.3623046875
0.483154296875
0.440185546875
0.413330078125
0.337158203125
0.325439453125
0.484130859375
0.406494140625
0.3779296875
0.4619140625
0.626708984375
0.589599609375
0.42041015625
0.423583984375
0.53955078125
0.390380859375
0.542236328125
0.486572265625
0.45263671875
0.419921875
0.594970703125
0.4443359375
0.406494140625
0.401611328125
0.376953125
0.597412109375
0.2705078125
0.4189453125
0.58154296875
0.53857421875
0.462890625
0.488037109375
0.48779296875
0.4345703125
0.334716796875
0.3740234375
0.4091796875
0.421875
0.458251953125
0.59765625
0.2861328125
0.42529296875
0.49462890625
0.396484375
0.370361328125
0.359375
0.476318359375
0.56689453125
0.34130859375
0.4248046875
0.424072265625
0.34912109375
0.46923828125
0.334716796875
0.285888671875
0.342041015625
0.372802734375
0.303955078125
0.54248046875
0.3935546875
0.315185546875
0.46728515625
0.437255859375
0.5302734375
0.43359375
0.349853515625
0.45068359375
0.417236328125
0.38818359375
0.489501953125
0.501220703125
0.5625
0.45947265625
0.459228515625
0.446533203125
0.573974609375
0.34326171875
0.2548828125
0.45068359375
0.485595703125
0.393798828125
0.437255859375
0.327880859375
0.37353515625
0.439208984375
0.299560546875
0.288330078125
0.336669921875
0.336181640625
0.357177734375
0.528076171875
0.556640625
0.4013671875
0.37744140625
0.31787109375
0.42138671875
0.42041015625
0.470947265625
0.542236328125
0.515380859375
0.517578125
0.240478515625
0.426513671875
0.54541015625
0.515869140625
0.47900390625
0.275390625
0.2978515625
0.468017578125
0.521728515625
0.49853515625
0.52197265625
0.385498046875
0.27783203125
0.41064453125
0.552001953125
0.383544921875
0.462158203125
0.620361328125
0.420166015625
0.3681640625
0.37744140625
0.52685546875
0.402587890625
0.374267578125
0.48388671875
0.416748046875
0.514404296875
0.33349609375
0.4208984375
0.45947265625
0.4345703125
0.40966796875
0.3486328125
0.3720703125
0.299072265625
0.365234375
0.343505859375
0.458984375
0.586181640625
0.40673828125
0.57958984375
0.46875
0.556396484375
0.650634765625
0.2900390625
0.300537109375
0.4814453125
0.375
0.369140625
0.309326171875
0.43212890625
0.404052734375
0.361572265625
0.529052734375
0.59326171875
0.62890625
0.294677734375
0.37744140625
0.517333984375
0.34814453125
0.338134765625
0.473876953125
0.220458984375
0.341796875
0.49072265625
0.394775390625
0.292724609375
0.387451171875
0.593505859375
0.403564453125
0.367431640625
0.3447265625
0.412841796875
0.39697265625
0.3828125
0.467529296875
0.341552734375
0.43017578125
0.4013671875
0.53076171875
0.41845703125
0.362060546875
0.484130859375
0.53271484375
0.501220703125
0.463623046875
0.423828125
0.6162109375
0.333740234375
0.4755859375
0.457275390625
0.329345703125
0.53125
0.44384765625
0.422607421875
0.3984375
0.337158203125
0.60302734375
0.4228515625
0.426025390625
0.469482421875
0.540283203125
0.48095703125
0.42529296875
0.429443359375
0.361572265625
0.38671875
0.594482421875
0.53759765625
0.45654296875
0.33544921875
0.492919921875
0.373779296875
0.410400390625
0.372802734375
0.407470703125
0.345458984375
0.41162109375
0.3212890625
0.316162109375
0.489990234375
0.433349609375
0.274169921875
0.284423828125
0.41748046875
0.433349609375
0.425537109375
0.397216796875
0.31884765625
0.2900390625
0.3486328125
0.409912109375
0.3955078125
0.330322265625
0.459228515625
0.459716796875
0.402587890625
0.40771484375
0.356689453125
0.22607421875
0.362548828125
0.388671875
0.556640625
0.324462890625
0.46630859375
0.575439453125
0.27978515625
0.581787109375
0.372802734375
0.45654296875
0.387451171875
0.461181640625
0.45703125
0.288818359375
0.566650390625
0.51318359375
0.468505859375
0.3466796875
0.38427734375
0.432373046875
0.483642578125
0.52978515625
0.300537109375
0.406982421875
0.42724609375
0.412353515625
0.451904296875
0.544921875
0.413330078125
0.368408203125
0.434326171875
0.385498046875
0.33544921875
0.38623046875
0.40185546875
0.306640625
0.498779296875
0.37158203125
0.468994140625
0.35205078125
0.466796875
0.315673828125
0.5029296875
0.577392578125
0.369873046875
0.4013671875
0.3779296875
0.50537109375
0.382080078125
0.340087890625
0.32958984375
0.5966796875
0.376220703125
0.459716796875
0.40771484375
0.44482421875
0.376708984375
0.339111328125
0.445556640625
0.582275390625
0.529541015625
0.45166015625
0.397705078125
0.584228515625
0.52490234375
0.396484375
0.315185546875
0.387939453125
0.384521484375
0.49853515625
0.436767578125
0.513671875
0.317138671875
0.384521484375
0.349853515625
0.482666015625
0.41064453125
0.4501953125
0.43115234375
0.302001953125
0.443115234375
0.533447265625
0.409423828125
0.57373046875
0.3701171875
0.408447265625
0.372802734375
0.572265625
0.4794921875
0.31494140625
0.486083984375
0.5302734375
0.524169921875
0.410400390625
0.41650390625
0.431884765625
0.463134765625
0.54541015625
0.603271484375
0.337158203125
0.398681640625
0.3515625
0.416015625
0.32568359375
0.547607421875
0.44873046875
0.4677734375
0.2529296875
0.341064453125
0.489501953125
0.49267578125
0.537109375
0.384765625
0.675048828125
0.474609375
0.274658203125
0.45166015625
0.482421875
0.47607421875
0.284912109375
0.438720703125
0.390869140625
0.50634765625
0.4140625
0.510986328125
0.439697265625
0.37646484375
0.4228515625
0.36767578125
0.6005859375
0.435546875
0.40869140625
0.369384765625
0.498291015625
0.577880859375
0.600830078125
0.37548828125
0.454345703125
0.503662109375
0.45166015625
0.4345703125
0.4755859375
0.5048828125
0.402587890625
0.6572265625
0.372802734375
0.38427734375
0.46484375
0.55517578125
0.586181640625
0.392822265625
0.469970703125
0.417236328125
0.406982421875
0.23486328125
0.348876953125
0.336669921875
0.520263671875
0.4716796875
0.511474609375
0.340576171875
0.4140625
0.32373046875
0.358642578125
0.4345703125
0.414306640625
0.2822265625
0.4970703125
0.424560546875
0.416748046875
0.57373046875
0.390380859375
0.517578125
0.310791015625
0.475341796875
0.42041015625
0.430419921875
0.527099609375
0.466552734375
0.504150390625
0.4384765625
0.399658203125
0.418212890625
0.419921875
0.4638671875
0.393798828125
0.527587890625
0.565673828125
0.35693359375
0.443603515625
0.499755859375
0.440185546875
0.490234375
0.44921875
0.448974609375
0.4384765625
0.36279296875
0.41845703125
0.551025390625
0.463134765625
0.38427734375
0.484130859375
0.415283203125
0.39208984375
0.35986328125
0.5703125
0.3759765625
0.42724609375
0.53662109375
0.564697265625
0.40771484375
0.5
0.43310546875
0.436279296875
0.3603515625
0.462158203125
0.44189453125
0.375244140625
0.558837890625
0.33251953125
0.523681640625
0.373291015625
0.552734375
0.44970703125
0.520263671875
0.39697265625
0.39404296875
0.360595703125
0.4296875
0.37744140625
0.375244140625
0.31103515625
0.404541015625
0.56298828125
0.345458984375
0.401123046875
0.4619140625
0.47509765625
0.465576171875
0.3642578125
0.38037109375
0.4208984375
0.332763671875
0.427001953125
0.37744140625
0.440185546875
0.385498046875
0.514404296875
0.330810546875
0.357666015625
0.512451171875
0.5556640625
0.48291015625
0.283447265625
0.541259765625
0.405029296875
0.543212890625
0.41748046875
0.478515625
0.395751953125
