0.0
0.0
0.0
0.45166015625
0.5146484375
0.546142578125
0.401611328125
0.5107421875
0.45849609375
0.47021484375
0.47998046875
0.379150390625
0.46337890625
0.348388671875
0.52197265625
0.323486328125
0.434814453125
0.423828125
0.415283203125
0.414794921875
0.0
0.0
0.605712890625
0.328125
0.48779296875
0.490966796875
0.4384765625
0.576416015625
0.531982421875
0.4599609375
0.605712890625
0.423095703125
0.38818359375
0.466552734375
0.0
0.693115234375
0.688720703125
0.345947265625
0.384033203125
0.621826171875
0.261474609375
0.0
0.552978515625
0.390869140625
0.3671875
0.468017578125
0.450439453125
0.654052734375
0.443603515625
0.37939453125
0.0
0.0
0.0
0.53564453125
0.598876953125
0.408447265625
0.518798828125
0.505126953125
0.481689453125
0.48046875
0.306640625
0.391357421875
0.0
0.0
0.4677734375
0.37548828125
0.4931640625
0.489990234375
0.613037109375
0.0
0.0
0.0
0.0
0.505615234375
0.36376953125
0.4970703125
0.4580078125
0.646728515625
0.5322265625
0.48193359375
0.55078125
0.68896484375
0.41455078125
0.56640625
0.373291015625
0.46240234375
0.501953125
0.0
0.540771484375
0.433349609375
0.550537109375
0.0
0.0
0.438232421875
0.328369140625
0.446044921875
0.338134765625
0.419677734375
0.0
0.463623046875
0.3203125
0.421875
0.0
0.0
0.485107421875
0.498291015625
0.306640625
0.353515625
0.503173828125
0.39501953125
0.464111328125
0.0
0.487060546875
0.3447265625
0.4580078125
0.435302734375
0.478271484375
0.489501953125
0.331298828125
0.467529296875
0.302978515625
0.336181640625
0.485595703125
0.44384765625
0.414794921875
0.0
0.0
0.0
0.57568359375
0.5390625
0.4443359375
0.64453125
0.5751953125
0.514892578125
0.396240234375
0.448486328125
0.0
0.0
0.0
0.0
0.453857421875
0.400390625
0.46728515625
0.434326171875
0.0
0.0
0.0
0.632080078125
0.69384765625
0.447265625
0.51806640625
0.4443359375
0.380126953125
0.267333984375
0.451416015625
0.43896484375
0.4462890625
0.413818359375
0.447998046875
0.37841796875
0.0
0.0
0.424560546875
0.47314453125
0.64794921875
0.5087890625
0.53857421875
0.407470703125
0.0
0.427490234375
0.37646484375
0.453369140625
0.45556640625
0.55419921875
0.5361328125
0.382568359375
0.0
0.0
0.0
0.42724609375
0.346923828125
0.446044921875
0.392333984375
0.454345703125
0.466796875
0.377197265625
0.37158203125
0.508056640625
0.544677734375
0.572021484375
0.0
0.0
0.40478515625
0.468017578125
0.385986328125
0.486083984375
0.513916015625
0.38623046875
0.4541015625
0.353515625
0.399169921875
0.4443359375
0.55322265625
0.46142578125
0.451904296875
0.412353515625
0.4462890625
0.52099609375
0.0
0.0
0.426025390625
0.400390625
0.497802734375
0.2646484375
0.492919921875
0.52392578125
0.0
0.33251953125
0.421142578125
0.490234375
0.34912109375
0.573486328125
0.53369140625
0.504638671875
0.454345703125
0.3095703125
0.0
0.0
0.0
0.0
0.0
0.445068359375
0.47216796875
0.4462890625
0.439697265625
0.335205078125
0.0
0.0
0.36279296875
0.4560546875
0.373046875
0.43603515625
0.418212890625
0.333984375
0.0
0.0
0.429931640625
0.4912109375
0.4228515625
0.70751953125
0.43212890625
0.29345703125
0.0
0.0
0.484619140625
0.593017578125
0.472412109375
0.51220703125
0.332275390625
0.537353515625
0.632080078125
0.55810546875
0.547119140625
0.550048828125
0.404296875
0.51953125
0.3291015625
0.0
0.0
0.427490234375
0.349365234375
0.5322265625
0.229248046875
0.599609375
0.591552734375
0.426513671875
0.0
0.0
0.43505859375
0.499267578125
0.454833984375
0.586669921875
0.512939453125
0.579833984375
0.445068359375
0.441650390625
0.0
0.0
0.52294921875
0.461669921875
0.503662109375
0.410400390625
0.25146484375
0.48974609375
0.0
0.0
0.50341796875
0.47509765625
0.572021484375
0.348388671875
0.4296875
0.43994140625
0.317626953125
0.381591796875
0.3134765625
0.0
0.0
0.361328125
0.51025390625
0.47998046875
0.397705078125
0.48388671875
0.48583984375
0.41162109375
0.23779296875
0.429931640625
0.34619140625
0.417236328125
0.429443359375
0.0
0.372314453125
0.436279296875
0.44091796875
0.62939453125
0.46044921875
0.474609375
0.0
0.65869140625
0.364501953125
0.66357421875
0.74072265625
0.518798828125
0.50146484375
0.61083984375
0.0
0.0
0.375732421875
0.393310546875
0.4345703125
0.458984375
0.400146484375
0.572021484375
0.0
0.6044921875
0.500244140625
0.39306640625
0.431396484375
0.423583984375
0.430908203125
0.0
0.327392578125
0.41015625
0.0
0.39453125
0.540283203125
0.39892578125
0.45361328125
0.0
0.475830078125
0.493408203125
0.45263671875
0.500244140625
0.3173828125
0.345947265625
0.0
0.0
0.43115234375
0.421142578125
0.303955078125
0.390625
0.24609375
0.696044921875
0.61474609375
0.0
0.0
0.431884765625
0.65234375
0.601806640625
0.463134765625
0.29052734375
0.41259765625
0.404052734375
0.51025390625
0.46044921875
0.389892578125
0.452880859375
0.0
0.0
0.52978515625
0.364013671875
0.430908203125
0.478271484375
0.38671875
0.479248046875
0.561767578125
0.0
0.0
0.48193359375
0.50732421875
0.4326171875
0.0
0.0
0.405029296875
0.423828125
0.373291015625
0.60693359375
0.4755859375
0.281494140625
0.546630859375
0.5361328125
0.302001953125
0.0
0.0
0.0
0.402099609375
0.4462890625
0.449462890625
0.543701171875
0.50341796875
0.577392578125
0.432861328125
0.0
0.0
0.0
0.0
0.39697265625
0.509521484375
0.3115234375
0.405029296875
0.507568359375
0.458984375
0.499267578125
0.3408203125
0.39013671875
0.501220703125
0.521728515625
0.0
0.0
0.0
0.41748046875
0.352783203125
0.61572265625
0.50830078125
0.51953125
0.5234375
0.0
0.352783203125
0.402587890625
0.473876953125
0.4296875
0.5380859375
0.447509765625
0.0
0.40966796875
0.6396484375
0.47021484375
0.4697265625
0.44970703125
0.3427734375
0.38720703125
0.375732421875
0.5673828125
0.440185546875
0.62841796875
0.4248046875
0.450439453125
0.476806640625
0.47412109375
0.306884765625
0.53369140625
0.2939453125
0.547607421875
0.343017578125
0.17724609375
0.407958984375
0.63720703125
0.451416015625
0.493408203125
0.0
0.0
0.43994140625
0.3095703125
0.40380859375
0.53515625
0.438720703125
0.392333984375
0.31884765625
0.438720703125
0.27001953125
0.505859375
0.0
0.0
0.509765625
0.544189453125
0.54345703125
0.59521484375
0.420654296875
0.54931640625
0.0
0.535888671875
0.431884765625
0.48095703125
0.599609375
0.286376953125
0.3564453125
0.0
0.0
0.424072265625
0.564697265625
0.47802734375
0.59716796875
0.0
0.0
0.443603515625
0.365966796875
0.526123046875
0.57275390625
0.438720703125
0.42822265625
0.69482421875
0.0
0.0
0.341796875
0.45458984375
0.475341796875
0.372314453125
0.673583984375
0.551513671875
0.44921875
0.5
0.4931640625
0.41650390625
0.45361328125
0.45654296875
0.43701171875
0.3876953125
0.48828125
0.508544921875
0.493896484375
0.65869140625
0.34326171875
0.51806640625
0.63525390625
0.332275390625
0.362548828125
0.37890625
0.389404296875
0.586181640625
0.0
0.0
0.0
0.41943359375
0.510498046875
0.493896484375
0.51220703125
0.448974609375
0.527099609375
0.568603515625
0.68603515625
0.363037109375
0.4541015625
0.4365234375
0.0
0.0
0.4833984375
0.39013671875
0.4736328125
0.408935546875
0.484619140625
0.400390625
0.583984375
0.55908203125
0.490966796875
0.365966796875
0.492431640625
0.41943359375
0.595703125
0.0
0.0
0.441162109375
0.53515625
0.46240234375
0.543701171875
0.531494140625
0.444091796875
0.42724609375
0.4658203125
0.38525390625
0.29736328125
0.451904296875
0.0
0.0
0.41357421875
0.593994140625
0.5556640625
0.505615234375
0.0
0.0
0.0
0.56005859375
0.544921875
0.52001953125
0.509765625
0.49755859375
0.682861328125
0.50341796875
0.0
0.0
0.477294921875
0.37646484375
0.419677734375
0.50439453125
0.345458984375
0.4541015625
0.0
0.52197265625
0.579833984375
0.256591796875
0.427490234375
0.46240234375
0.58447265625
0.460205078125
0.0
0.0
0.52197265625
0.57275390625
0.369873046875
0.396484375
0.48583984375
0.0
0.5107421875
0.3037109375
0.361083984375
0.45166015625
0.47998046875
0.3720703125
0.539794921875
0.426513671875
0.0
0.0
0.52197265625
0.39404296875
0.477294921875
0.470947265625
0.0
0.0
0.35791015625
0.40087890625
0.5390625
0.438232421875
0.477294921875
0.405029296875
0.58154296875
0.482421875
0.363525390625
0.49755859375
0.48974609375
0.37548828125
0.50439453125
0.4501953125
0.44873046875
0.367919921875
0.53564453125
0.421875
0.558349609375
0.5146484375
0.469970703125
0.0
0.0
0.4326171875
0.520263671875
0.5009765625
0.71435546875
0.49072265625
0.521240234375
0.69775390625
0.39013671875
0.46923828125
0.413330078125
0.440673828125
0.0
0.0
0.414794921875
0.373046875
0.52392578125
0.42919921875
0.473876953125
0.632080078125
0.540771484375
0.4169921875
0.48583984375
0.52734375
0.28955078125
0.35595703125
0.391357421875
0.411865234375
0.33642578125
0.443359375
0.0
0.0
0.426513671875
0.524658203125
0.52099609375
0.4326171875
0.3896484375
0.298583984375
0.0
0.0
0.0
0.61083984375
0.513671875
0.463134765625
0.696044921875
0.49658203125
0.465576171875
0.0
0.554443359375
0.488037109375
0.53564453125
0.532470703125
0.516357421875
0.48291015625
0.498046875
0.55224609375
0.523681640625
0.455078125
0.0
0.0
0.4306640625
0.4873046875
0.26611328125
0.447021484375
0.5791015625
0.419921875
0.397216796875
0.463134765625
0.38134765625
0.0
0.61181640625
0.340087890625
0.505126953125
0.3359375
0.40576171875
0.459228515625
0.427001953125
0.0
0.542724609375
0.55810546875
0.5341796875
0.0
0.0
0.361328125
0.363037109375
0.0
0.0
0.48681640625
0.4775390625
0.438232421875
0.45068359375
0.0
0.0
0.0
0.55419921875
0.328369140625
0.425048828125
0.433349609375
0.0
0.0
0.40234375
0.4150390625
0.5693359375
0.572998046875
0.40234375
0.442626953125
0.481689453125
0.60205078125
0.394287109375
0.39892578125
0.4375
0.56494140625
0.47802734375
0.48486328125
0.0
0.0
0.50341796875
0.391357421875
0.567626953125
0.384033203125
0.526611328125
0.4599609375
0.4169921875
0.322998046875
0.462158203125
0.412353515625
0.0
0.0
0.0
0.535400390625
0.423583984375
0.48779296875
0.590576171875
0.402587890625
0.434326171875
0.533447265625
0.0
0.0
0.43603515625
0.43310546875
0.476806640625
0.357177734375
0.51123046875
0.51953125
0.0
0.0
0.0
0.515869140625
0.373046875
0.32568359375
0.44580078125
0.585205078125
0.4404296875
0.647705078125
0.4384765625
0.4814453125
0.386474609375
0.5
0.456787109375
0.0
0.0
0.390380859375
0.362548828125
0.38916015625
0.0
0.40087890625
0.46533203125
0.381591796875
0.0
0.0
0.3671875
0.42236328125
0.498779296875
0.62060546875
0.409423828125
0.492919921875
0.3740234375
0.0
0.0
0.0
0.473876953125
0.509765625
0.439208984375
0.406982421875
0.591064453125
0.4970703125
0.373779296875
0.64501953125
0.0
0.0
0.470458984375
0.318359375
0.4814453125
0.607177734375
0.489013671875
0.426025390625
0.444091796875
0.415771484375
0.52001953125
0.376708984375
0.593994140625
0.41357421875
0.61279296875
0.424560546875
0.0
0.514404296875
0.4970703125
0.60595703125
0.339111328125
0.63720703125
0.532958984375
0.41845703125
0.5048828125
0.47412109375
0.52197265625
0.0
0.0
0.54833984375
0.534423828125
0.38037109375
0.348388671875
0.0
0.0
0.36572265625
0.4267578125
0.526123046875
0.472900390625
0.455078125
0.0
0.0
0.0
0.0
0.5166015625
0.4482421875
0.526611328125
0.561279296875
0.0
0.0
0.0
0.6181640625
0.29150390625
0.60205078125
0.52783203125
0.451171875
0.359375
0.41748046875
0.0
0.0
0.0
0.5029296875
0.49462890625
0.509033203125
0.55224609375
0.518798828125
0.530517578125
0.0
0.42236328125
0.551513671875
0.365966796875
0.49462890625
0.0
0.0
0.66357421875
0.428955078125
0.489501953125
0.487548828125
0.440673828125
0.35791015625
0.0
0.0
0.638671875
0.340087890625
0.463134765625
0.37353515625
0.64404296875
0.0
0.714599609375
0.39013671875
0.375732421875
0.43994140625
0.443359375
0.465087890625
0.3955078125
0.46875
0.65380859375
0.405029296875
0.488525390625
0.0
0.0
0.0
0.0
0.510498046875
0.591796875
0.537353515625
0.418701171875
0.385498046875
0.471923828125
0.4326171875
0.0
0.41650390625
0.44970703125
0.406982421875
0.388671875
0.513671875
0.40380859375
0.462890625
0.510009765625
0.36572265625
0.43603515625
0.46533203125
0.0
0.389892578125
0.476318359375
0.45849609375
0.58984375
0.0
0.0
0.0
0.603271484375
0.552001953125
0.258544921875
0.416015625
0.427978515625
0.44677734375
0.425537109375
