0.0
0.0
0.0
0.613037109375
0.746826171875
0.72216796875
0.661376953125
0.777099609375
0.61181640625
0.6630859375
0.624755859375
0.510498046875
0.577880859375
0.42724609375
0.73486328125
0.45068359375
0.61181640625
0.625
0.6123046875
0.53857421875
0.0
0.0
0.826171875
0.551513671875
0.58935546875
0.6435546875
0.72607421875
0.65771484375
0.7744140625
0.542724609375
0.779541015625
0.629150390625
0.454833984375
0.5888671875
0.0
0.912109375
0.892333984375
0.5859375
0.52392578125
0.701904296875
0.4189453125
0.0
0.75537109375
0.518310546875
0.53857421875
0.562255859375
0.5634765625
0.790283203125
0.614501953125
0.523193359375
0.0
0.0
0.0
0.692626953125
0.83642578125
0.6376953125
0.721435546875
0.662353515625
0.70751953125
0.656005859375
0.460693359375
0.64697265625
0.0
0.0
0.659912109375
0.571044921875
0.769287109375
0.65380859375
0.596923828125
0.0
0.0
0.0
0.0
0.60302734375
0.476806640625
0.6572265625
0.62353515625
0.782470703125
0.655517578125
0.67822265625
0.699462890625
0.737548828125
0.56787109375
0.674560546875
0.49658203125
0.668701171875
0.722412109375
0.0
0.69775390625
0.572265625
0.716552734375
0.0
0.0
0.55517578125
0.458740234375
0.57080078125
0.60009765625
0.645263671875
0.0
0.720458984375
0.46484375
0.625
0.0
0.0
0.67138671875
0.630126953125
0.54638671875
0.5517578125
0.60400390625
0.591552734375
0.65185546875
0.0
0.696533203125
0.5859375
0.6298828125
0.656005859375
0.60986328125
0.67041015625
0.484375
0.62646484375
0.3916015625
0.548095703125
0.654296875
0.617919921875
0.6484375
0.0
0.0
0.0
0.712158203125
0.71435546875
0.53515625
0.691650390625
0.67236328125
0.79833984375
0.51953125
0.649658203125
0.0
0.0
0.0
0.0
0.68115234375
0.665771484375
0.581298828125
0.693115234375
0.0
0.0
0.0
0.744873046875
0.7900390625
0.66162109375
0.622314453125
0.656982421875
0.589111328125
0.3935546875
0.57373046875
0.677734375
0.6259765625
0.592041015625
0.638671875
0.613037109375
0.0
0.0
0.5126953125
0.724853515625
0.8232421875
0.690673828125
0.657958984375
0.56787109375
0.0
0.620849609375
0.551025390625
0.664306640625
0.535888671875
0.708984375
0.6220703125
0.62451171875
0.0
0.0
0.0
0.68505859375
0.509033203125
0.712158203125
0.56201171875
0.7412109375
0.711181640625
0.618896484375
0.47021484375
0.72314453125
0.666748046875
0.71630859375
0.0
0.0
0.658935546875
0.660400390625
0.546875
0.599853515625
0.60546875
0.642333984375
0.581298828125
0.47998046875
0.60986328125
0.534912109375
0.674560546875
0.588134765625
0.5927734375
0.592041015625
0.59765625
0.665283203125
0.0
0.0
0.594970703125
0.551513671875
0.6875
0.48681640625
0.694580078125
0.76806640625
0.0
0.51318359375
0.527587890625
0.8330078125
0.5244140625
0.825439453125
0.48876953125
0.68017578125
0.6044921875
0.49365234375
0.0
0.0
0.0
0.0
0.0
0.673095703125
0.486083984375
0.593017578125
0.581298828125
0.5810546875
0.0
0.0
0.637939453125
0.69384765625
0.602783203125
0.626708984375
0.5419921875
0.4658203125
0.0
0.0
0.5673828125
0.7041015625
0.529052734375
0.864501953125
0.653564453125
0.517578125
0.0
0.0
0.670166015625
0.711669921875
0.68310546875
0.72705078125
0.529052734375
0.682861328125
0.828857421875
0.606201171875
0.77099609375
0.7734375
0.578125
0.59716796875
0.47802734375
0.0
0.0
0.586181640625
0.565673828125
0.7470703125
0.430419921875
0.814453125
0.72998046875
0.650390625
0.0
0.0
0.541015625
0.731689453125
0.707275390625
0.861083984375
0.69140625
0.714599609375
0.51220703125
0.606689453125
0.0
0.0
0.588134765625
0.693603515625
0.718017578125
0.625
0.44482421875
0.699951171875
0.0
0.0
0.732177734375
0.630126953125
0.731689453125
0.53857421875
0.629150390625
0.662109375
0.572265625
0.587890625
0.4677734375
0.0
0.0
0.570068359375
0.63427734375
0.680419921875
0.590087890625
0.66552734375
0.80712890625
0.521484375
0.41552734375
0.578857421875
0.580810546875
0.623779296875
0.554931640625
0.0
0.61181640625
0.6552734375
0.575927734375
0.73388671875
0.64111328125
0.61572265625
0.0
0.77783203125
0.526123046875
0.88427734375
0.76123046875
0.6337890625
0.7880859375
0.648193359375
0.0
0.0
0.5361328125
0.63330078125
0.646728515625
0.557373046875
0.59423828125
0.803955078125
0.0
0.8056640625
0.75244140625
0.539306640625
0.559814453125
0.636474609375
0.633544921875
0.0
0.44873046875
0.5390625
0.0
0.647705078125
0.69970703125
0.54296875
0.711181640625
0.0
0.669189453125
0.572265625
0.701904296875
0.725341796875
0.582275390625
0.483154296875
0.0
0.0
0.646728515625
0.4765625
0.433837890625
0.57958984375
0.397705078125
0.787353515625
0.81201171875
0.0
0.0
0.567138671875
0.822021484375
0.84033203125
0.766357421875
0.5439453125
0.567626953125
0.635986328125
0.709716796875
0.659423828125
0.616943359375
0.574462890625
0.0
0.0
0.760498046875
0.50146484375
0.611572265625
0.628662109375
0.600830078125
0.65478515625
0.740478515625
0.0
0.0
0.78466796875
0.731201171875
0.48681640625
0.0
0.0
0.52197265625
0.71435546875
0.620361328125
0.7294921875
0.54833984375
0.460205078125
0.72607421875
0.623046875
0.51904296875
0.0
0.0
0.0
0.6259765625
0.615234375
0.6787109375
0.597900390625
0.788818359375
0.698486328125
0.59423828125
0.0
0.0
0.0
0.0
0.595458984375
0.677978515625
0.50537109375
0.560791015625
0.67919921875
0.576171875
0.61279296875
0.543701171875
0.542724609375
0.598388671875
0.706298828125
0.0
0.0
0.0
0.60302734375
0.55322265625
0.8212890625
0.6767578125
0.6767578125
0.687744140625
0.0
0.54833984375
0.62158203125
0.62841796875
0.64453125
0.783203125
0.670166015625
0.0
0.614501953125
0.710205078125
0.69482421875
0.612548828125
0.67578125
0.49951171875
0.575927734375
0.548095703125
0.6796875
0.576416015625
0.843017578125
0.607421875
0.56884765625
0.69921875
0.650146484375
0.573974609375
0.79296875
0.48193359375
0.73095703125
0.486328125
0.37646484375
0.5986328125
0.857421875
0.560791015625
0.735595703125
0.0
0.0
0.65478515625
0.56884765625
0.562255859375
0.686767578125
0.583251953125
0.6357421875
0.440185546875
0.568359375
0.392333984375
0.65625
0.0
0.0
0.66845703125
0.719970703125
0.56591796875
0.76123046875
0.617431640625
0.62841796875
0.0
0.646484375
0.621826171875
0.754150390625
0.807373046875
0.480224609375
0.544677734375
0.0
0.0
0.67529296875
0.692626953125
0.6064453125
0.690673828125
0.0
0.0
0.620361328125
0.58544921875
0.698486328125
0.734130859375
0.702880859375
0.64990234375
0.7060546875
0.0
0.0
0.526123046875
0.626953125
0.658203125
0.627685546875
0.80078125
0.609619140625
0.67138671875
0.790771484375
0.7412109375
0.545654296875
0.7060546875
0.6220703125
0.6279296875
0.642333984375
0.7021484375
0.7939453125
0.54833984375
0.792724609375
0.57568359375
0.714599609375
0.7880859375
0.59716796875
0.563720703125
0.5234375
0.566162109375
0.65869140625
0.0
0.0
0.0
0.489990234375
0.724365234375
0.710693359375
0.67333984375
0.580078125
0.716064453125
0.798583984375
0.684326171875
0.55810546875
0.691650390625
0.612548828125
0.0
0.0
0.561279296875
0.568115234375
0.6669921875
0.547119140625
0.672119140625
0.6005859375
0.67236328125
0.754150390625
0.676513671875
0.6025390625
0.8056640625
0.65625
0.71923828125
0.0
0.0
0.611328125
0.67919921875
0.61474609375
0.693115234375
0.67041015625
0.622802734375
0.542724609375
0.65380859375
0.5517578125
0.517333984375
0.639404296875
0.0
0.0
0.587646484375
0.731201171875
0.75048828125
0.732421875
0.0
0.0
0.0
0.810546875
0.743896484375
0.708251953125
0.612060546875
0.715087890625
0.851318359375
0.649169921875
0.0
0.0
0.540771484375
0.5380859375
0.614013671875
0.730224609375
0.610595703125
0.679443359375
0.0
0.694580078125
0.8095703125
0.41162109375
0.587646484375
0.68310546875
0.716796875
0.78466796875
0.0
0.0
0.842529296875
0.727294921875
0.515380859375
0.593505859375
0.604248046875
0.0
0.671875
0.57373046875
0.47412109375
0.5458984375
0.64794921875
0.647705078125
0.68359375
0.520751953125
0.0
0.0
0.61669921875
0.630859375
0.71240234375
0.667724609375
0.0
0.0
0.609619140625
0.562255859375
0.82373046875
0.59033203125
0.5927734375
0.560302734375
0.70361328125
0.670654296875
0.68408203125
0.712890625
0.720458984375
0.584716796875
0.727294921875
0.60107421875
0.5986328125
0.551025390625
0.7333984375
0.718505859375
0.72412109375
0.75244140625
0.72119140625
0.0
0.0
0.606201171875
0.63720703125
0.68798828125
0.9267578125
0.668701171875
0.686279296875
0.804443359375
0.585693359375
0.619873046875
0.561279296875
0.694091796875
0.0
0.0
0.641357421875
0.507080078125
0.662841796875
0.686767578125
0.52587890625
0.741943359375
0.724853515625
0.65966796875
0.695556640625
0.655029296875
0.489013671875
0.547119140625
0.525634765625
0.620849609375
0.579833984375
0.611572265625
0.0
0.0
0.543212890625
0.75
0.663818359375
0.625
0.5673828125
0.53955078125
0.0
0.0
0.0
0.817138671875
0.688720703125
0.507568359375
0.765625
0.49755859375
0.50439453125
0.0
0.654296875
0.642578125
0.791748046875
0.768310546875
0.703125
0.59765625
0.62890625
0.770263671875
0.798583984375
0.69189453125
0.0
0.0
0.654541015625
0.671142578125
0.4501953125
0.6162109375
0.783935546875
0.70263671875
0.6220703125
0.723388671875
0.666748046875
0.0
0.68701171875
0.540771484375
0.689453125
0.533203125
0.546142578125
0.61474609375
0.5166015625
0.0
0.69775390625
0.60009765625
0.625244140625
0.0
0.0
0.518798828125
0.567626953125
0.0
0.0
0.636962890625
0.67529296875
0.599365234375
0.609130859375
0.0
0.0
0.0
0.67822265625
0.53271484375
0.6171875
0.589599609375
0.0
0.0
0.583984375
0.67626953125
0.751953125
0.732421875
0.669921875
0.71875
0.6865234375
0.7099609375
0.587158203125
0.725341796875
0.649658203125
0.66796875
0.60888671875
0.5693359375
0.0
0.0
0.697509765625
0.618408203125
0.5791015625
0.634765625
0.75830078125
0.563232421875
0.54931640625
0.55126953125
0.69873046875
0.64013671875
0.0
0.0
0.0
0.78564453125
0.598388671875
0.69189453125
0.813232421875
0.55322265625
0.6943359375
0.65966796875
0.0
0.0
0.528076171875
0.70166015625
0.637451171875
0.560791015625
0.713623046875
0.74462890625
0.0
0.0
0.0
0.6708984375
0.669921875
0.563232421875
0.646484375
0.818359375
0.80419921875
0.814208984375
0.547607421875
0.610595703125
0.599365234375
0.70654296875
0.572265625
0.0
0.0
0.59423828125
0.583984375
0.48583984375
0.0
0.59033203125
0.640869140625
0.657470703125
0.0
0.0
0.614990234375
0.6259765625
0.68505859375
0.765625
0.625732421875
0.544189453125
0.580078125
0.0
0.0
0.0
0.7421875
0.728515625
0.565673828125
0.571533203125
0.826904296875
0.612060546875
0.5283203125
0.799072265625
0.0
0.0
0.6953125
0.5654296875
0.733642578125
0.841796875
0.662353515625
0.650390625
0.63525390625
0.646728515625
0.63525390625
0.64697265625
0.6630859375
0.53759765625
0.7158203125
0.552490234375
0.0
0.631103515625
0.645751953125
0.84521484375
0.547119140625
0.8759765625
0.68359375
0.56884765625
0.704345703125
0.566162109375
0.706787109375
0.0
0.0
0.614013671875
0.7421875
0.4833984375
0.483642578125
0.0
0.0
0.56201171875
0.57666015625
0.643310546875
0.6123046875
0.654296875
0.0
0.0
0.0
0.0
0.702392578125
0.70458984375
0.7265625
0.739501953125
0.0
0.0
0.0
0.7939453125
0.418701171875
0.729248046875
0.61474609375
0.56982421875
0.56884765625
0.572265625
0.0
0.0
0.0
0.708251953125
0.633544921875
0.660888671875
0.71484375
0.632080078125
0.714599609375
0.0
0.532470703125
0.669189453125
0.59814453125
0.68994140625
0.0
0.0
0.799072265625
0.619384765625
0.647216796875
0.74560546875
0.594970703125
0.58642578125
0.0
0.0
0.745361328125
0.505126953125
0.678466796875
0.563232421875
0.90185546875
0.0
0.798583984375
0.63134765625
0.592041015625
0.642822265625
0.533447265625
0.629150390625
0.643310546875
0.55810546875
0.809326171875
0.66796875
0.720458984375
0.0
0.0
0.0
0.0
0.676513671875
0.643798828125
0.7314453125
0.543701171875
0.58935546875
0.65478515625
0.59033203125
0.0
0.66943359375
0.5234375
0.53515625
0.62255859375
0.70947265625
0.615478515625
0.6171875
0.70068359375
0.520263671875
0.523193359375
0.643310546875
0.0
0.538818359375
0.662841796875
0.663330078125
0.6923828125
0.0
0.0
0.0
0.74609375
0.713623046875
0.430908203125
0.594482421875
0.629150390625
0.6669921875
0.538818359375
