0.712646484375
0.712646484375
0.712646484375
0.712646484375
0.712646484375
0.712646484375
0.712646484375
0.75390625
0.78369140625
0.837158203125
0.773193359375
0.67822265625
0.635009765625
0.59423828125
0.62744140625
0.805419921875
0.728271484375
0.648193359375
0.672119140625
0.645751953125
0.874755859375
0.6640625
0.7158203125
0.813720703125
0.72509765625
0.5615234375
0.66943359375
0.660400390625
0.8388671875
0.6943359375
0.6376953125
0.67529296875
0.91015625
0.70703125
0.660888671875
0.7607421875
0.636474609375
0.759521484375
0.705322265625
0.72021484375
0.711669921875
0.601318359375
0.614990234375
0.7353515625
0.787109375
0.7421875
0.581298828125
0.626708984375
0.52294921875
0.802734375
0.638671875
0.423095703125
0.822998046875
0.94482421875
0.685302734375
0.77197265625
0.651611328125
0.71533203125
0.60498046875
0.863525390625
0.716064453125
0.60888671875
0.565185546875
0.62939453125
0.817626953125
0.865478515625
0.6005859375
0.746826171875
0.413818359375
0.617919921875
0.722412109375
0.69580078125
0.71826171875
0.72998046875
0.668212890625
0.79638671875
0.66650390625
0.795654296875
0.771728515625
0.70751953125
0.65478515625
0.665283203125
0.728515625
0.727783203125
0.72705078125
0.72265625
0.669921875
0.574951171875
0.83203125
0.6904296875
0.75537109375
0.69482421875
0.69140625
0.77734375
0.70751953125
0.71826171875
0.7333984375
0.7568359375
0.704345703125
0.69580078125
0.5888671875
0.7646484375
0.646728515625
0.701904296875
0.663818359375
0.622802734375
0.530029296875
0.837646484375
0.8134765625
0.845947265625
0.68115234375
0.53515625
0.652099609375
0.5283203125
0.774658203125
0.7470703125
0.853515625
0.71044921875
0.766845703125
0.660888671875
0.672119140625
0.6103515625
0.697021484375
0.716796875
0.774169921875
0.663330078125
0.836669921875
0.768310546875
0.853515625
0.59375
0.75439453125
0.76806640625
0.59130859375
0.82080078125
0.8115234375
0.521240234375
0.6650390625
0.765869140625
0.623779296875
0.747802734375
0.7919921875
0.70947265625
0.95849609375
0.6689453125
0.685302734375
0.626220703125
0.645263671875
0.718505859375
0.738525390625
0.8271484375
0.71826171875
0.736328125
0.640869140625
0.640380859375
0.872314453125
0.7587890625
0.8388671875
0.618896484375
0.8271484375
0.76806640625
0.727294921875
0.7841796875
0.614013671875
0.7744140625
0.66748046875
0.56201171875
0.852294921875
0.779541015625
0.7490234375
0.69873046875
0.735107421875
0.71728515625
0.6162109375
0.6787109375
0.640869140625
0.78369140625
0.677734375
0.69580078125
0.65185546875
0.722412109375
0.791259765625
0.78564453125
0.706298828125
0.8349609375
0.689697265625
0.53466796875
0.642822265625
0.70849609375
0.779052734375
0.675048828125
0.76171875
0.77490234375
0.537353515625
0.5771484375
0.7529296875
0.712646484375
0.908447265625
0.6240234375
0.82470703125
0.6640625
0.80322265625
0.58251953125
0.72509765625
0.6181640625
0.58984375
0.710693359375
0.73828125
0.802978515625
0.739013671875
0.661865234375
0.748291015625
0.777099609375
0.81787109375
0.7265625
0.775146484375
0.5751953125
0.75244140625
0.7607421875
0.732177734375
0.70947265625
0.493896484375
0.6787109375
0.904296875
0.657958984375
0.65966796875
0.74560546875
0.86181640625
0.715576171875
0.6552734375
0.69384765625
0.5849609375
0.625244140625
0.902587890625
0.639404296875
0.71533203125
0.794921875
0.758056640625
0.880615234375
0.73974609375
0.4853515625
0.8115234375
0.72900390625
0.74658203125
0.76220703125
0.749267578125
0.748779296875
0.779296875
0.6904296875
0.728271484375
0.8125
0.7080078125
0.557861328125
0.531982421875
0.783935546875
0.670654296875
0.8505859375
0.611328125
0.712646484375
0.5869140625
0.579833984375
0.657470703125
0.510009765625
0.877685546875
0.76416015625
0.7431640625
0.86669921875
0.56201171875
0.671630859375
0.853515625
0.615234375
0.73583984375
0.86669921875
0.6611328125
0.66064453125
0.810791015625
0.66796875
0.691162109375
0.7236328125
0.63134765625
0.667724609375
0.585205078125
0.716796875
0.61962890625
0.74609375
0.821533203125
0.4892578125
0.697021484375
0.7119140625
0.5439453125
0.62548828125
0.783935546875
0.731689453125
0.7890625
0.722412109375
0.643798828125
0.7744140625
0.767822265625
0.64990234375
0.755859375
0.669921875
0.68212890625
0.622314453125
0.63818359375
0.86962890625
0.5322265625
0.797119140625
0.525146484375
0.83349609375
0.66455078125
0.831298828125
0.72900390625
0.626953125
0.749267578125
0.880859375
0.8779296875
0.69921875
0.80810546875
0.75830078125
0.550048828125
0.813720703125
0.663330078125
0.587646484375
0.7734375
0.6240234375
0.824462890625
0.41943359375
0.80078125
0.709716796875
0.689453125
0.56787109375
0.606201171875
0.73046875
0.6689453125
0.715576171875
0.864013671875
0.95166015625
0.640869140625
0.672607421875
0.716796875
0.74462890625
0.67919921875
0.72705078125
0.65283203125
0.882568359375
0.7763671875
0.675537109375
0.73779296875
0.593994140625
0.78173828125
0.6787109375
0.576416015625
0.6611328125
0.871826171875
0.800537109375
0.746337890625
0.607177734375
0.70947265625
0.897705078125
0.743896484375
0.56494140625
0.513427734375
0.78515625
0.72412109375
0.63720703125
0.65576171875
0.709228515625
0.802978515625
1.035888671875
0.690185546875
0.723876953125
0.73388671875
0.776611328125
0.750244140625
0.786865234375
0.615478515625
0.67578125
0.648681640625
0.695556640625
0.8486328125
0.7470703125
0.643310546875
0.72021484375
0.67578125
0.70166015625
0.597412109375
0.6259765625
0.569091796875
0.611083984375
0.609619140625
0.573486328125
0.60498046875
0.7783203125
0.80908203125
0.699462890625
0.8876953125
0.6708984375
0.754638671875
0.769287109375
0.766357421875
0.924560546875
0.75390625
0.530517578125
0.79833984375
0.68017578125
0.802001953125
0.692626953125
0.768798828125
0.71044921875
0.650390625
0.570068359375
0.623046875
0.700439453125
0.640625
0.728271484375
0.720458984375
0.724609375
0.77734375
0.509033203125
0.728515625
0.7412109375
0.688720703125
0.812255859375
0.63427734375
0.677490234375
0.7763671875
0.756591796875
0.611328125
0.681396484375
0.814453125
0.709228515625
0.80615234375
0.688720703125
0.509765625
0.712890625
0.72802734375
0.647216796875
0.658203125
0.60302734375
0.663818359375
0.651611328125
0.83837890625
0.63720703125
0.645751953125
0.735595703125
0.664794921875
0.542724609375
0.76025390625
0.8046875
0.705322265625
0.603271484375
0.832763671875
0.90185546875
0.69091796875
0.63623046875
0.795654296875
0.63037109375
0.811767578125
0.744140625
0.52978515625
0.651611328125
0.703857421875
0.834716796875
0.741455078125
0.69140625
0.84765625
0.6044921875
0.769775390625
0.646484375
0.689697265625
0.78173828125
0.8056640625
0.703857421875
0.732666015625
0.572998046875
0.7119140625
0.71484375
0.66455078125
0.842529296875
0.609619140625
0.5439453125
0.73291015625
0.747314453125
0.7158203125
0.650634765625
0.72216796875
0.5927734375
0.506591796875
0.765380859375
0.828125
0.69921875
0.63818359375
0.560546875
0.783203125
0.581298828125
0.831298828125
0.671875
0.6220703125
0.783447265625
0.704833984375
0.79248046875
0.76953125
0.71826171875
0.645263671875
0.673095703125
0.606201171875
0.592529296875
0.52294921875
0.64599609375
0.565673828125
0.829345703125
0.79296875
0.80615234375
0.7099609375
0.739501953125
0.9267578125
0.641357421875
0.647216796875
0.544921875
0.658447265625
0.551513671875
0.755615234375
0.6513671875
0.8173828125
0.824462890625
0.907958984375
0.708740234375
0.716796875
0.62890625
0.833984375
0.634765625
0.724365234375
0.576904296875
0.64404296875
0.85205078125
0.6962890625
0.66650390625
0.78857421875
0.65673828125
0.708251953125
0.90478515625
0.65625
0.817138671875
0.7802734375
0.7822265625
0.66943359375
0.652099609375
0.703125
0.57568359375
0.712890625
0.65234375
0.87158203125
0.759521484375
0.667236328125
0.629638671875
0.702880859375
0.62548828125
0.614990234375
0.695556640625
0.77587890625
0.720703125
0.658447265625
0.80078125
0.689208984375
0.81689453125
0.63330078125
0.73046875
0.720703125
0.735107421875
0.5224609375
0.793212890625
0.77978515625
0.810546875
0.687255859375
0.570068359375
0.722900390625
0.71826171875
0.714599609375
0.802978515625
0.715576171875
0.74267578125
0.851318359375
0.736083984375
0.629150390625
0.70361328125
0.93994140625
0.64599609375
0.69189453125
0.837890625
0.891357421875
0.934326171875
0.726806640625
0.8642578125
0.619873046875
0.623046875
0.653564453125
0.680908203125
0.614990234375
0.53759765625
0.746826171875
0.728759765625
0.64990234375
0.6806640625
0.844970703125
0.705078125
0.631591796875
0.81103515625
0.720947265625
0.68408203125
0.83740234375
0.704345703125
0.59033203125
0.66650390625
0.66064453125
0.895751953125
0.83837890625
0.612548828125
0.78955078125
0.74169921875
0.74169921875
0.805419921875
0.7451171875
0.675537109375
0.587646484375
0.6572265625
0.688720703125
0.55322265625
0.696533203125
0.760498046875
0.694580078125
0.91162109375
0.669189453125
0.482421875
0.83740234375
0.822998046875
0.6328125
0.82177734375
0.572265625
0.741943359375
0.616455078125
0.80712890625
0.6640625
0.682373046875
0.741943359375
0.59326171875
0.80517578125
0.695068359375
0.79833984375
0.673095703125
0.580810546875
0.660400390625
0.72705078125
0.59912109375
0.66845703125
0.593994140625
0.66650390625
0.66162109375
0.647705078125
0.76513671875
0.590087890625
0.799560546875
0.754638671875
0.73583984375
0.705322265625
0.736328125
0.71826171875
0.73583984375
0.576171875
0.62939453125
0.582275390625
0.646484375
0.681396484375
0.776611328125
0.58056640625
0.72119140625
0.6455078125
0.772705078125
0.702880859375
0.677978515625
0.805419921875
0.820068359375
0.736083984375
0.8046875
0.68994140625
0.668212890625
0.7880859375
0.583984375
0.644287109375
0.732666015625
0.73876953125
0.672119140625
0.74609375
0.80517578125
0.66259765625
0.695068359375
0.75
0.577392578125
0.63525390625
0.6904296875
0.762451171875
0.58642578125
0.625
0.595458984375
0.598876953125
0.51708984375
0.554443359375
0.677001953125
0.779541015625
0.782470703125
0.5888671875
0.79052734375
0.67138671875
0.67041015625
0.684814453125
0.7646484375
0.799072265625
0.788330078125
0.5859375
0.83984375
0.63232421875
0.787841796875
0.665283203125
0.8759765625
0.83349609375
0.722412109375
0.69140625
0.77734375
0.8544921875
0.8193359375
0.6318359375
0.659912109375
0.509033203125
0.625732421875
0.603271484375
0.849609375
0.6240234375
0.712158203125
0.736572265625
0.6630859375
0.77587890625
0.56884765625
0.655517578125
0.5810546875
0.653076171875
0.79296875
0.855712890625
0.67919921875
0.7109375
0.749267578125
0.73388671875
0.791748046875
0.880126953125
0.68994140625
0.641845703125
0.6728515625
0.470458984375
0.73779296875
0.775390625
0.742919921875
0.669189453125
0.788818359375
0.76806640625
0.614990234375
0.72412109375
0.523193359375
0.681640625
0.663330078125
0.5810546875
0.598388671875
0.6982421875
0.674560546875
0.84619140625
0.834716796875
0.723388671875
0.787841796875
0.7939453125
0.8388671875
0.5732421875
0.59619140625
0.594482421875
0.660888671875
0.54541015625
0.667236328125
0.66162109375
0.654296875
0.598388671875
0.701416015625
0.541748046875
0.81689453125
0.64013671875
0.68359375
0.576416015625
0.719970703125
0.747802734375
0.70263671875
0.63232421875
0.678955078125
0.552490234375
0.80078125
0.74658203125
0.72265625
0.651123046875
0.87255859375
0.7021484375
0.609130859375
0.770751953125
0.54736328125
0.636474609375
0.644287109375
0.6611328125
0.425048828125
0.66845703125
0.602783203125
0.77783203125
0.55029296875
0.67578125
0.7421875
0.7470703125
0.693603515625
0.733154296875
0.614501953125
0.7841796875
0.85205078125
0.669189453125
0.663330078125
0.686767578125
0.83349609375
0.764892578125
0.839111328125
0.697021484375
0.739013671875
0.630859375
0.716064453125
0.834716796875
0.884521484375
0.7333984375
0.845703125
0.847412109375
0.69921875
0.670654296875
0.693603515625
0.569091796875
0.653076171875
0.68603515625
0.6396484375
0.568115234375
0.565185546875
0.7978515625
0.6025390625
0.9375
0.796875
0.764892578125
0.779052734375
0.740478515625
0.734375
0.866943359375
0.721435546875
0.7138671875
0.535888671875
0.66015625
0.600341796875
0.756103515625
0.60986328125
0.614013671875
0.733642578125
0.762939453125
0.58251953125
0.643310546875
0.96875
0.7646484375
0.90625
0.863525390625
0.685791015625
0.696533203125
0.6259765625
0.781494140625
0.6376953125
0.658935546875
0.802001953125
0.6689453125
0.69970703125
0.7138671875
0.740478515625
0.68994140625
0.7353515625
0.722412109375
0.813232421875
0.73828125
0.585693359375
0.6640625
0.7548828125
0.5947265625
0.894775390625
0.652099609375
0.609619140625
0.872802734375
0.796142578125
0.6298828125
0.63623046875
0.65771484375
0.869873046875
0.6884765625
0.819091796875
0.627197265625
0.746826171875
0.92626953125
0.58251953125
0.6611328125
0.707763671875
0.655029296875
0.850830078125
0.52783203125
0.94140625
0.724365234375
0.704833984375
0.75537109375
0.7236328125
0.895751953125
0.634765625
0.697509765625
0.4580078125
0.8251953125
0.711669921875
0.630859375
0.703369140625
0.815185546875
0.701416015625
0.630615234375
0.6904296875
0.70263671875
0.705810546875
0.740234375
0.6787109375
0.765625
0.837158203125
0.596435546875
0.7822265625
0.682861328125
0.7490234375
0.70556640625
0.721435546875
0.77587890625
0.74072265625
0.54931640625
0.57275390625
0.809814453125
0.68408203125
0.625732421875
0.77685546875
0.57568359375
0.582275390625
0.78515625
0.77978515625
0.589111328125
0.748291015625
0.811767578125
0.7939453125
0.622802734375
0.609375
0.791259765625
0.646240234375
0.75439453125
0.5615234375
0.837890625
0.6806640625
0.749267578125
0.739990234375
0.728515625
0.601318359375
0.532470703125
0.608642578125
0.727783203125
0.60693359375
0.792724609375
0.75634765625
0.839599609375
0.7255859375
0.69189453125
0.541015625
0.625
0.754150390625
0.842529296875
0.64306640625
0.6142578125
0.53955078125
0.646728515625
0.6728515625
0.730712890625
0.776123046875
0.600341796875
0.7431640625
0.704833984375
0.7412109375
0.740478515625
0.705078125
0.879150390625
