0.705810546875
0.705810546875
0.705810546875
0.705810546875
0.596923828125
0.714599609375
0.648193359375
0.671875
0.5380859375
0.651123046875
0.79150390625
0.0
0.579833984375
0.7265625
0.853515625
0.68408203125
0.756103515625
0.61083984375
0.85107421875
0.0
0.73388671875
0.676513671875
0.7431640625
0.9150390625
0.0
0.0
0.0
0.0
0.0
0.0
0.697998046875
0.461669921875
0.73095703125
0.67822265625
0.7275390625
0.725341796875
0.552490234375
0.6611328125
0.768310546875
0.684326171875
0.641357421875
0.43603515625
0.624755859375
0.63134765625
0.77734375
0.84375
0.796142578125
0.726318359375
0.724609375
0.575927734375
0.85888671875
0.78662109375
0.60791015625
0.642822265625
0.63525390625
0.60107421875
0.0
0.0
0.65185546875
0.73828125
0.763427734375
0.69580078125
0.64794921875
0.678466796875
0.7578125
0.67919921875
0.6328125
0.783203125
0.0
0.6875
0.743408203125
0.74853515625
0.605224609375
0.7548828125
0.789306640625
0.5517578125
0.71484375
0.58056640625
0.724853515625
0.63671875
0.572509765625
0.0
0.665771484375
0.681396484375
0.678466796875
0.581787109375
0.0
0.0
0.7197265625
0.6162109375
0.64794921875
0.638916015625
0.742431640625
0.658935546875
0.731201171875
0.735107421875
0.6455078125
0.68017578125
0.8603515625
0.71728515625
0.8798828125
0.813720703125
0.6630859375
0.698974609375
0.83935546875
0.70556640625
0.682861328125
0.6005859375
0.78515625
0.685546875
0.0
0.6416015625
0.62744140625
0.7109375
0.598388671875
0.893310546875
0.644287109375
0.778564453125
0.68310546875
0.72900390625
0.560546875
0.6748046875
0.83056640625
0.55810546875
0.82568359375
0.0
0.626220703125
0.88134765625
0.623291015625
0.664794921875
0.699951171875
0.0
0.0
0.718994140625
0.70361328125
0.689453125
0.804443359375
0.693603515625
0.767333984375
0.796630859375
0.0
0.645751953125
0.759521484375
0.603515625
0.67333984375
0.6650390625
0.59326171875
0.7568359375
0.728271484375
0.567138671875
0.761474609375
0.700439453125
0.629150390625
0.655517578125
0.5390625
0.817138671875
0.803955078125
0.63623046875
0.48974609375
0.0
0.0
0.0
0.0
0.6708984375
0.638427734375
0.63427734375
0.671142578125
0.642333984375
0.639892578125
0.7373046875
0.6298828125
0.593994140625
0.68994140625
0.6025390625
0.67822265625
0.0
0.0
0.6923828125
0.51904296875
0.61181640625
0.694580078125
0.54931640625
0.697021484375
0.766845703125
0.699951171875
0.751953125
0.681884765625
0.7783203125
0.72900390625
0.700439453125
0.691162109375
0.7734375
0.8466796875
0.600341796875
0.6533203125
0.7099609375
0.614501953125
0.79931640625
0.719970703125
0.87548828125
0.687255859375
0.0
0.733642578125
0.632080078125
0.75537109375
0.787841796875
0.7529296875
0.67333984375
0.63330078125
0.66455078125
0.730224609375
0.81201171875
0.600341796875
0.493896484375
0.72705078125
0.756103515625
0.7587890625
0.7080078125
0.0
0.0
0.787353515625
0.67431640625
0.693603515625
0.580810546875
0.698974609375
0.660400390625
0.759521484375
0.0
0.648193359375
0.569091796875
0.615478515625
0.6357421875
0.7529296875
0.666015625
0.623779296875
0.725341796875
0.6484375
0.0
0.55126953125
0.618896484375
0.611572265625
0.650146484375
0.611572265625
0.752685546875
0.7021484375
0.59521484375
0.0
0.559814453125
0.86083984375
0.606201171875
0.771240234375
0.662841796875
0.56689453125
0.70654296875
0.0
0.0
0.70556640625
0.629638671875
0.665283203125
0.78173828125
0.630615234375
0.6572265625
0.74609375
0.68798828125
0.820556640625
0.806396484375
0.754150390625
0.749755859375
0.579345703125
0.627685546875
0.67236328125
0.0
0.5859375
0.7451171875
0.572998046875
0.54736328125
0.0
0.57568359375
0.582763671875
0.816650390625
0.786865234375
0.656005859375
0.690673828125
0.678466796875
0.64453125
0.71826171875
0.66796875
0.500732421875
0.5830078125
0.642578125
0.693359375
0.0
0.580078125
0.669677734375
0.622314453125
0.630615234375
0.606689453125
0.6630859375
0.0
0.0
0.92919921875
0.60546875
0.68408203125
0.580810546875
0.596923828125
0.63916015625
0.689208984375
0.590087890625
0.70654296875
0.802490234375
0.493408203125
0.61474609375
0.6201171875
0.45458984375
0.667236328125
0.62548828125
0.807861328125
0.65966796875
0.0
0.0
0.0
0.711669921875
0.69189453125
0.6435546875
0.814453125
0.691162109375
0.651611328125
0.774658203125
0.692626953125
0.7109375
0.704345703125
0.70849609375
0.74951171875
0.567626953125
0.599609375
0.0
0.0
0.0
0.0
0.0
0.646728515625
0.779296875
0.58447265625
0.611572265625
0.0
0.0
0.0
0.0
0.469970703125
0.6455078125
0.683837890625
0.719970703125
0.7685546875
0.604248046875
0.73486328125
0.736083984375
0.6748046875
0.774658203125
0.678955078125
0.7236328125
0.787109375
0.640380859375
0.709228515625
0.584716796875
0.789794921875
0.538818359375
0.54638671875
0.656494140625
0.720703125
0.565673828125
0.687744140625
0.0
0.65283203125
0.705322265625
0.7626953125
0.72119140625
0.741455078125
0.6064453125
0.576171875
0.664306640625
0.59814453125
0.669921875
0.65087890625
0.740966796875
0.0
0.0
0.658447265625
0.680908203125
0.749755859375
0.79638671875
0.69189453125
0.663818359375
0.567138671875
0.0
0.0
0.0
0.0
0.599609375
0.732666015625
0.643798828125
0.616943359375
0.0
0.691650390625
0.63818359375
0.700927734375
0.682861328125
0.5888671875
0.655029296875
0.84765625
0.866943359375
0.759521484375
0.69677734375
0.0
0.0
0.0
0.0
0.0
0.7314453125
0.76416015625
0.69140625
0.586669921875
0.0
0.778076171875
0.72119140625
0.80126953125
0.684814453125
0.77783203125
0.728271484375
0.753662109375
0.696533203125
0.607177734375
0.780029296875
0.979736328125
0.82861328125
0.7744140625
0.756103515625
0.939453125
0.798828125
0.64892578125
0.667724609375
0.59814453125
0.68310546875
0.655029296875
0.7373046875
0.554931640625
0.710205078125
0.852783203125
0.598388671875
0.6787109375
0.760009765625
0.6474609375
0.706298828125
0.82373046875
0.760498046875
0.0
0.0
0.0
0.71044921875
0.650634765625
0.57373046875
0.0
0.0
0.0
0.8388671875
0.58447265625
0.7470703125
0.765625
0.586181640625
0.616455078125
0.73876953125
0.6591796875
0.685302734375
0.629638671875
0.0
0.0
0.649169921875
0.850830078125
0.639404296875
0.6962890625
0.7158203125
0.576416015625
0.703857421875
0.62109375
0.5537109375
0.616943359375
0.772705078125
0.625
0.0
0.0
0.631591796875
0.661376953125
0.775634765625
0.677978515625
0.68798828125
0.615478515625
0.70361328125
0.777099609375
0.734130859375
0.971923828125
0.705078125
0.676513671875
0.57861328125
0.740966796875
0.5908203125
0.674560546875
0.752197265625
0.77685546875
0.772705078125
0.584716796875
0.717041015625
0.0
0.636474609375
0.615478515625
0.0
0.5380859375
0.845703125
0.847900390625
0.7236328125
0.701416015625
0.69189453125
0.848876953125
0.6982421875
0.755859375
0.61962890625
0.641357421875
0.67431640625
0.613037109375
0.670166015625
0.64501953125
0.81640625
0.0
0.6884765625
0.761474609375
0.75634765625
0.621337890625
0.6416015625
0.69287109375
0.60009765625
0.688232421875
0.0
0.0
0.66845703125
0.6240234375
0.666015625
0.7099609375
0.785888671875
0.702392578125
0.55712890625
0.75
0.66259765625
0.0
0.0
0.0
0.781005859375
0.68212890625
0.6171875
0.94384765625
0.71337890625
0.65185546875
0.7099609375
0.581298828125
0.81982421875
0.64306640625
0.760986328125
0.697998046875
0.0
0.0
0.74267578125
0.787109375
0.711669921875
0.641357421875
0.67529296875
0.67236328125
0.75
0.0
0.0
0.54248046875
0.6953125
0.672119140625
0.6708984375
0.570556640625
0.0
0.0
0.706298828125
0.66162109375
0.62060546875
0.650390625
0.569580078125
0.565185546875
0.653564453125
0.59130859375
0.667724609375
0.7275390625
0.587646484375
0.67236328125
0.71435546875
0.703857421875
0.820068359375
0.544189453125
0.62939453125
0.678955078125
0.682861328125
0.0
0.0
0.757080078125
0.645751953125
0.599365234375
0.618408203125
0.541259765625
0.83203125
0.619140625
0.70654296875
0.0
0.729248046875
0.65625
0.611572265625
0.614501953125
0.0
0.73681640625
0.784423828125
0.59765625
0.5146484375
0.697509765625
0.596435546875
0.0
0.7724609375
0.515380859375
0.52099609375
0.56884765625
0.612548828125
0.678466796875
0.874267578125
0.640380859375
0.0
0.59912109375
0.765869140625
0.68798828125
0.775390625
0.569580078125
0.0
0.0
0.728759765625
0.648681640625
0.701416015625
0.74462890625
0.679443359375
0.53759765625
0.6533203125
0.73876953125
0.59326171875
0.54931640625
0.631591796875
0.613525390625
0.6025390625
0.5546875
0.6474609375
0.556884765625
0.93212890625
0.0
0.0
0.0
0.643798828125
0.865478515625
0.728271484375
0.634033203125
0.610595703125
0.382568359375
0.6796875
0.777587890625
0.64697265625
0.802734375
0.87744140625
0.0
0.0
0.772705078125
0.453857421875
0.74462890625
0.578125
0.875244140625
0.594482421875
0.0
0.0
0.716552734375
0.791748046875
0.56396484375
0.49169921875
0.767578125
0.654541015625
0.0
0.0
0.8408203125
0.7470703125
0.695068359375
0.655029296875
0.58056640625
0.658203125
0.620849609375
0.6552734375
0.55908203125
0.575439453125
0.581298828125
0.6015625
0.0
0.0
0.51806640625
0.827880859375
0.711669921875
0.767333984375
0.669677734375
0.0
0.0
0.701904296875
0.850341796875
0.872802734375
0.0
0.0
0.0
0.0
0.60205078125
0.6884765625
0.63916015625
0.6708984375
0.73046875
0.60986328125
0.0
0.745361328125
0.7216796875
0.729248046875
0.7978515625
0.68017578125
0.721435546875
0.751708984375
0.0
0.71630859375
0.7451171875
0.772705078125
0.711669921875
0.66455078125
0.751953125
0.693359375
0.75146484375
0.0
0.0
0.7685546875
0.756591796875
0.734130859375
0.580078125
0.534423828125
0.5556640625
0.677490234375
0.0
0.760009765625
0.6708984375
0.586669921875
0.587646484375
0.74267578125
0.8115234375
0.780517578125
0.0
0.584716796875
0.632080078125
0.70361328125
0.837646484375
0.7412109375
0.66796875
0.0
0.0
0.7177734375
0.7041015625
0.697265625
0.0
0.714111328125
0.761474609375
0.783447265625
0.6787109375
0.76611328125
0.677490234375
0.0
0.736572265625
0.802734375
0.66748046875
0.0
0.490478515625
0.5439453125
0.91748046875
0.73974609375
0.716064453125
0.58837890625
0.82421875
0.594970703125
0.67578125
0.7119140625
0.0
0.0
0.0
0.0
0.80908203125
0.673583984375
0.68701171875
0.7568359375
0.65087890625
0.721435546875
0.582763671875
0.747802734375
0.695556640625
0.742919921875
0.5810546875
0.0
0.74072265625
0.656982421875
0.0
0.0
0.67138671875
0.796142578125
0.6650390625
0.737060546875
0.574951171875
0.671875
0.0
0.65673828125
0.550048828125
0.857421875
0.6796875
0.6484375
0.805419921875
0.0
0.0
0.99853515625
0.565673828125
0.72021484375
0.7470703125
0.753662109375
0.690673828125
0.765625
0.705322265625
0.753662109375
0.0
0.42431640625
0.663818359375
0.7734375
0.5732421875
0.66015625
0.0
0.62548828125
0.727783203125
0.791748046875
0.7021484375
0.6767578125
0.659912109375
0.0
0.0
0.607666015625
0.755615234375
0.863525390625
0.65087890625
0.7392578125
0.0
0.0
0.7685546875
0.699951171875
0.582763671875
0.765380859375
0.671142578125
0.696044921875
0.707763671875
0.661376953125
0.695068359375
0.767578125
0.85302734375
0.8154296875
0.76611328125
0.684326171875
0.739501953125
0.0
0.580078125
0.702392578125
0.610595703125
0.899658203125
0.668212890625
0.671142578125
0.0
0.0
0.6318359375
0.79541015625
0.0
0.0
0.0
0.621826171875
0.63037109375
0.667236328125
0.714111328125
0.666748046875
0.0
0.0
0.687744140625
0.522705078125
0.74072265625
0.704833984375
0.79736328125
0.479736328125
0.0
0.0
0.627685546875
0.72265625
0.512939453125
0.592529296875
0.876708984375
0.61865234375
0.724365234375
0.714111328125
0.658203125
0.56201171875
0.0
0.66552734375
0.529296875
0.912841796875
0.654541015625
0.607177734375
0.794189453125
0.9462890625
0.822021484375
0.599365234375
0.46728515625
0.732177734375
0.63671875
0.0
0.632080078125
0.5458984375
0.522216796875
0.70947265625
0.655517578125
0.72216796875
0.0
0.703125
0.69091796875
0.78076171875
0.62158203125
0.738037109375
0.0
0.0
0.579345703125
0.586181640625
0.728515625
0.587158203125
0.793701171875
0.75390625
0.6728515625
0.0
0.0
0.771728515625
0.650634765625
0.830810546875
0.902099609375
0.578857421875
0.560791015625
0.799072265625
0.55908203125
0.830810546875
0.67724609375
0.763916015625
0.698486328125
0.763427734375
0.681396484375
0.0
0.0
0.77294921875
0.751220703125
0.662353515625
0.6787109375
0.70166015625
0.722900390625
0.748291015625
0.560546875
0.749267578125
0.0
0.0
0.60302734375
0.7900390625
0.666259765625
0.66650390625
0.687744140625
0.81103515625
0.7919921875
0.61767578125
0.597900390625
0.0
0.634033203125
0.619384765625
0.58740234375
0.735107421875
0.82275390625
0.0
0.0
0.720947265625
0.656982421875
0.553955078125
0.72705078125
0.0
0.854248046875
