0.735107421875
0.654296875
0.0
0.819091796875
0.713134765625
0.747802734375
0.6337890625
0.776611328125
0.0
0.748779296875
0.548095703125
0.70849609375
0.0
0.763671875
0.66796875
0.630126953125
0.63818359375
0.64794921875
0.7880859375
0.721435546875
0.701171875
0.590576171875
0.67333984375
0.0
0.705322265625
0.773193359375
0.52001953125
0.5771484375
0.56689453125
0.665771484375
0.0
0.706298828125
0.578369140625
0.722412109375
0.740478515625
0.704833984375
0.518310546875
0.615234375
0.758544921875
0.741943359375
0.86181640625
0.691650390625
0.640380859375
0.569580078125
0.418701171875
0.48974609375
0.680419921875
0.561279296875
0.663818359375
0.809326171875
0.65673828125
0.548095703125
0.75439453125
0.596435546875
0.81982421875
0.814697265625
0.0
0.0
0.0
0.71875
0.62109375
0.641845703125
0.697265625
0.646728515625
0.528076171875
0.630859375
0.691650390625
0.71484375
0.0
0.0
0.0
0.72607421875
0.0
0.0
0.55712890625
0.66259765625
0.734619140625
0.693359375
0.6884765625
0.9365234375
0.730712890625
0.687744140625
0.0
0.0
0.0
0.644775390625
0.762451171875
0.800537109375
0.58935546875
0.685791015625
0.65625
0.739501953125
0.591796875
0.791259765625
0.834716796875
0.6064453125
0.449462890625
0.627685546875
0.951416015625
0.666259765625
0.6630859375
0.735595703125
0.605712890625
0.0
0.59619140625
0.638427734375
0.687744140625
0.630615234375
0.593017578125
0.93017578125
0.71142578125
0.63916015625
0.0
0.0
0.61767578125
0.626953125
0.628173828125
0.807373046875
0.6298828125
0.0
0.0
0.0
0.0
0.6962890625
0.5341796875
0.564208984375
0.5439453125
0.5556640625
0.0
0.0
0.0
0.814453125
0.71240234375
0.7255859375
0.651123046875
0.655517578125
0.71728515625
0.73193359375
0.0
0.0
0.57958984375
0.6748046875
0.75634765625
0.544677734375
0.613525390625
0.79833984375
0.63720703125
0.776123046875
0.0
0.0
0.0
0.0
0.71484375
0.4609375
0.581298828125
0.65380859375
0.63818359375
0.67431640625
0.646484375
0.71435546875
0.701171875
0.0
0.0
0.70654296875
0.668701171875
0.621337890625
0.669921875
0.60302734375
0.74169921875
0.550537109375
0.751220703125
0.6201171875
0.539794921875
0.707275390625
0.708251953125
0.6572265625
0.686767578125
0.644287109375
0.0
0.0
0.673583984375
0.509521484375
0.56103515625
0.732421875
0.0
0.66650390625
0.673095703125
0.0
0.58349609375
0.470947265625
0.6220703125
0.788818359375
0.71533203125
0.689208984375
0.6572265625
0.72314453125
0.67236328125
0.755126953125
0.701416015625
0.956787109375
0.70068359375
0.732421875
0.748779296875
0.578857421875
0.711181640625
0.588134765625
0.614990234375
0.749267578125
0.643798828125
0.867919921875
0.697021484375
0.64697265625
0.7451171875
0.7666015625
0.853515625
0.650146484375
0.0
0.0
0.0
0.7275390625
0.51513671875
0.781005859375
0.739501953125
0.756591796875
0.8662109375
0.63427734375
0.773193359375
0.785888671875
0.7119140625
0.769287109375
0.537841796875
0.648681640625
0.42578125
0.0
0.0
0.0
0.648681640625
0.511962890625
0.478515625
0.673828125
0.72607421875
0.0
0.533447265625
0.65966796875
0.493896484375
0.687744140625
0.77783203125
0.765869140625
0.0
0.719482421875
0.666015625
0.86279296875
0.570068359375
0.533935546875
0.58447265625
0.8935546875
0.633056640625
0.749755859375
0.641357421875
0.65283203125
0.660888671875
0.70166015625
0.0
0.67919921875
0.775634765625
0.838134765625
0.5888671875
0.74462890625
0.67578125
0.603759765625
0.722412109375
0.64892578125
0.81982421875
0.0
0.0
0.65185546875
0.56201171875
0.649169921875
0.5322265625
0.658935546875
0.81298828125
0.72119140625
0.0
0.0
0.7626953125
0.596923828125
0.680908203125
0.71240234375
0.693115234375
0.725341796875
0.0
0.5751953125
0.624755859375
0.5322265625
0.0
0.0
0.0
0.650390625
0.63037109375
0.0
0.0
0.0
0.814453125
0.63427734375
0.5380859375
0.678466796875
0.540283203125
0.601806640625
0.73291015625
0.713623046875
0.576904296875
0.80224609375
0.729248046875
0.880615234375
0.583740234375
0.654541015625
0.67822265625
0.602783203125
0.742431640625
0.63134765625
0.4736328125
0.690673828125
0.650146484375
0.77978515625
0.71826171875
0.572509765625
0.0
0.0
0.6396484375
0.522216796875
0.5751953125
0.654052734375
0.728515625
0.570556640625
0.73193359375
0.675048828125
0.6982421875
0.612548828125
0.718994140625
0.68798828125
0.756103515625
0.7607421875
0.54345703125
0.611328125
0.81982421875
0.716796875
0.657958984375
0.755126953125
0.835205078125
0.625732421875
0.8427734375
0.0
0.0
0.678466796875
0.694580078125
0.71044921875
0.623291015625
0.73486328125
0.0
0.526123046875
0.628173828125
0.687744140625
0.732666015625
0.89453125
0.68798828125
0.686279296875
0.633544921875
0.710205078125
0.684814453125
0.51220703125
0.0
0.0
0.772216796875
0.61083984375
0.720947265625
0.644775390625
0.460205078125
0.68505859375
0.5009765625
0.5478515625
0.71337890625
0.5625
0.6103515625
0.0
0.0
0.6103515625
0.716064453125
0.68359375
0.458984375
0.0
0.0
0.64013671875
0.6806640625
0.652587890625
0.70947265625
0.795654296875
0.554931640625
0.939208984375
0.763427734375
0.58984375
0.70556640625
0.7041015625
0.6904296875
0.71435546875
0.717529296875
0.52587890625
0.60693359375
0.0
0.0
0.0
0.0
0.781005859375
0.670166015625
0.64501953125
0.685791015625
0.74609375
0.669189453125
0.0
0.0
0.0
0.77783203125
0.675537109375
0.6044921875
0.75927734375
0.927734375
0.770751953125
0.572998046875
0.786865234375
0.0
0.589599609375
0.5810546875
0.67578125
0.6103515625
0.0
0.0
0.58251953125
0.617919921875
0.75927734375
0.7451171875
0.793212890625
0.53173828125
0.0
0.0
0.6728515625
0.635498046875
0.62255859375
0.69189453125
0.697509765625
0.63330078125
0.529541015625
0.6865234375
0.655029296875
0.0
0.0
0.7021484375
0.515869140625
0.620361328125
0.798095703125
0.79296875
0.5263671875
0.47216796875
0.603515625
0.91064453125
0.0
0.675048828125
0.7138671875
0.77001953125
0.708740234375
0.79296875
0.674560546875
0.0
0.562255859375
0.612060546875
0.61767578125
0.792724609375
0.81103515625
0.588623046875
0.66796875
0.59423828125
0.81689453125
0.8408203125
0.583740234375
0.6923828125
0.646728515625
0.75537109375
0.81201171875
0.553955078125
0.641845703125
0.8271484375
0.791748046875
0.648193359375
0.0
0.0
0.0
0.0
0.0
0.481689453125
0.745361328125
0.782470703125
0.690673828125
0.619384765625
0.64794921875
0.748291015625
0.772216796875
0.6494140625
0.732421875
0.0
0.525634765625
0.640869140625
0.60888671875
0.703857421875
0.76904296875
0.50634765625
0.63330078125
0.657470703125
0.721435546875
0.61962890625
0.66650390625
0.701416015625
0.702392578125
0.650390625
0.823974609375
0.0
0.58251953125
0.83056640625
0.720947265625
0.752685546875
0.731689453125
0.796142578125
0.0
0.750244140625
0.750732421875
0.6669921875
0.682373046875
0.0
0.6201171875
0.685546875
0.642333984375
0.68017578125
0.75146484375
0.0
0.0
0.620849609375
0.824951171875
0.76904296875
0.66357421875
0.600830078125
0.7626953125
0.622802734375
0.685302734375
0.617431640625
0.776123046875
0.615478515625
0.622802734375
0.621337890625
0.649658203125
0.651123046875
0.5810546875
0.7392578125
0.727294921875
0.708984375
0.0
0.725830078125
0.51708984375
0.629150390625
0.723876953125
0.624267578125
0.777099609375
0.0
0.655517578125
0.62353515625
0.814453125
0.698974609375
0.54931640625
0.690673828125
0.0
0.0
0.0
0.689208984375
0.8623046875
0.61767578125
0.69287109375
0.828857421875
0.656005859375
0.692138671875
0.747802734375
0.74169921875
0.78955078125
0.0
0.724365234375
0.71826171875
0.66943359375
0.0
0.0
0.545654296875
0.600341796875
0.0
0.0
0.0
0.0
0.76123046875
0.81494140625
0.562255859375
0.562255859375
0.49853515625
0.68359375
0.70751953125
0.682373046875
0.743896484375
0.70458984375
0.642578125
0.0
0.61669921875
0.581298828125
0.7685546875
0.5712890625
0.728515625
0.740966796875
0.732421875
0.764404296875
0.692138671875
0.0
0.0
0.753662109375
0.805419921875
0.693115234375
0.766845703125
0.642578125
0.7412109375
0.7548828125
0.0
0.0
0.716796875
0.730224609375
0.482666015625
0.52001953125
0.47705078125
0.0
0.0
0.48974609375
0.601318359375
0.7294921875
0.599853515625
0.676513671875
0.831787109375
0.0
0.0
0.0
0.0
0.52880859375
0.726806640625
0.654296875
0.84033203125
0.6298828125
0.64990234375
0.5986328125
0.576416015625
0.740966796875
0.7802734375
0.583251953125
0.635498046875
0.7294921875
0.828857421875
0.750244140625
0.0
0.0
0.0
0.602783203125
0.653076171875
0.5888671875
0.428955078125
0.778564453125
0.732177734375
0.691650390625
0.86962890625
0.798095703125
0.648681640625
0.62890625
0.671142578125
0.62646484375
0.645263671875
0.7529296875
0.602783203125
0.69189453125
0.0
0.0
0.6357421875
0.699951171875
0.794921875
0.716552734375
0.825927734375
0.71337890625
0.0
0.0
0.734619140625
0.86328125
0.714599609375
0.77587890625
0.60302734375
0.738037109375
0.785400390625
0.0
0.75537109375
0.548583984375
0.474365234375
0.769775390625
0.63916015625
0.66796875
0.515869140625
0.76025390625
0.7021484375
0.89013671875
0.80517578125
0.694580078125
0.0
0.687255859375
0.763916015625
0.62744140625
0.69287109375
0.46533203125
0.76123046875
0.6484375
0.804931640625
0.7080078125
0.77734375
0.592529296875
0.73681640625
0.77099609375
0.502685546875
0.0
0.0
0.0
0.0
0.59765625
0.668212890625
0.83203125
0.6142578125
0.619140625
0.7197265625
0.606201171875
0.582275390625
0.0
0.723876953125
0.71142578125
0.576904296875
0.57275390625
0.643798828125
0.572265625
0.0
0.72314453125
0.534423828125
0.782470703125
0.567626953125
0.6474609375
0.934326171875
0.5419921875
0.776123046875
0.751708984375
0.794921875
0.792236328125
0.0
0.0
0.560546875
0.636474609375
0.0
0.0
0.0
0.640869140625
0.529541015625
0.685302734375
0.0
0.0
0.0
0.64013671875
0.72216796875
0.68701171875
0.633544921875
0.80419921875
0.0
0.735595703125
0.7978515625
0.74267578125
0.5966796875
0.69189453125
0.634033203125
0.0
0.749755859375
0.5869140625
0.593017578125
0.643798828125
0.70263671875
0.88818359375
0.74755859375
0.48291015625
0.6875
0.0
0.6728515625
0.72021484375
0.62060546875
0.503173828125
0.8232421875
0.60595703125
0.533935546875
0.751220703125
0.597900390625
0.0
0.0
0.693359375
0.752685546875
0.734619140625
0.843017578125
0.0
0.0
0.68115234375
0.6533203125
0.71142578125
0.678955078125
0.60205078125
0.698486328125
0.822509765625
0.638427734375
0.723388671875
0.68994140625
0.643310546875
0.537353515625
0.0
0.0
0.68896484375
0.92578125
0.6806640625
0.783447265625
0.631103515625
0.53076171875
0.0
0.0
0.840576171875
0.6513671875
0.62255859375
0.673583984375
0.75341796875
0.76611328125
0.0
0.0
0.73779296875
0.798583984375
0.527587890625
0.717529296875
0.670166015625
0.771728515625
0.522216796875
0.5576171875
0.0
0.0
0.0
0.0
0.63525390625
0.69775390625
0.65185546875
0.752685546875
0.0
0.6416015625
0.627197265625
0.69384765625
0.625732421875
0.607666015625
0.543212890625
0.8388671875
0.58544921875
0.842529296875
0.62158203125
0.875244140625
0.0
0.0
0.0
0.5166015625
0.521240234375
0.675048828125
0.6318359375
0.675537109375
0.56201171875
0.642333984375
0.67529296875
0.694091796875
0.8486328125
0.738525390625
0.7373046875
0.0
0.73828125
0.59619140625
0.716064453125
0.511474609375
0.0
0.0
0.51953125
0.68115234375
0.498291015625
0.7001953125
0.645751953125
0.0
0.638916015625
0.572265625
0.0
0.0
0.0
0.552978515625
0.505126953125
0.634521484375
0.6982421875
0.608154296875
0.653076171875
0.8095703125
0.663330078125
0.69775390625
0.642822265625
0.85205078125
0.61083984375
0.734619140625
0.740478515625
0.632568359375
0.530029296875
0.64990234375
0.68115234375
0.0
0.79052734375
0.72314453125
0.923095703125
0.922119140625
0.671630859375
0.72607421875
0.717041015625
0.68310546875
0.657470703125
0.635498046875
0.65966796875
0.663330078125
0.736083984375
0.697509765625
0.655517578125
0.0
0.65771484375
0.6259765625
0.73046875
0.65478515625
0.7255859375
0.572265625
0.569580078125
0.602783203125
0.693359375
0.869384765625
0.0
0.0
0.76513671875
0.607666015625
0.627197265625
0.73388671875
0.723388671875
0.637451171875
0.0
0.0
0.0
0.6650390625
0.636962890625
0.7138671875
0.692626953125
0.672119140625
0.746826171875
0.0
0.0
0.671142578125
0.73388671875
0.780029296875
0.613525390625
0.671142578125
0.675048828125
0.595947265625
0.74365234375
0.659423828125
0.0
0.739990234375
0.689453125
0.69140625
0.579833984375
0.798583984375
0.539794921875
0.649169921875
0.62939453125
0.69677734375
0.65625
0.54736328125
0.6025390625
0.68310546875
0.684326171875
0.488525390625
0.9140625
0.628662109375
0.783935546875
0.577392578125
0.54345703125
0.541259765625
