2.4033203125
2.6982421875
2.501953125
2.5634765625
2.720703125
2.1640625
2.591796875
2.2783203125
2.4130859375
2.259765625
2.71484375
2.3154296875
2.412109375
2.6640625
2.625
2.2900390625
2.4287109375
2.591796875
2.6103515625
2.5205078125
2.310546875
2.4189453125
2.36328125
2.5712890625
2.478515625
2.29296875
2.4501953125
2.73046875
2.2861328125
2.404296875
2.615234375
2.08203125
2.060546875
2.1103515625
2.4384765625
2.498046875
2.3974609375
2.578125
2.3134765625
2.1083984375
2.529296875
2.0595703125
2.37890625
2.2744140625
2.6484375
2.5908203125
2.310546875
2.5810546875
2.3779296875
2.6513671875
2.4111328125
2.24609375
2.08984375
2.4697265625
2.2900390625
2.193359375
2.2041015625
2.1416015625
2.34765625
2.3818359375
2.96484375
2.392578125
2.6689453125
2.4150390625
2.4560546875
2.099609375
2.7705078125
2.2275390625
2.6162109375
2.6611328125
2.0009765625
2.3408203125
2.2744140625
2.3115234375
2.482421875
2.9150390625
2.36328125
1.8583984375
2.6318359375
2.09765625
2.3203125
2.4716796875
2.3466796875
2.51171875
2.4345703125
2.66015625
2.3388671875
2.7470703125
2.2607421875
2.67578125
2.537109375
2.1611328125
2.5908203125
2.259765625
2.328125
2.384765625
1.84375
2.34765625
2.2314453125
2.91015625
2.701171875
2.103515625
2.3173828125
2.1162109375
2.537109375
2.41796875
2.125
2.1181640625
2.2470703125
2.57421875
2.1904296875
2.2861328125
2.328125
2.447265625
2.6513671875
2.1162109375
2.529296875
2.564453125
2.046875
2.091796875
2.3603515625
2.22265625
2.4541015625
2.41796875
2.845703125
2.3525390625
2.552734375
2.2861328125
2.240234375
2.3369140625
2.2890625
2.212890625
2.2080078125
2.40625
2.15625
2.0830078125
2.32421875
2.58984375
2.4267578125
2.3857421875
2.4775390625
2.4423828125
2.2275390625
2.171875
2.091796875
2.3134765625
2.05859375
2.390625
2.177734375
1.75
2.1416015625
2.5693359375
2.5791015625
2.453125
2.357421875
2.69140625
2.39453125
2.6787109375
2.48046875
1.97265625
2.40234375
2.6826171875
2.3779296875
2.2197265625
2.52734375
2.4072265625
2.3955078125
2.216796875
2.4033203125
2.5068359375
2.1064453125
2.2724609375
2.5732421875
2.384765625
2.6083984375
2.2666015625
2.3798828125
2.384765625
2.4443359375
2.6474609375
2.498046875
2.24609375
2.46484375
2.3564453125
2.5673828125
2.65625
2.1572265625
2.7353515625
2.3447265625
2.1953125
2.486328125
2.1630859375
2.5693359375
2.478515625
2.021484375
1.8359375
2.44921875
2.0966796875
2.1083984375
2.845703125
2.07421875
2.56640625
1.9912109375
2.6689453125
2.1591796875
2.1650390625
1.73046875
2.4990234375
2.56640625
2.2568359375
1.955078125
2.5322265625
2.4248046875
2.2880859375
2.4462890625
2.5
2.7001953125
2.578125
2.5048828125
2.330078125
2.7724609375
2.3984375
2.44140625
2.3232421875
2.5556640625
2.201171875
2.65234375
2.9111328125
1.990234375
2.4638671875
2.4892578125
2.5107421875
2.599609375
2.50390625
2.2412109375
2.3232421875
2.5107421875
1.9609375
2.2841796875
2.6240234375
2.91796875
2.048828125
2.474609375
2.4775390625
2.375
1.9228515625
2.68359375
2.1806640625
2.3408203125
2.5927734375
2.3896484375
2.251953125
1.9580078125
2.599609375
2.4306640625
2.8076171875
2.5712890625
2.796875
2.1142578125
2.4658203125
2.302734375
2.2294921875
2.1708984375
2.3720703125
2.466796875
2.3994140625
2.2705078125
2.275390625
2.626953125
2.1376953125
2.5595703125
2.2294921875
2.5830078125
2.359375
2.09375
2.400390625
2.173828125
2.4345703125
2.6357421875
2.130859375
2.3662109375
2.1806640625
2.0341796875
2.0419921875
2.546875
2.4560546875
2.271484375
2.36328125
2.357421875
2.4013671875
2.3125
2.3330078125
2.6689453125
1.8818359375
2.0478515625
2.005859375
2.26953125
2.6728515625
2.052734375
2.4833984375
2.619140625
2.5009765625
2.3994140625
2.41015625
2.3779296875
2.2978515625
2.34375
2.2353515625
2.51953125
2.62890625
2.40234375
2.455078125
2.39453125
2.6142578125
2.3486328125
2.3359375
2.326171875
2.734375
2.541015625
2.4462890625
2.533203125
2.3720703125
2.6484375
2.708984375
2.3837890625
2.296875
2.546875
2.3798828125
2.7119140625
2.6396484375
2.353515625
2.646484375
2.57421875
2.298828125
2.478515625
2.08984375
1.9443359375
2.3603515625
2.3623046875
2.6171875
2.1279296875
2.50390625
2.201171875
2.400390625
2.44921875
2.408203125
2.326171875
2.572265625
2.4677734375
2.380859375
2.51171875
2.56640625
2.5888671875
2.4521484375
2.2333984375
2.31640625
2.0341796875
2.390625
2.5537109375
2.69140625
2.8515625
2.01171875
2.3720703125
2.607421875
2.37109375
2.287109375
2.265625
2.1259765625
2.837890625
2.0166015625
2.412109375
2.58984375
2.2001953125
2.490234375
2.3408203125
2.3525390625
2.0068359375
2.5849609375
2.0751953125
2.3232421875
2.609375
2.271484375
2.4052734375
2.4736328125
2.662109375
2.376953125
2.6689453125
2.470703125
2.6943359375
2.998046875
2.5263671875
2.51171875
2.576171875
2.5341796875
2.7939453125
2.30078125
2.59375
2.7265625
2.2900390625
2.5
2.2333984375
2.2724609375
2.802734375
2.787109375
2.517578125
2.4013671875
2.5595703125
2.203125
2.2841796875
2.3291015625
2.474609375
2.359375
2.4658203125
2.04296875
2.7294921875
2.466796875
1.82421875
2.16015625
2.302734375
2.416015625
2.3798828125
2.5693359375
2.1904296875
2.8837890625
2.275390625
2.341796875
2.62890625
2.478515625
2.03125
2.4365234375
2.46875
2.6298828125
2.4521484375
2.0390625
2.1474609375
2.3857421875
2.4384765625
2.400390625
2.1220703125
2.4970703125
2.3876953125
2.107421875
2.2509765625
2.7255859375
2.5703125
2.5009765625
2.6171875
2.4677734375
2.140625
2.65625
2.2060546875
2.6767578125
2.287109375
2.369140625
2.2451171875
2.6533203125
2.2841796875
2.5947265625
2.12109375
2.3251953125
2.453125
2.388671875
2.0419921875
2.759765625
2.44140625
2.2783203125
2.265625
2.3154296875
2.0703125
2.3642578125
2.318359375
2.1220703125
2.1181640625
2.2373046875
2.5634765625
2.5029296875
2.51953125
2.611328125
2.64453125
2.1640625
2.228515625
2.24609375
2.1103515625
2.0673828125
2.515625
2.796875
2.197265625
2.60546875
2.462890625
2.44140625
2.5634765625
2.435546875
2.44921875
2.068359375
2.619140625
2.109375
2.2666015625
2.3837890625
2.33203125
2.326171875
2.3583984375
2.1923828125
2.705078125
2.5693359375
2.126953125
2.337890625
2.3671875
2.453125
2.640625
2.6826171875
2.5087890625
2.5283203125
2.1826171875
2.3076171875
2.3017578125
2.58984375
2.5380859375
2.1845703125
2.193359375
2.2861328125
2.7763671875
2.4150390625
2.1064453125
2.1240234375
2.470703125
2.244140625
2.5810546875
2.6181640625
2.53515625
2.6796875
2.3173828125
2.4423828125
2.294921875
2.623046875
2.236328125
2.1435546875
2.9814453125
2.6865234375
2.5146484375
2.677734375
2.42578125
2.4970703125
2.140625
2.2470703125
2.9501953125
2.591796875
1.96875
2.58203125
2.482421875
2.5087890625
2.2802734375
2.484375
2.27734375
2.5439453125
2.2060546875
2.5556640625
2.4912109375
2.5947265625
2.6708984375
2.4384765625
2.2978515625
2.341796875
2.4931640625
2.6181640625
2.0654296875
2.0791015625
2.6767578125
2.0810546875
2.1787109375
2.6884765625
2.421875
2.2470703125
2.4248046875
2.298828125
2.455078125
2.3544921875
2.224609375
2.6865234375
2.583984375
1.9423828125
2.03515625
2.0263671875
2.3984375
2.318359375
2.369140625
2.3896484375
2.330078125
2.34765625
2.677734375
2.5478515625
2.203125
2.3203125
2.7890625
2.4638671875
2.515625
2.498046875
1.8349609375
2.392578125
2.46875
2.611328125
2.3251953125
2.732421875
2.388671875
2.64453125
2.5126953125
2.115234375
2.453125
2.5537109375
2.3837890625
1.9677734375
2.474609375
2.2841796875
2.58203125
2.6455078125
2.6455078125
2.3408203125
2.1328125
2.2119140625
2.142578125
2.4931640625
2.2587890625
2.291015625
2.146484375
2.5634765625
2.359375
2.51953125
2.755859375
2.576171875
2.2216796875
2.5400390625
2.6142578125
2.40625
2.369140625
2.3525390625
2.544921875
2.3779296875
2.44140625
2.4521484375
2.265625
2.4677734375
2.484375
2.3896484375
2.6474609375
2.388671875
2.3115234375
2.2099609375
2.416015625
2.3154296875
2.4931640625
2.3515625
2.466796875
2.58203125
2.5224609375
2.353515625
2.4267578125
2.5771484375
2.5595703125
2.564453125
2.2939453125
2.2958984375
2.1767578125
2.3857421875
2.5615234375
2.390625
2.294921875
2.5390625
2.43359375
2.0654296875
2.6875
2.552734375
2.2666015625
2.505859375
2.3076171875
2.7470703125
1.94921875
2.494140625
2.55078125
2.3896484375
2.6455078125
2.375
2.48828125
2.0283203125
2.1279296875
2.0634765625
2.29296875
2.7744140625
2.4599609375
2.3701171875
2.205078125
2.0322265625
2.294921875
2.0029296875
2.3623046875
2.154296875
2.314453125
2.326171875
2.421875
2.271484375
2.630859375
2.3671875
2.412109375
2.5234375
2.599609375
2.572265625
2.453125
2.4609375
2.390625
2.2373046875
2.0205078125
2.1005859375
2.2216796875
2.2099609375
2.234375
2.7119140625
2.4638671875
2.314453125
2.59375
2.4375
2.4296875
2.3544921875
1.8623046875
2.6630859375
2.5615234375
2.4912109375
2.1533203125
2.3095703125
2.3603515625
2.5849609375
2.3837890625
2.2265625
2.4580078125
1.9287109375
2.8251953125
2.3740234375
2.3662109375
2.3623046875
2.3359375
2.4912109375
2.2158203125
2.568359375
2.3408203125
2.40234375
2.4453125
2.306640625
2.6591796875
2.0576171875
2.2744140625
1.9716796875
2.533203125
2.498046875
2.361328125
2.326171875
2.7841796875
2.9130859375
2.1689453125
2.337890625
2.3525390625
2.3134765625
2.4482421875
2.4443359375
2.1826171875
2.11328125
2.30859375
2.833984375
2.259765625
2.8466796875
2.51953125
2.732421875
2.50390625
2.728515625
2.802734375
2.560546875
2.439453125
2.3017578125
2.62109375
2.5830078125
2.2568359375
2.310546875
2.4736328125
2.5732421875
2.224609375
2.1943359375
2.2373046875
2.1005859375
2.326171875
2.2412109375
2.208984375
1.8212890625
2.5556640625
2.23828125
2.1572265625
2.7373046875
2.51171875
2.3271484375
2.4267578125
2.3857421875
2.240234375
2.5263671875
1.8974609375
2.37109375
2.298828125
2.19140625
2.2939453125
2.373046875
2.9140625
2.7705078125
2.802734375
2.6923828125
2.2841796875
2.3818359375
2.4990234375
2.28125
2.3232421875
2.880859375
2.3671875
2.521484375
2.35546875
2.5947265625
2.64453125
2.30078125
2.02734375
2.32421875
2.0283203125
2.9765625
2.4619140625
2.4111328125
2.5087890625
2.4775390625
2.0986328125
2.24609375
2.4599609375
2.2578125
2.2568359375
2.55859375
2.1962890625
2.587890625
2.5478515625
2.3798828125
2.5908203125
2.4326171875
2.33984375
2.294921875
2.556640625
2.3125
2.369140625
2.4697265625
2.4755859375
2.490234375
2.193359375
2.4443359375
2.5185546875
2.408203125
2.5048828125
2.185546875
2.30859375
2.2109375
2.1494140625
2.3447265625
2.322265625
2.4296875
2.4287109375
2.521484375
2.53515625
2.0048828125
2.509765625
2.111328125
2.6123046875
1.9306640625
1.966796875
2.1806640625
2.4833984375
2.5283203125
2.3427734375
2.462890625
2.5810546875
2.353515625
2.3544921875
2.302734375
2.4873046875
2.654296875
2.423828125
2.3154296875
2.1318359375
2.212890625
2.2919921875
2.65625
2.3056640625
2.2890625
2.0673828125
2.46484375
1.96875
2.63671875
2.7294921875
2.58984375
2.197265625
2.4853515625
2.5302734375
2.55859375
2.2177734375
2.2470703125
2.4140625
2.56640625
2.048828125
2.478515625
2.66796875
2.1455078125
2.8212890625
2.638671875
2.162109375
2.0009765625
2.6826171875
2.5439453125
2.2275390625
2.275390625
2.7138671875
2.64453125
2.0068359375
2.3203125
2.4912109375
2.6806640625
2.5166015625
2.642578125
2.361328125
2.5
2.5634765625
