2.89453125
2.89453125
2.89453125
3.310546875
2.7568359375
2.8671875
3.0703125
2.6748046875
3.01171875
2.6796875
2.3134765625
3.013671875
2.736328125
2.9384765625
3.1484375
3.1611328125
2.9267578125
2.6875
3.4072265625
3.5185546875
2.693359375
2.5595703125
2.9921875
3.3896484375
3.091796875
3.4931640625
3.3994140625
2.982421875
3.4912109375
3.0244140625
3.294921875
3.22265625
3.17578125
2.90625
2.6171875
3.14453125
3.2421875
2.8515625
3.3984375
2.7958984375
2.9833984375
2.8564453125
2.9345703125
3.2197265625
2.890625
2.8271484375
3.1435546875
3.2099609375
2.5068359375
3.2470703125
2.8779296875
2.7333984375
3.1396484375
3.0859375
3.1240234375
2.98046875
2.630859375
3.31640625
2.4326171875
2.4833984375
2.60546875
2.95703125
3.283203125
3.0166015625
3.501953125
3.076171875
3.2451171875
3.125
3.142578125
2.9697265625
3.654296875
2.7900390625
3.02734375
2.8056640625
2.671875
2.8955078125
3.2587890625
3.115234375
3.0869140625
2.4912109375
3.15625
3.5205078125
3.025390625
2.7900390625
2.74609375
3.064453125
2.8759765625
3.259765625
2.8056640625
3.0693359375
3.1552734375
3.177734375
3.0712890625
3.080078125
2.89453125
2.869140625
3.10546875
2.91796875
2.765625
2.806640625
3.4169921875
3.2373046875
2.95703125
3.18359375
2.8427734375
3.4140625
2.6220703125
3.1142578125
2.8935546875
3.068359375
3.16796875
3.001953125
3.044921875
3.177734375
3.09375
2.9716796875
2.8466796875
2.9921875
2.7568359375
2.7734375
3.20703125
3.0205078125
2.9912109375
2.953125
2.970703125
2.857421875
2.8583984375
3.1728515625
2.8466796875
2.9033203125
3.052734375
2.755859375
2.7861328125
2.9619140625
3.314453125
3.28125
2.9384765625
2.6728515625
2.8994140625
2.802734375
2.9716796875
3.28125
2.7294921875
2.7509765625
2.6435546875
3.005859375
3.4619140625
2.892578125
2.98046875
3.4892578125
2.8037109375
3.38671875
3.2099609375
2.7216796875
2.8291015625
2.681640625
3.142578125
2.9521484375
3.1728515625
3.1435546875
3.0341796875
3.2958984375
3.1474609375
2.9580078125
3.0869140625
2.7587890625
2.720703125
3.1484375
2.841796875
2.9091796875
2.9912109375
3.4658203125
3.2197265625
2.8681640625
2.7607421875
2.876953125
2.802734375
3.080078125
2.7890625
2.7890625
3.193359375
2.6923828125
3.0048828125
2.998046875
2.7255859375
2.9619140625
2.873046875
3.1474609375
3.109375
3.296875
3.10546875
3.0810546875
3.0224609375
3.0859375
3.0087890625
3.4189453125
3.314453125
2.9638671875
3.103515625
3.5380859375
3.125
3.0908203125
3.29296875
3.1533203125
3.3017578125
3.060546875
3.2197265625
2.8212890625
3.017578125
3.07421875
2.734375
2.9111328125
3.0869140625
2.916015625
2.712890625
2.990234375
3.0263671875
3.0546875
2.974609375
3.0732421875
3.1220703125
3.318359375
3.103515625
2.8203125
3.109375
3.236328125
2.9736328125
2.7978515625
2.71484375
3.0400390625
3.1005859375
3.1552734375
2.658203125
3.3291015625
2.892578125
3.1298828125
2.9013671875
2.6259765625
2.7744140625
3.3212890625
2.8134765625
3.2822265625
2.7958984375
3.0595703125
2.7978515625
2.830078125
3.0263671875
3.068359375
3.1650390625
2.990234375
3.34375
3.1240234375
3.1484375
2.7548828125
2.890625
2.7841796875
2.8115234375
2.99609375
2.40234375
2.798828125
3.232421875
2.8701171875
2.923828125
3.333984375
3.142578125
3.03515625
2.9580078125
3.314453125
3.294921875
2.9736328125
2.82421875
2.9365234375
2.955078125
2.765625
3.072265625
3.0595703125
3.17578125
3.1611328125
2.6875
2.712890625
3.63671875
2.9931640625
2.556640625
2.966796875
2.68359375
3.0966796875
3.1357421875
2.9619140625
2.740234375
3.01171875
3.0205078125
2.6279296875
2.736328125
3.19921875
3.8837890625
3.091796875
3.41015625
2.923828125
3.2626953125
2.8291015625
2.8828125
2.8515625
3.0966796875
3.3330078125
3.2568359375
3.2919921875
3.2109375
3.080078125
3.3828125
3.1025390625
2.7392578125
2.8310546875
2.8193359375
3.0869140625
3.083984375
2.56640625
2.7509765625
3.205078125
3.119140625
3.052734375
3.015625
2.9150390625
2.7041015625
2.4990234375
3.51953125
3.2109375
2.8330078125
2.8095703125
2.822265625
2.6337890625
3.2431640625
2.951171875
2.66015625
3.177734375
3.125
2.986328125
3.224609375
2.521484375
2.951171875
2.7001953125
2.857421875
2.873046875
2.9248046875
3.134765625
3.0712890625
3.3388671875
3.013671875
3.1630859375
3.2041015625
2.947265625
3.0009765625
3.208984375
3.1181640625
3.1044921875
3.2763671875
3.064453125
2.91796875
3.328125
2.9912109375
2.890625
3.05859375
2.9208984375
2.935546875
3.6064453125
3.1318359375
3.439453125
3.0859375
3.12890625
3.310546875
3.119140625
3.013671875
2.9462890625
3.189453125
2.6904296875
3.7373046875
3.275390625
2.875
3.2099609375
2.7060546875
2.80078125
2.9501953125
3.2734375
3.0400390625
2.9228515625
2.662109375
2.58203125
3.1533203125
3.0576171875
3.14453125
3.32421875
2.7568359375
3.2705078125
2.244140625
2.873046875
3.0634765625
3.0146484375
2.6826171875
2.98046875
2.8896484375
2.958984375
2.794921875
2.916015625
2.806640625
2.2470703125
2.9130859375
2.6796875
3.359375
2.921875
3.03515625
3.51171875
2.90234375
3.025390625
2.9443359375
2.826171875
3.037109375
2.55078125
3.1787109375
2.8251953125
3.1005859375
2.88671875
3.0224609375
2.697265625
3.130859375
2.9130859375
2.6669921875
3.2158203125
3.423828125
2.759765625
3.1044921875
3.26953125
3.58203125
2.9287109375
2.9140625
2.8125
3.0849609375
2.9775390625
2.998046875
3.0703125
2.79296875
2.7841796875
2.4892578125
3.2353515625
2.705078125
3.068359375
2.9404296875
2.96484375
2.7109375
2.873046875
3.470703125
2.921875
3.177734375
2.8984375
2.337890625
3.060546875
2.6337890625
2.8466796875
2.8681640625
3.1455078125
2.6064453125
2.828125
3.1689453125
3.0068359375
3.3017578125
3.03515625
2.6298828125
3.2529296875
2.720703125
3.1708984375
3.2138671875
3.0654296875
2.775390625
3.064453125
2.923828125
2.75
2.5888671875
3.2060546875
2.8349609375
2.943359375
2.966796875
3.1904296875
3.015625
3.4951171875
3.255859375
2.8349609375
2.6845703125
2.705078125
2.5634765625
3.3232421875
3.40234375
2.6748046875
3.078125
3.2998046875
3.5390625
2.8291015625
3.103515625
2.7666015625
2.865234375
2.6337890625
3.3876953125
2.9287109375
2.748046875
3.2421875
2.5380859375
2.82421875
2.646484375
3.49609375
3.240234375
2.611328125
2.8466796875
3.1015625
3.10546875
3.8095703125
2.87109375
2.671875
2.9052734375
2.8701171875
3.08984375
2.3701171875
2.9765625
2.71875
2.72265625
2.6640625
2.9599609375
2.697265625
3.1904296875
3.142578125
2.87109375
2.8935546875
2.7666015625
2.8974609375
2.845703125
2.931640625
2.6806640625
2.806640625
2.9541015625
3.0625
3.0361328125
2.7744140625
2.8369140625
2.48828125
3.333984375
2.919921875
2.9833984375
2.9912109375
3.0244140625
2.7890625
2.916015625
3.1845703125
2.9609375
2.8212890625
3.0625
3.16796875
3.0283203125
3.0498046875
2.9365234375
3.3876953125
3.1708984375
2.7265625
2.833984375
2.791015625
2.5302734375
3.5869140625
2.6435546875
2.8935546875
2.728515625
2.3740234375
2.8310546875
3.2392578125
2.46484375
2.796875
2.9609375
2.6728515625
3.12109375
2.7412109375
3.3681640625
3.1357421875
2.828125
2.935546875
3.099609375
3.0966796875
3.1572265625
2.62890625
2.9169921875
2.49609375
3.2587890625
2.9599609375
3.1025390625
2.580078125
2.79296875
3.080078125
2.9453125
3.0830078125
3.2900390625
2.7724609375
2.7216796875
2.546875
2.7265625
3.1005859375
2.8271484375
2.837890625
2.912109375
3.2861328125
3.0888671875
3.3095703125
3.3662109375
2.9677734375
2.4814453125
2.484375
2.71484375
2.8115234375
2.9619140625
2.6796875
2.7451171875
2.8408203125
3.298828125
3.1259765625
3.3369140625
2.6953125
2.724609375
2.484375
2.72265625
2.921875
3.49609375
2.9052734375
2.810546875
3.1494140625
2.5283203125
3.0146484375
3.205078125
3.1044921875
2.630859375
2.8603515625
3.25390625
3.15234375
3.1572265625
2.8681640625
2.8349609375
2.626953125
3.0322265625
2.9814453125
2.84375
2.9599609375
3.4560546875
3.171875
3.30078125
2.9677734375
3.0712890625
3.380859375
2.884765625
2.9677734375
2.470703125
3.1826171875
3.478515625
3.0546875
2.7275390625
3.28125
3.2119140625
3.4306640625
3.10546875
3.0234375
3.0888671875
3.1083984375
3.2705078125
3.1328125
2.982421875
3.2158203125
2.9423828125
2.7041015625
3.080078125
2.9404296875
3.232421875
2.98828125
3.4140625
2.9345703125
2.3701171875
2.962890625
3.1318359375
3.0234375
2.896484375
3.029296875
3.109375
2.90234375
2.96875
3.080078125
3.0458984375
3.1240234375
2.9833984375
2.9345703125
2.6357421875
3.24609375
3.0244140625
3.0732421875
3.11328125
2.892578125
3.3037109375
2.826171875
2.71484375
2.56640625
2.6767578125
3.0771484375
2.79296875
3.064453125
2.646484375
3.3896484375
2.861328125
3.2451171875
2.4443359375
3.0791015625
2.462890625
3.203125
3.4658203125
2.75390625
2.9541015625
3.0537109375
2.46875
3.3125
3.080078125
3.1201171875
2.9365234375
3.2177734375
2.587890625
3.1064453125
3.1875
2.7412109375
2.923828125
2.7412109375
3.0517578125
3.240234375
3.166015625
3.044921875
2.8701171875
3.1748046875
2.86328125
2.9169921875
3.02734375
2.8466796875
2.8828125
3.263671875
2.869140625
2.935546875
3.2490234375
2.9208984375
3.2919921875
2.947265625
3.28515625
2.9814453125
3.20703125
2.783203125
3.2939453125
3.3330078125
3.2216796875
3.0703125
3.171875
3.0185546875
3.0673828125
3.0537109375
2.7783203125
2.6630859375
3.0654296875
3.0673828125
3.05078125
3.275390625
2.3056640625
2.716796875
3.072265625
2.96484375
2.6142578125
2.744140625
2.8369140625
2.8994140625
3.0126953125
3.4677734375
2.5400390625
2.4404296875
3.10546875
3.0234375
3.275390625
2.966796875
3.0439453125
3.18359375
3.5517578125
3.2197265625
3.4189453125
2.9375
2.8408203125
3.263671875
2.8837890625
2.9453125
3.3544921875
3.060546875
2.763671875
3.3759765625
2.9775390625
2.9775390625
2.720703125
3.130859375
3.1748046875
2.5693359375
2.9306640625
3.091796875
3.20703125
3.1767578125
2.9951171875
3.0478515625
2.6142578125
3.08203125
2.76953125
3.103515625
3.2001953125
3.462890625
2.5693359375
3.2451171875
3.0322265625
2.951171875
2.8076171875
3.1376953125
3.21484375
2.9169921875
3.595703125
3.1103515625
3.0849609375
3.48828125
3.0595703125
3.4541015625
2.765625
3.33984375
3.138671875
3.41015625
2.6708984375
2.82421875
3.3251953125
3.4541015625
3.005859375
3.298828125
3.095703125
3.015625
2.796875
3.3505859375
3.1572265625
3.2392578125
3.19921875
3.1240234375
3.09765625
2.9423828125
3.134765625
3.1103515625
3.0234375
3.0361328125
3.080078125
3.01953125
3.1103515625
3.0810546875
2.853515625
2.9111328125
3.052734375
3.078125
2.6337890625
2.8818359375
3.048828125
3.0146484375
3.072265625
3.33984375
3.056640625
3.203125
3.224609375
2.8740234375
3.083984375
2.86328125
2.728515625
3.2236328125
2.9423828125
3.33203125
3.3115234375
2.3349609375
2.97265625
3.205078125
3.310546875
2.98828125
2.6982421875
3.1494140625
3.2646484375
3.1552734375
3.193359375
2.6884765625
3.2685546875
3.1923828125
3.4287109375
3.119140625
2.625
3.2138671875
3.2451171875
2.716796875
3.0263671875
2.8994140625
2.9111328125
3.0703125
2.4013671875
3.3310546875
2.787109375
3.2841796875
2.705078125
2.763671875
3.25
3.1220703125
2.8349609375
3.25
3.130859375
3.03125
2.7763671875
3.0927734375
3.0517578125
3.2646484375
2.9921875
3.44921875
3.05078125
2.8623046875
2.8125
2.712890625
2.8974609375
2.7861328125
3.146484375
2.7861328125
3.0048828125
3.2626953125
3.4150390625
3.1005859375
3.1533203125
3.0546875
3.4716796875
3.2490234375
3.0986328125
2.697265625
2.7578125
2.9248046875
3.03125
2.9013671875
3.1904296875
3.0322265625
2.7451171875
3.26171875
2.8251953125
2.8359375
2.7900390625
3.265625
2.6884765625
