2.142578125
2.142578125
2.142578125
2.142578125
2.5
2.0791015625
2.306640625
1.9521484375
2.2236328125
2.0224609375
2.373046875
2.0400390625
2.533203125
2.14453125
2.3193359375
2.1552734375
1.955078125
2.0078125
2.1337890625
2.25390625
1.9990234375
2.244140625
2.380859375
2.0947265625
1.9326171875
2.3466796875
1.97265625
2.2373046875
2.1103515625
2.2470703125
2.1923828125
2.00390625
1.884765625
2.1376953125
1.896484375
2.513671875
2.271484375
1.9921875
1.875
2.294921875
2.07421875
1.9267578125
2.0
2.404296875
1.802734375
2.287109375
1.9033203125
1.7880859375
2.0908203125
2.158203125
1.8115234375
1.900390625
2.0908203125
2.2705078125
1.7890625
2.0703125
2.1884765625
2.2587890625
1.8525390625
2.16015625
2.048828125
2.2939453125
1.9716796875
2.1162109375
2.3857421875
2.3896484375
1.857421875
1.8466796875
2.2373046875
2.0947265625
2.2587890625
2.130859375
1.9931640625
2.03125
1.783203125
2.1083984375
1.9599609375
2.37109375
2.4501953125
1.9951171875
2.0078125
2.1318359375
2.0595703125
1.849609375
1.8505859375
2.16796875
2.46484375
2.3623046875
2.134765625
2.0986328125
2.2607421875
2.1240234375
2.1591796875
2.2392578125
1.77734375
2.1845703125
2.2490234375
2.1796875
2.08984375
2.15625
2.517578125
1.99609375
2.068359375
1.716796875
1.9326171875
1.98046875
2.013671875
1.64453125
2.1474609375
1.7685546875
2.2080078125
1.6796875
1.6943359375
1.9873046875
1.693359375
2.021484375
2.22265625
2.033203125
2.4345703125
2.150390625
1.8642578125
2.3232421875
2.1669921875
2.150390625
1.8857421875
2.1123046875
1.873046875
2.7255859375
2.1240234375
2.419921875
2.1064453125
2.2265625
2.1005859375
1.9541015625
2.33984375
2.376953125
2.078125
1.958984375
1.859375
2.0224609375
2.283203125
2.22265625
1.9658203125
2.19921875
2.158203125
2.1767578125
2.3525390625
2.0283203125
2.09765625
1.9443359375
1.84765625
2.26953125
2.1796875
2.3212890625
1.98828125
2.30078125
2.38671875
2.4130859375
2.0732421875
2.130859375
2.0673828125
2.0791015625
2.3037109375
1.8642578125
2.4931640625
2.1826171875
2.17578125
2.3369140625
1.8232421875
1.95703125
2.115234375
2.2265625
1.984375
1.9599609375
2.0751953125
1.947265625
2.099609375
2.275390625
2.4658203125
1.982421875
1.970703125
2.30078125
2.0576171875
2.1943359375
1.794921875
2.09375
2.103515625
1.90234375
2.173828125
2.1728515625
2.2802734375
2.216796875
2.0712890625
1.9951171875
2.248046875
2.234375
2.162109375
2.0107421875
2.0498046875
1.900390625
2.0625
2.2451171875
2.1279296875
2.0732421875
2.3037109375
1.755859375
1.9912109375
2.15234375
2.03515625
2.142578125
2.193359375
2.1494140625
2.1328125
2.048828125
1.7578125
2.41796875
1.9775390625
2.2041015625
1.9091796875
2.00390625
2.189453125
1.869140625
2.23828125
2.0625
1.888671875
2.2841796875
1.8095703125
1.9111328125
2.146484375
1.7333984375
2.2900390625
2.314453125
2.0576171875
2.1435546875
2.0087890625
1.9072265625
2.03515625
1.87109375
2.1591796875
2.134765625
2.16796875
2.3994140625
1.7138671875
1.9423828125
1.9296875
2.0498046875
2.2900390625
2.470703125
2.12890625
1.9111328125
2.1787109375
1.861328125
1.6552734375
2.1552734375
2.07421875
2.18359375
2.125
2.029296875
2.1083984375
2.234375
2.087890625
2.4345703125
2.1220703125
2.0712890625
2.029296875
2.037109375
2.1630859375
2.3095703125
2.06640625
2.453125
2.3515625
2.29296875
2.1611328125
2.1162109375
1.94921875
2.0400390625
2.0244140625
2.2509765625
2.630859375
2.263671875
2.298828125
1.9404296875
2.283203125
2.2548828125
2.0693359375
2.3037109375
1.9931640625
2.1376953125
2.3564453125
2.2158203125
2.3037109375
1.96875
2.03125
2.4228515625
2.1669921875
2.2509765625
2.2109375
2.21484375
1.7890625
2.0
2.26171875
1.919921875
2.2568359375
2.30078125
2.162109375
2.443359375
1.95703125
1.9501953125
2.095703125
1.7431640625
2.447265625
2.1826171875
2.11328125
2.0625
2.341796875
2.2861328125
1.9619140625
1.87109375
1.84375
1.6806640625
1.8623046875
2.3115234375
2.1826171875
1.990234375
2.25
1.9794921875
2.0048828125
2.1708984375
2.0546875
2.314453125
2.0380859375
1.6728515625
1.8916015625
2.0703125
2.197265625
2.431640625
2.25
1.9267578125
1.833984375
2.32421875
2.3876953125
2.326171875
2.1376953125
2.33984375
2.37890625
2.0986328125
2.5556640625
2.3525390625
2.0048828125
1.9287109375
2.0908203125
2.06640625
2.06640625
2.2861328125
2.41015625
2.1416015625
2.2099609375
2.1943359375
2.462890625
2.10546875
1.9013671875
2.2109375
2.4462890625
2.2900390625
2.3984375
2.0498046875
1.9404296875
2.2080078125
2.0234375
2.1201171875
2.08984375
2.1572265625
2.3076171875
2.2802734375
1.89453125
2.322265625
2.078125
2.2890625
2.083984375
1.9326171875
1.8046875
2.0595703125
2.0888671875
2.0927734375
2.05078125
2.3525390625
2.1845703125
2.06640625
2.26171875
1.95703125
2.15234375
1.96875
1.900390625
1.8623046875
2.6435546875
2.23046875
1.9990234375
1.8388671875
1.8154296875
1.919921875
2.177734375
2.1630859375
2.3818359375
2.2626953125
1.8828125
2.341796875
1.9033203125
2.2294921875
2.2451171875
2.18359375
2.091796875
1.96484375
2.0595703125
2.1953125
1.6953125
2.1337890625
2.0830078125
1.8134765625
2.25
2.3349609375
2.5927734375
2.0771484375
2.2421875
2.599609375
2.115234375
2.21875
1.7470703125
1.9404296875
1.7724609375
2.103515625
1.685546875
1.96484375
2.234375
2.2119140625
2.3134765625
2.49609375
1.9072265625
2.228515625
2.48046875
1.91796875
1.96875
1.83984375
2.1455078125
2.1318359375
2.0947265625
2.1982421875
2.138671875
2.3662109375
2.056640625
1.8740234375
1.9091796875
2.2021484375
2.2626953125
2.0849609375
2.0185546875
2.0751953125
1.9853515625
2.1279296875
1.8212890625
2.0341796875
2.068359375
2.1630859375
1.609375
1.8115234375
1.806640625
2.2138671875
2.1240234375
2.2158203125
1.8681640625
2.048828125
2.0302734375
2.02734375
2.1181640625
2.1982421875
1.791015625
1.8564453125
1.8779296875
2.29296875
2.302734375
1.962890625
1.9541015625
2.1494140625
1.9150390625
2.4033203125
1.900390625
2.5166015625
2.220703125
1.9580078125
2.0185546875
2.009765625
1.994140625
2.146484375
2.0595703125
2.2275390625
2.0234375
2.1162109375
2.0986328125
2.0234375
1.7626953125
2.015625
2.390625
1.990234375
2.0
1.970703125
1.5703125
2.048828125
1.91015625
2.302734375
2.49609375
2.0703125
1.919921875
2.3701171875
2.1748046875
2.0927734375
2.0087890625
1.90234375
1.98046875
2.220703125
2.2236328125
2.2099609375
1.888671875
2.07421875
2.17578125
2.2041015625
2.0703125
2.2412109375
2.2744140625
1.8583984375
2.4609375
2.1298828125
2.3212890625
1.8896484375
2.1357421875
2.109375
2.076171875
2.1396484375
2.248046875
2.328125
2.26953125
2.080078125
2.12109375
2.1611328125
2.4072265625
1.9970703125
1.876953125
1.912109375
2.1904296875
2.0234375
2.1689453125
2.2646484375
1.81640625
2.1435546875
2.10546875
2.224609375
2.08984375
2.3056640625
2.0634765625
2.19140625
1.912109375
2.0576171875
1.9560546875
2.171875
1.90234375
2.6435546875
1.88671875
2.15234375
2.322265625
2.1875
2.01953125
2.0107421875
2.232421875
2.33984375
2.10546875
2.0341796875
2.13671875
2.359375
2.0830078125
2.0712890625
2.40234375
2.048828125
2.0478515625
2.28125
2.140625
2.0849609375
2.16015625
1.8974609375
2.3583984375
2.1064453125
2.3125
1.787109375
2.1259765625
2.1123046875
2.345703125
1.86328125
2.197265625
2.1923828125
2.1015625
2.04296875
2.3623046875
2.0283203125
1.6484375
2.0244140625
2.083984375
1.4931640625
1.94921875
2.34375
2.232421875
1.931640625
2.126953125
2.373046875
2.306640625
2.0771484375
1.9931640625
2.271484375
2.2744140625
2.3046875
2.134765625
2.3486328125
1.9189453125
2.046875
2.3330078125
1.6943359375
1.9521484375
2.2265625
2.1435546875
1.810546875
1.9091796875
1.955078125
2.0322265625
2.49609375
2.3505859375
2.111328125
2.2587890625
1.884765625
2.185546875
2.4208984375
2.220703125
2.185546875
2.119140625
2.2734375
2.130859375
2.3955078125
2.3544921875
2.3056640625
2.0458984375
2.0869140625
1.951171875
2.259765625
2.25390625
1.8173828125
2.015625
1.9765625
2.251953125
1.8330078125
2.1044921875
2.2685546875
2.212890625
2.3427734375
2.345703125
1.927734375
2.0712890625
2.083984375
1.8447265625
1.8173828125
2.162109375
2.46484375
2.0244140625
2.0517578125
2.24609375
2.4052734375
2.193359375
2.345703125
2.21875
1.669921875
2.138671875
2.076171875
2.2978515625
1.7568359375
2.1748046875
1.8408203125
2.2080078125
2.2333984375
1.9052734375
2.095703125
1.8583984375
1.943359375
2.5283203125
2.1953125
2.4609375
2.509765625
2.3935546875
2.130859375
2.2412109375
2.07421875
1.9384765625
1.94921875
2.4775390625
1.9140625
2.0556640625
1.984375
2.244140625
1.951171875
2.005859375
2.24609375
2.2353515625
2.146484375
2.2509765625
2.0869140625
2.021484375
2.091796875
1.8046875
2.3154296875
2.3447265625
2.193359375
1.9189453125
1.8271484375
2.3662109375
2.0087890625
2.32421875
1.91796875
2.3642578125
1.7890625
2.408203125
2.095703125
1.9765625
2.064453125
2.30078125
2.1328125
1.7841796875
2.166015625
2.1552734375
2.396484375
2.375
2.0234375
2.4931640625
2.0703125
2.1220703125
2.2451171875
2.0849609375
1.7255859375
2.0224609375
2.3349609375
1.8251953125
1.9228515625
2.388671875
2.21484375
1.990234375
2.1767578125
2.1728515625
2.044921875
1.9970703125
1.8876953125
2.03125
2.0537109375
1.9599609375
2.0341796875
2.1767578125
1.9736328125
2.037109375
1.591796875
1.9560546875
2.0009765625
2.34375
2.181640625
1.609375
2.2890625
2.2119140625
2.140625
2.1728515625
2.2666015625
2.4638671875
2.248046875
2.1435546875
2.130859375
2.16015625
2.0498046875
2.1259765625
1.3876953125
1.8134765625
2.3056640625
2.2314453125
2.001953125
1.95703125
2.0478515625
2.4853515625
2.1328125
2.27734375
1.9658203125
1.9130859375
1.9560546875
2.3544921875
1.9755859375
1.986328125
2.1044921875
1.9619140625
2.10546875
2.1064453125
2.302734375
2.142578125
2.4443359375
2.4677734375
2.0068359375
2.310546875
1.662109375
2.0029296875
1.9384765625
1.9853515625
2.1025390625
1.9287109375
2.0146484375
2.19140625
2.1181640625
2.1748046875
2.080078125
2.107421875
2.2763671875
2.2626953125
1.943359375
2.1103515625
2.1328125
1.7705078125
1.9072265625
2.1611328125
2.2861328125
2.3037109375
2.0986328125
2.4765625
1.900390625
2.296875
2.1845703125
2.396484375
2.1259765625
2.33984375
2.2333984375
1.7880859375
1.787109375
2.1513671875
2.142578125
1.7080078125
2.03125
2.2001953125
2.0859375
2.349609375
2.0390625
2.2451171875
1.9716796875
2.349609375
2.1259765625
2.15625
1.8193359375
2.1181640625
2.2490234375
2.1689453125
2.2041015625
2.5751953125
2.193359375
1.802734375
2.1162109375
1.9697265625
2.10546875
2.1572265625
1.8974609375
2.13671875
2.5029296875
1.931640625
2.3251953125
1.986328125
1.9931640625
2.2607421875
2.134765625
1.5185546875
1.8955078125
2.2451171875
2.1953125
2.205078125
2.236328125
2.53515625
1.8486328125
2.1064453125
2.4736328125
2.0283203125
1.9287109375
1.9306640625
2.185546875
2.654296875
2.099609375
2.150390625
2.21484375
1.912109375
2.2177734375
1.8037109375
2.0146484375
2.3623046875
2.552734375
2.291015625
1.74609375
2.0283203125
1.671875
1.822265625
1.8095703125
2.3623046875
2.48828125
2.0576171875
1.734375
2.0751953125
2.2783203125
2.2373046875
2.3203125
1.677734375
2.150390625
2.572265625
2.06640625
2.3955078125
2.140625
2.01171875
1.9150390625
2.2568359375
1.86328125
2.2236328125
2.2607421875
1.9404296875
1.921875
2.09765625
2.0185546875
1.837890625
2.2958984375
2.2587890625
2.052734375
1.943359375
2.0927734375
2.2060546875
2.212890625
2.0166015625
1.880859375
2.41015625
2.3974609375
1.9140625
2.068359375
1.849609375
2.251953125
2.080078125
1.9482421875
2.369140625
2.236328125
2.1416015625
2.3076171875
2.33203125
2.0869140625
2.169921875
1.724609375
1.9921875
1.94140625
2.16796875
2.1552734375
2.1650390625
2.333984375
1.7685546875
2.162109375
1.9892578125
