2.4609375
2.4609375
2.4609375
2.4609375
2.4609375
2.4609375
2.5615234375
2.2392578125
2.3681640625
2.64453125
2.3896484375
3.0302734375
2.4248046875
2.3046875
2.6953125
2.705078125
2.30078125
2.3896484375
2.40625
2.4853515625
2.5546875
2.6923828125
2.76171875
2.0830078125
2.625
2.4599609375
2.767578125
2.7568359375
2.3056640625
2.6630859375
2.2080078125
1.96484375
2.7958984375
2.3388671875
2.57421875
2.2880859375
2.2841796875
2.4306640625
2.6513671875
2.455078125
2.3623046875
2.484375
2.7568359375
2.2666015625
2.615234375
2.69921875
2.572265625
2.40625
2.734375
2.755859375
2.556640625
2.6259765625
2.4521484375
2.443359375
2.435546875
2.142578125
2.24609375
2.4013671875
2.3955078125
2.845703125
2.65234375
2.630859375
2.66796875
2.5947265625
2.494140625
2.357421875
2.3779296875
2.2578125
2.208984375
2.3935546875
2.326171875
2.5576171875
2.4599609375
2.09765625
2.6484375
2.4599609375
2.6015625
2.576171875
2.1328125
2.7822265625
2.732421875
2.65234375
2.5244140625
2.4638671875
2.6767578125
2.8642578125
2.08984375
2.4365234375
2.560546875
2.79296875
2.2587890625
2.494140625
2.5498046875
2.55859375
2.33203125
2.56640625
2.5234375
2.2255859375
2.4990234375
2.306640625
2.4443359375
2.130859375
2.7001953125
2.31640625
2.4453125
2.6875
2.2509765625
2.4453125
2.3984375
2.306640625
2.580078125
2.3564453125
2.337890625
2.47265625
2.72265625
2.5869140625
2.4296875
2.220703125
2.4580078125
2.6826171875
2.4755859375
2.3193359375
2.30859375
2.6396484375
2.9404296875
2.4814453125
2.3681640625
2.65625
2.3037109375
2.5341796875
2.4345703125
2.5185546875
2.6611328125
2.4033203125
2.9658203125
2.8583984375
2.2548828125
2.3671875
2.224609375
2.4404296875
2.5205078125
2.818359375
2.984375
2.7607421875
2.640625
2.26171875
2.658203125
2.2568359375
2.59765625
2.677734375
2.6015625
2.5146484375
2.8515625
2.3759765625
2.5634765625
2.5185546875
2.478515625
2.1630859375
2.3232421875
2.1171875
2.083984375
2.8759765625
2.623046875
2.7919921875
2.458984375
2.4521484375
2.62109375
2.6484375
2.24609375
2.6953125
2.3544921875
2.4658203125
2.3203125
2.548828125
2.7548828125
2.33984375
2.509765625
2.4296875
2.35546875
2.701171875
2.58203125
2.892578125
2.013671875
2.4814453125
2.19921875
2.623046875
2.55078125
2.619140625
2.5986328125
2.4208984375
2.3916015625
2.5673828125
2.447265625
2.794921875
2.3583984375
2.3896484375
2.16796875
2.294921875
2.173828125
2.5771484375
2.5185546875
2.564453125
2.5595703125
1.90625
2.27734375
2.4482421875
2.27734375
2.892578125
2.6015625
2.064453125
2.2392578125
2.3134765625
2.5029296875
2.505859375
2.4345703125
2.734375
2.515625
2.63671875
1.8916015625
2.3505859375
2.5390625
2.5537109375
2.4013671875
2.3544921875
2.859375
2.7607421875
2.65234375
2.1279296875
2.4599609375
2.4931640625
2.58984375
2.140625
2.5126953125
2.478515625
2.0361328125
2.265625
1.94921875
2.3984375
2.83203125
2.341796875
2.712890625
2.345703125
2.4609375
2.4140625
2.3720703125
2.634765625
2.279296875
2.3037109375
2.177734375
2.7275390625
2.2265625
2.73046875
2.5126953125
2.4140625
2.77734375
2.3974609375
2.541015625
2.4453125
2.5205078125
2.734375
2.544921875
2.484375
2.9296875
2.51171875
2.2958984375
2.7724609375
2.556640625
2.7177734375
2.541015625
2.1640625
2.6376953125
2.35546875
2.4267578125
2.76953125
2.681640625
2.6875
2.1484375
2.474609375
2.3740234375
2.3251953125
2.6396484375
2.5771484375
2.45703125
2.3564453125
2.55859375
2.431640625
2.556640625
2.36328125
2.4658203125
2.3837890625
2.3251953125
2.3662109375
2.32421875
2.3720703125
2.818359375
2.42578125
2.55078125
2.1484375
2.3974609375
2.228515625
2.8271484375
2.3828125
2.8857421875
2.3955078125
2.373046875
2.015625
2.4140625
2.2548828125
2.7587890625
2.3798828125
2.5673828125
2.9677734375
2.546875
2.462890625
2.322265625
2.8349609375
2.27734375
2.2763671875
2.3671875
2.390625
2.2685546875
2.5439453125
2.6884765625
2.5322265625
2.4169921875
2.15625
2.7275390625
2.0205078125
2.376953125
2.283203125
2.3740234375
2.423828125
2.7001953125
2.2578125
2.359375
2.63671875
2.32421875
2.6826171875
2.4638671875
2.53125
2.4541015625
2.2529296875
2.61328125
2.7080078125
2.60546875
2.43359375
2.5009765625
2.58984375
2.55078125
2.5654296875
2.60546875
2.611328125
2.544921875
2.34765625
2.375
2.763671875
2.4638671875
3.048828125
2.3359375
2.490234375
2.779296875
2.291015625
2.75390625
2.2451171875
2.42578125
2.6435546875
2.310546875
2.5107421875
2.48046875
2.58203125
2.8427734375
2.4267578125
2.33203125
2.142578125
2.11328125
2.5166015625
2.716796875
2.193359375
2.697265625
2.2314453125
2.3359375
2.9306640625
2.33203125
2.5107421875
2.2294921875
2.4873046875
2.2333984375
2.412109375
2.54296875
2.3154296875
2.57421875
2.4462890625
2.373046875
2.7119140625
2.548828125
2.3857421875
1.7265625
2.0576171875
2.181640625
2.9345703125
2.529296875
2.69921875
2.353515625
2.671875
2.439453125
2.3984375
2.3505859375
2.431640625
2.7275390625
2.359375
2.75
3.001953125
2.2822265625
2.9306640625
2.802734375
2.4677734375
2.5517578125
2.646484375
2.2421875
2.2451171875
2.267578125
2.4912109375
2.3955078125
2.6044921875
2.33984375
2.4091796875
2.3603515625
2.517578125
2.142578125
2.9072265625
2.5234375
2.3203125
2.5048828125
2.822265625
2.119140625
2.5205078125
2.73046875
2.3828125
2.451171875
2.3623046875
2.287109375
2.8662109375
2.3017578125
2.572265625
2.544921875
2.7236328125
2.376953125
2.39453125
2.7421875
2.3681640625
2.6376953125
2.6142578125
2.2265625
2.2099609375
2.8876953125
2.947265625
2.5498046875
2.3623046875
2.6787109375
2.4951171875
2.7392578125
2.33203125
2.49609375
2.6416015625
2.7294921875
2.6123046875
2.900390625
2.7607421875
2.333984375
2.05859375
2.7353515625
2.72265625
2.619140625
2.9072265625
2.2265625
2.5048828125
2.3076171875
2.7568359375
2.544921875
2.646484375
2.66796875
2.7509765625
2.310546875
2.666015625
2.6572265625
2.0693359375
2.5537109375
2.6220703125
2.65234375
1.861328125
2.5732421875
2.73828125
2.736328125
2.5380859375
2.5546875
2.373046875
2.61328125
2.515625
2.236328125
2.5830078125
2.0908203125
2.486328125
2.4775390625
2.4716796875
2.41015625
2.3291015625
2.28515625
2.234375
2.6328125
2.7822265625
2.65625
2.4619140625
2.4765625
2.4189453125
2.6064453125
2.5048828125
2.2119140625
2.5078125
2.52734375
2.3251953125
2.837890625
2.36328125
2.525390625
2.2138671875
2.552734375
1.9833984375
2.5458984375
2.6064453125
2.193359375
2.498046875
2.5087890625
2.494140625
2.515625
2.421875
2.595703125
2.5869140625
2.39453125
2.2001953125
2.548828125
2.837890625
2.646484375
2.5029296875
2.4521484375
2.0478515625
2.701171875
2.6669921875
2.7724609375
2.6748046875
2.40234375
2.4638671875
2.6533203125
2.2236328125
2.47265625
2.3232421875
2.1328125
2.2373046875
2.3115234375
2.6953125
2.099609375
2.6435546875
2.380859375
2.90234375
1.8486328125
2.564453125
2.623046875
2.2490234375
2.2890625
2.978515625
2.63671875
2.3583984375
2.6123046875
2.55078125
2.58203125
2.4375
2.37890625
2.68359375
2.544921875
2.8056640625
2.1044921875
2.6474609375
2.685546875
2.6884765625
2.875
2.1845703125
2.6455078125
2.5205078125
2.6337890625
2.306640625
2.4814453125
2.4755859375
2.380859375
2.16015625
2.52734375
2.3603515625
2.095703125
2.0537109375
2.4423828125
2.7294921875
2.8154296875
2.3388671875
2.4609375
2.138671875
2.6611328125
2.4482421875
2.7353515625
2.578125
2.5546875
2.546875
2.1904296875
2.384765625
2.55078125
2.6025390625
2.6142578125
2.55078125
2.458984375
2.6845703125
2.65625
2.3125
2.2470703125
2.5107421875
2.23046875
2.3251953125
2.5625
2.4853515625
2.708984375
2.4580078125
1.978515625
2.4287109375
2.70703125
2.611328125
2.3544921875
2.560546875
2.5849609375
2.5029296875
2.625
2.4140625
2.53515625
2.642578125
2.4833984375
2.392578125
2.4697265625
2.3603515625
2.470703125
2.6923828125
2.20703125
2.625
2.3623046875
2.5048828125
2.43359375
2.4638671875
2.3515625
2.431640625
2.740234375
2.1181640625
2.7265625
2.599609375
2.05078125
2.4599609375
2.3544921875
2.4384765625
2.2041015625
2.091796875
2.36328125
2.544921875
2.6123046875
2.6123046875
2.4443359375
2.2744140625
2.3251953125
2.1025390625
2.8173828125
2.587890625
2.361328125
2.3955078125
2.8935546875
2.5166015625
2.4462890625
2.681640625
2.50390625
2.40625
2.62109375
2.5185546875
2.2958984375
2.384765625
2.537109375
2.33984375
2.845703125
2.33203125
2.5263671875
2.9677734375
2.55859375
2.3369140625
2.4755859375
2.1572265625
2.41015625
2.6728515625
2.5322265625
2.8642578125
2.744140625
2.240234375
2.3525390625
2.654296875
2.4326171875
2.3662109375
2.7734375
2.626953125
2.302734375
2.5068359375
2.2041015625
2.4208984375
2.669921875
1.966796875
2.9248046875
2.271484375
2.97265625
2.216796875
2.654296875
2.7958984375
2.3359375
2.72265625
2.2001953125
2.3115234375
2.1474609375
2.287109375
2.5205078125
2.2294921875
2.193359375
2.740234375
2.681640625
2.03125
2.6572265625
2.50390625
2.7265625
2.6611328125
2.7841796875
2.763671875
2.4892578125
2.4970703125
2.31640625
2.404296875
2.578125
2.8671875
2.671875
2.544921875
2.5185546875
2.767578125
2.421875
2.1875
2.2783203125
2.453125
2.51953125
2.197265625
2.646484375
2.408203125
2.240234375
2.5869140625
2.5087890625
2.23046875
2.376953125
2.517578125
2.466796875
2.6298828125
2.306640625
2.70703125
2.4814453125
2.4931640625
2.5791015625
2.4091796875
2.8466796875
2.33203125
2.6962890625
2.67578125
2.70703125
2.517578125
2.5087890625
2.8466796875
2.3955078125
2.75
2.6923828125
3.1171875
2.3525390625
2.548828125
2.3828125
2.2890625
2.583984375
2.7236328125
2.6953125
2.41015625
2.287109375
2.53125
2.236328125
2.712890625
2.0751953125
2.6201171875
2.236328125
2.68359375
2.357421875
2.4501953125
2.2939453125
2.4228515625
2.3447265625
2.4208984375
2.626953125
2.32421875
2.0927734375
2.8515625
3.119140625
2.2978515625
2.630859375
2.6455078125
2.1142578125
2.5380859375
2.7080078125
2.4052734375
2.3916015625
2.2939453125
2.6640625
2.302734375
2.1279296875
2.4521484375
2.7138671875
2.6748046875
2.419921875
2.5478515625
2.6708984375
2.658203125
2.2802734375
2.2412109375
2.4794921875
2.7421875
2.3671875
2.58203125
2.6806640625
2.470703125
2.5810546875
2.4482421875
2.7705078125
2.2958984375
2.6865234375
2.818359375
2.1044921875
2.3251953125
2.4794921875
2.3193359375
2.4365234375
2.525390625
2.72265625
2.107421875
2.978515625
2.849609375
2.5908203125
2.6708984375
2.3388671875
2.447265625
2.25
2.4072265625
2.302734375
2.3701171875
2.6962890625
2.740234375
2.591796875
2.828125
2.419921875
2.3115234375
2.583984375
2.322265625
2.109375
2.6142578125
2.173828125
2.41015625
2.041015625
2.267578125
2.4501953125
2.3203125
2.4970703125
2.5390625
2.25
2.6865234375
2.4267578125
2.80859375
2.8701171875
2.779296875
2.517578125
2.4013671875
2.5166015625
2.572265625
2.646484375
2.26953125
2.234375
2.3603515625
2.1572265625
2.919921875
2.5263671875
2.4296875
2.462890625
2.8447265625
2.4140625
2.2353515625
2.5869140625
2.416015625
2.0380859375
2.345703125
2.4091796875
2.736328125
2.5400390625
2.2900390625
2.3125
2.556640625
2.5537109375
2.31640625
2.4111328125
2.4228515625
2.6611328125
2.81640625
2.61328125
2.3984375
2.8671875
2.2734375
2.001953125
2.4951171875
2.5068359375
2.3505859375
1.83203125
2.6259765625
2.578125
2.3212890625
2.583984375
2.7939453125
2.4931640625
2.4375
2.58203125
2.5751953125
2.77734375
2.2001953125
2.4208984375
2.41015625
2.7431640625
2.4765625
2.38671875
2.142578125
2.6875
2.7001953125
2.1201171875
2.6865234375
2.1572265625
2.50390625
2.54296875
2.6103515625
2.08984375
2.32421875
2.6806640625
