2.89453125
2.89453125
2.89453125
2.89453125
2.89453125
2.89453125
3.0546875
2.65234375
2.791015625
3.1162109375
2.8974609375
3.7109375
3.0615234375
2.716796875
3.03125
3.1025390625
2.8935546875
2.9697265625
2.9609375
2.9658203125
3.0537109375
2.986328125
3.169921875
2.5341796875
2.95703125
3.021484375
3.296875
3.2958984375
2.841796875
3.2626953125
2.734375
2.421875
3.400390625
2.923828125
3.1474609375
2.9111328125
2.7275390625
2.9189453125
3.1826171875
3.0419921875
2.796875
2.974609375
3.439453125
2.748046875
3.0771484375
3.265625
3.1640625
2.947265625
3.2431640625
3.36328125
3.1455078125
3.005859375
3.01171875
3.01171875
2.8154296875
2.587890625
2.6416015625
2.791015625
2.853515625
3.607421875
3.15234375
3.1611328125
3.095703125
3.228515625
3.0673828125
2.6044921875
2.720703125
2.8603515625
2.53125
2.8896484375
2.8916015625
3.146484375
2.986328125
2.6279296875
3.203125
2.853515625
3.0849609375
3.236328125
2.52734375
3.283203125
3.171875
3.2861328125
3.203125
2.900390625
3.1669921875
3.458984375
2.6533203125
2.9189453125
2.9287109375
3.3818359375
2.6318359375
3.1923828125
3.068359375
3.111328125
2.8388671875
3.037109375
3.138671875
2.6875
3.0771484375
2.736328125
2.9267578125
2.6318359375
3.2587890625
2.748046875
2.966796875
3.271484375
2.787109375
2.88671875
3.0654296875
2.71484375
3.0712890625
2.8798828125
2.8759765625
2.9287109375
3.1953125
3.0810546875
3.1171875
2.767578125
3.0703125
3.140625
3.03125
2.7490234375
2.7060546875
3.1171875
3.4365234375
2.8642578125
2.732421875
3.1435546875
2.7353515625
3.080078125
2.96484375
3.2998046875
3.162109375
3.1201171875
3.5029296875
3.298828125
2.8369140625
2.6923828125
2.6416015625
2.8720703125
2.9453125
3.2021484375
3.490234375
3.3427734375
3.0810546875
2.654296875
3.181640625
2.5205078125
3.03515625
3.1142578125
3.083984375
2.9248046875
3.3583984375
2.875
3.044921875
3.0693359375
2.8564453125
2.794921875
2.9658203125
2.587890625
2.5087890625
3.296875
3.076171875
3.294921875
2.8974609375
3.125
3.1455078125
3.1962890625
2.896484375
3.2451171875
2.896484375
2.8203125
2.796875
3.0302734375
3.1201171875
2.87109375
2.9873046875
3.0537109375
2.7998046875
3.4638671875
2.966796875
3.208984375
2.552734375
2.85546875
2.8427734375
3.0859375
3.0
2.8486328125
2.9921875
2.990234375
2.9140625
2.9853515625
2.9423828125
3.2451171875
2.8505859375
3.0048828125
2.638671875
2.822265625
2.634765625
3.1015625
2.96484375
2.955078125
3.2841796875
2.337890625
2.759765625
2.8330078125
2.7490234375
3.482421875
3.01171875
2.5966796875
2.84375
2.8759765625
2.98828125
3.103515625
2.8779296875
3.26171875
3.0751953125
3.197265625
2.3271484375
2.8955078125
2.962890625
3.021484375
2.9306640625
2.892578125
3.2734375
3.3271484375
3.16796875
2.7568359375
3.0966796875
2.9833984375
3.1123046875
2.44921875
2.9609375
3.08984375
2.47265625
2.7109375
2.3349609375
2.8515625
3.4853515625
2.9814453125
3.302734375
2.900390625
2.98828125
2.9921875
2.8134765625
3.26953125
2.7373046875
2.7763671875
2.7177734375
3.2109375
2.830078125
3.4765625
3.029296875
2.92578125
3.384765625
2.9189453125
3.0869140625
2.998046875
2.93359375
3.392578125
3.0966796875
2.9091796875
3.498046875
3.04296875
2.685546875
3.126953125
3.19140625
3.2490234375
3.1025390625
2.66015625
3.126953125
2.7041015625
2.994140625
3.365234375
3.1484375
3.2568359375
2.5771484375
2.9345703125
2.8515625
2.90234375
3.146484375
3.294921875
3.0732421875
2.87890625
2.986328125
2.9833984375
3.0390625
2.921875
2.9853515625
2.798828125
2.8740234375
3.0087890625
2.912109375
2.9404296875
3.478515625
2.923828125
3.216796875
2.599609375
3.0537109375
2.552734375
3.259765625
3.001953125
3.27734375
2.81640625
2.837890625
2.576171875
2.796875
2.6953125
3.28515625
2.7861328125
3.1572265625
3.3681640625
3.1171875
3.0283203125
2.9365234375
3.314453125
2.9169921875
2.8076171875
3.046875
2.8349609375
2.5751953125
2.953125
3.3798828125
2.9560546875
2.916015625
2.5810546875
3.22265625
2.5791015625
2.8583984375
2.755859375
2.9345703125
2.7724609375
3.19140625
2.8017578125
2.8134765625
3.125
2.9365234375
3.18359375
2.9404296875
3.021484375
2.9560546875
2.7392578125
3.1064453125
3.1337890625
3.03125
2.8818359375
2.96875
3.1640625
3.2294921875
3.0546875
3.0810546875
3.0263671875
2.9853515625
2.947265625
2.927734375
3.3046875
2.990234375
3.53515625
2.7666015625
2.9599609375
3.2509765625
2.814453125
3.41015625
2.70703125
3.0478515625
3.232421875
2.8056640625
3.08984375
3.0771484375
3.076171875
3.453125
2.9560546875
2.9814453125
2.732421875
2.6181640625
2.9287109375
3.208984375
2.7841796875
3.28125
2.8251953125
2.7275390625
3.513671875
2.91796875
3.15234375
2.9541015625
2.7978515625
2.841796875
3.0224609375
2.900390625
2.9267578125
3.275390625
3.0693359375
2.900390625
3.287109375
3.037109375
2.9453125
2.14453125
2.435546875
2.6728515625
3.498046875
3.046875
3.1396484375
2.9453125
2.9892578125
2.875
2.9189453125
2.75
3.009765625
3.2841796875
2.927734375
3.353515625
3.5947265625
2.9150390625
3.3232421875
3.330078125
3.0703125
3.2431640625
3.12109375
2.779296875
2.7802734375
2.7724609375
2.88671875
2.79296875
3.02734375
2.7939453125
2.931640625
2.8837890625
2.93359375
2.7802734375
3.642578125
3.0771484375
2.7685546875
3.064453125
3.28515625
2.650390625
3.125
3.197265625
2.8017578125
2.94140625
2.9443359375
2.79296875
3.525390625
2.8525390625
3.216796875
3.087890625
3.0771484375
2.87890625
2.9638671875
3.3994140625
2.9501953125
3.220703125
3.185546875
2.69921875
2.6708984375
3.39453125
3.4375
2.931640625
2.7646484375
3.08984375
3.04296875
3.3779296875
2.84375
3.06640625
3.251953125
3.28125
3.0341796875
3.5107421875
3.298828125
2.7880859375
2.4482421875
3.1591796875
3.119140625
3.107421875
3.3427734375
2.76953125
2.884765625
2.6982421875
3.443359375
3.15625
3.0400390625
3.2041015625
3.4326171875
2.59375
3.279296875
3.22265625
2.5390625
3.08984375
3.1123046875
3.2158203125
2.357421875
3.24609375
3.23828125
3.1328125
2.9697265625
2.9560546875
2.8017578125
3.0166015625
3.0537109375
2.7734375
3.095703125
2.5478515625
2.927734375
3.048828125
3.1494140625
3.0400390625
2.669921875
2.701171875
2.724609375
3.142578125
3.259765625
3.150390625
3.080078125
2.966796875
2.962890625
3.0595703125
3.048828125
2.5517578125
3.056640625
3.080078125
2.966796875
3.47265625
2.771484375
3.0654296875
2.6826171875
3.005859375
2.423828125
3.1630859375
3.2255859375
2.6943359375
2.8544921875
2.9306640625
3.138671875
3.1259765625
2.8046875
3.025390625
2.9990234375
3.0234375
2.5517578125
3.08203125
3.373046875
3.0849609375
2.984375
3.1123046875
2.56640625
3.2890625
3.095703125
3.4189453125
3.2021484375
2.833984375
2.95703125
3.2265625
2.705078125
2.9990234375
2.8095703125
2.576171875
2.779296875
2.771484375
3.1689453125
2.55859375
3.2060546875
2.7626953125
3.3876953125
2.427734375
3.1083984375
3.189453125
2.587890625
2.8125
3.76953125
3.1806640625
2.873046875
3.2822265625
3.0732421875
3.0146484375
2.9248046875
2.8349609375
3.2705078125
3.291015625
3.34375
2.5947265625
3.046875
3.3330078125
3.333984375
3.3603515625
2.859375
3.2236328125
2.9501953125
3.0751953125
2.7880859375
3.060546875
2.95703125
2.892578125
2.642578125
3.056640625
2.7861328125
2.52734375
2.357421875
3.1171875
3.1611328125
3.5283203125
2.8046875
2.888671875
2.775390625
3.2568359375
2.9755859375
3.3134765625
3.1259765625
3.134765625
3.2490234375
2.7587890625
2.8779296875
2.7958984375
3.1669921875
3.1435546875
3.068359375
3.091796875
3.2001953125
3.322265625
2.8388671875
2.6611328125
2.8291015625
2.6123046875
2.7890625
3.2822265625
3.1396484375
3.052734375
2.9560546875
2.548828125
2.904296875
3.3916015625
3.0078125
2.9287109375
3.177734375
3.103515625
2.830078125
3.2451171875
3.1240234375
3.064453125
3.162109375
3.009765625
2.775390625
2.966796875
2.830078125
2.931640625
3.189453125
2.7744140625
3.216796875
2.884765625
2.9990234375
2.8818359375
2.8984375
2.7890625
2.689453125
3.3427734375
2.70703125
3.15625
3.15625
2.416015625
2.6943359375
3.0126953125
3.09765625
2.6298828125
2.4970703125
2.8564453125
3.2099609375
3.2783203125
3.142578125
2.873046875
2.76171875
2.5986328125
2.5205078125
3.443359375
3.109375
2.9287109375
2.767578125
3.5703125
3.05859375
3.0126953125
3.1474609375
3.1181640625
2.8740234375
3.0869140625
3.0302734375
2.8974609375
3.0166015625
2.8720703125
2.78515625
3.400390625
2.8896484375
3.015625
3.5078125
3.1474609375
2.8935546875
2.8662109375
2.615234375
2.9951171875
3.2099609375
3.0771484375
3.234375
3.12890625
2.55859375
2.8203125
3.20703125
2.8544921875
2.93359375
3.4765625
3.12109375
2.7958984375
2.896484375
2.783203125
2.96484375
3.2275390625
2.45703125
3.4599609375
2.8271484375
3.439453125
2.76171875
3.36328125
3.51953125
2.900390625
3.13671875
2.6318359375
2.544921875
2.611328125
2.69140625
2.8720703125
2.556640625
2.66796875
3.427734375
3.265625
2.4658203125
3.2939453125
2.9775390625
3.16015625
3.1083984375
3.2177734375
3.3671875
3.0283203125
2.9970703125
2.8095703125
2.7255859375
3.0439453125
3.5458984375
3.2216796875
3.138671875
2.9404296875
3.34375
2.990234375
2.6982421875
2.765625
2.837890625
3.0439453125
2.546875
3.103515625
2.8037109375
2.755859375
3.224609375
3.080078125
2.77734375
2.9453125
2.916015625
3.0859375
3.1298828125
2.88671875
3.1787109375
2.9345703125
3.10546875
2.970703125
2.9814453125
3.2578125
2.875
3.158203125
3.2333984375
3.2783203125
3.1416015625
2.921875
3.4345703125
3.1318359375
3.2451171875
3.2626953125
3.6005859375
2.685546875
2.990234375
2.794921875
2.833984375
3.2177734375
3.2109375
3.208984375
2.84375
2.7109375
3.015625
2.728515625
3.2451171875
2.4638671875
2.9658203125
2.7392578125
3.154296875
2.8447265625
2.8232421875
2.8662109375
3.0986328125
2.826171875
2.951171875
3.125
2.818359375
2.5341796875
3.3369140625
3.541015625
2.8388671875
3.244140625
3.1767578125
2.75390625
2.9873046875
3.1796875
2.9248046875
2.9697265625
2.7353515625
3.177734375
2.89453125
2.66796875
3.171875
3.32421875
3.2939453125
2.935546875
2.9970703125
3.01953125
3.1640625
2.7890625
2.8408203125
2.97265625
3.1767578125
2.7763671875
3.001953125
3.21484375
2.9208984375
3.078125
3.0908203125
3.3369140625
2.5849609375
3.052734375
3.326171875
2.650390625
2.8623046875
2.978515625
2.8701171875
2.88671875
2.982421875
3.1064453125
2.76171875
3.3916015625
3.4541015625
2.9208984375
2.9853515625
2.9013671875
2.994140625
2.7666015625
2.9150390625
2.8193359375
2.87109375
3.056640625
3.267578125
2.9169921875
3.287109375
2.9931640625
2.80859375
3.2236328125
2.884765625
2.6123046875
3.3076171875
2.6572265625
3.064453125
2.4677734375
2.7197265625
2.796875
2.8916015625
2.9345703125
3.16015625
2.642578125
3.1953125
2.828125
3.353515625
3.50390625
3.333984375
2.970703125
2.9482421875
3.0732421875
3.0927734375
3.19140625
2.8291015625
2.6259765625
2.6220703125
2.5849609375
3.48046875
3.16796875
3.044921875
2.8828125
3.3583984375
2.982421875
2.6865234375
3.0322265625
2.853515625
2.505859375
2.880859375
3.0390625
3.4052734375
3.05859375
2.8759765625
2.8544921875
3.015625
3.181640625
2.818359375
2.8876953125
2.755859375
3.2197265625
3.375
3.23046875
2.904296875
3.3603515625
2.6591796875
2.4970703125
2.853515625
2.8349609375
2.8134765625
2.3505859375
3.169921875
2.9619140625
2.8359375
3.2177734375
3.306640625
2.9150390625
2.974609375
3.033203125
3.236328125
3.337890625
2.7265625
2.818359375
2.755859375
3.3740234375
2.994140625
3.009765625
2.6015625
3.1044921875
3.150390625
2.6484375
3.326171875
2.5595703125
3.0205078125
3.052734375
3.1923828125
2.37109375
2.7578125
3.259765625
