2.806640625
2.806640625
2.806640625
2.7119140625
3.2490234375
3.2373046875
2.8828125
3.0078125
2.939453125
2.888671875
2.791015625
2.3857421875
2.978515625
3.0849609375
2.7041015625
2.921875
2.650390625
2.51953125
3.11328125
3.220703125
2.828125
2.6845703125
2.9873046875
3.177734375
2.84375
2.845703125
2.923828125
3.0576171875
3.3583984375
3.2431640625
2.5751953125
2.724609375
2.998046875
3.1865234375
2.9775390625
3.2490234375
3.080078125
3.0703125
3.26953125
3.03515625
2.958984375
2.8369140625
2.6640625
3.0732421875
2.8232421875
2.96484375
3.064453125
3.07421875
2.6552734375
2.830078125
2.8642578125
3.1259765625
2.8671875
2.4921875
2.7783203125
2.7216796875
2.6220703125
2.533203125
2.81640625
2.7890625
2.6064453125
2.9208984375
2.7119140625
2.859375
2.6044921875
2.8818359375
2.9453125
3.2294921875
2.7578125
3.0869140625
2.83203125
2.80859375
2.6689453125
3.029296875
2.421875
2.9423828125
2.80078125
2.873046875
2.9599609375
2.76953125
2.6025390625
3.1376953125
2.7939453125
3.025390625
3.0029296875
2.416015625
2.494140625
2.8388671875
2.607421875
3.0732421875
2.791015625
2.814453125
3.0791015625
3.0830078125
2.7021484375
3.1318359375
3.0439453125
2.98046875
3.240234375
2.755859375
3.06640625
2.7998046875
3.0380859375
2.99609375
2.6904296875
3.0
2.580078125
2.8671875
2.736328125
3.005859375
2.958984375
2.8447265625
3.3857421875
2.8798828125
2.66796875
3.19921875
2.857421875
2.9150390625
3.4013671875
3.0048828125
3.013671875
2.9482421875
2.62109375
3.0849609375
2.6904296875
2.958984375
2.9833984375
3.439453125
2.4921875
3.04296875
2.755859375
2.7880859375
3.0546875
2.6826171875
3.232421875
3.02734375
2.6064453125
2.5556640625
3.0517578125
2.2734375
2.7802734375
3.0322265625
2.93359375
3.25390625
3.1630859375
2.7841796875
2.74609375
2.9072265625
3.09765625
2.693359375
2.6142578125
3.3056640625
2.71875
2.794921875
2.751953125
3.017578125
3.1787109375
2.8876953125
2.90234375
3.1171875
2.8369140625
2.763671875
2.9140625
2.67578125
2.583984375
2.921875
2.6796875
3.072265625
3.384765625
3.28125
2.7685546875
2.751953125
2.8603515625
3.1318359375
2.48828125
2.966796875
2.9599609375
2.453125
3.3623046875
2.630859375
2.962890625
2.9326171875
2.986328125
3.2958984375
2.830078125
2.859375
3.0078125
2.96875
3.0849609375
2.634765625
3.177734375
2.70703125
2.841796875
2.5654296875
2.986328125
3.2939453125
2.9599609375
2.884765625
2.990234375
2.6484375
2.818359375
3.2412109375
3.087890625
2.998046875
2.9091796875
2.767578125
3.32421875
2.6865234375
3.04296875
2.810546875
3.2392578125
3.0654296875
2.9384765625
2.328125
2.7646484375
3.0888671875
2.640625
2.5341796875
2.9892578125
2.66015625
2.853515625
2.697265625
3.01171875
3.09375
2.7568359375
3.1640625
3.2392578125
3.0927734375
2.4287109375
3.0048828125
2.564453125
3.021484375
2.9150390625
2.6904296875
2.880859375
2.9658203125
3.142578125
2.8994140625
2.7666015625
3.0849609375
2.6376953125
2.9951171875
3.091796875
2.7333984375
2.486328125
2.43359375
3.029296875
2.728515625
3.341796875
2.5546875
3.1826171875
2.7333984375
2.5673828125
2.64453125
3.142578125
2.9697265625
2.5546875
2.859375
2.9169921875
3.1337890625
2.6865234375
3.0517578125
3.0810546875
2.345703125
2.9296875
3.111328125
2.7890625
2.87109375
3.142578125
2.5712890625
3.318359375
2.9814453125
2.5234375
3.0009765625
2.7802734375
3.4140625
3.0107421875
2.8740234375
3.05859375
2.6787109375
2.818359375
3.0634765625
3.0244140625
3.0029296875
2.7294921875
2.7890625
2.9658203125
2.525390625
2.6474609375
2.8740234375
2.8525390625
2.8828125
3.1376953125
3.24609375
3.115234375
3.18359375
2.7236328125
2.8818359375
2.7265625
3.2177734375
2.4677734375
3.0126953125
2.6123046875
3.435546875
2.818359375
2.8310546875
2.8701171875
2.8603515625
2.806640625
2.7177734375
3.0205078125
2.6591796875
3.2841796875
2.9208984375
3.0283203125
2.8720703125
3.0419921875
3.1396484375
2.693359375
2.6884765625
3.416015625
3.2607421875
3.1103515625
2.8359375
2.83203125
3.376953125
2.966796875
2.7373046875
2.8056640625
2.7236328125
2.7880859375
2.9990234375
2.767578125
2.8056640625
2.978515625
2.8427734375
3.19140625
2.8408203125
2.9091796875
2.8701171875
2.9462890625
3.099609375
2.65625
2.916015625
2.681640625
2.69921875
2.814453125
2.521484375
2.9736328125
2.6767578125
2.931640625
2.8173828125
2.6748046875
2.4306640625
2.9384765625
2.88671875
2.958984375
2.494140625
3.2607421875
3.1669921875
3.13671875
3.0478515625
2.904296875
2.9052734375
2.884765625
3.3662109375
2.5888671875
3.037109375
2.7880859375
2.80859375
2.642578125
2.6796875
2.5654296875
3.005859375
3.18359375
2.900390625
2.6220703125
3.1181640625
3.087890625
3.068359375
3.0185546875
3.169921875
2.783203125
2.9794921875
2.64453125
3.0302734375
2.6318359375
3.1953125
3.1435546875
3.21484375
2.6083984375
2.935546875
2.826171875
2.98828125
2.541015625
2.984375
3.064453125
2.810546875
2.919921875
3.2197265625
3.033203125
2.853515625
2.958984375
2.7001953125
3.19140625
3.2470703125
3.154296875
3.0
2.494140625
2.8525390625
3.03125
3.044921875
2.4306640625
3.2333984375
3.0009765625
2.4306640625
2.76953125
2.763671875
2.455078125
2.84765625
2.587890625
2.533203125
2.794921875
2.8388671875
3.0771484375
2.6962890625
2.859375
2.544921875
2.1962890625
2.7001953125
2.765625
2.81640625
3.07421875
2.8857421875
2.6474609375
3.3740234375
2.78515625
3.1201171875
2.9736328125
2.734375
2.9130859375
2.4423828125
2.5908203125
2.650390625
2.7568359375
3.16015625
3.43359375
2.923828125
2.599609375
2.5927734375
2.8916015625
2.9736328125
3.1806640625
2.9765625
2.4833984375
2.55859375
3.1064453125
3.25390625
2.7451171875
2.4716796875
3.18359375
2.73828125
3.130859375
2.7958984375
2.927734375
2.6416015625
3.2421875
3.0244140625
2.9658203125
2.9033203125
2.16015625
2.890625
2.9833984375
2.9326171875
2.375
3.1474609375
3.337890625
3.3916015625
3.2958984375
2.7529296875
3.23046875
3.044921875
3.0751953125
2.9287109375
2.900390625
3.0009765625
2.9921875
3.1923828125
2.7783203125
2.630859375
2.94921875
2.7421875
2.8056640625
2.71484375
3.0419921875
2.9130859375
2.853515625
2.669921875
3.2265625
2.740234375
2.642578125
2.96875
2.9599609375
2.6123046875
2.998046875
2.982421875
2.80078125
2.8583984375
2.9677734375
2.8291015625
2.8798828125
2.724609375
2.8427734375
2.564453125
2.7275390625
2.82421875
2.47265625
2.853515625
3.2685546875
3.01171875
3.03125
2.830078125
2.7294921875
2.9375
2.5634765625
2.9580078125
2.716796875
2.705078125
2.701171875
2.5205078125
2.943359375
2.572265625
2.8935546875
3.3232421875
2.7197265625
3.087890625
2.96484375
2.8232421875
2.8876953125
3.1044921875
2.6435546875
2.2314453125
2.7470703125
3.0322265625
3.046875
2.919921875
2.9638671875
2.9150390625
3.1064453125
2.8115234375
3.08203125
2.841796875
2.763671875
3.0751953125
2.4677734375
2.794921875
3.0390625
2.9970703125
2.9033203125
2.423828125
2.826171875
2.673828125
2.970703125
3.419921875
2.7998046875
2.95703125
3.3603515625
2.849609375
2.978515625
3.3330078125
2.9228515625
2.92578125
2.7861328125
2.71484375
2.73046875
2.9130859375
3.0576171875
2.5234375
2.9638671875
3.1025390625
3.2529296875
3.1044921875
2.8310546875
2.8203125
2.716796875
2.865234375
2.6611328125
2.8046875
2.9833984375
2.63671875
2.9287109375
3.1396484375
3.1845703125
2.845703125
2.8583984375
2.8642578125
2.5654296875
2.6748046875
2.8671875
2.703125
2.591796875
2.4697265625
3.078125
2.935546875
2.802734375
2.5869140625
3.365234375
2.6142578125
2.984375
3.0419921875
2.4375
2.732421875
2.802734375
2.5302734375
2.9091796875
3.0126953125
3.0634765625
2.6708984375
2.6083984375
2.953125
3.0166015625
3.01953125
2.9736328125
3.0224609375
2.86328125
2.7626953125
3.115234375
2.8583984375
2.5869140625
2.9150390625
2.90234375
3.169921875
2.658203125
3.0751953125
2.904296875
3.126953125
2.9296875
3.1328125
2.7861328125
3.1044921875
3.080078125
2.6005859375
3.158203125
3.1875
2.90234375
3.2158203125
2.8662109375
2.861328125
2.8193359375
3.078125
2.4052734375
3.01171875
3.103515625
3.3837890625
3.0703125
2.8056640625
3.0908203125
2.828125
2.5703125
2.6669921875
2.9716796875
2.8427734375
3.0791015625
3.0166015625
2.6923828125
2.4306640625
2.921875
2.7587890625
2.650390625
2.662109375
2.763671875
3.11328125
2.8876953125
2.921875
2.91796875
2.556640625
3.0908203125
2.515625
2.6318359375
2.4921875
2.8642578125
2.626953125
3.107421875
2.5556640625
3.5078125
2.8818359375
3.4755859375
3.375
2.8369140625
3.1630859375
3.044921875
2.611328125
3.34765625
2.67578125
2.974609375
2.6240234375
3.216796875
2.8466796875
3.080078125
2.759765625
2.728515625
3.2060546875
3.013671875
3.203125
3.1943359375
2.791015625
2.931640625
2.966796875
2.7802734375
3.0087890625
3.1904296875
2.7978515625
2.81640625
2.8583984375
2.9736328125
3.130859375
2.861328125
3.1044921875
3.0009765625
2.4150390625
2.4921875
2.853515625
2.8017578125
3.0732421875
2.5419921875
3.0771484375
3.4013671875
3.16015625
2.8642578125
2.7685546875
2.9521484375
2.880859375
2.84765625
2.533203125
2.966796875
2.3369140625
3.2265625
2.5947265625
2.7958984375
2.578125
2.4697265625
3.1181640625
3.2265625
2.580078125
2.8466796875
2.947265625
3.013671875
2.7392578125
2.794921875
3.0732421875
3.5166015625
2.8876953125
3.3701171875
2.705078125
2.8857421875
2.869140625
3.4111328125
2.4287109375
2.9873046875
3.4921875
3.015625
2.888671875
2.5029296875
2.9599609375
3.1708984375
3.037109375
3.068359375
3.45703125
3.0830078125
2.4228515625
2.91015625
2.734375
2.4853515625
3.05859375
2.8408203125
3.2880859375
2.6806640625
2.5751953125
3.3310546875
2.85546875
2.7666015625
2.9765625
2.755859375
3.099609375
2.796875
2.75390625
2.9482421875
2.7841796875
2.8876953125
2.9814453125
2.9794921875
3.0361328125
3.146484375
2.7294921875
3.056640625
2.88671875
2.4189453125
3.2431640625
2.9609375
2.802734375
2.7109375
2.9931640625
2.4755859375
3.1181640625
2.8349609375
3.2392578125
2.79296875
3.0439453125
2.875
3.2802734375
2.78125
2.6962890625
2.869140625
2.9296875
2.5234375
3.1328125
2.7822265625
2.7119140625
2.8505859375
2.7998046875
2.9072265625
2.7607421875
3.142578125
3.00390625
3.1572265625
2.7236328125
3.138671875
3.2080078125
3.2841796875
2.9052734375
3.0654296875
2.9375
3.4990234375
2.875
2.8154296875
3.09375
2.83203125
2.7705078125
2.794921875
2.9140625
3.1123046875
2.90625
2.9091796875
3.0029296875
2.7470703125
3.0576171875
3.017578125
2.4814453125
2.6533203125
3.361328125
2.8330078125
2.9248046875
2.4794921875
2.720703125
2.884765625
2.6708984375
3.060546875
2.8017578125
3.1513671875
2.869140625
2.8056640625
2.802734375
3.326171875
2.861328125
2.798828125
2.72265625
3.576171875
3.029296875
3.11328125
2.56640625
3.212890625
2.703125
2.8291015625
3.0322265625
2.794921875
2.96875
2.576171875
3.1201171875
2.896484375
3.037109375
3.0693359375
3.0361328125
2.5576171875
2.65625
3.1884765625
2.5283203125
2.8115234375
2.8193359375
2.6279296875
2.9296875
2.5302734375
2.951171875
3.3740234375
3.16796875
2.9228515625
3.1328125
3.0224609375
3.0029296875
3.1728515625
2.92578125
3.0205078125
3.125
2.6123046875
3.1708984375
2.572265625
3.0654296875
3.3291015625
2.8095703125
3.3837890625
2.9873046875
3.060546875
2.955078125
3.001953125
2.7177734375
2.6787109375
2.3291015625
3.2626953125
2.302734375
2.7646484375
2.73046875
2.943359375
2.9609375
2.53515625
2.99609375
2.4140625
2.8076171875
2.802734375
2.9091796875
2.8876953125
2.974609375
3.044921875
3.091796875
3.0576171875
2.71875
2.560546875
2.9755859375
2.46875
3.0849609375
2.8994140625
3.0390625
2.767578125
2.9638671875
2.7294921875
3.1005859375
2.65625
2.9755859375
2.662109375
2.8369140625
2.3984375
3.1259765625
2.8857421875
3.0029296875
2.79296875
2.7919921875
2.9462890625
2.798828125
