2.63671875
2.63671875
2.63671875
2.63671875
2.9091796875
2.521484375
2.58984375
2.84765625
2.8232421875
2.943359375
2.6767578125
2.466796875
3.001953125
2.5224609375
2.4189453125
2.7119140625
2.5703125
2.8271484375
2.5146484375
3.0546875
2.658203125
3.03125
3.0673828125
2.166015625
2.5751953125
2.650390625
2.359375
2.8740234375
2.849609375
2.3037109375
2.5361328125
3.0205078125
2.591796875
2.9150390625
2.8505859375
2.408203125
2.794921875
3.091796875
3.1015625
2.6337890625
2.3466796875
2.765625
2.5859375
2.609375
2.8759765625
2.5693359375
2.7734375
2.5390625
2.529296875
2.4853515625
2.8857421875
2.7197265625
2.7255859375
2.8330078125
2.8623046875
2.787109375
2.7919921875
2.6416015625
2.857421875
2.6787109375
2.646484375
2.388671875
2.0634765625
2.390625
2.779296875
2.7158203125
3.0029296875
2.8203125
2.5556640625
2.1337890625
3.119140625
2.6298828125
2.5908203125
2.8056640625
2.8076171875
2.552734375
3.01953125
2.89453125
2.880859375
2.671875
2.826171875
2.7265625
2.6669921875
2.0166015625
2.6904296875
2.5263671875
2.697265625
2.77734375
2.62109375
3.0625
2.55859375
2.74609375
3.0947265625
2.515625
2.73046875
2.5927734375
2.65234375
2.6005859375
2.3203125
3.095703125
2.7197265625
2.9208984375
2.5361328125
2.8896484375
2.544921875
2.689453125
2.759765625
2.9501953125
2.6826171875
3.0439453125
3.033203125
2.3447265625
2.5966796875
2.55859375
2.90234375
2.9921875
2.765625
3.0732421875
2.5322265625
3.1337890625
2.3916015625
2.880859375
2.7216796875
2.8642578125
2.5361328125
2.5283203125
2.9755859375
2.8125
2.6533203125
2.642578125
2.8037109375
2.78515625
2.0224609375
2.697265625
2.6875
2.4638671875
2.34765625
2.5888671875
2.72265625
2.845703125
2.7998046875
2.544921875
2.671875
2.33203125
2.763671875
2.5107421875
2.30859375
2.4814453125
2.69921875
2.73828125
2.4677734375
2.89453125
1.97265625
2.390625
3.0859375
2.9541015625
2.7509765625
3.2275390625
2.8818359375
2.6787109375
3.185546875
2.853515625
2.7109375
2.6005859375
2.6240234375
2.814453125
2.4404296875
2.4501953125
2.6044921875
3.169921875
2.5380859375
2.62890625
2.3876953125
2.791015625
2.4716796875
2.580078125
2.7626953125
2.5947265625
3.1015625
2.998046875
2.7392578125
2.7744140625
2.8896484375
2.6416015625
2.7314453125
2.8095703125
2.640625
2.66015625
2.630859375
2.7841796875
2.9326171875
3.0068359375
2.4189453125
2.83984375
3.1005859375
2.7509765625
2.61328125
3.0537109375
2.32421875
2.8203125
2.607421875
2.7978515625
2.818359375
2.8525390625
2.861328125
2.78515625
2.6162109375
2.720703125
2.720703125
2.9716796875
2.7099609375
2.3115234375
2.5419921875
2.7822265625
2.533203125
2.63671875
2.9423828125
2.46875
2.9013671875
3.0107421875
2.875
2.88671875
2.619140625
2.9462890625
2.251953125
2.5390625
2.74609375
2.6162109375
2.486328125
2.873046875
2.6044921875
2.572265625
3.1201171875
2.4091796875
2.46484375
2.46484375
2.638671875
3.12890625
2.4072265625
2.6455078125
3.1396484375
2.6083984375
3.2001953125
3.1083984375
2.6982421875
2.74609375
2.6826171875
2.59375
2.57421875
2.328125
2.73828125
2.4033203125
2.4892578125
2.5927734375
2.7119140625
2.7353515625
2.5537109375
2.7490234375
2.7568359375
2.4404296875
2.6181640625
2.34375
2.6416015625
2.5478515625
2.4833984375
3.099609375
3.01953125
2.546875
2.56640625
2.3984375
2.56640625
2.6826171875
2.654296875
2.7666015625
3.0751953125
2.6435546875
2.650390625
2.8515625
2.5576171875
2.9765625
2.6416015625
2.65625
2.705078125
2.6845703125
2.546875
2.2314453125
2.826171875
2.322265625
3.0322265625
2.6708984375
2.783203125
2.787109375
2.5224609375
2.654296875
3.005859375
2.8271484375
2.44140625
2.673828125
2.443359375
2.603515625
3.185546875
2.7255859375
2.8271484375
2.642578125
2.5498046875
2.5283203125
2.4072265625
2.912109375
2.296875
2.9091796875
2.59765625
2.7119140625
2.625
2.654296875
3.0380859375
2.81640625
2.53125
2.689453125
2.896484375
2.9296875
2.6533203125
2.73046875
2.783203125
2.736328125
2.4169921875
3.068359375
2.7138671875
2.78515625
2.73046875
3.0400390625
2.5322265625
2.564453125
3.13671875
2.6123046875
2.654296875
2.8779296875
2.6728515625
2.9208984375
2.8603515625
2.2470703125
2.86328125
2.390625
3.037109375
2.3515625
2.7412109375
2.7587890625
2.7607421875
2.724609375
2.076171875
2.728515625
2.6640625
2.6025390625
2.53515625
2.66796875
2.5478515625
2.1796875
2.533203125
2.8603515625
2.6962890625
3.0810546875
2.96875
2.7109375
2.8935546875
2.53515625
2.876953125
2.765625
2.853515625
3.232421875
2.9912109375
2.93359375
2.6181640625
2.9990234375
2.560546875
2.7607421875
2.9736328125
2.6552734375
2.84375
2.57421875
2.796875
2.73046875
2.8955078125
2.6044921875
2.8603515625
2.126953125
2.650390625
2.5234375
2.923828125
2.8486328125
2.818359375
2.65625
2.861328125
2.59375
2.5751953125
2.6298828125
2.966796875
3.1142578125
2.5927734375
2.8544921875
2.7236328125
2.94140625
2.85546875
2.2724609375
2.580078125
2.4970703125
2.6787109375
2.8291015625
2.7275390625
2.6015625
2.759765625
2.6826171875
2.86328125
2.7099609375
2.4248046875
2.5302734375
2.5712890625
2.62109375
2.4052734375
2.6279296875
2.9453125
2.6884765625
2.357421875
2.455078125
2.7177734375
2.294921875
2.6796875
3.2421875
2.4111328125
2.4580078125
2.474609375
2.9365234375
2.5361328125
3.142578125
2.6279296875
2.580078125
2.9541015625
2.41015625
2.525390625
2.5263671875
2.7470703125
2.6484375
2.4853515625
2.7021484375
2.7109375
2.421875
2.5556640625
2.7978515625
2.8955078125
2.3779296875
2.751953125
2.5859375
2.76171875
2.4423828125
2.8232421875
2.9013671875
2.7587890625
2.896484375
2.9296875
2.8076171875
2.36328125
2.9248046875
2.537109375
2.591796875
3.080078125
3.0302734375
2.76953125
3.2197265625
2.7744140625
2.3857421875
2.2802734375
2.7744140625
2.8134765625
2.912109375
2.23828125
2.484375
2.43359375
2.48828125
2.5166015625
3.353515625
2.7177734375
2.7509765625
2.6142578125
2.80859375
2.859375
2.9111328125
2.7607421875
2.5576171875
2.908203125
2.4970703125
2.0927734375
2.708984375
3.025390625
2.462890625
2.806640625
2.43359375
2.9287109375
2.544921875
2.7841796875
2.79296875
2.9326171875
2.5166015625
2.9443359375
2.5869140625
2.697265625
2.814453125
2.740234375
2.626953125
2.89453125
2.6533203125
2.8994140625
2.5859375
2.599609375
2.5126953125
3.2177734375
2.7880859375
2.44140625
2.12109375
2.8486328125
3.3828125
2.6865234375
2.607421875
3.0234375
2.8232421875
2.47265625
2.759765625
2.4775390625
2.67578125
2.8251953125
2.787109375
2.6650390625
2.4638671875
3.36328125
3.21875
3.0205078125
2.685546875
2.4208984375
2.4912109375
2.8623046875
2.546875
2.7412109375
2.9609375
2.52734375
2.5087890625
2.8447265625
2.171875
2.376953125
3.111328125
2.6552734375
2.6328125
3.044921875
2.8525390625
2.6591796875
2.4423828125
2.6513671875
2.7822265625
2.4951171875
2.7197265625
2.771484375
2.6708984375
2.423828125
2.751953125
2.505859375
3.0029296875
2.6865234375
2.8955078125
2.658203125
2.90625
2.375
2.044921875
2.8232421875
2.80078125
2.705078125
2.7373046875
2.986328125
3.2392578125
2.6259765625
2.5537109375
2.78515625
2.890625
2.541015625
2.04296875
2.666015625
2.5380859375
3.01953125
2.67578125
2.7958984375
2.4873046875
2.708984375
2.49609375
2.26171875
3.03125
2.7216796875
2.9130859375
2.7412109375
2.4873046875
2.80078125
2.50390625
2.806640625
2.8173828125
2.8173828125
2.8818359375
2.4453125
2.7392578125
2.931640625
2.544921875
2.6455078125
2.7255859375
2.5849609375
2.7646484375
2.7900390625
2.63671875
2.9150390625
2.474609375
2.7685546875
2.8798828125
2.455078125
2.908203125
2.6728515625
2.919921875
2.8515625
2.11328125
2.5283203125
2.3564453125
2.474609375
2.654296875
2.978515625
2.705078125
2.5625
3.1728515625
2.7060546875
2.607421875
2.5732421875
2.2548828125
3.26171875
3.0048828125
2.2734375
2.6513671875
2.8369140625
2.67578125
2.4931640625
2.814453125
2.775390625
2.7509765625
3.2900390625
2.51953125
2.4677734375
2.873046875
3.033203125
2.80859375
2.6865234375
3.1171875
2.1982421875
2.779296875
2.3876953125
2.2587890625
2.603515625
2.73828125
2.529296875
2.9052734375
2.9404296875
2.5810546875
2.6416015625
2.6005859375
2.833984375
2.5009765625
3.251953125
2.49609375
2.98828125
2.99609375
3.0849609375
2.412109375
2.544921875
3.0986328125
2.4140625
2.9091796875
3.0595703125
2.623046875
2.7041015625
2.853515625
2.8740234375
2.365234375
2.5361328125
2.3251953125
2.8984375
2.443359375
2.8603515625
2.7041015625
2.478515625
2.181640625
2.74609375
2.7236328125
2.9423828125
2.43359375
2.7470703125
3.2060546875
3.0712890625
2.490234375
2.5029296875
2.619140625
2.8515625
2.3486328125
2.7431640625
2.6201171875
2.9296875
2.744140625
2.7431640625
2.8916015625
2.89453125
2.5595703125
2.9052734375
2.6748046875
2.8916015625
2.6865234375
2.8583984375
2.5859375
2.783203125
2.71875
2.76171875
2.1806640625
2.794921875
3.3662109375
2.72265625
2.91796875
2.96875
2.8017578125
2.6337890625
2.65625
2.8388671875
2.8173828125
2.8515625
2.7001953125
2.775390625
2.5654296875
2.748046875
2.8916015625
2.7333984375
2.7099609375
2.421875
2.6982421875
3.2001953125
2.22265625
2.396484375
2.6416015625
3.115234375
2.76953125
2.736328125
2.291015625
2.7041015625
2.8125
2.314453125
2.8369140625
3.1806640625
2.96484375
2.5341796875
2.76953125
2.7275390625
3.0361328125
2.8251953125
2.50390625
2.5048828125
2.400390625
2.6884765625
3.2060546875
2.7705078125
2.525390625
2.763671875
2.1494140625
3.1025390625
2.80078125
2.8388671875
2.7578125
2.4423828125
3.1103515625
2.8740234375
2.916015625
2.490234375
2.8486328125
2.5458984375
2.84375
2.69140625
2.7314453125
2.6591796875
3.1318359375
2.890625
2.876953125
2.4873046875
2.375
2.654296875
2.8388671875
2.5390625
2.357421875
2.349609375
2.623046875
2.5380859375
2.7138671875
2.6962890625
2.5654296875
1.880859375
2.853515625
3.001953125
2.8193359375
2.302734375
2.333984375
2.681640625
2.9326171875
2.68359375
2.5849609375
2.494140625
2.705078125
2.8447265625
2.4189453125
2.55859375
2.5361328125
3.0009765625
2.7353515625
2.8486328125
2.71484375
2.4921875
2.5302734375
2.9228515625
2.6279296875
2.625
2.875
2.4765625
2.802734375
2.763671875
2.7998046875
2.53125
2.7724609375
2.9736328125
2.0341796875
2.3828125
2.177734375
2.2451171875
2.947265625
2.8916015625
2.5419921875
3.0029296875
2.42578125
2.7802734375
3.2060546875
2.6982421875
2.373046875
2.7353515625
2.9404296875
2.69140625
2.4951171875
3.048828125
2.9677734375
2.556640625
2.9248046875
2.8974609375
3.12890625
2.9921875
2.71875
2.6328125
2.3984375
2.9130859375
2.9091796875
2.9130859375
2.7919921875
2.6044921875
2.9658203125
3.072265625
2.7890625
3.009765625
2.6884765625
2.8056640625
2.5654296875
2.6484375
2.7568359375
2.8046875
2.5830078125
2.66015625
2.583984375
2.84375
3.0205078125
2.626953125
2.833984375
2.697265625
2.6689453125
2.7275390625
2.7646484375
2.849609375
3.0146484375
2.4833984375
2.65234375
2.5
2.6572265625
2.8251953125
2.76171875
2.6376953125
2.7880859375
2.6669921875
2.5185546875
2.814453125
2.4775390625
2.74609375
2.8056640625
2.5439453125
2.1845703125
2.6328125
3.0029296875
2.802734375
2.2958984375
2.59375
2.4052734375
3.0986328125
2.9736328125
2.5380859375
2.5283203125
2.8095703125
2.4208984375
2.3486328125
2.6748046875
2.1572265625
2.58984375
2.5771484375
2.6513671875
2.5048828125
2.7705078125
2.7236328125
2.3349609375
2.6552734375
2.7568359375
2.6767578125
2.71484375
2.7177734375
2.3857421875
2.6318359375
2.7685546875
2.9482421875
