1.408203125
1.408203125
1.408203125
1.408203125
1.494140625
1.1435546875
1.1669921875
1.2509765625
1.486328125
0.8583984375
1.146484375
1.177734375
1.4111328125
1.4091796875
1.0927734375
1.0986328125
1.203125
1.0283203125
1.390625
1.3564453125
0.9755859375
1.234375
1.138671875
0.892578125
1.34375
1.1962890625
1.4150390625
1.2548828125
1.130859375
1.357421875
1.3193359375
1.23828125
1.123046875
1.326171875
1.3330078125
1.3271484375
1.0380859375
1.0419921875
1.33984375
1.0439453125
1.138671875
1.26171875
1.111328125
1.123046875
1.1435546875
1.0947265625
1.2421875
1.359375
0.890625
1.3232421875
1.2958984375
1.095703125
0.955078125
1.0712890625
1.4443359375
1.23828125
1.3544921875
1.2470703125
1.2412109375
1.1953125
1.193359375
1.291015625
1.119140625
1.1162109375
1.1591796875
1.119140625
1.2509765625
1.1533203125
1.125
1.052734375
0.94140625
1.35546875
1.3544921875
1.3369140625
1.177734375
1.2216796875
0.9130859375
1.2490234375
1.1337890625
1.248046875
1.2724609375
1.3095703125
1.439453125
1.642578125
0.91015625
1.2255859375
1.1181640625
1.138671875
1.08203125
1.2373046875
1.1337890625
1.228515625
1.6533203125
1.42578125
1.384765625
1.3056640625
0.9990234375
1.3486328125
1.0341796875
0.98828125
1.0947265625
1.25390625
1.23046875
0.9921875
1.42578125
1.1865234375
1.2177734375
1.3603515625
1.234375
1.1923828125
1.212890625
1.3134765625
1.369140625
1.34765625
1.171875
1.224609375
1.2919921875
1.2216796875
1.1298828125
1.2939453125
1.5712890625
1.1171875
1.2275390625
1.390625
1.1328125
1.2255859375
1.1884765625
1.142578125
1.3203125
1.474609375
1.087890625
1.1552734375
1.1005859375
1.2890625
1.50390625
1.2900390625
1.1494140625
1.2158203125
1.1259765625
1.095703125
1.1953125
1.232421875
1.3486328125
1.09375
1.189453125
0.974609375
1.0830078125
1.0986328125
1.259765625
1.1376953125
1.1025390625
1.09765625
1.359375
1.2763671875
1.228515625
1.1474609375
1.2294921875
1.2734375
1.0537109375
1.1337890625
1.30859375
1.0908203125
1.173828125
1.1865234375
1.359375
1.4072265625
1.1962890625
1.06640625
1.1220703125
1.248046875
1.11328125
1.21484375
1.095703125
1.291015625
1.09375
1.1611328125
1.06640625
1.4755859375
1.1005859375
1.1630859375
1.2119140625
0.9912109375
1.017578125
1.5234375
0.939453125
1.2080078125
0.970703125
1.4248046875
1.1455078125
1.056640625
1.21484375
1.51953125
1.3095703125
1.3056640625
1.4326171875
1.330078125
1.1357421875
1.4111328125
1.193359375
1.2626953125
1.3427734375
1.2392578125
1.4052734375
1.1201171875
1.240234375
1.044921875
1.1376953125
1.2109375
1.158203125
1.1201171875
1.2724609375
1.37890625
1.0361328125
1.154296875
1.2314453125
1.1806640625
1.345703125
1.1279296875
1.3427734375
1.046875
1.3974609375
1.1787109375
1.123046875
0.9736328125
1.25
1.1533203125
1.41796875
1.5966796875
1.1240234375
1.0341796875
1.3701171875
1.3466796875
1.3125
1.033203125
1.0927734375
1.0634765625
1.203125
1.0791015625
1.3173828125
1.306640625
1.01953125
0.7119140625
1.29296875
1.3740234375
0.9150390625
1.19140625
1.3125
1.1240234375
1.1220703125
1.2900390625
1.23828125
1.3857421875
1.1708984375
1.30859375
1.376953125
1.10546875
1.234375
1.25
1.310546875
1.2802734375
1.20703125
1.162109375
1.0830078125
1.2587890625
1.080078125
1.05859375
1.1796875
1.220703125
1.224609375
1.3427734375
0.9736328125
1.44140625
1.3369140625
1.3193359375
1.24609375
1.3154296875
1.4736328125
1.2900390625
1.2275390625
1.1484375
1.326171875
1.248046875
1.1650390625
1.228515625
1.220703125
1.185546875
1.3046875
1.3359375
1.21875
1.2412109375
0.83984375
1.4072265625
1.138671875
1.5751953125
1.19921875
1.27734375
1.2265625
1.1796875
1.2236328125
1.36328125
1.3701171875
1.3857421875
1.166015625
1.259765625
1.228515625
1.462890625
1.1953125
1.3642578125
1.1083984375
1.158203125
1.46875
0.958984375
1.1142578125
1.1552734375
1.0537109375
1.21875
1.3427734375
1.3349609375
1.4482421875
1.2333984375
1.1728515625
1.1640625
0.927734375
1.248046875
1.0146484375
1.033203125
1.21484375
1.1201171875
1.1591796875
1.0654296875
1.1494140625
1.24609375
1.181640625
1.2412109375
1.125
1.3798828125
1.07421875
1.400390625
1.1748046875
1.08984375
1.2626953125
1.3076171875
1.2353515625
1.41015625
1.15234375
1.2705078125
1.3740234375
1.1552734375
1.38671875
1.3525390625
1.478515625
1.134765625
1.009765625
1.3681640625
1.1611328125
1.1611328125
1.1259765625
1.3876953125
1.15625
1.359375
1.142578125
1.3798828125
0.9697265625
1.29296875
1.2841796875
1.1376953125
0.9912109375
1.2138671875
1.337890625
1.1494140625
1.515625
1.146484375
1.283203125
1.28515625
1.1884765625
1.2724609375
1.0361328125
1.3232421875
1.2890625
1.5341796875
1.568359375
1.576171875
0.9736328125
1.2119140625
0.994140625
1.328125
0.978515625
0.9853515625
1.3935546875
1.14453125
1.2841796875
1.1748046875
1.03125
1.4873046875
1.154296875
1.3974609375
1.158203125
1.19921875
1.2890625
1.2421875
1.185546875
1.5244140625
1.1318359375
1.2158203125
1.181640625
1.005859375
1.2431640625
1.4541015625
1.2216796875
1.560546875
1.2109375
1.3095703125
0.94140625
1.3193359375
1.2646484375
1.173828125
1.0390625
1.3115234375
1.0009765625
1.1904296875
1.224609375
1.0693359375
1.158203125
1.1826171875
1.21484375
1.2265625
1.1015625
1.091796875
1.0244140625
1.2646484375
1.3466796875
1.1298828125
1.16015625
1.2880859375
1.1689453125
1.1787109375
1.2431640625
1.2822265625
1.3173828125
1.208984375
1.2099609375
1.1455078125
1.330078125
1.2373046875
1.171875
1.1455078125
1.0810546875
1.3896484375
1.0869140625
1.4033203125
1.3203125
1.390625
1.3388671875
1.33984375
1.21484375
1.3623046875
1.431640625
1.2138671875
1.30078125
1.376953125
1.2158203125
1.447265625
1.408203125
1.25
1.3935546875
1.12890625
1.349609375
1.3046875
1.046875
1.33984375
1.0986328125
1.2294921875
1.1337890625
1.2294921875
0.9619140625
1.419921875
1.1123046875
1.234375
1.4150390625
1.3251953125
1.2861328125
1.185546875
1.083984375
1.1357421875
1.3720703125
1.1591796875
1.1708984375
1.341796875
1.21875
1.1396484375
1.154296875
0.85546875
1.310546875
1.1865234375
1.2265625
1.076171875
1.3740234375
1.248046875
1.06640625
1.30078125
0.9033203125
1.046875
1.2138671875
1.333984375
1.107421875
0.8994140625
0.95703125
1.3173828125
0.978515625
1.04296875
1.265625
1.3076171875
1.48046875
1.4736328125
1.328125
1.23828125
0.9306640625
1.0458984375
1.5185546875
1.236328125
1.3466796875
1.08984375
1.1669921875
1.041015625
1.0322265625
1.341796875
1.1689453125
1.2041015625
1.2138671875
1.1484375
1.248046875
1.0693359375
1.279296875
1.197265625
1.16015625
1.1953125
1.486328125
1.3544921875
1.337890625
1.447265625
1.1474609375
1.2119140625
1.3251953125
0.908203125
1.41796875
1.4453125
1.27734375
1.095703125
1.2490234375
1.302734375
1.125
1.201171875
1.2578125
1.40625
1.2373046875
1.4208984375
1.3896484375
1.240234375
1.2509765625
1.0830078125
1.2998046875
1.2802734375
1.0302734375
1.16015625
1.2548828125
0.9501953125
1.16796875
1.1328125
1.345703125
1.04296875
1.3544921875
1.0849609375
1.0107421875
1.1279296875
1.224609375
1.1494140625
1.11328125
0.8583984375
1.0859375
1.306640625
0.955078125
1.025390625
1.154296875
1.564453125
1.333984375
1.3955078125
1.162109375
1.30078125
1.091796875
1.228515625
1.4287109375
1.1220703125
1.27734375
1.33984375
1.203125
1.234375
0.9423828125
1.2421875
1.1220703125
1.0087890625
1.1796875
1.1923828125
1.2763671875
1.1689453125
1.447265625
1.21484375
1.083984375
1.095703125
1.0322265625
1.083984375
1.23046875
1.4130859375
1.1767578125
1.048828125
1.2060546875
1.1513671875
1.1123046875
0.98046875
1.2236328125
1.203125
1.298828125
1.2216796875
1.349609375
1.1513671875
1.05859375
1.34765625
1.388671875
1.1201171875
1.2587890625
1.1025390625
1.271484375
1.017578125
1.0751953125
1.3212890625
1.236328125
1.1181640625
1.193359375
1.25390625
1.111328125
1.314453125
1.1484375
1.16796875
0.8369140625
1.2646484375
1.224609375
1.369140625
1.3125
1.2353515625
1.146484375
1.26171875
1.08203125
1.1572265625
1.3291015625
1.1904296875
1.1015625
1.3486328125
1.2705078125
1.0048828125
1.109375
1.3076171875
1.1318359375
1.0712890625
1.2568359375
1.4033203125
1.283203125
1.205078125
0.9970703125
1.2294921875
1.2822265625
1.177734375
1.423828125
1.19140625
0.7861328125
1.3974609375
1.35546875
1.013671875
1.08984375
1.125
1.1650390625
1.6904296875
0.88671875
1.4921875
1.1884765625
1.2119140625
1.1923828125
1.2861328125
1.4765625
1.171875
0.998046875
1.2021484375
1.1767578125
0.962890625
0.8681640625
1.0263671875
1.2421875
0.990234375
1.30078125
1.0361328125
1.3046875
1.2451171875
1.1494140625
1.20703125
1.1513671875
1.046875
1.2890625
1.1865234375
1.19140625
0.833984375
1.2568359375
1.2392578125
0.9580078125
1.173828125
1.3349609375
1.47265625
1.0693359375
1.2802734375
1.1064453125
1.5341796875
1.109375
1.3271484375
0.9794921875
1.306640625
1.126953125
1.029296875
1.48828125
1.162109375
1.0234375
1.107421875
1.7119140625
0.8876953125
1.1416015625
1.396484375
1.1904296875
1.3515625
1.0
1.0
1.103515625
1.330078125
0.75390625
1.259765625
1.37890625
0.8330078125
1.390625
1.1787109375
1.0654296875
1.3291015625
1.2900390625
1.228515625
1.4306640625
1.189453125
1.2646484375
1.0361328125
1.1025390625
1.3291015625
1.056640625
1.1357421875
1.0849609375
1.1591796875
1.1513671875
1.4775390625
1.0625
1.3037109375
1.3388671875
1.4052734375
1.115234375
0.876953125
1.30078125
1.2138671875
1.2421875
1.3466796875
1.33984375
1.302734375
1.193359375
0.9169921875
1.224609375
1.109375
1.3095703125
1.3115234375
1.06640625
1.2958984375
1.0341796875
1.517578125
1.4013671875
1.1953125
1.2685546875
1.373046875
1.2724609375
1.1240234375
1.185546875
1.1669921875
1.099609375
1.044921875
0.9013671875
1.2890625
1.3759765625
1.310546875
1.0400390625
1.2275390625
1.24609375
1.46484375
1.076171875
1.09765625
1.2197265625
1.1953125
1.05078125
1.37109375
1.220703125
1.1240234375
1.3125
1.1806640625
1.0966796875
1.2578125
1.251953125
1.2197265625
1.046875
1.3583984375
1.111328125
1.1279296875
1.3271484375
1.4013671875
1.1015625
1.3193359375
1.03515625
1.1875
1.166015625
1.599609375
1.3271484375
1.2265625
1.2607421875
1.2548828125
1.123046875
1.1611328125
0.890625
1.134765625
1.3271484375
1.0703125
1.19140625
1.4013671875
0.8427734375
1.0029296875
1.056640625
1.294921875
1.294921875
1.169921875
1.490234375
1.1884765625
1.32421875
1.095703125
1.2509765625
1.3232421875
1.3505859375
1.1552734375
1.150390625
1.451171875
1.009765625
1.5703125
1.0048828125
1.33984375
1.2421875
1.3203125
1.3701171875
1.1533203125
1.3125
1.306640625
1.2099609375
1.3134765625
1.13671875
1.1162109375
1.255859375
1.16015625
1.3759765625
1.37109375
1.3134765625
1.1572265625
1.0361328125
1.1806640625
1.09765625
1.34375
1.36328125
1.24609375
1.119140625
1.19140625
1.361328125
1.162109375
1.0224609375
1.3681640625
1.126953125
1.2216796875
1.380859375
1.1240234375
1.0439453125
1.1259765625
1.6435546875
1.5625
1.392578125
1.341796875
1.0908203125
1.2939453125
1.4140625
1.2724609375
0.7587890625
1.228515625
1.173828125
1.234375
1.2275390625
1.57421875
1.1669921875
1.3017578125
1.115234375
1.337890625
1.423828125
1.03125
1.384765625
1.1435546875
1.1298828125
1.3515625
1.345703125
1.0234375
1.30859375
1.109375
1.0771484375
1.1689453125
1.326171875
1.0302734375
1.400390625
1.2880859375
1.263671875
1.333984375
0.9541015625
1.376953125
1.1572265625
1.330078125
1.482421875
1.0771484375
1.3212890625
1.2177734375
1.044921875
1.1005859375
1.1064453125
0.91796875
1.091796875
1.0458984375
1.291015625
0.8994140625
1.0830078125
1.13671875
1.14453125
1.150390625
0.974609375
1.0087890625
1.2822265625
1.5322265625
1.3623046875
1.189453125
1.091796875
1.140625
1.2431640625
1.271484375
