1.1055755615234375
1.1055755615234375
1.1055755615234375
1.1055755615234375
1.1055755615234375
0.9967041015625
1.00970458984375
1.1733245849609375
0.8953857421875
0.99835205078125
1.0169219970703125
0.9444427490234375
0.8715972900390625
0.94647216796875
0.9320220947265625
0.9990081787109375
0.861724853515625
0.811248779296875
0.83367919921875
1.0595550537109375
0.902191162109375
0.8180084228515625
1.01397705078125
0.8993377685546875
1.036529541015625
0.873199462890625
0.85919189453125
0.88861083984375
0.969757080078125
0.838409423828125
1.049346923828125
0.8442535400390625
0.71331787109375
1.0823974609375
0.88720703125
0.9121246337890625
0.9821624755859375
0.9061279296875
0.880706787109375
1.0926513671875
1.0376739501953125
0.9097900390625
0.8914642333984375
0.84991455078125
0.8807525634765625
0.889739990234375
1.0000457763671875
0.9241943359375
0.9048614501953125
0.91680908203125
0.9508209228515625
0.862335205078125
0.8664703369140625
0.9009552001953125
1.070098876953125
1.0536651611328125
0.955810546875
1.1004180908203125
1.0760955810546875
0.928436279296875
0.915313720703125
0.9240875244140625
1.0543060302734375
0.9547271728515625
0.8075714111328125
1.2110748291015625
0.989654541015625
1.0299224853515625
1.05059814453125
0.92803955078125
0.7008819580078125
1.0007171630859375
0.99652099609375
1.0154876708984375
0.8648223876953125
0.950164794921875
0.920989990234375
0.8444671630859375
0.822601318359375
0.9304046630859375
0.8106231689453125
0.8003997802734375
0.957183837890625
0.9256439208984375
0.9507904052734375
0.8607330322265625
0.9599761962890625
0.95452880859375
0.91265869140625
1.016082763671875
0.9663238525390625
0.98529052734375
1.004730224609375
0.817626953125
1.0425567626953125
0.9501800537109375
0.8732452392578125
0.9304656982421875
0.7762298583984375
1.004638671875
0.8887176513671875
0.8744049072265625
0.8514556884765625
0.892578125
1.0268707275390625
0.9693756103515625
1.0447235107421875
0.90899658203125
0.8292694091796875
0.9734649658203125
0.7844390869140625
0.79913330078125
0.8824310302734375
0.7591552734375
0.8856353759765625
0.8490447998046875
0.9044952392578125
0.980010986328125
0.97509765625
1.078338623046875
0.961700439453125
0.9178009033203125
0.8946533203125
1.0280303955078125
0.8179779052734375
1.0550079345703125
0.8919830322265625
1.0471954345703125
0.7057952880859375
0.8604736328125
0.90118408203125
0.9075164794921875
0.9434814453125
0.8204345703125
1.0147705078125
0.9801177978515625
0.9930419921875
0.9537200927734375
0.9573974609375
1.0442962646484375
0.9744873046875
0.8641204833984375
1.0533599853515625
0.828826904296875
0.9132843017578125
1.0101776123046875
0.997802734375
0.9241943359375
0.9373016357421875
0.9605865478515625
1.0390777587890625
1.04632568359375
0.86920166015625
0.81671142578125
0.8496856689453125
1.0242767333984375
0.9597930908203125
0.888214111328125
0.9142913818359375
0.892059326171875
0.8972015380859375
0.9581146240234375
0.871856689453125
0.9381561279296875
0.9017333984375
0.9819183349609375
0.796234130859375
0.9485626220703125
0.987060546875
0.91180419921875
0.8662872314453125
0.900360107421875
0.8609161376953125
0.9742889404296875
0.8730316162109375
0.943634033203125
0.8200225830078125
0.9579315185546875
0.955657958984375
0.942962646484375
0.890045166015625
0.9071807861328125
1.086761474609375
0.77398681640625
0.95269775390625
0.8417205810546875
1.00897216796875
0.8507843017578125
1.0876312255859375
0.9593963623046875
0.9794158935546875
0.8962249755859375
0.9503021240234375
1.0211639404296875
0.8129119873046875
1.02752685546875
1.02227783203125
1.1049346923828125
1.0607452392578125
0.7774505615234375
0.9836273193359375
0.9884796142578125
1.0122528076171875
1.0105438232421875
1.0612945556640625
0.953521728515625
0.9423675537109375
0.9351959228515625
1.000152587890625
0.972259521484375
0.9547271728515625
0.9342193603515625
0.943817138671875
0.9465179443359375
1.0206146240234375
0.8001556396484375
1.018707275390625
0.9618988037109375
1.1922454833984375
0.9524993896484375
1.03631591796875
0.9098968505859375
0.9395904541015625
0.8670654296875
0.8988800048828125
0.9615325927734375
0.981353759765625
0.8755950927734375
0.9244842529296875
0.783905029296875
0.881256103515625
1.071563720703125
0.937469482421875
1.08599853515625
0.9450531005859375
0.9082794189453125
0.8061676025390625
0.916748046875
0.8806610107421875
1.0141143798828125
0.8942108154296875
0.8779144287109375
0.864227294921875
0.9249267578125
1.0048065185546875
1.0314483642578125
0.8895416259765625
0.902923583984375
1.0289154052734375
0.9542388916015625
0.90277099609375
0.885009765625
0.8487396240234375
0.955718994140625
0.9664306640625
0.994903564453125
1.0710601806640625
0.9694061279296875
0.92742919921875
0.9044342041015625
0.94683837890625
0.87109375
0.8519439697265625
0.9360504150390625
0.9581756591796875
1.0341949462890625
0.9008941650390625
0.9947357177734375
0.889923095703125
1.016510009765625
0.8657379150390625
0.876190185546875
0.794281005859375
0.8551483154296875
0.9195556640625
0.850921630859375
1.008270263671875
1.0467376708984375
0.891387939453125
0.920867919921875
0.953887939453125
1.0654296875
0.9478607177734375
0.843414306640625
0.9217071533203125
0.964874267578125
0.8493804931640625
0.937774658203125
0.94287109375
0.772491455078125
0.9843902587890625
0.9362640380859375
0.9421844482421875
1.0201873779296875
0.93402099609375
0.803314208984375
1.0177154541015625
0.8916015625
0.947052001953125
0.9444122314453125
1.16229248046875
1.05401611328125
1.1687774658203125
0.883544921875
0.86505126953125
1.0189361572265625
0.900360107421875
0.9019927978515625
0.9691009521484375
0.990509033203125
1.053466796875
0.8996124267578125
0.9047088623046875
0.817352294921875
1.152587890625
1.13909912109375
0.8254852294921875
0.85662841796875
1.05859375
0.8222198486328125
1.0037384033203125
0.8915557861328125
1.0394439697265625
0.83551025390625
0.9089202880859375
0.9669647216796875
0.86370849609375
1.0166778564453125
1.0188140869140625
1.0322113037109375
0.9105377197265625
1.0170745849609375
0.924560546875
1.0122833251953125
0.8285369873046875
0.82354736328125
1.0848541259765625
0.9968109130859375
1.01116943359375
0.7387847900390625
0.88092041015625
0.7730560302734375
0.969268798828125
0.8178863525390625
0.804656982421875
0.8984222412109375
0.978729248046875
1.022125244140625
1.0416259765625
0.9764556884765625
1.0075836181640625
1.0478057861328125
1.010040283203125
1.040740966796875
0.70416259765625
0.93365478515625
0.8924102783203125
1.1769866943359375
0.933990478515625
0.94110107421875
0.79473876953125
0.8428802490234375
0.84368896484375
0.9699249267578125
1.008758544921875
0.8848114013671875
0.92340087890625
0.9644927978515625
0.80975341796875
0.8674163818359375
0.882354736328125
0.8823394775390625
0.846160888671875
1.034912109375
0.79144287109375
0.9031829833984375
0.9080352783203125
0.9066009521484375
1.0059814453125
0.86309814453125
0.8736419677734375
1.0824737548828125
0.9583587646484375
1.0018310546875
1.0982666015625
0.836090087890625
1.0753936767578125
0.936492919921875
0.857177734375
0.98779296875
0.743438720703125
0.851470947265625
0.89422607421875
0.88629150390625
0.95770263671875
0.95733642578125
0.836517333984375
0.91204833984375
0.9171905517578125
0.870941162109375
0.9682159423828125
1.1504974365234375
0.98492431640625
0.9202880859375
0.966949462890625
0.939483642578125
0.965057373046875
0.8854827880859375
0.9691314697265625
1.0012969970703125
1.038360595703125
0.9778900146484375
0.7613677978515625
1.0521392822265625
0.894378662109375
0.7476348876953125
1.121429443359375
1.0088348388671875
0.9429168701171875
1.041229248046875
0.793121337890625
0.7093048095703125
0.819122314453125
1.11456298828125
0.77587890625
1.1267852783203125
0.7827301025390625
1.0781097412109375
1.0377960205078125
0.9128265380859375
1.062286376953125
0.883331298828125
0.82916259765625
0.83892822265625
0.99566650390625
1.0336761474609375
0.9968109130859375
0.9464569091796875
1.088409423828125
0.832427978515625
0.8724517822265625
1.0420989990234375
1.1006011962890625
0.8101959228515625
0.979156494140625
1.0820770263671875
1.131988525390625
0.8682708740234375
1.0092315673828125
0.8098602294921875
0.9873046875
1.01409912109375
0.8653106689453125
1.0077362060546875
0.803741455078125
1.04229736328125
0.7892913818359375
0.9813995361328125
1.20806884765625
0.9812164306640625
0.894744873046875
0.94140625
0.945281982421875
0.9169769287109375
0.9658966064453125
1.0404815673828125
0.95050048828125
0.9834747314453125
0.7740325927734375
0.9769744873046875
0.974700927734375
0.811553955078125
0.9822998046875
1.05450439453125
1.0327606201171875
0.866851806640625
1.0552978515625
0.8699798583984375
0.980010986328125
0.8250579833984375
0.9268035888671875
0.9344940185546875
0.9055633544921875
0.864044189453125
1.011199951171875
1.023590087890625
0.9967803955078125
1.052215576171875
0.9196014404296875
0.8863677978515625
0.9796295166015625
0.940338134765625
0.763671875
0.9446563720703125
0.917938232421875
0.858551025390625
0.95526123046875
0.932647705078125
1.0029296875
1.0141448974609375
0.87738037109375
0.96868896484375
0.96563720703125
1.0489654541015625
0.986724853515625
0.91815185546875
1.0439910888671875
0.9848785400390625
0.9299774169921875
0.8472137451171875
1.0468292236328125
0.9908294677734375
0.988525390625
1.1057586669921875
0.8343048095703125
0.961090087890625
0.8192291259765625
0.9116973876953125
0.9124908447265625
1.0737457275390625
0.789306640625
0.9251251220703125
0.7723846435546875
0.860137939453125
0.8651123046875
0.8946990966796875
0.8351898193359375
1.2048187255859375
0.9520263671875
0.884490966796875
0.8160858154296875
0.918182373046875
0.9391937255859375
0.78558349609375
0.8347320556640625
0.942840576171875
0.9746856689453125
0.926177978515625
0.7899169921875
0.9445953369140625
0.9117889404296875
0.87774658203125
0.977630615234375
0.8310089111328125
0.805938720703125
0.9734344482421875
1.0337677001953125
0.9994659423828125
0.886444091796875
0.971771240234375
1.131500244140625
0.963592529296875
0.87176513671875
0.8913421630859375
0.8037109375
0.8683624267578125
1.161224365234375
0.955413818359375
1.1366729736328125
0.9446563720703125
0.9904937744140625
0.8811187744140625
0.9699249267578125
0.929046630859375
1.0417633056640625
0.898773193359375
0.86199951171875
0.77191162109375
1.025360107421875
1.0296630859375
