1.1055755615234375
1.1055755615234375
1.1055755615234375
1.1055755615234375
0.875396728515625
0.894805908203125
0.8278656005859375
0.825531005859375
0.9850921630859375
0.8943023681640625
0.9911956787109375
0.836639404296875
0.902679443359375
0.920196533203125
0.958282470703125
0.778717041015625
0.8437652587890625
0.831939697265625
0.840576171875
1.0840911865234375
1.0698089599609375
0.886993408203125
0.9805908203125
0.844207763671875
1.1754150390625
0.999755859375
0.9105987548828125
0.989990234375
1.0628814697265625
0.8666229248046875
0.912628173828125
1.0558929443359375
0.90789794921875
1.0517578125
0.8521728515625
0.802886962890625
0.8841552734375
0.955780029296875
0.8954010009765625
1.010223388671875
0.9886627197265625
0.9842376708984375
1.08740234375
0.9765777587890625
1.0341796875
1.0706939697265625
0.7893829345703125
0.990509033203125
1.146881103515625
1.12542724609375
0.8227691650390625
0.9203338623046875
1.007598876953125
0.813507080078125
0.9850311279296875
0.776947021484375
1.083160400390625
0.9138946533203125
0.9882049560546875
0.921600341796875
0.899078369140625
0.962249755859375
1.0156402587890625
0.8810577392578125
1.0905914306640625
0.9249420166015625
0.9367218017578125
1.05194091796875
0.791412353515625
0.8668365478515625
1.04888916015625
0.973175048828125
1.0690765380859375
1.054656982421875
0.9773406982421875
0.9476318359375
0.8192596435546875
0.9213104248046875
0.70330810546875
1.1157684326171875
0.7613983154296875
0.7576751708984375
0.91668701171875
0.8273162841796875
0.8497314453125
0.7574462890625
0.8023834228515625
0.893035888671875
0.99420166015625
0.8927459716796875
0.9384613037109375
0.8433380126953125
0.9842071533203125
1.0520172119140625
0.96722412109375
0.9722442626953125
0.886962890625
0.97113037109375
1.0740509033203125
0.877197265625
0.9477081298828125
1.11932373046875
0.7826690673828125
1.01910400390625
1.0121917724609375
0.9881744384765625
0.8519744873046875
0.940277099609375
0.967041015625
0.81878662109375
0.8362274169921875
0.91094970703125
1.1092681884765625
0.901092529296875
1.0079193115234375
0.9469451904296875
0.9583740234375
0.768157958984375
1.037750244140625
0.8513336181640625
0.7237548828125
0.88287353515625
0.932647705078125
0.8072052001953125
0.9487457275390625
0.9903717041015625
0.9508819580078125
1.011322021484375
0.9903106689453125
0.9246063232421875
1.052032470703125
0.801025390625
1.0440521240234375
0.97454833984375
1.0404510498046875
0.9877471923828125
0.939117431640625
0.9978485107421875
0.886962890625
0.99688720703125
0.7784271240234375
0.7732391357421875
0.9487762451171875
0.9629669189453125
0.9415283203125
0.79364013671875
0.9755401611328125
0.95941162109375
0.832275390625
0.97674560546875
0.84619140625
0.8763427734375
1.0475921630859375
0.91644287109375
0.7760772705078125
0.84393310546875
1.1047821044921875
0.8230743408203125
0.9716033935546875
0.8829498291015625
0.998992919921875
0.8594818115234375
0.873046875
0.9130401611328125
0.969024658203125
0.7508697509765625
0.900634765625
0.953826904296875
1.035125732421875
1.0343017578125
1.0029754638671875
1.0070953369140625
0.9343719482421875
0.9268798828125
0.9650726318359375
0.9079437255859375
0.8560333251953125
0.869354248046875
0.948944091796875
0.90631103515625
0.86810302734375
0.9560089111328125
0.9019012451171875
0.92431640625
0.9557647705078125
0.77008056640625
0.8486328125
0.9836273193359375
1.02557373046875
1.0183868408203125
0.8564453125
0.9165496826171875
0.9246673583984375
1.1095428466796875
0.9058380126953125
0.9556427001953125
0.941253662109375
1.002105712890625
0.90606689453125
0.8773651123046875
1.0843658447265625
0.9408721923828125
1.0358123779296875
0.8354644775390625
1.0169219970703125
0.9608306884765625
0.86016845703125
1.110443115234375
0.88189697265625
0.969512939453125
0.87347412109375
0.85211181640625
0.9537353515625
1.03717041015625
1.015380859375
0.894622802734375
0.830291748046875
0.8524169921875
0.97027587890625
1.07843017578125
0.9596405029296875
1.1243896484375
0.7549285888671875
0.8946990966796875
0.8862457275390625
0.9414215087890625
0.8212890625
0.915557861328125
0.90203857421875
0.7855224609375
0.84698486328125
0.979248046875
0.928619384765625
0.8565673828125
1.028717041015625
0.8411712646484375
0.88104248046875
0.972808837890625
1.0650787353515625
0.9007110595703125
0.9662933349609375
0.825958251953125
1.1137237548828125
0.928863525390625
0.8774566650390625
0.98809814453125
0.81890869140625
1.0604400634765625
0.9076080322265625
0.93194580078125
0.8709716796875
0.9517822265625
0.8209381103515625
0.934600830078125
0.817962646484375
0.8697509765625
0.955352783203125
0.899139404296875
1.09735107421875
0.8787689208984375
0.9160614013671875
0.8954925537109375
0.9669342041015625
0.93658447265625
0.8924102783203125
0.99908447265625
0.926849365234375
0.9878997802734375
1.0297393798828125
0.9909820556640625
0.9485321044921875
1.0409393310546875
1.03424072265625
0.7505035400390625
0.8534698486328125
0.9337615966796875
0.920379638671875
0.8043365478515625
0.9376220703125
0.7338714599609375
0.83795166015625
0.947509765625
1.0023040771484375
0.812469482421875
0.9023895263671875
0.8265380859375
0.9127960205078125
1.116851806640625
0.9561309814453125
1.0026702880859375
0.9523468017578125
0.9638824462890625
0.8011016845703125
1.06829833984375
0.877899169921875
0.8556365966796875
1.0183868408203125
0.9459075927734375
0.9260406494140625
0.987213134765625
0.911865234375
0.78741455078125
0.9761199951171875
1.049163818359375
0.9002532958984375
0.94219970703125
1.04779052734375
1.007720947265625
1.0287322998046875
0.97711181640625
0.9612884521484375
0.916961669921875
0.8654022216796875
0.865814208984375
0.9966278076171875
0.875885009765625
0.881439208984375
0.9273681640625
1.00970458984375
0.851470947265625
0.9872589111328125
0.7340240478515625
0.8707275390625
1.1240997314453125
0.8283233642578125
0.8949127197265625
0.8749542236328125
0.8679962158203125
0.8849029541015625
0.9796600341796875
0.8567352294921875
0.9936676025390625
0.8763580322265625
0.9043426513671875
0.8546600341796875
0.967620849609375
1.1328125
0.9253082275390625
0.8267059326171875
1.08050537109375
1.059722900390625
0.9003753662109375
0.941314697265625
1.1412200927734375
0.877288818359375
0.9248046875
0.8349761962890625
0.935516357421875
1.0109100341796875
0.820281982421875
0.88128662109375
0.98272705078125
0.99951171875
0.9023590087890625
1.04010009765625
0.9781646728515625
0.8157196044921875
0.9687042236328125
0.9523162841796875
0.8245086669921875
1.0764923095703125
0.9067840576171875
0.91571044921875
0.897857666015625
1.0420074462890625
0.92950439453125
0.8247833251953125
0.947021484375
0.7745819091796875
0.9958343505859375
1.0137176513671875
1.0323333740234375
0.885650634765625
0.8503570556640625
0.9512939453125
0.90618896484375
0.8717041015625
0.894622802734375
0.96331787109375
0.70721435546875
0.893585205078125
0.8871612548828125
0.9859771728515625
0.94976806640625
0.77276611328125
0.862762451171875
0.9772491455078125
0.9845123291015625
0.9045257568359375
0.952301025390625
0.920074462890625
1.09881591796875
0.9239959716796875
0.8624420166015625
0.98443603515625
0.8767852783203125
1.0574951171875
0.9800872802734375
0.9496917724609375
0.9444122314453125
1.0372161865234375
0.9756011962890625
0.996734619140625
0.8720855712890625
1.0330963134765625
0.7965850830078125
0.940643310546875
0.9667205810546875
1.045166015625
1.0502777099609375
0.8450927734375
0.959228515625
0.9646453857421875
1.0559539794921875
0.8529205322265625
0.9158477783203125
0.93896484375
1.120635986328125
0.7378692626953125
0.96331787109375
0.8861846923828125
1.02313232421875
1.0054931640625
0.9337921142578125
0.9622039794921875
0.90899658203125
0.9247283935546875
0.783721923828125
0.94219970703125
0.833251953125
0.8080902099609375
0.8959503173828125
0.7667236328125
0.902587890625
1.0130157470703125
0.9505157470703125
0.7624053955078125
0.871429443359375
0.798248291015625
0.8906707763671875
1.0229644775390625
1.1950836181640625
0.9425201416015625
0.91583251953125
0.94073486328125
1.114105224609375
0.95367431640625
0.87506103515625
0.8437347412109375
0.936981201171875
0.998504638671875
0.902374267578125
0.834197998046875
0.9729766845703125
1.1252288818359375
0.9205780029296875
0.882293701171875
1.02569580078125
0.931365966796875
0.87164306640625
0.946380615234375
0.7871856689453125
0.831329345703125
0.9633331298828125
0.911407470703125
0.831329345703125
0.9033203125
0.9513397216796875
0.922210693359375
1.0102996826171875
0.995635986328125
0.971527099609375
0.992340087890625
0.8783111572265625
0.8535919189453125
1.073974609375
1.0154571533203125
0.8662109375
0.720489501953125
0.92889404296875
1.0250091552734375
0.875213623046875
0.8352203369140625
0.8638153076171875
0.903472900390625
0.949920654296875
0.937713623046875
0.7708740234375
1.1401214599609375
0.8597869873046875
0.92327880859375
0.9079437255859375
0.84027099609375
0.94769287109375
1.0787200927734375
0.6986083984375
0.9541473388671875
1.04547119140625
0.7205963134765625
0.7943115234375
1.0525970458984375
0.936187744140625
1.038787841796875
0.826141357421875
1.0904388427734375
0.807373046875
0.9252777099609375
0.8842010498046875
0.8727569580078125
1.0191192626953125
0.82537841796875
0.8417205810546875
0.967529296875
0.9137725830078125
1.02520751953125
0.922271728515625
1.0623931884765625
1.100433349609375
0.9307098388671875
0.973602294921875
0.992950439453125
0.8494415283203125
0.9414520263671875
0.8813018798828125
0.93682861328125
0.9632415771484375
0.8138427734375
0.8975067138671875
0.852325439453125
1.1159515380859375
0.908355712890625
1.0097808837890625
1.164337158203125
1.0353851318359375
0.93341064453125
0.916900634765625
0.8232879638671875
0.9965057373046875
0.772674560546875
0.93695068359375
0.8587799072265625
0.894561767578125
0.7770233154296875
0.98626708984375
0.9838409423828125
0.714508056640625
0.8712310791015625
