0.68341064453125
0.68341064453125
0.68341064453125
0.68341064453125
0.51043701171875
0.741729736328125
0.435699462890625
0.485137939453125
0.3445892333984375
0.4824066162109375
0.3700714111328125
0.5550384521484375
0.4591217041015625
0.4050140380859375
0.4376678466796875
0.3754119873046875
0.475494384765625
0.465667724609375
0.42364501953125
0.42913818359375
0.452362060546875
0.461700439453125
0.3692626953125
0.4585418701171875
0.4819183349609375
0.4043121337890625
0.5141143798828125
0.3697662353515625
0.420166015625
0.4683685302734375
0.6323699951171875
0.4514312744140625
0.4631500244140625
0.4979705810546875
0.649261474609375
0.480499267578125
0.4251251220703125
0.3213043212890625
0.378814697265625
0.2661590576171875
0.5313720703125
0.4037933349609375
0.51904296875
0.6281890869140625
0.4093475341796875
0.4113616943359375
0.4095001220703125
0.51605224609375
0.485931396484375
0.5857391357421875
0.55804443359375
0.58734130859375
0.40570068359375
0.5666046142578125
0.5672454833984375
0.4802703857421875
0.586334228515625
0.4387054443359375
0.60980224609375
0.4448089599609375
0.5321044921875
0.4852142333984375
0.66229248046875
0.5772705078125
0.5366668701171875
0.4735870361328125
0.3764190673828125
0.602203369140625
0.4997406005859375
0.55419921875
0.83477783203125
0.38140869140625
0.2729339599609375
0.36212158203125
0.4673004150390625
0.456512451171875
0.406341552734375
0.4608917236328125
0.5672607421875
0.4402313232421875
0.485504150390625
0.614105224609375
0.4872894287109375
0.3249969482421875
0.496978759765625
0.3970947265625
0.4498291015625
0.3460693359375
0.5211181640625
0.367034912109375
0.4216461181640625
0.46978759765625
0.519134521484375
0.4063873291015625
0.3676605224609375
0.296600341796875
0.455810546875
0.469268798828125
0.35577392578125
0.5932464599609375
0.4931793212890625
0.572723388671875
0.5191650390625
0.451141357421875
0.722869873046875
0.541900634765625
0.457794189453125
0.3204803466796875
0.425262451171875
0.56134033203125
0.436309814453125
0.4123992919921875
0.4122772216796875
0.3905029296875
0.3397369384765625
0.5107421875
0.5351104736328125
0.424835205078125
0.46197509765625
0.449493408203125
0.4544219970703125
0.4597015380859375
0.380889892578125
0.459808349609375
0.4014129638671875
0.46588134765625
0.6169891357421875
0.5225067138671875
0.464996337890625
0.560272216796875
0.49786376953125
0.408355712890625
0.5947265625
0.470489501953125
0.4737091064453125
0.4095916748046875
0.533905029296875
0.508575439453125
0.4518890380859375
0.3365325927734375
0.4775848388671875
0.54241943359375
0.551727294921875
0.59576416015625
0.29730224609375
0.456146240234375
0.5069122314453125
0.610626220703125
0.57537841796875
0.72216796875
0.5170745849609375
0.413177490234375
0.6371002197265625
0.4995880126953125
0.5088043212890625
0.40118408203125
0.530120849609375
0.383941650390625
0.5242767333984375
0.523590087890625
0.436279296875
0.5860595703125
0.442047119140625
0.4614105224609375
0.45184326171875
0.41497802734375
0.690155029296875
0.51385498046875
0.5006866455078125
0.5752410888671875
0.4905242919921875
0.3067626953125
0.4971160888671875
0.530914306640625
0.396484375
0.576171875
0.7040252685546875
0.5129241943359375
0.5549163818359375
0.5118408203125
0.4255218505859375
0.3844146728515625
0.5247344970703125
0.4917449951171875
0.42315673828125
0.5601959228515625
0.3824615478515625
0.430419921875
0.47247314453125
0.57574462890625
0.3639068603515625
0.479278564453125
0.4622802734375
0.38006591796875
0.512237548828125
0.492156982421875
0.376983642578125
0.5016937255859375
0.5350494384765625
0.3970947265625
0.5657958984375
0.489654541015625
0.420867919921875
0.4289093017578125
0.4950714111328125
0.50323486328125
0.5428619384765625
0.3845672607421875
0.502288818359375
0.568267822265625
0.36322021484375
0.503814697265625
0.52874755859375
0.545257568359375
0.40264892578125
0.40020751953125
0.4522857666015625
0.3639678955078125
0.513275146484375
0.6347503662109375
0.519622802734375
0.4678802490234375
0.58197021484375
0.5560302734375
0.50189208984375
0.4493560791015625
0.5395050048828125
0.50567626953125
0.5222015380859375
0.4529876708984375
0.434844970703125
0.395660400390625
0.40924072265625
0.40313720703125
0.4312744140625
0.4561614990234375
0.4054412841796875
0.3408203125
0.5450897216796875
0.457122802734375
0.4352874755859375
0.545623779296875
0.4786376953125
0.5756378173828125
0.4288177490234375
0.52850341796875
0.426239013671875
0.3685150146484375
0.621978759765625
0.4060821533203125
0.3726806640625
0.58087158203125
0.51953125
0.3694610595703125
0.3928680419921875
0.52545166015625
0.636383056640625
0.4781341552734375
0.588653564453125
0.56085205078125
0.53057861328125
0.37493896484375
0.523193359375
0.475189208984375
0.4140167236328125
0.556549072265625
0.4102020263671875
0.49365234375
0.6117095947265625
0.4306182861328125
0.6769561767578125
0.5411529541015625
0.4467315673828125
0.2833709716796875
0.5107421875
0.646697998046875
0.5130767822265625
0.4844207763671875
0.5980682373046875
0.5055999755859375
0.455810546875
0.454559326171875
0.3609771728515625
0.424896240234375
0.5044403076171875
0.4950714111328125
0.388916015625
0.5927734375
0.3769683837890625
0.5351409912109375
0.3516998291015625
0.3526763916015625
0.5150299072265625
0.4713897705078125
0.381103515625
0.5444793701171875
0.3782501220703125
0.4786834716796875
0.6257476806640625
0.4726104736328125
0.56854248046875
0.41845703125
0.4537506103515625
0.6177215576171875
0.5548095703125
0.4672393798828125
0.43780517578125
0.45947265625
0.5385894775390625
0.46783447265625
0.38134765625
0.5064239501953125
0.416900634765625
0.518524169921875
0.5488433837890625
0.4227752685546875
0.5977325439453125
0.3731536865234375
0.4048004150390625
0.505950927734375
0.4269561767578125
0.4469146728515625
0.51177978515625
0.4872283935546875
0.373992919921875
0.5150604248046875
0.33917236328125
0.4232940673828125
0.4300537109375
0.4699554443359375
0.5732269287109375
0.533721923828125
0.4155426025390625
0.5901031494140625
0.553680419921875
0.4546966552734375
0.4411468505859375
0.4390106201171875
0.3907470703125
0.5099334716796875
0.522918701171875
0.39971923828125
0.482086181640625
0.510986328125
0.5167694091796875
0.4110870361328125
0.5591888427734375
0.5236968994140625
0.3210906982421875
0.5377197265625
0.517333984375
0.492767333984375
0.606842041015625
0.4595489501953125
0.557769775390625
0.4873046875
0.415985107421875
0.4430694580078125
0.64215087890625
0.546783447265625
0.4699554443359375
0.3943023681640625
0.6136932373046875
0.5290069580078125
0.5823211669921875
0.533050537109375
0.40863037109375
0.519927978515625
0.6122283935546875
0.410247802734375
0.5725860595703125
0.4263763427734375
0.54949951171875
0.4084625244140625
0.406829833984375
0.4449615478515625
0.4838714599609375
0.4812774658203125
0.5226287841796875
0.3947906494140625
0.4449920654296875
0.468505859375
0.490386962890625
0.44134521484375
0.509063720703125
0.40283203125
0.5642547607421875
0.3274993896484375
0.501312255859375
0.5098876953125
0.42083740234375
0.4926300048828125
0.4340972900390625
0.324737548828125
0.3942413330078125
0.5660858154296875
0.4885406494140625
0.3746185302734375
0.4666900634765625
0.45831298828125
0.491424560546875
0.4196624755859375
0.51708984375
0.415313720703125
0.419921875
0.581451416015625
0.3498687744140625
0.37738037109375
0.4215240478515625
0.349365234375
0.507476806640625
0.5234832763671875
0.7081146240234375
0.5018768310546875
0.537994384765625
0.638031005859375
0.4581146240234375
0.3900299072265625
0.4539642333984375
0.5665740966796875
0.4928741455078125
0.485595703125
0.4740142822265625
0.4600677490234375
0.5009918212890625
0.3306732177734375
0.6571197509765625
0.4708709716796875
0.707244873046875
0.4527130126953125
0.5037994384765625
0.4110260009765625
0.369659423828125
0.4556884765625
0.415374755859375
0.3502960205078125
0.554656982421875
0.490264892578125
0.4258270263671875
0.4344635009765625
0.456024169921875
0.3941802978515625
0.40435791015625
0.4700775146484375
0.52435302734375
0.408599853515625
0.5219879150390625
0.638275146484375
0.4727630615234375
0.4242401123046875
0.598388671875
0.54766845703125
0.55438232421875
0.5125885009765625
0.5385589599609375
0.5526123046875
0.3477325439453125
0.505462646484375
0.5861968994140625
0.439422607421875
0.3083953857421875
0.5184326171875
0.5659332275390625
0.438690185546875
0.4620513916015625
0.536834716796875
0.462005615234375
0.493743896484375
0.5248870849609375
0.472259521484375
0.5939178466796875
0.2988433837890625
0.5138702392578125
0.59930419921875
0.4660797119140625
0.6737518310546875
0.4306640625
0.3895263671875
0.6221160888671875
0.5478668212890625
0.3772125244140625
0.427947998046875
0.5537872314453125
0.5419158935546875
0.47137451171875
0.6674346923828125
0.30682373046875
0.5188446044921875
0.45013427734375
0.4609832763671875
0.3257293701171875
0.465606689453125
0.3342132568359375
0.53411865234375
0.4436798095703125
0.53814697265625
0.459197998046875
0.48388671875
0.4976806640625
0.438720703125
0.3894805908203125
0.3891448974609375
0.533172607421875
0.43682861328125
0.602874755859375
0.4132843017578125
0.5689239501953125
0.442474365234375
0.497406005859375
0.4680328369140625
0.419158935546875
0.5089874267578125
0.39312744140625
0.4924774169921875
0.4720916748046875
0.5788421630859375
0.4633331298828125
0.4068450927734375
0.4413604736328125
0.37786865234375
0.6056365966796875
0.4213714599609375
0.5017852783203125
0.3212738037109375
0.5628662109375
0.6283416748046875
0.608184814453125
0.4543304443359375
0.52679443359375
0.6169586181640625
0.474609375
0.65155029296875
0.460235595703125
0.358856201171875
0.6317138671875
0.433807373046875
0.3686065673828125
0.432586669921875
0.4999237060546875
0.4089508056640625
0.549591064453125
0.4601898193359375
0.4030914306640625
0.389007568359375
0.44769287109375
0.41021728515625
0.46533203125
0.3640899658203125
0.41571044921875
0.475982666015625
0.494384765625
0.573577880859375
0.4425506591796875
0.540496826171875
0.3697662353515625
0.453033447265625
0.356353759765625
0.484649658203125
0.4395751953125
0.6230010986328125
0.411376953125
0.4705810546875
0.2900390625
0.3776397705078125
0.4628143310546875
0.3808441162109375
0.3940582275390625
0.4442596435546875
0.46087646484375
0.41741943359375
