0.48101806640625
0.48101806640625
0.48101806640625
0.385223388671875
0.3014068603515625
0.440765380859375
0.50146484375
0.3254852294921875
0.3623809814453125
0.4078216552734375
0.433685302734375
0.2687835693359375
0.3221588134765625
0.2925872802734375
0.284576416015625
0.2965850830078125
0.3925933837890625
0.3697052001953125
0.355712890625
0.40283203125
0.2901153564453125
0.3344268798828125
0.59521484375
0.324554443359375
0.41986083984375
0.4420318603515625
0.314453125
0.430023193359375
0.28314208984375
0.30670166015625
0.3669891357421875
0.346771240234375
0.391845703125
0.3803253173828125
0.484222412109375
0.4265289306640625
0.436981201171875
0.3466796875
0.351043701171875
0.2291107177734375
0.2844696044921875
0.315704345703125
0.3142547607421875
0.311676025390625
0.2674102783203125
0.2858123779296875
0.3972625732421875
0.394989013671875
0.3682403564453125
0.389739990234375
0.3043670654296875
0.3279876708984375
0.372772216796875
0.3416595458984375
0.25738525390625
0.2343902587890625
0.3532257080078125
0.3105316162109375
0.231414794921875
0.36920166015625
0.424407958984375
0.3712615966796875
0.2527313232421875
0.210968017578125
0.3518524169921875
0.426055908203125
0.3281402587890625
0.3639068603515625
0.27191162109375
0.417816162109375
0.326446533203125
0.2472381591796875
0.359466552734375
0.2981719970703125
0.4752197265625
0.292694091796875
0.3748321533203125
0.2500762939453125
0.347930908203125
0.4422760009765625
0.322174072265625
0.3791351318359375
0.4279937744140625
0.314697265625
0.31689453125
0.4720306396484375
0.378631591796875
0.2648468017578125
0.4836883544921875
0.2890472412109375
0.272491455078125
0.278045654296875
0.3478240966796875
0.3361663818359375
0.306915283203125
0.267425537109375
0.2586517333984375
0.2666778564453125
0.430755615234375
0.2847747802734375
0.314666748046875
0.3273773193359375
0.3523101806640625
0.2898101806640625
0.3541107177734375
0.312713623046875
0.252166748046875
0.305023193359375
0.4053497314453125
0.4584503173828125
0.3690185546875
0.339508056640625
0.2239532470703125
0.3210601806640625
0.5243377685546875
0.30010986328125
0.4276123046875
0.3224029541015625
0.289459228515625
0.3031463623046875
0.36151123046875
0.31353759765625
0.284393310546875
0.39434814453125
0.25115966796875
0.329620361328125
0.4614410400390625
0.375335693359375
0.41119384765625
0.246826171875
0.3566436767578125
0.3665924072265625
0.358489990234375
0.2989349365234375
0.47076416015625
0.3461151123046875
0.3573455810546875
0.4326934814453125
0.3676605224609375
0.44952392578125
0.35626220703125
0.356964111328125
0.3092803955078125
0.4082489013671875
0.3159332275390625
0.319183349609375
0.240509033203125
0.402496337890625
0.254058837890625
0.393524169921875
0.3412628173828125
0.2707672119140625
0.27752685546875
0.2987213134765625
0.4989013671875
0.3001556396484375
0.3011627197265625
0.3629302978515625
0.425262451171875
0.4694061279296875
0.395172119140625
0.34649658203125
0.227294921875
0.36968994140625
0.3191986083984375
0.3974761962890625
0.523590087890625
0.3443145751953125
0.33642578125
0.3684539794921875
0.2666473388671875
0.2294464111328125
0.40966796875
0.35003662109375
0.3457794189453125
0.4267120361328125
0.259674072265625
0.3509368896484375
0.3416595458984375
0.2765045166015625
0.2700042724609375
0.3564605712890625
0.3262481689453125
0.3300933837890625
0.2529754638671875
0.337554931640625
0.36138916015625
0.256866455078125
0.3137054443359375
0.2551422119140625
0.43218994140625
0.396148681640625
0.240570068359375
0.3531951904296875
0.3442230224609375
0.483154296875
0.2830963134765625
0.4821319580078125
0.3319244384765625
0.449951171875
0.2938690185546875
0.2589111328125
0.2621307373046875
0.2559356689453125
0.38482666015625
0.2411651611328125
0.2486419677734375
0.2646942138671875
0.28955078125
0.390411376953125
0.3443145751953125
0.220306396484375
0.422088623046875
0.462860107421875
0.33599853515625
0.326690673828125
0.2584381103515625
0.348846435546875
0.3649139404296875
0.4014739990234375
0.402984619140625
0.3174285888671875
0.2816925048828125
0.3388214111328125
0.2543487548828125
0.328826904296875
0.33538818359375
0.3480377197265625
0.3061065673828125
0.48876953125
0.352996826171875
0.29736328125
0.4058837890625
0.3310546875
0.4041900634765625
0.3274993896484375
0.2710723876953125
0.2718505859375
0.454620361328125
0.3494873046875
0.4016571044921875
0.4901580810546875
0.3787384033203125
0.3401031494140625
0.322235107421875
0.3060455322265625
0.4609832763671875
0.5570831298828125
0.356903076171875
0.396759033203125
0.4591064453125
0.419219970703125
0.3344573974609375
0.3207244873046875
0.314208984375
0.595123291015625
0.36163330078125
0.4347991943359375
0.2472076416015625
0.3376617431640625
0.4730682373046875
0.4034576416015625
0.31884765625
0.4064483642578125
0.401824951171875
0.3881988525390625
0.34320068359375
0.2720489501953125
0.2480621337890625
0.305694580078125
0.7510986328125
0.2764739990234375
0.363372802734375
0.3287353515625
0.4278717041015625
0.2121734619140625
0.318267822265625
0.273193359375
0.304656982421875
0.41534423828125
0.2858428955078125
0.6292724609375
0.3312530517578125
0.310302734375
0.2549896240234375
0.2910614013671875
0.3752288818359375
0.485626220703125
0.4197998046875
0.3951263427734375
0.2578582763671875
0.35296630859375
0.3213958740234375
0.327850341796875
0.308013916015625
0.40435791015625
0.3289794921875
0.6058502197265625
0.2988128662109375
0.393524169921875
0.3267669677734375
0.2264556884765625
0.4002685546875
0.287811279296875
0.2978973388671875
0.433258056640625
0.3459320068359375
0.370849609375
0.2632293701171875
0.42401123046875
0.295928955078125
0.557403564453125
0.388702392578125
0.4253387451171875
0.3582916259765625
0.2383575439453125
0.3676605224609375
0.4785614013671875
0.2994537353515625
0.42742919921875
0.3404998779296875
0.4162139892578125
0.3451995849609375
0.4094390869140625
0.252777099609375
0.2128143310546875
0.4192657470703125
0.36328125
0.5504302978515625
0.24237060546875
0.291748046875
0.20794677734375
0.4894561767578125
0.36944580078125
0.2635345458984375
0.3880157470703125
0.4026947021484375
0.53900146484375
0.4633026123046875
0.313385009765625
0.435455322265625
0.3700408935546875
0.4991302490234375
0.34356689453125
0.356414794921875
0.305206298828125
0.2903900146484375
0.3859405517578125
0.3802642822265625
0.4242706298828125
0.311981201171875
0.3896026611328125
0.416259765625
0.2879180908203125
0.40521240234375
0.2866973876953125
0.2962188720703125
0.402069091796875
0.33843994140625
0.3563232421875
0.3134307861328125
0.246551513671875
0.4434356689453125
0.2859954833984375
0.329132080078125
0.354248046875
0.4142608642578125
0.2943267822265625
0.3260650634765625
0.2900390625
0.2981719970703125
0.4386138916015625
0.404541015625
0.4507598876953125
0.4493865966796875
0.3131561279296875
0.337127685546875
0.349517822265625
0.45294189453125
0.30291748046875
0.2671356201171875
0.433746337890625
0.2880706787109375
0.2825775146484375
0.3575286865234375
0.4790496826171875
0.283294677734375
0.324462890625
0.3595733642578125
0.2698211669921875
0.3524932861328125
0.3176422119140625
0.3008270263671875
0.4071807861328125
0.2569122314453125
0.393798828125
0.2607421875
0.4112091064453125
0.37200927734375
0.42425537109375
0.361053466796875
0.3576202392578125
0.253021240234375
0.288787841796875
0.3132171630859375
0.4109649658203125
0.6533660888671875
0.287933349609375
0.2501678466796875
0.371063232421875
0.2656707763671875
0.3716888427734375
0.44354248046875
0.3820953369140625
0.2202606201171875
0.292266845703125
0.3295745849609375
0.3025970458984375
0.309661865234375
0.4304656982421875
0.3661956787109375
0.284942626953125
0.319366455078125
0.433502197265625
0.2314300537109375
0.5117340087890625
0.3463134765625
0.409515380859375
0.419219970703125
0.43170166015625
0.30084228515625
0.3926849365234375
0.3239288330078125
0.3986358642578125
0.3761138916015625
0.450653076171875
0.2364349365234375
0.2582855224609375
0.5148773193359375
0.405548095703125
0.469146728515625
0.2910003662109375
0.4190216064453125
0.2443389892578125
0.39019775390625
0.517242431640625
0.257781982421875
0.27789306640625
0.4521484375
0.2559967041015625
0.372283935546875
0.47650146484375
0.3765411376953125
0.316070556640625
0.370361328125
0.406829833984375
0.4135894775390625
0.4100799560546875
0.237518310546875
0.211761474609375
0.501739501953125
0.3657073974609375
0.3470001220703125
0.4030914306640625
0.41943359375
0.3292083740234375
0.256378173828125
0.345947265625
0.33099365234375
0.2485504150390625
0.3539276123046875
0.451507568359375
0.431610107421875
0.310394287109375
0.2696685791015625
0.394805908203125
0.4258270263671875
0.3984832763671875
0.30413818359375
0.381134033203125
0.3640899658203125
0.276885986328125
0.3826751708984375
0.312530517578125
0.3732452392578125
0.386962890625
0.3581695556640625
0.276214599609375
0.35650634765625
0.3460845947265625
0.403045654296875
0.3435516357421875
0.4720306396484375
0.3292388916015625
0.35272216796875
0.477203369140625
0.3618621826171875
0.4228363037109375
0.359619140625
0.267425537109375
0.233734130859375
0.3859100341796875
0.36932373046875
0.6463165283203125
0.3285064697265625
0.2891693115234375
0.290740966796875
0.3946685791015625
0.4113922119140625
0.4039764404296875
0.35369873046875
0.485748291015625
0.3371124267578125
0.2832489013671875
0.505859375
0.2342987060546875
0.4612274169921875
0.358612060546875
0.3859100341796875
0.2518310546875
0.4459381103515625
0.36102294921875
0.4176025390625
0.3720703125
0.3447418212890625
0.3324127197265625
0.4447479248046875
0.3601226806640625
0.24615478515625
0.3107147216796875
0.4834747314453125
0.34771728515625
0.3395233154296875
0.6129913330078125
0.3305511474609375
0.29620361328125
0.42828369140625
0.2469635009765625
0.3664703369140625
0.3766021728515625
0.2397918701171875
0.3571014404296875
0.2882232666015625
0.3722686767578125
0.2905731201171875
0.3272705078125
0.298675537109375
0.4119110107421875
0.3069000244140625
0.3423004150390625
0.246612548828125
0.45458984375
0.296966552734375
0.360565185546875
0.258514404296875
0.3924713134765625
0.297119140625
0.3128662109375
0.4386749267578125
0.319000244140625
0.2430419921875
0.320037841796875
0.557769775390625
0.4590911865234375
0.386871337890625
0.29217529296875
0.3218841552734375
0.3152618408203125
0.3188629150390625
0.4929962158203125
