0.1102294921875
0.1102294921875
0.1102294921875
0.1102294921875
0.0997314453125
0.140960693359375
0.07232666015625
0.144927978515625
0.0624542236328125
0.08135986328125
0.0636138916015625
0.18023681640625
0.1569976806640625
0.18768310546875
0.1166534423828125
0.1301116943359375
0.0792083740234375
0.1155242919921875
0.163482666015625
0.1380767822265625
0.16339111328125
0.11236572265625
0.063751220703125
0.0886383056640625
0.0957489013671875
0.2003936767578125
0.2009124755859375
0.0706329345703125
0.1625213623046875
0.09619140625
0.227691650390625
0.1046600341796875
0.1531982421875
0.1354522705078125
0.1449432373046875
0.082672119140625
0.0872955322265625
0.2228240966796875
0.1306915283203125
0.155242919921875
0.082366943359375
0.088104248046875
0.0967559814453125
0.1486968994140625
0.0801849365234375
0.0751800537109375
0.08349609375
0.1016998291015625
0.1109161376953125
0.12109375
0.1169281005859375
0.12628173828125
0.117706298828125
0.1066131591796875
0.1337127685546875
0.086822509765625
0.126617431640625
0.0736846923828125
0.148895263671875
0.064849853515625
0.13372802734375
0.12957763671875
0.18890380859375
0.1322021484375
0.1036834716796875
0.1137237548828125
0.25140380859375
0.20513916015625
0.1444091796875
0.1490936279296875
0.152008056640625
0.0798187255859375
0.0579681396484375
0.0695343017578125
0.105194091796875
0.1894378662109375
0.1427154541015625
0.0946502685546875
0.1167144775390625
0.073150634765625
0.097503662109375
0.1622467041015625
0.0731658935546875
0.0578155517578125
0.1751251220703125
0.0627593994140625
0.133880615234375
0.076507568359375
0.1018829345703125
0.072540283203125
0.0802764892578125
0.097808837890625
0.1143646240234375
0.111572265625
0.0748138427734375
0.055877685546875
0.0823516845703125
0.135345458984375
0.06341552734375
0.1432342529296875
0.08087158203125
0.1180877685546875
0.08782958984375
0.079864501953125
0.2209625244140625
0.075408935546875
0.26043701171875
0.063385009765625
0.1203155517578125
0.14898681640625
0.0970458984375
0.1191864013671875
0.0836944580078125
0.0763092041015625
0.0628814697265625
0.1057586669921875
0.0901336669921875
0.1442718505859375
0.121002197265625
0.1707611083984375
0.2336883544921875
0.08941650390625
0.0669403076171875
0.1002044677734375
0.20904541015625
0.102783203125
0.1222076416015625
0.112518310546875
0.0906524658203125
0.1098785400390625
0.0940704345703125
0.17681884765625
0.2142181396484375
0.08331298828125
0.0900115966796875
0.0894012451171875
0.10198974609375
0.100982666015625
0.0830841064453125
0.1317596435546875
0.172393798828125
0.072113037109375
0.1383819580078125
0.163055419921875
0.0909423828125
0.0834808349609375
0.2090911865234375
0.2420196533203125
0.1729278564453125
0.16241455078125
0.1654510498046875
0.1454925537109375
0.327850341796875
0.0789947509765625
0.092010498046875
0.068084716796875
0.165008544921875
0.1840057373046875
0.1055908203125
0.1074676513671875
0.234100341796875
0.1291046142578125
0.0884857177734375
0.1450958251953125
0.09393310546875
0.070648193359375
0.1432037353515625
0.1075897216796875
0.2129058837890625
0.1629638671875
0.0820465087890625
0.0948638916015625
0.10662841796875
0.1107330322265625
0.0789031982421875
0.1098175048828125
0.23101806640625
0.0965576171875
0.2109527587890625
0.1647796630859375
0.0968780517578125
0.0658721923828125
0.17236328125
0.1513519287109375
0.0680389404296875
0.1261138916015625
0.063385009765625
0.1964569091796875
0.1631011962890625
0.2479248046875
0.0679473876953125
0.1006927490234375
0.075897216796875
0.0719451904296875
0.123260498046875
0.068511962890625
0.1110076904296875
0.11956787109375
0.12750244140625
0.139495849609375
0.0878143310546875
0.0815582275390625
0.11358642578125
0.0928497314453125
0.170257568359375
0.0965576171875
0.1551513671875
0.071533203125
0.0953826904296875
0.1230926513671875
0.1441650390625
0.10418701171875
0.1201324462890625
0.1026611328125
0.109527587890625
0.06439208984375
0.1922607421875
0.082550048828125
0.1458892822265625
0.1063690185546875
0.1931610107421875
0.0715484619140625
0.0886993408203125
0.1901702880859375
0.08544921875
0.10504150390625
0.1447296142578125
0.1348114013671875
0.140106201171875
0.0886993408203125
0.06805419921875
0.0615692138671875
0.0647430419921875
0.0773773193359375
0.1366729736328125
0.2397308349609375
0.128082275390625
0.2020111083984375
0.0771331787109375
0.09210205078125
0.067138671875
0.1096954345703125
0.1364898681640625
0.10650634765625
0.146636962890625
0.118865966796875
0.0724029541015625
0.1018829345703125
0.1413421630859375
0.0688018798828125
0.07440185546875
0.1833648681640625
0.10986328125
0.076568603515625
0.1734619140625
0.182525634765625
0.1084442138671875
0.108062744140625
0.11181640625
0.173797607421875
0.0944976806640625
0.07501220703125
0.0976715087890625
0.1129150390625
0.1206207275390625
0.118621826171875
0.081298828125
0.1005706787109375
0.137542724609375
0.0928802490234375
0.236297607421875
0.1359405517578125
0.0877227783203125
0.1565704345703125
0.125579833984375
0.12640380859375
0.0842742919921875
0.131927490234375
0.109100341796875
0.10107421875
0.11566162109375
0.08624267578125
0.0594940185546875
0.0991058349609375
0.1646575927734375
0.1787872314453125
0.1940155029296875
0.1060943603515625
0.0641326904296875
0.09564208984375
0.1055908203125
0.06951904296875
0.0879364013671875
0.1595001220703125
0.0972137451171875
0.11676025390625
0.0747833251953125
0.093475341796875
0.1494293212890625
0.2028045654296875
0.1186981201171875
0.0785980224609375
0.079681396484375
0.1277618408203125
0.1011810302734375
0.07952880859375
0.1016845703125
0.101593017578125
0.0978240966796875
0.09735107421875
0.1825714111328125
0.1699981689453125
0.0747222900390625
0.16033935546875
0.1357574462890625
0.1119842529296875
0.1567840576171875
0.0666351318359375
0.14947509765625
0.116302490234375
0.0895843505859375
0.0823211669921875
0.204925537109375
0.085418701171875
0.07110595703125
0.1179046630859375
0.0660858154296875
0.173248291015625
0.0823211669921875
0.092529296875
0.1289825439453125
0.120025634765625
0.0707550048828125
0.1838531494140625
0.13116455078125
0.0828094482421875
0.074371337890625
0.115936279296875
0.073822021484375
0.0857696533203125
0.090850830078125
0.0891265869140625
0.0792999267578125
0.21234130859375
0.097991943359375
0.1699371337890625
0.110443115234375
0.107696533203125
0.05572509765625
0.1543121337890625
0.1056365966796875
0.0950469970703125
0.1398773193359375
0.0930023193359375
0.1086273193359375
0.111419677734375
0.078765869140625
0.072906494140625
0.1425933837890625
0.19451904296875
0.0872344970703125
0.2019805908203125
0.1380157470703125
0.1685638427734375
0.0935516357421875
0.1717376708984375
0.066162109375
0.099761962890625
0.104705810546875
0.0773773193359375
0.12274169921875
0.062957763671875
0.1838531494140625
0.0949859619140625
0.0780029296875
0.0995025634765625
0.1340789794921875
0.1296844482421875
0.218902587890625
0.093353271484375
0.0727081298828125
0.1004486083984375
0.2442169189453125
0.075347900390625
0.1014404296875
0.0743560791015625
0.1218719482421875
0.0819854736328125
0.0764312744140625
0.21575927734375
0.10546875
0.1352691650390625
0.0818328857421875
0.0539398193359375
0.0751495361328125
0.1132354736328125
0.094512939453125
0.0555267333984375
0.101776123046875
0.08447265625
0.1445465087890625
0.078857421875
0.20849609375
0.072509765625
0.1970672607421875
0.184722900390625
0.0650177001953125
0.098968505859375
0.1096343994140625
0.1376495361328125
0.139892578125
0.160552978515625
0.1261138916015625
0.129058837890625
0.1220245361328125
0.136383056640625
0.101959228515625
0.19781494140625
0.08197021484375
0.1212005615234375
0.2536163330078125
0.0867919921875
0.1511688232421875
0.107574462890625
0.1710662841796875
0.0907440185546875
0.2002105712890625
0.1525115966796875
0.14410400390625
0.0776519775390625
0.1305084228515625
0.0934295654296875
0.0684356689453125
0.1284942626953125
0.0774383544921875
0.0620269775390625
0.32427978515625
0.0738983154296875
0.06488037109375
0.210968017578125
0.12249755859375
0.076324462890625
0.07415771484375
0.071502685546875
0.1369476318359375
0.07501220703125
0.2497406005859375
0.1462860107421875
0.0841217041015625
0.2358551025390625
0.1288299560546875
0.125274658203125
0.0976409912109375
0.1024322509765625
0.1188201904296875
0.2139129638671875
0.066192626953125
0.16619873046875
0.106689453125
0.1757049560546875
0.097259521484375
0.1033172607421875
0.0811920166015625
0.075347900390625
0.1507568359375
0.1114501953125
0.085906982421875
0.1470794677734375
0.092987060546875
0.10272216796875
0.1420135498046875
0.09246826171875
0.101806640625
0.1085052490234375
0.1509857177734375
0.1080780029296875
0.10302734375
0.0706787109375
0.088897705078125
0.2164459228515625
0.075439453125
0.157196044921875
0.0941314697265625
0.17584228515625
0.2330169677734375
0.133148193359375
0.0973968505859375
0.2372894287109375
0.0914459228515625
0.0869140625
0.0689697265625
0.086700439453125
0.050689697265625
0.1224365234375
0.07666015625
0.082000732421875
0.1117706298828125
0.0795135498046875
0.094879150390625
0.1109161376953125
0.0722198486328125
0.2615966796875
0.1412811279296875
0.2153778076171875
0.3230743408203125
0.08868408203125
0.091888427734375
0.0712890625
0.0826263427734375
0.1127166748046875
0.072479248046875
0.1162109375
0.0981903076171875
0.2029571533203125
0.162322998046875
0.1541748046875
0.138763427734375
0.1155242919921875
0.14404296875
0.083740234375
0.1436309814453125
0.0792388916015625
0.112762451171875
0.063079833984375
0.1292877197265625
0.133087158203125
0.0951385498046875
0.0788421630859375
0.1361236572265625
0.1154327392578125
0.0883941650390625
0.1016082763671875
0.0973052978515625
0.0701751708984375
0.126983642578125
0.134490966796875
0.0771331787109375
0.13043212890625
0.0961151123046875
0.1009368896484375
0.0771331787109375
0.163604736328125
0.0786285400390625
0.178314208984375
0.15478515625
0.096923828125
0.145843505859375
0.0800323486328125
0.0902252197265625
0.124755859375
0.0994415283203125
0.090667724609375
0.13360595703125
0.1030731201171875
0.0775146484375
0.1563262939453125
0.06549072265625
0.1123046875
0.10821533203125
0.128448486328125
0.08282470703125
0.083770751953125
0.2050628662109375
0.114105224609375
0.1302032470703125
0.0773468017578125
0.0729522705078125
0.1021881103515625
0.1248626708984375
0.0827484130859375
0.135162353515625
