0.830963134765625
0.830963134765625
0.830963134765625
0.830963134765625
0.6678314208984375
0.68328857421875
0.5912933349609375
0.6060943603515625
0.4488067626953125
0.5590057373046875
0.583251953125
0.5357818603515625
0.59735107421875
0.6121978759765625
0.5211029052734375
0.6608123779296875
0.628662109375
0.5753631591796875
0.5229339599609375
0.5003509521484375
0.47698974609375
0.59124755859375
0.6303253173828125
0.5121612548828125
0.4894866943359375
0.75341796875
0.642486572265625
0.74261474609375
0.4815826416015625
0.5721588134765625
0.5571746826171875
0.3949127197265625
0.72381591796875
0.5168609619140625
0.4655303955078125
0.52490234375
0.5823211669921875
0.6808013916015625
0.654296875
0.4785919189453125
0.72552490234375
0.590576171875
0.60028076171875
0.6394195556640625
0.6281585693359375
0.647003173828125
0.6838226318359375
0.527435302734375
0.6067047119140625
0.542327880859375
0.6358489990234375
0.6050567626953125
0.5458526611328125
0.52825927734375
0.592315673828125
0.6202239990234375
0.5396270751953125
0.5326080322265625
0.53350830078125
0.63800048828125
0.4871978759765625
0.4812774658203125
0.561309814453125
0.600311279296875
0.630859375
0.572174072265625
0.5015411376953125
0.5444183349609375
0.5739288330078125
0.5080718994140625
0.592681884765625
0.6256866455078125
0.7347869873046875
0.49267578125
0.5316619873046875
0.583282470703125
0.4452056884765625
0.479248046875
0.44580078125
0.680999755859375
0.5249786376953125
0.5625152587890625
0.6596221923828125
0.5052032470703125
0.4967803955078125
0.6735992431640625
0.5540008544921875
0.6177978515625
0.61016845703125
0.505218505859375
0.6498565673828125
0.4407806396484375
0.61187744140625
0.5640106201171875
0.595306396484375
0.513153076171875
0.5695343017578125
0.42169189453125
0.6525115966796875
0.49847412109375
0.679290771484375
0.6254425048828125
0.58465576171875
0.60699462890625
0.7323760986328125
0.5406494140625
0.678924560546875
0.5183868408203125
0.5092010498046875
0.4402923583984375
0.66326904296875
0.7161102294921875
0.585845947265625
0.6824188232421875
0.4253082275390625
0.5561065673828125
0.4915313720703125
0.5388336181640625
0.5385894775390625
0.564483642578125
0.6063690185546875
0.627777099609375
0.5218963623046875
0.38873291015625
0.45574951171875
0.60205078125
0.5012359619140625
0.4997406005859375
0.6250457763671875
0.65924072265625
0.5675201416015625
0.588409423828125
0.53558349609375
0.4986114501953125
0.543731689453125
0.4676666259765625
0.56158447265625
0.59442138671875
0.5801849365234375
0.4472808837890625
0.6031494140625
0.5618438720703125
0.5018157958984375
0.52130126953125
0.51953125
0.5762481689453125
0.64251708984375
0.676300048828125
0.663055419921875
0.5599517822265625
0.6805572509765625
0.7244873046875
0.5879669189453125
0.4585113525390625
0.6634521484375
0.34307861328125
0.70703125
0.5542755126953125
0.8841400146484375
0.473602294921875
0.6016845703125
0.5719451904296875
0.5249481201171875
0.5126800537109375
0.708770751953125
0.7239990234375
0.610565185546875
0.479736328125
0.5446929931640625
0.53533935546875
0.61993408203125
0.556610107421875
0.5121307373046875
0.6409912109375
0.5576324462890625
0.7764739990234375
0.6248931884765625
0.4857330322265625
0.598175048828125
0.6327362060546875
0.57525634765625
0.4852752685546875
0.6601715087890625
0.508514404296875
0.6116943359375
0.755157470703125
0.6720428466796875
0.5276947021484375
0.583709716796875
0.513671875
0.536224365234375
0.6280517578125
0.598175048828125
0.540924072265625
0.4525909423828125
0.522796630859375
0.484405517578125
0.781646728515625
0.6456146240234375
0.5543365478515625
0.7864227294921875
0.5821075439453125
0.52716064453125
0.4433441162109375
0.6190948486328125
0.577056884765625
0.6835479736328125
0.6397247314453125
0.5716552734375
0.46429443359375
0.5541534423828125
0.568511962890625
0.6558837890625
0.4703216552734375
0.5608978271484375
0.37322998046875
0.5710601806640625
0.6953125
0.55950927734375
0.48956298828125
0.6507720947265625
0.6591339111328125
0.5944366455078125
0.5645294189453125
0.607391357421875
0.58111572265625
0.539794921875
0.7760772705078125
0.63323974609375
0.7815399169921875
0.720184326171875
0.473419189453125
0.54150390625
0.6332855224609375
0.5519256591796875
0.681549072265625
0.622222900390625
0.6226654052734375
0.7159576416015625
0.565277099609375
0.6063385009765625
0.517303466796875
0.5428314208984375
0.5281219482421875
0.622711181640625
0.5741119384765625
0.6334991455078125
0.501922607421875
0.693023681640625
0.4775238037109375
0.6529388427734375
0.6434783935546875
0.5552215576171875
0.4401092529296875
0.72412109375
0.5498809814453125
0.5491943359375
0.5911712646484375
0.620452880859375
0.6722869873046875
0.591888427734375
0.6829376220703125
0.4141998291015625
0.52655029296875
0.8157958984375
0.4873046875
0.456878662109375
0.4934234619140625
0.68096923828125
0.63592529296875
0.581878662109375
0.5245819091796875
0.623779296875
0.5183563232421875
0.6461639404296875
0.470916748046875
0.75421142578125
0.6961822509765625
0.4843292236328125
0.390228271484375
0.6627044677734375
0.6529998779296875
0.4983367919921875
0.71728515625
0.66937255859375
0.4832611083984375
0.567108154296875
0.6339569091796875
0.4362945556640625
0.53125
0.790679931640625
0.6904449462890625
0.51171875
0.6334686279296875
0.5395050048828125
0.6495208740234375
0.573883056640625
0.5948944091796875
0.6239013671875
0.6002197265625
0.585479736328125
0.5701141357421875
0.5814056396484375
0.7598114013671875
0.577117919921875
0.496185302734375
0.7083892822265625
0.54205322265625
0.72039794921875
0.3765869140625
0.68280029296875
0.451812744140625
0.7086639404296875
0.383087158203125
0.5681610107421875
0.726531982421875
0.5927276611328125
0.5069122314453125
0.4033660888671875
0.5652313232421875
0.6186065673828125
0.6213226318359375
0.488433837890625
0.631500244140625
0.5755615234375
0.466522216796875
0.551361083984375
0.6065826416015625
0.5249481201171875
0.5598907470703125
0.3963775634765625
0.6057586669921875
0.5217437744140625
0.4503936767578125
0.484649658203125
0.6137847900390625
0.52734375
0.435821533203125
0.64599609375
0.6994171142578125
0.440704345703125
0.7549591064453125
0.7476959228515625
0.5004425048828125
0.4785919189453125
0.748382568359375
0.5344085693359375
0.7568511962890625
0.6176300048828125
0.524627685546875
0.61920166015625
0.5881195068359375
0.564361572265625
0.469085693359375
0.6846923828125
0.604766845703125
0.6816864013671875
0.4078369140625
0.5838165283203125
0.574798583984375
0.620391845703125
0.4717254638671875
0.4647369384765625
0.5635223388671875
0.61016845703125
0.615814208984375
0.683258056640625
0.62744140625
0.6096954345703125
0.6042633056640625
0.743438720703125
0.528594970703125
0.4459686279296875
0.468902587890625
0.6994171142578125
0.5048828125
0.7106170654296875
0.5760345458984375
0.5616607666015625
0.573394775390625
0.52435302734375
0.5536041259765625
0.5699920654296875
0.6681976318359375
0.5148468017578125
0.574188232421875
0.614898681640625
0.6055450439453125
0.67596435546875
0.659759521484375
0.4408721923828125
0.66229248046875
0.4594879150390625
0.7169342041015625
0.51080322265625
0.5085296630859375
0.372528076171875
0.43408203125
0.66888427734375
0.5237274169921875
0.638885498046875
0.588470458984375
0.595367431640625
0.5248565673828125
0.6930694580078125
0.5951080322265625
0.6283721923828125
0.5147705078125
0.578948974609375
0.6828460693359375
0.62799072265625
0.4914093017578125
0.7066497802734375
0.490142822265625
0.608001708984375
0.5787811279296875
0.7354888916015625
0.48931884765625
0.600494384765625
0.5193939208984375
0.5452423095703125
0.675872802734375
0.6043243408203125
0.5969390869140625
0.8188629150390625
0.6561279296875
0.552764892578125
0.45172119140625
0.53082275390625
0.69091796875
0.6973419189453125
0.61407470703125
0.6001434326171875
0.4794769287109375
0.4343719482421875
0.571258544921875
0.6395416259765625
0.5971832275390625
0.434814453125
0.589447021484375
0.6153411865234375
0.5573272705078125
0.4562530517578125
0.5836029052734375
0.5594024658203125
0.480133056640625
0.5436553955078125
0.52325439453125
0.66510009765625
0.91278076171875
0.6309661865234375
0.4636688232421875
0.63726806640625
0.529510498046875
0.523406982421875
0.554107666015625
0.6497802734375
0.763702392578125
0.469329833984375
0.5358428955078125
0.725311279296875
0.659393310546875
0.5547637939453125
0.5119476318359375
0.43804931640625
0.65826416015625
0.52032470703125
0.6002349853515625
0.5919342041015625
0.581756591796875
0.6843719482421875
0.4984893798828125
0.5562744140625
0.6424102783203125
0.572906494140625
0.5721588134765625
0.65386962890625
0.542144775390625
0.532684326171875
0.5218353271484375
0.5684051513671875
0.6565093994140625
0.6465911865234375
0.6266326904296875
0.498321533203125
0.5155029296875
0.5973358154296875
0.44000244140625
0.6107177734375
0.53582763671875
0.592437744140625
0.5635833740234375
0.5986480712890625
0.5657806396484375
0.7254791259765625
0.708740234375
0.717559814453125
0.5630035400390625
0.5422210693359375
0.54327392578125
0.5428009033203125
0.5819549560546875
0.501556396484375
0.5493927001953125
0.5717010498046875
0.5128631591796875
0.48590087890625
0.5914306640625
0.528900146484375
0.50714111328125
0.5966033935546875
0.4718170166015625
0.5753326416015625
0.659454345703125
0.533233642578125
0.5022735595703125
0.61773681640625
0.55615234375
0.663726806640625
0.504730224609375
0.5805206298828125
0.592987060546875
0.602783203125
0.4855804443359375
0.5446624755859375
0.5552825927734375
0.478118896484375
0.8160552978515625
0.5047149658203125
0.52099609375
0.69293212890625
0.4437408447265625
0.529327392578125
0.6586151123046875
0.5091552734375
0.641754150390625
0.5465850830078125
0.532073974609375
0.63385009765625
0.52337646484375
0.4989013671875
0.6507415771484375
0.4161834716796875
0.632781982421875
0.50225830078125
0.550994873046875
0.5923919677734375
0.5556488037109375
0.5282745361328125
0.6114044189453125
0.5291900634765625
0.44598388671875
0.6457977294921875
0.6374664306640625
0.55499267578125
0.561279296875
0.525634765625
0.633331298828125
0.60662841796875
0.4759063720703125
0.70184326171875
0.5554656982421875
0.643402099609375
0.5668487548828125
0.587158203125
0.577362060546875
0.60491943359375
0.4389801025390625
0.56524658203125
