1.1591796875
1.1591796875
1.1591796875
1.1591796875
1.1591796875
1.0941009521484375
1.07171630859375
1.2402496337890625
0.96185302734375
1.0554962158203125
1.1033782958984375
1.0317230224609375
0.9479217529296875
1.020904541015625
1.000396728515625
1.07830810546875
0.9283599853515625
0.90533447265625
0.919097900390625
1.1206207275390625
0.9608154296875
0.887939453125
1.0842742919921875
0.95867919921875
1.1298675537109375
0.951141357421875
0.9209442138671875
0.9575347900390625
1.044647216796875
0.8844757080078125
1.106658935546875
0.90716552734375
0.7953948974609375
1.14892578125
0.9398956298828125
0.982269287109375
1.03466796875
0.982452392578125
0.9617462158203125
1.1700897216796875
1.096710205078125
0.9899139404296875
0.9688720703125
0.930694580078125
0.9709320068359375
0.9495849609375
1.0711212158203125
1.0048675537109375
0.9870758056640625
1.0017547607421875
1.02581787109375
0.9224853515625
0.94635009765625
0.9685211181640625
1.1539154052734375
1.1307373046875
1.037506103515625
1.1868133544921875
1.133026123046875
0.981292724609375
0.971832275390625
1.023651123046875
1.1283721923828125
1.0275421142578125
0.8612213134765625
1.273590087890625
1.0644683837890625
1.09649658203125
1.1273345947265625
1.0141448974609375
0.789031982421875
1.0659332275390625
1.068389892578125
1.0811920166015625
0.9154815673828125
1.0225677490234375
0.9827423095703125
0.8963470458984375
0.8797149658203125
0.986968994140625
0.86932373046875
0.86065673828125
1.025390625
1.00579833984375
1.03228759765625
0.94110107421875
1.0284881591796875
1.00311279296875
0.96441650390625
1.07354736328125
1.041717529296875
1.0595855712890625
1.081298828125
0.889190673828125
1.1391143798828125
1.027374267578125
0.9364166259765625
0.9794158935546875
0.8561553955078125
1.07000732421875
0.975982666015625
0.9565887451171875
0.921966552734375
0.9517669677734375
1.094451904296875
1.0357666015625
1.1360931396484375
0.9717559814453125
0.904815673828125
1.0696563720703125
0.871002197265625
0.8849029541015625
0.9439849853515625
0.824859619140625
0.9639739990234375
0.9158935546875
0.977447509765625
1.0511474609375
1.0579681396484375
1.138397216796875
1.0238800048828125
0.9803924560546875
0.9656524658203125
1.10382080078125
0.888885498046875
1.1219024658203125
0.969268798828125
1.1484527587890625
0.7792816162109375
0.933685302734375
0.9773712158203125
0.977874755859375
1.0177459716796875
0.867462158203125
1.073089599609375
1.0399932861328125
1.089019775390625
1.029388427734375
1.0439910888671875
1.134002685546875
1.0379486083984375
0.9337921142578125
1.135009765625
0.9149169921875
0.985107421875
1.096893310546875
1.0633544921875
1.0123748779296875
1.011505126953125
1.023956298828125
1.1159515380859375
1.125701904296875
0.939697265625
0.9023590087890625
0.914215087890625
1.104766845703125
1.025054931640625
0.9585723876953125
0.9959564208984375
0.958770751953125
0.9926910400390625
1.03265380859375
0.9452056884765625
1.02435302734375
0.9786376953125
1.053863525390625
0.8891754150390625
1.032867431640625
1.0357208251953125
0.9705657958984375
0.9453277587890625
0.9759063720703125
0.9417266845703125
1.0566253662109375
0.9523468017578125
1.0207061767578125
0.8886566162109375
1.0570526123046875
1.024932861328125
1.00128173828125
0.9471282958984375
0.977874755859375
1.1422271728515625
0.85748291015625
1.0223846435546875
0.9160003662109375
1.0764312744140625
0.9337615966796875
1.14678955078125
1.0435333251953125
1.0366363525390625
0.9991302490234375
1.02215576171875
1.1212921142578125
0.8689117431640625
1.07086181640625
1.1079559326171875
1.1724853515625
1.1307220458984375
0.8496551513671875
1.0700836181640625
1.052825927734375
1.0964813232421875
1.0974578857421875
1.1328582763671875
1.03643798828125
1.038482666015625
1.013275146484375
1.09332275390625
1.0617218017578125
1.05511474609375
1.0112457275390625
1.03375244140625
1.0251617431640625
1.0780181884765625
0.8705596923828125
1.091827392578125
1.0148468017578125
1.2438507080078125
1.0437469482421875
1.104522705078125
0.958404541015625
1.0210113525390625
0.9284210205078125
0.9630279541015625
1.0208740234375
1.0583038330078125
0.95977783203125
1.0196380615234375
0.8480682373046875
0.9386444091796875
1.1311187744140625
0.9927520751953125
1.16253662109375
1.0261383056640625
0.9622344970703125
0.859466552734375
1.0106658935546875
0.94854736328125
1.07611083984375
0.9601898193359375
0.949005126953125
0.9340667724609375
0.9969635009765625
1.09893798828125
1.098114013671875
0.9512176513671875
0.9824981689453125
1.1145477294921875
1.03515625
0.9947052001953125
0.959442138671875
0.8955841064453125
1.031982421875
1.05224609375
1.068756103515625
1.14886474609375
1.0433349609375
1.0077667236328125
0.988616943359375
1.0410003662109375
0.9408721923828125
0.909698486328125
1.0328521728515625
1.0353240966796875
1.1112518310546875
0.959564208984375
1.073028564453125
0.9731292724609375
1.0883636474609375
0.9538116455078125
0.928619384765625
0.8656005859375
0.909698486328125
0.9703216552734375
0.9241943359375
1.081817626953125
1.1116180419921875
0.9694061279296875
0.9960174560546875
1.0299835205078125
1.133209228515625
1.0154876708984375
0.9368133544921875
1.0040435791015625
1.0350341796875
0.9341583251953125
1.0033416748046875
1.0023193359375
0.8558349609375
1.062347412109375
1.001708984375
1.0322723388671875
1.1096343994140625
1.019134521484375
0.856414794921875
1.09515380859375
0.9638824462890625
1.0120086669921875
0.9940032958984375
1.2595367431640625
1.111053466796875
1.21478271484375
0.9556732177734375
0.9488525390625
1.10308837890625
0.9737091064453125
0.9669647216796875
1.0393829345703125
1.064910888671875
1.116058349609375
0.9839019775390625
0.974822998046875
0.9055328369140625
1.219207763671875
1.17535400390625
0.8967132568359375
0.937896728515625
1.1430816650390625
0.89208984375
1.0858306884765625
0.94818115234375
1.097686767578125
0.907623291015625
0.9872894287109375
1.0359039306640625
0.917022705078125
1.073760986328125
1.07720947265625
1.1248626708984375
0.983917236328125
1.100067138671875
1.0015411376953125
1.089813232421875
0.904541015625
0.897430419921875
1.1513519287109375
1.0610809326171875
1.08624267578125
0.8075408935546875
0.9495086669921875
0.8583221435546875
1.03106689453125
0.8979339599609375
0.8793792724609375
0.96368408203125
1.04583740234375
1.0818634033203125
1.0915679931640625
1.0605621337890625
1.0882720947265625
1.123199462890625
1.10455322265625
1.097869873046875
0.7742462158203125
1.007537841796875
0.970703125
1.239166259765625
0.9819488525390625
1.0062103271484375
0.874786376953125
0.9149932861328125
0.9277191162109375
1.038482666015625
1.0873260498046875
0.9544677734375
0.99053955078125
1.0471343994140625
0.8826446533203125
0.9432373046875
0.9722900390625
0.9691925048828125
0.9294281005859375
1.13409423828125
0.8734130859375
0.994384765625
0.96051025390625
0.9818115234375
1.111297607421875
0.9449310302734375
0.9639739990234375
1.12213134765625
1.0452728271484375
1.0962677001953125
1.16656494140625
0.878082275390625
1.152374267578125
1.0577850341796875
0.93719482421875
1.0712432861328125
0.8181304931640625
0.9174957275390625
0.9804840087890625
0.9652862548828125
1.0188751220703125
1.0242919921875
0.9111785888671875
0.9960479736328125
0.98834228515625
0.9278717041015625
1.0420989990234375
1.219207763671875
1.0603485107421875
0.9987030029296875
1.0485076904296875
1.03131103515625
1.03973388671875
0.9743194580078125
1.037322998046875
1.0814666748046875
1.143035888671875
1.055023193359375
0.8429107666015625
1.1301727294921875
0.967071533203125
0.8135528564453125
1.2109832763671875
1.085479736328125
1.0235137939453125
1.11724853515625
0.86761474609375
0.8278045654296875
0.9045867919921875
1.1704559326171875
0.86529541015625
1.1998138427734375
0.84820556640625
1.1695709228515625
1.122589111328125
0.9651031494140625
1.1122283935546875
0.9500579833984375
0.887939453125
0.9164276123046875
1.065948486328125
1.1218719482421875
1.0679931640625
0.9997100830078125
1.16412353515625
0.89337158203125
0.9329833984375
1.1076507568359375
1.1867828369140625
0.876617431640625
1.0363922119140625
1.172821044921875
1.2206878662109375
0.9540863037109375
1.0621795654296875
0.8703155517578125
1.0550689697265625
1.0956268310546875
0.9340972900390625
1.090545654296875
0.8782806396484375
1.1117706298828125
0.8645782470703125
1.0462799072265625
1.27789306640625
1.0579071044921875
0.959991455078125
1.0012664794921875
1.022064208984375
0.980133056640625
1.0286407470703125
1.10247802734375
1.0147857666015625
1.07196044921875
0.8422698974609375
1.0687713623046875
1.035430908203125
0.889373779296875
1.0594024658203125
1.1234893798828125
1.172607421875
0.9529266357421875
1.1369476318359375
0.9516143798828125
1.067352294921875
0.910400390625
1.0106658935546875
1.0046539306640625
0.9745941162109375
0.9790496826171875
1.1153106689453125
1.1095733642578125
1.0688323974609375
1.110595703125
1.012786865234375
0.976776123046875
1.060150146484375
1.034942626953125
0.8266448974609375
1.018310546875
1.0158538818359375
0.92694091796875
1.0328369140625
1.0006866455078125
1.061798095703125
1.0992279052734375
0.94891357421875
1.0193939208984375
1.0200653076171875
1.1268157958984375
1.0475921630859375
0.984130859375
1.1295166015625
1.0455169677734375
0.9781036376953125
0.9047088623046875
1.1215972900390625
1.0645751953125
1.037384033203125
1.1927642822265625
0.8904571533203125
1.022674560546875
0.8847198486328125
0.97454833984375
0.9722137451171875
1.138458251953125
0.863494873046875
1.014739990234375
0.8526153564453125
0.89581298828125
0.931671142578125
0.9958648681640625
0.9093170166015625
1.2898712158203125
1.0151519775390625
0.960540771484375
0.8836822509765625
1.0262298583984375
1.01910400390625
0.8607635498046875
0.909637451171875
1.0311126708984375
1.0499114990234375
1.015533447265625
0.8721771240234375
0.996856689453125
0.990142822265625
0.9514923095703125
1.0674285888671875
0.90374755859375
0.8768768310546875
1.0828399658203125
1.1001434326171875
1.0743865966796875
0.956634521484375
1.0620880126953125
1.2003173828125
1.020751953125
0.940582275390625
0.9671783447265625
0.868896484375
0.92730712890625
1.219024658203125
1.0216522216796875
1.1665191650390625
1.019195556640625
1.05450439453125
0.9521331787109375
1.019287109375
1.0146636962890625
1.127197265625
0.9701080322265625
0.93780517578125
0.8374176025390625
1.103515625
1.0877838134765625
