1.357574462890625
1.357574462890625
1.357574462890625
1.357574462890625
1.357574462890625
1.3066558837890625
1.2914886474609375
1.3681488037109375
1.114288330078125
1.206512451171875
1.30462646484375
1.25762939453125
1.157562255859375
1.2506561279296875
1.2059326171875
1.283966064453125
1.126556396484375
1.1286773681640625
1.1293182373046875
1.321990966796875
1.1338653564453125
1.0707550048828125
1.275177001953125
1.107452392578125
1.3238372802734375
1.1691741943359375
1.101470947265625
1.1573028564453125
1.2307586669921875
1.0457305908203125
1.24896240234375
1.0867919921875
1.0022735595703125
1.3471221923828125
1.131622314453125
1.173431396484375
1.186248779296875
1.1840667724609375
1.175262451171875
1.3540191650390625
1.298919677734375
1.203765869140625
1.166351318359375
1.1376953125
1.2263641357421875
1.09368896484375
1.2740325927734375
1.213287353515625
1.2126617431640625
1.1990966796875
1.230621337890625
1.087677001953125
1.16009521484375
1.1369476318359375
1.3521881103515625
1.312896728515625
1.2440185546875
1.395263671875
1.2843780517578125
1.1737213134765625
1.149871826171875
1.2405242919921875
1.3334197998046875
1.21380615234375
1.02642822265625
1.4048614501953125
1.2447357177734375
1.279541015625
1.2917633056640625
1.204833984375
1.03948974609375
1.2418670654296875
1.2326202392578125
1.276519775390625
1.052581787109375
1.22723388671875
1.16522216796875
1.0360107421875
1.0495758056640625
1.1594390869140625
1.0342254638671875
1.0631256103515625
1.208160400390625
1.180938720703125
1.2342071533203125
1.1489715576171875
1.2121429443359375
1.1886138916015625
1.12164306640625
1.226654052734375
1.15496826171875
1.243011474609375
1.2650604248046875
1.0500335693359375
1.3367919921875
1.199371337890625
1.0946197509765625
1.11114501953125
1.0429840087890625
1.25146484375
1.2148284912109375
1.1635589599609375
1.124237060546875
1.130401611328125
1.318695068359375
1.2136077880859375
1.3172454833984375
1.1692657470703125
1.124755859375
1.299407958984375
1.10638427734375
1.090087890625
1.129119873046875
1.067535400390625
1.1892547607421875
1.112335205078125
1.1861724853515625
1.244476318359375
1.215087890625
1.310791015625
1.19488525390625
1.1493072509765625
1.1678924560546875
1.31280517578125
1.1002349853515625
1.30767822265625
1.1482696533203125
1.360687255859375
0.988250732421875
1.14129638671875
1.1888427734375
1.17950439453125
1.1763763427734375
1.02484130859375
1.3259124755859375
1.1919097900390625
1.3354034423828125
1.2207183837890625
1.2621917724609375
1.30255126953125
1.2316741943359375
1.1060943603515625
1.3057403564453125
1.127166748046875
1.1676483154296875
1.2661590576171875
1.2207794189453125
1.2532196044921875
1.203826904296875
1.236724853515625
1.3095550537109375
1.3179168701171875
1.1712646484375
1.1358184814453125
1.1529693603515625
1.3176116943359375
1.20660400390625
1.153228759765625
1.2234344482421875
1.127044677734375
1.16046142578125
1.2172393798828125
1.1410980224609375
1.2575225830078125
1.19097900390625
1.21807861328125
1.0541534423828125
1.2249603271484375
1.1602783203125
1.1490020751953125
1.14715576171875
1.1678314208984375
1.152557373046875
1.223419189453125
1.1549072265625
1.2282867431640625
1.05377197265625
1.247772216796875
1.216522216796875
1.2047271728515625
1.1400909423828125
1.1692047119140625
1.2895660400390625
1.0950927734375
1.2358245849609375
1.1193695068359375
1.288604736328125
1.1834564208984375
1.3084564208984375
1.2477874755859375
1.1835784912109375
1.2613372802734375
1.1896820068359375
1.3837127685546875
1.030120849609375
1.2664947509765625
1.3178253173828125
1.35345458984375
1.303924560546875
1.0484619140625
1.314910888671875
1.2241058349609375
1.287200927734375
1.319671630859375
1.34759521484375
1.24371337890625
1.238372802734375
1.1897430419921875
1.3358306884765625
1.26849365234375
1.28497314453125
1.2381439208984375
1.2900390625
1.2232513427734375
1.2309112548828125
1.0490264892578125
1.3052825927734375
1.17083740234375
1.362518310546875
1.229766845703125
1.2783660888671875
1.11798095703125
1.2361602783203125
1.1689910888671875
1.165435791015625
1.1788787841796875
1.257568359375
1.1767730712890625
1.2515869140625
1.02508544921875
1.12725830078125
1.37127685546875
1.118927001953125
1.3838958740234375
1.2445220947265625
1.127166748046875
1.0435028076171875
1.25909423828125
1.1706695556640625
1.23773193359375
1.15570068359375
1.1249542236328125
1.1270294189453125
1.207916259765625
1.3444671630859375
1.276153564453125
1.1333465576171875
1.1904296875
1.342498779296875
1.253509521484375
1.2283782958984375
1.17730712890625
1.047698974609375
1.2003021240234375
1.24749755859375
1.255126953125
1.32720947265625
1.22119140625
1.236358642578125
1.1734771728515625
1.2353515625
1.126556396484375
1.0804443359375
1.2651214599609375
1.25604248046875
1.2852630615234375
1.1526947021484375
1.29656982421875
1.16033935546875
1.2708282470703125
1.138763427734375
1.08209228515625
1.04046630859375
1.0945587158203125
1.18231201171875
1.1396636962890625
1.2851104736328125
1.2860260009765625
1.1506195068359375
1.198516845703125
1.245941162109375
1.2948760986328125
1.1909942626953125
1.14892578125
1.2136077880859375
1.2370147705078125
1.1528778076171875
1.1981964111328125
1.20111083984375
1.091552734375
1.2300567626953125
1.1690216064453125
1.2457427978515625
1.294952392578125
1.2059783935546875
1.07550048828125
1.297210693359375
1.1669921875
1.1806182861328125
1.1530609130859375
1.5108184814453125
1.25970458984375
1.357086181640625
1.1511383056640625
1.16632080078125
1.2860107421875
1.1703643798828125
1.17864990234375
1.1949005126953125
1.2326202392578125
1.312103271484375
1.1858673095703125
1.14886474609375
1.136993408203125
1.35345458984375
1.269500732421875
1.0595703125
1.137481689453125
1.376953125
1.0817413330078125
1.2855224609375
1.120880126953125
1.2525177001953125
1.0961151123046875
1.182159423828125
1.2307586669921875
1.0836944580078125
1.2522430419921875
1.2333984375
1.3201141357421875
1.174591064453125
1.3391571044921875
1.1785736083984375
1.2832794189453125
1.1063079833984375
1.1185455322265625
1.3296356201171875
1.2147369384765625
1.28668212890625
0.998626708984375
1.135589599609375
1.07891845703125
1.2008056640625
1.096954345703125
1.0960540771484375
1.122589111328125
1.2213134765625
1.3051300048828125
1.247467041015625
1.303375244140625
1.305145263671875
1.2870025634765625
1.3293914794921875
1.2801055908203125
0.9472198486328125
1.20770263671875
1.1778411865234375
1.428070068359375
1.1041259765625
1.193023681640625
1.102691650390625
1.1140899658203125
1.1576080322265625
1.203582763671875
1.2866363525390625
1.1531524658203125
1.20269775390625
1.28302001953125
1.0557708740234375
1.1260986328125
1.1743011474609375
1.213836669921875
1.1550140380859375
1.3288116455078125
1.0965728759765625
1.211669921875
1.14251708984375
1.20172119140625
1.3372955322265625
1.1614532470703125
1.1292572021484375
1.2754669189453125
1.2605743408203125
1.350250244140625
1.3319549560546875
1.05560302734375
1.310272216796875
1.2678070068359375
1.1482696533203125
1.280029296875
1.0168304443359375
1.0970611572265625
1.2244873046875
1.1776123046875
1.1623382568359375
1.1867523193359375
1.106201171875
1.2178192138671875
1.150390625
1.0893096923828125
1.2493743896484375
1.48370361328125
1.2602691650390625
1.20233154296875
1.252899169921875
1.2542724609375
1.22723388671875
1.193267822265625
1.2214202880859375
1.25604248046875
1.3744659423828125
1.1941375732421875
1.0742645263671875
1.3306121826171875
1.16778564453125
1.0124359130859375
1.4368896484375
1.2850341796875
1.214935302734375
1.3043365478515625
1.0766754150390625
1.01885986328125
1.1276092529296875
1.3085174560546875
1.0993804931640625
1.413909912109375
1.0350341796875
1.37078857421875
1.3328857421875
1.0992889404296875
1.25177001953125
1.13848876953125
1.070556640625
1.1329498291015625
1.2414093017578125
1.356048583984375
1.27410888671875
1.1601409912109375
1.260406494140625
1.0657501220703125
1.12286376953125
1.303863525390625
1.3930206298828125
1.0670928955078125
1.21942138671875
1.3897705078125
1.4207000732421875
1.203399658203125
1.1973114013671875
1.0614471435546875
1.255462646484375
1.2979888916015625
1.13104248046875
1.290985107421875
1.0848236083984375
1.2911529541015625
1.0709991455078125
1.2372283935546875
1.4445037841796875
1.250274658203125
1.138763427734375
1.1729278564453125
1.2173004150390625
1.164306640625
1.2127532958984375
1.2831573486328125
1.183258056640625
1.272247314453125
1.0572662353515625
1.2606048583984375
1.221923828125
1.0944671630859375
1.254425048828125
1.2794342041015625
1.337615966796875
1.1616363525390625
1.3324432373046875
1.1503448486328125
1.298065185546875
1.1498565673828125
1.2025146484375
1.193115234375
1.159210205078125
1.142578125
1.3419342041015625
1.309173583984375
1.2603759765625
1.294830322265625
1.25421142578125
1.1624298095703125
1.2427520751953125
1.241455078125
1.002716064453125
1.212158203125
1.2479095458984375
1.107696533203125
1.2447357177734375
1.1669464111328125
1.2049713134765625
1.2968902587890625
1.1424560546875
1.24114990234375
1.1655120849609375
1.32855224609375
1.2159576416015625
1.17034912109375
1.36480712890625
1.2274017333984375
1.12139892578125
1.066986083984375
1.3254241943359375
1.2530364990234375
1.1918182373046875
1.3968048095703125
1.0453033447265625
1.1955718994140625
1.0568695068359375
1.1479644775390625
1.1484527587890625
1.305755615234375
1.0663604736328125
1.2171478271484375
1.0842132568359375
1.02752685546875
1.112579345703125
1.1160888671875
1.0943756103515625
1.4998931884765625
1.1913299560546875
1.1535491943359375
1.0572509765625
1.285797119140625
1.241241455078125
1.0702667236328125
1.1223907470703125
1.2410888671875
1.251495361328125
1.2226715087890625
1.10333251953125
1.198699951171875
1.1801300048828125
1.144439697265625
1.32415771484375
1.1064910888671875
1.09918212890625
1.352783203125
1.2901458740234375
1.2615509033203125
1.15191650390625
1.272613525390625
1.3507232666015625
1.2143402099609375
1.12799072265625
1.172332763671875
1.0586395263671875
1.128692626953125
1.3856964111328125
1.216796875
1.38690185546875
1.2203216552734375
1.209503173828125
1.117950439453125
1.184967041015625
1.1954345703125
1.383392333984375
1.1483306884765625
1.116241455078125
1.0120697021484375
1.3102569580078125
