1.5721588134765625
1.5721588134765625
1.5721588134765625
1.5721588134765625
1.2808837890625
1.3232879638671875
1.3284759521484375
1.384918212890625
1.4906768798828125
1.361846923828125
1.4849395751953125
1.292266845703125
1.3918609619140625
1.532318115234375
1.470855712890625
1.2346343994140625
1.352325439453125
1.31878662109375
1.34234619140625
1.5085601806640625
1.5374908447265625
1.4508819580078125
1.4698486328125
1.361297607421875
1.5891876220703125
1.587188720703125
1.3957672119140625
1.4107818603515625
1.507904052734375
1.48907470703125
1.4520416259765625
1.4852142333984375
1.472869873046875
1.486541748046875
1.47039794921875
1.38641357421875
1.4975433349609375
1.516754150390625
1.3473663330078125
1.530975341796875
1.3024749755859375
1.53802490234375
1.623077392578125
1.4214630126953125
1.5049896240234375
1.5015411376953125
1.198394775390625
1.434478759765625
1.61126708984375
1.550262451171875
1.342498779296875
1.3539276123046875
1.4578857421875
1.27191162109375
1.4291839599609375
1.3702239990234375
1.663299560546875
1.37481689453125
1.40228271484375
1.423828125
1.4200439453125
1.465972900390625
1.5182342529296875
1.390045166015625
1.469970703125
1.4171905517578125
1.3379669189453125
1.5700531005859375
1.3596954345703125
1.427093505859375
1.4191436767578125
1.438079833984375
1.4130706787109375
1.5796356201171875
1.3829803466796875
1.44097900390625
1.3010711669921875
1.3969573974609375
1.089752197265625
1.5116729736328125
1.3272552490234375
1.262664794921875
1.3745574951171875
1.34686279296875
1.3778076171875
1.2583160400390625
1.2845916748046875
1.4241943359375
1.5762786865234375
1.3014373779296875
1.4810028076171875
1.31866455078125
1.51544189453125
1.536651611328125
1.44696044921875
1.4064788818359375
1.2877960205078125
1.3941802978515625
1.5350341796875
1.345458984375
1.482452392578125
1.55242919921875
1.369842529296875
1.489471435546875
1.5001068115234375
1.613616943359375
1.3431396484375
1.4871826171875
1.3096466064453125
1.31524658203125
1.294158935546875
1.4361419677734375
1.5068206787109375
1.3254547119140625
1.4633331298828125
1.36322021484375
1.4623260498046875
1.3606109619140625
1.48065185546875
1.3779296875
1.2227020263671875
1.459747314453125
1.45404052734375
1.29132080078125
1.477752685546875
1.4185333251953125
1.462310791015625
1.4909515380859375
1.4839630126953125
1.433807373046875
1.52923583984375
1.28961181640625
1.5225677490234375
1.456085205078125
1.5631256103515625
1.538116455078125
1.4114990234375
1.52978515625
1.446807861328125
1.3885345458984375
1.2691192626953125
1.3071136474609375
1.4861907958984375
1.37542724609375
1.360870361328125
1.194183349609375
1.4230499267578125
1.4777069091796875
1.325164794921875
1.4398193359375
1.2910919189453125
1.4150543212890625
1.492950439453125
1.501800537109375
1.299713134765625
1.353515625
1.580810546875
1.42156982421875
1.4317779541015625
1.3649139404296875
1.4324493408203125
1.35394287109375
1.337371826171875
1.371734619140625
1.3422088623046875
1.2339935302734375
1.3561248779296875
1.422119140625
1.517547607421875
1.5211944580078125
1.5168304443359375
1.4255523681640625
1.3955535888671875
1.38006591796875
1.4827423095703125
1.41375732421875
1.40252685546875
1.4231414794921875
1.4456787109375
1.39337158203125
1.3882904052734375
1.4332733154296875
1.400299072265625
1.3962860107421875
1.461669921875
1.272705078125
1.3277740478515625
1.4335174560546875
1.558929443359375
1.4820404052734375
1.4342498779296875
1.3191070556640625
1.3529205322265625
1.546234130859375
1.3585662841796875
1.3931121826171875
1.428436279296875
1.4430389404296875
1.451385498046875
1.351104736328125
1.64776611328125
1.4475555419921875
1.6194610595703125
1.318023681640625
1.5334625244140625
1.49407958984375
1.3389129638671875
1.554962158203125
1.3746185302734375
1.5154571533203125
1.353729248046875
1.4082794189453125
1.48846435546875
1.4185791015625
1.362579345703125
1.2740325927734375
1.331695556640625
1.32080078125
1.480010986328125
1.5707550048828125
1.372314453125
1.5907745361328125
1.294921875
1.3701171875
1.36016845703125
1.49859619140625
1.2388916015625
1.36578369140625
1.3368377685546875
1.25982666015625
1.4041595458984375
1.495697021484375
1.461883544921875
1.2684173583984375
1.530364990234375
1.38543701171875
1.337493896484375
1.48236083984375
1.58001708984375
1.46563720703125
1.5193939208984375
1.3090057373046875
1.524688720703125
1.4526519775390625
1.51336669921875
1.4385986328125
1.287689208984375
1.422088623046875
1.3751220703125
1.432525634765625
1.3642425537109375
1.42413330078125
1.319580078125
1.4195709228515625
1.3060150146484375
1.4101104736328125
1.4238433837890625
1.3394622802734375
1.5693206787109375
1.40203857421875
1.2940673828125
1.378204345703125
1.532440185546875
1.468841552734375
1.4581146240234375
1.5142669677734375
1.399993896484375
1.4176025390625
1.5413055419921875
1.5503082275390625
1.3645172119140625
1.616912841796875
1.4715576171875
1.2730560302734375
1.349884033203125
1.4227142333984375
1.356658935546875
1.2750091552734375
1.45098876953125
1.2199249267578125
1.40325927734375
1.469970703125
1.4262237548828125
1.2572784423828125
1.355560302734375
1.31512451171875
1.3256988525390625
1.558013916015625
1.4260101318359375
1.4402313232421875
1.48419189453125
1.4272003173828125
1.3986053466796875
1.530792236328125
1.384002685546875
1.447479248046875
1.4428558349609375
1.4647064208984375
1.4721221923828125
1.5107879638671875
1.3947906494140625
1.2963104248046875
1.430450439453125
1.5117950439453125
1.379425048828125
1.369384765625
1.4957275390625
1.403717041015625
1.47503662109375
1.4737548828125
1.4205474853515625
1.394134521484375
1.296356201171875
1.2044525146484375
1.428253173828125
1.4174346923828125
1.3686065673828125
1.34710693359375
1.5363311767578125
1.3184661865234375
1.483612060546875
1.3169708251953125
1.38018798828125
1.624237060546875
1.3235015869140625
1.523284912109375
1.385833740234375
1.4038238525390625
1.326019287109375
1.4635162353515625
1.3104705810546875
1.5042572021484375
1.3371734619140625
1.378509521484375
1.3446807861328125
1.3667144775390625
1.6546173095703125
1.484954833984375
1.3557281494140625
1.495941162109375
1.53253173828125
1.2990570068359375
1.514068603515625
1.59423828125
1.43463134765625
1.4098663330078125
1.2932586669921875
1.47540283203125
1.4951324462890625
1.3687744140625
1.390533447265625
1.456573486328125
1.483642578125
1.4422454833984375
1.5196380615234375
1.433990478515625
1.3370819091796875
1.4923553466796875
1.4801177978515625
1.2473602294921875
1.5078887939453125
1.417938232421875
1.44549560546875
1.41790771484375
1.49859619140625
1.418731689453125
1.24688720703125
1.4177398681640625
1.3289947509765625
1.6071929931640625
1.5493316650390625
1.4904632568359375
1.4086761474609375
1.2906036376953125
1.4815216064453125
1.415618896484375
1.368560791015625
1.398284912109375
1.5257415771484375
1.198028564453125
1.2971954345703125
1.4002838134765625
1.4747314453125
1.5023956298828125
1.26495361328125
1.3809661865234375
1.5498504638671875
1.3905181884765625
1.4069976806640625
1.4445037841796875
1.370635986328125
1.6806488037109375
1.336029052734375
1.44720458984375
1.39697265625
1.393524169921875
1.507080078125
1.429473876953125
1.329681396484375
1.435943603515625
1.70281982421875
1.4940948486328125
1.4856414794921875
1.42889404296875
1.42529296875
1.28497314453125
1.437255859375
1.5501556396484375
1.51397705078125
1.4561309814453125
1.2281341552734375
1.42108154296875
1.4809112548828125
1.55914306640625
1.3943328857421875
1.3531951904296875
1.45428466796875
1.454925537109375
1.30645751953125
1.407257080078125
1.4654693603515625
1.446441650390625
1.4928436279296875
1.418487548828125
1.4586334228515625
1.349395751953125
1.440460205078125
1.26678466796875
1.476104736328125
1.4076690673828125
1.3506011962890625
1.3220062255859375
1.3979339599609375
1.422515869140625
1.478515625
1.3519439697265625
1.2298736572265625
1.3954315185546875
1.3614044189453125
1.432952880859375
1.4947052001953125
1.733856201171875
1.3321685791015625
1.389373779296875
1.4240264892578125
1.49285888671875
1.335662841796875
1.33575439453125
1.279083251953125
1.4462890625
1.4823150634765625
1.41485595703125
1.29205322265625
1.5476531982421875
1.4676055908203125
1.3833770751953125
1.4538726806640625
1.391021728515625
1.4415130615234375
1.36785888671875
1.3894805908203125
1.306671142578125
1.3365325927734375
1.3499755859375
1.348663330078125
1.3215789794921875
1.345916748046875
1.437713623046875
1.420379638671875
1.4843292236328125
1.3659820556640625
1.4600677490234375
1.4192352294921875
1.3992919921875
1.2847900390625
1.5558013916015625
1.6048736572265625
1.376800537109375
1.1448211669921875
1.4681243896484375
1.506072998046875
1.27459716796875
1.39654541015625
1.384307861328125
1.4718475341796875
1.3717041015625
1.41729736328125
1.2503814697265625
1.6077117919921875
1.285247802734375
1.5075531005859375
1.3917083740234375
1.36279296875
1.381378173828125
1.55328369140625
1.1818389892578125
1.3214874267578125
1.566131591796875
1.26995849609375
1.2725067138671875
1.445281982421875
1.479217529296875
1.435150146484375
1.315582275390625
1.516082763671875
1.3598785400390625
1.46832275390625
1.367828369140625
1.3258056640625
1.58251953125
1.3151092529296875
1.34222412109375
1.4692840576171875
1.41351318359375
1.5655059814453125
1.455322265625
1.4738006591796875
1.6341705322265625
1.4771575927734375
1.4335784912109375
1.5441741943359375
1.366790771484375
1.44183349609375
1.3903350830078125
1.4258880615234375
1.475738525390625
1.340301513671875
1.4117889404296875
1.3312530517578125
1.567901611328125
1.4819793701171875
1.4785308837890625
1.674041748046875
1.62835693359375
1.527557373046875
1.4044647216796875
1.312255859375
1.449737548828125
1.2609710693359375
1.452301025390625
1.3355255126953125
1.393524169921875
1.2261199951171875
1.4003448486328125
1.532745361328125
1.2553558349609375
1.3505706787109375
