0.90362548828125
0.90362548828125
0.90362548828125
0.90362548828125
0.764373779296875
0.93756103515625
0.690338134765625
0.7210540771484375
0.47412109375
0.800323486328125
0.567718505859375
0.7165069580078125
0.5963134765625
0.6101837158203125
0.6543426513671875
0.5866851806640625
0.7624053955078125
0.69769287109375
0.6266632080078125
0.6236572265625
0.624969482421875
0.718719482421875
0.610076904296875
0.5896453857421875
0.6987152099609375
0.5740509033203125
0.7325439453125
0.6309814453125
0.62994384765625
0.715423583984375
0.75897216796875
0.6500701904296875
0.650360107421875
0.70782470703125
0.8839569091796875
0.63104248046875
0.6279144287109375
0.47882080078125
0.5830535888671875
0.44384765625
0.7156524658203125
0.5956878662109375
0.71820068359375
0.7865447998046875
0.59808349609375
0.6569976806640625
0.5738372802734375
0.6966400146484375
0.7090301513671875
0.7798919677734375
0.8368072509765625
0.7692108154296875
0.6124114990234375
0.7104034423828125
0.7803955078125
0.7118988037109375
0.8216400146484375
0.603485107421875
0.755889892578125
0.7391357421875
0.718170166015625
0.743255615234375
0.8271484375
0.8114471435546875
0.695709228515625
0.760528564453125
0.5338134765625
0.781890869140625
0.66510009765625
0.7570648193359375
0.960845947265625
0.6102142333984375
0.4677734375
0.597808837890625
0.7383270263671875
0.6016387939453125
0.5916900634765625
0.6849517822265625
0.80352783203125
0.625244140625
0.7010955810546875
0.8107757568359375
0.683135986328125
0.540863037109375
0.6536102294921875
0.6453094482421875
0.606842041015625
0.5807647705078125
0.705322265625
0.6205291748046875
0.6110687255859375
0.6748046875
0.692718505859375
0.660247802734375
0.5387115478515625
0.4986419677734375
0.699981689453125
0.63421630859375
0.592376708984375
0.996429443359375
0.695892333984375
0.8422393798828125
0.8029632568359375
0.59002685546875
0.83062744140625
0.8008270263671875
0.6553955078125
0.5380401611328125
0.6361541748046875
0.698486328125
0.6482086181640625
0.6595306396484375
0.60198974609375
0.61700439453125
0.564117431640625
0.772216796875
0.75384521484375
0.5846099853515625
0.6832733154296875
0.5450897216796875
0.6219635009765625
0.665771484375
0.6401519775390625
0.7294464111328125
0.6163177490234375
0.7692413330078125
0.806427001953125
0.701690673828125
0.7347869873046875
0.797088623046875
0.734527587890625
0.58294677734375
0.710235595703125
0.7402191162109375
0.674835205078125
0.6934661865234375
0.83056640625
0.763153076171875
0.69451904296875
0.53021240234375
0.7275238037109375
0.8299713134765625
0.7294921875
0.85150146484375
0.4622039794921875
0.696197509765625
0.7830657958984375
0.78460693359375
0.8239898681640625
0.923095703125
0.6708221435546875
0.672454833984375
0.7614898681640625
0.717437744140625
0.719024658203125
0.58624267578125
0.7013092041015625
0.5905914306640625
0.743865966796875
0.7415313720703125
0.669464111328125
0.8973541259765625
0.59375
0.657196044921875
0.733673095703125
0.67938232421875
0.8135528564453125
0.7484130859375
0.713653564453125
0.7479095458984375
0.7596435546875
0.50579833984375
0.7742919921875
0.739410400390625
0.6366729736328125
0.8043212890625
0.88055419921875
0.8075103759765625
0.6455078125
0.68695068359375
0.6494903564453125
0.6232147216796875
0.6966552734375
0.718963623046875
0.597320556640625
0.7812652587890625
0.622222900390625
0.63739013671875
0.695770263671875
0.7302093505859375
0.5747833251953125
0.70849609375
0.7538909912109375
0.61517333984375
0.72113037109375
0.7257232666015625
0.569244384765625
0.731689453125
0.8319244384765625
0.6297454833984375
0.760467529296875
0.73260498046875
0.637847900390625
0.665069580078125
0.65899658203125
0.66058349609375
0.656646728515625
0.644775390625
0.7425689697265625
0.8033905029296875
0.5393218994140625
0.7621002197265625
0.729705810546875
0.820068359375
0.5746917724609375
0.58770751953125
0.677276611328125
0.595367431640625
0.646240234375
0.9679107666015625
0.80609130859375
0.69793701171875
0.720916748046875
0.770660400390625
0.7819976806640625
0.67547607421875
0.7018890380859375
0.7626953125
0.690277099609375
0.7124481201171875
0.6224822998046875
0.5706787109375
0.67108154296875
0.6737213134765625
0.5995941162109375
0.62469482421875
0.6682891845703125
0.5481719970703125
0.71722412109375
0.673980712890625
0.647491455078125
0.7088165283203125
0.71832275390625
0.7635345458984375
0.6258697509765625
0.7118072509765625
0.660675048828125
0.6145782470703125
0.81048583984375
0.663970947265625
0.532989501953125
0.687042236328125
0.7423095703125
0.544097900390625
0.54931640625
0.7397613525390625
0.7538909912109375
0.6854705810546875
0.8000335693359375
0.6642303466796875
0.8306427001953125
0.60845947265625
0.771881103515625
0.686370849609375
0.638671875
0.8045654296875
0.6304779052734375
0.6296844482421875
0.7852630615234375
0.7127532958984375
0.8043975830078125
0.716461181640625
0.6173248291015625
0.4933624267578125
0.7433319091796875
0.8341522216796875
0.771026611328125
0.6778717041015625
0.905975341796875
0.7421875
0.6879119873046875
0.6887969970703125
0.6003570556640625
0.639617919921875
0.7171478271484375
0.7678985595703125
0.52294921875
0.8409271240234375
0.639862060546875
0.753021240234375
0.5220947265625
0.5884246826171875
0.73614501953125
0.6755218505859375
0.56805419921875
0.7078094482421875
0.6388702392578125
0.7050628662109375
0.7559967041015625
0.680908203125
0.781829833984375
0.68365478515625
0.7532501220703125
0.8344268798828125
0.8142242431640625
0.67431640625
0.6666259765625
0.661376953125
0.744873046875
0.7149505615234375
0.5654144287109375
0.6512603759765625
0.6541595458984375
0.70672607421875
0.7397613525390625
0.594970703125
0.8046722412109375
0.57537841796875
0.5789642333984375
0.7096099853515625
0.662841796875
0.682220458984375
0.688812255859375
0.6834564208984375
0.6283721923828125
0.6589508056640625
0.56988525390625
0.6790924072265625
0.6768646240234375
0.75079345703125
0.7639923095703125
0.7622833251953125
0.685455322265625
0.782379150390625
0.681671142578125
0.6561126708984375
0.6818084716796875
0.6372222900390625
0.5403289794921875
0.691680908203125
0.7298431396484375
0.566314697265625
0.6775054931640625
0.5805206298828125
0.723846435546875
0.6084442138671875
0.8057861328125
0.788543701171875
0.5347137451171875
0.762115478515625
0.7867584228515625
0.662353515625
0.788360595703125
0.7164154052734375
0.69219970703125
0.71435546875
0.6517486572265625
0.6806488037109375
0.7797393798828125
0.7223052978515625
0.716796875
0.5809326171875
0.786865234375
0.6724395751953125
0.8052978515625
0.70391845703125
0.6730194091796875
0.7163238525390625
0.8413848876953125
0.63433837890625
0.83392333984375
0.703369140625
0.66925048828125
0.68365478515625
0.6441650390625
0.673431396484375
0.697601318359375
0.61822509765625
0.70172119140625
0.575653076171875
0.6357421875
0.697174072265625
0.5908050537109375
0.728912353515625
0.797607421875
0.6529541015625
0.730316162109375
0.5436248779296875
0.709503173828125
0.763458251953125
0.614532470703125
0.6642913818359375
0.6827850341796875
0.5233154296875
0.5566558837890625
0.7200775146484375
0.70074462890625
0.5956878662109375
0.7268524169921875
0.7523956298828125
0.6965484619140625
0.5916900634765625
0.69964599609375
0.598602294921875
0.5831146240234375
0.7514190673828125
0.5827178955078125
0.5446319580078125
0.6431732177734375
0.5468597412109375
0.624664306640625
0.629425048828125
0.8430328369140625
0.7225341796875
0.75738525390625
0.868682861328125
0.6699676513671875
0.61480712890625
0.65057373046875
0.798065185546875
0.678375244140625
0.70623779296875
0.6232147216796875
0.7162017822265625
0.699066162109375
0.4870758056640625
0.81341552734375
0.641571044921875
0.8131256103515625
0.6121368408203125
0.7671966552734375
0.632080078125
0.621063232421875
0.5909423828125
0.6865081787109375
0.5850830078125
0.6893463134765625
0.7195892333984375
0.6789398193359375
0.642181396484375
0.6367950439453125
0.6076202392578125
0.655029296875
0.7257843017578125
0.760650634765625
0.670166015625
0.7437896728515625
0.793975830078125
0.6764984130859375
0.57196044921875
0.790435791015625
0.7900543212890625
0.7650604248046875
0.74609375
0.8354949951171875
0.6627349853515625
0.5808563232421875
0.65380859375
0.7574310302734375
0.67755126953125
0.5115966796875
0.75152587890625
0.7610015869140625
0.7007293701171875
0.631622314453125
0.732177734375
0.630218505859375
0.6924591064453125
0.7306365966796875
0.7109222412109375
0.7805633544921875
0.5005950927734375
0.7641448974609375
0.851531982421875
0.67608642578125
0.824249267578125
0.6945953369140625
0.6488189697265625
0.820709228515625
0.6829986572265625
0.6323089599609375
0.58074951171875
0.77044677734375
0.7493133544921875
0.618072509765625
0.8876190185546875
0.5064849853515625
0.7424774169921875
0.6602783203125
0.74090576171875
0.5406494140625
0.738037109375
0.555084228515625
0.732940673828125
0.6066436767578125
0.7052764892578125
0.65167236328125
0.67120361328125
0.6507415771484375
0.65936279296875
0.6601409912109375
0.6005401611328125
0.6835784912109375
0.66986083984375
0.831298828125
0.6778106689453125
0.7266693115234375
0.656219482421875
0.6870880126953125
0.7053070068359375
0.6879425048828125
0.73406982421875
0.5093841552734375
0.6036529541015625
0.6352691650390625
0.668853759765625
0.6754302978515625
0.622528076171875
0.673248291015625
0.57293701171875
0.8853912353515625
0.6329345703125
0.7465667724609375
0.53668212890625
0.7364349365234375
0.815826416015625
0.78155517578125
0.644805908203125
0.7874755859375
0.79840087890625
0.7878570556640625
0.726318359375
0.65179443359375
0.5297088623046875
0.807952880859375
0.6016693115234375
0.573211669921875
0.589691162109375
0.6907196044921875
0.5843048095703125
0.7352447509765625
0.666900634765625
0.6434478759765625
0.5782012939453125
0.6438446044921875
0.6237945556640625
0.63330078125
0.6192779541015625
0.5785675048828125
0.5224609375
0.7371673583984375
0.73516845703125
0.59649658203125
0.680206298828125
0.616729736328125
0.6020660400390625
0.5939483642578125
0.69940185546875
0.6672210693359375
0.7639923095703125
0.6234893798828125
0.682708740234375
0.448944091796875
0.525543212890625
0.6567230224609375
0.6202850341796875
0.5840911865234375
0.6793670654296875
0.608306884765625
0.631988525390625
