1.5721588134765625
1.5721588134765625
1.5721588134765625
0.0
0.0
1.434356689453125
1.4139556884765625
1.5436248779296875
1.4973907470703125
1.3893280029296875
0.0
1.5926361083984375
1.51885986328125
1.4067230224609375
1.384368896484375
0.0
0.0
1.3726348876953125
0.0
0.0
0.0
1.3879852294921875
1.5124359130859375
1.414947509765625
1.3354949951171875
1.3633880615234375
1.3979949951171875
1.598114013671875
1.3063812255859375
0.0
1.414215087890625
1.552032470703125
1.49017333984375
1.39593505859375
1.5409698486328125
1.4960479736328125
0.0
1.4715576171875
1.5485076904296875
1.3094482421875
1.4482269287109375
0.0
1.47174072265625
1.3937835693359375
1.31695556640625
1.337554931640625
1.52337646484375
0.0
0.0
1.4873504638671875
1.242584228515625
1.379180908203125
1.506500244140625
1.4822235107421875
0.0
1.2722625732421875
1.456512451171875
0.0
0.0
1.4284515380859375
1.4864349365234375
1.4712371826171875
1.4322357177734375
1.5960693359375
1.5423126220703125
1.5811920166015625
1.3659210205078125
1.363555908203125
1.5261688232421875
1.3850250244140625
1.3886260986328125
0.0
1.3930206298828125
1.5337677001953125
1.412353515625
1.629486083984375
1.33148193359375
1.471038818359375
0.0
1.449676513671875
1.3969268798828125
1.265594482421875
1.411346435546875
1.450592041015625
1.31695556640625
1.5231475830078125
1.3325042724609375
1.51025390625
0.0
0.0
1.4597015380859375
1.38848876953125
0.0
1.42547607421875
1.4637603759765625
1.452728271484375
1.4445037841796875
1.4357452392578125
1.55291748046875
1.2334442138671875
0.0
0.0
0.0
1.3954620361328125
0.0
1.5156402587890625
1.3917694091796875
1.3608551025390625
1.3720703125
1.4493560791015625
1.5512847900390625
0.0
1.276336669921875
0.0
0.0
0.0
1.39739990234375
1.4958953857421875
1.4412384033203125
1.46405029296875
0.0
1.3578338623046875
1.446258544921875
1.2943572998046875
0.0
1.36395263671875
1.5209197998046875
1.4008636474609375
1.4397430419921875
1.3639068603515625
1.4075927734375
1.4994964599609375
1.4533538818359375
1.4649200439453125
0.0
1.4578704833984375
1.3318634033203125
1.4317169189453125
1.438201904296875
1.3094635009765625
1.2360382080078125
1.24029541015625
1.2793121337890625
1.2624969482421875
0.0
1.442657470703125
1.3289642333984375
1.3779144287109375
1.376861572265625
1.4556884765625
1.394073486328125
1.29913330078125
1.365936279296875
1.301727294921875
1.4857330322265625
1.3306121826171875
1.451904296875
1.47222900390625
0.0
1.3915252685546875
1.3793792724609375
1.394012451171875
1.4497528076171875
1.50103759765625
0.0
0.0
0.0
1.319488525390625
1.343109130859375
1.303497314453125
1.5068359375
1.4729461669921875
1.2694091796875
1.32989501953125
1.554595947265625
1.3461761474609375
0.0
0.0
0.0
1.43670654296875
1.202239990234375
0.0
0.0
0.0
1.46392822265625
1.325927734375
1.2146759033203125
1.5050201416015625
1.39556884765625
1.25408935546875
0.0
1.319366455078125
0.0
1.2866668701171875
1.5481414794921875
0.0
0.0
0.0
1.314605712890625
0.0
1.3971099853515625
1.4688720703125
1.5092315673828125
1.4809417724609375
1.4607696533203125
0.0
0.0
1.48052978515625
0.0
0.0
1.3261566162109375
1.3222198486328125
1.5150146484375
1.4047088623046875
1.4583282470703125
1.29327392578125
1.439300537109375
1.3973846435546875
1.465362548828125
1.3602447509765625
1.420867919921875
1.4154052734375
1.3270263671875
1.36944580078125
1.46075439453125
1.3496246337890625
0.0
1.2113800048828125
1.322113037109375
1.41717529296875
1.440185546875
1.3879852294921875
1.53118896484375
1.29559326171875
1.54254150390625
1.302703857421875
1.4906005859375
0.0
1.421112060546875
1.3594512939453125
1.39764404296875
1.3500823974609375
1.4002227783203125
1.4745330810546875
1.666015625
1.3101043701171875
1.5111846923828125
1.13092041015625
1.324493408203125
1.3951263427734375
1.4627532958984375
1.3247222900390625
1.5408782958984375
1.281524658203125
0.0
1.4302825927734375
1.463623046875
1.5825653076171875
1.4485626220703125
1.450958251953125
1.502960205078125
1.4776763916015625
1.474853515625
1.508148193359375
1.28485107421875
1.4850616455078125
1.2217864990234375
1.39251708984375
1.5206146240234375
1.461639404296875
1.5805816650390625
1.5506744384765625
1.46307373046875
1.4266510009765625
1.3911285400390625
1.3884429931640625
0.0
1.39654541015625
1.5694732666015625
0.0
1.388763427734375
1.398681640625
1.3807373046875
1.4482269287109375
1.4879150390625
1.4565277099609375
1.560943603515625
1.4533843994140625
0.0
0.0
0.0
1.435272216796875
0.0
0.0
0.0
0.0
0.0
1.512542724609375
1.4326629638671875
1.4114532470703125
1.47796630859375
0.0
1.47393798828125
1.39697265625
1.431884765625
0.0
0.0
1.3396148681640625
1.44384765625
1.370391845703125
1.3932952880859375
1.234649658203125
1.490936279296875
1.39349365234375
1.3927764892578125
1.4785308837890625
1.4410247802734375
1.3240509033203125
1.3493804931640625
1.365020751953125
1.29266357421875
1.2193145751953125
1.38720703125
1.2590789794921875
1.3056488037109375
1.4814453125
1.385772705078125
1.395477294921875
0.0
0.0
1.3764495849609375
1.3840789794921875
1.3250274658203125
1.4768524169921875
1.3262786865234375
0.0
0.0
1.4117584228515625
1.1770477294921875
1.4341888427734375
1.3025360107421875
1.3281707763671875
0.0
0.0
0.0
1.3244781494140625
1.49078369140625
0.0
0.0
1.5521240234375
1.5167999267578125
1.5016021728515625
1.6007843017578125
0.0
0.0
1.3497772216796875
1.433135986328125
1.3317718505859375
1.4519195556640625
0.0
1.5968170166015625
1.403900146484375
1.320159912109375
1.42327880859375
1.550811767578125
1.4954071044921875
1.384246826171875
1.35321044921875
1.250823974609375
1.3993682861328125
1.5419464111328125
0.0
1.2945709228515625
1.3539886474609375
1.3565216064453125
1.4956207275390625
1.3645782470703125
1.36090087890625
0.0
0.0
1.509674072265625
0.0
1.4783782958984375
1.42041015625
0.0
0.0
1.171295166015625
1.376678466796875
1.3958740234375
1.3476715087890625
1.2950286865234375
0.0
1.35784912109375
1.453857421875
1.32635498046875
1.475799560546875
1.49420166015625
0.0
0.0
1.3398284912109375
1.591339111328125
1.3730621337890625
1.3943328857421875
1.4438934326171875
1.4434967041015625
1.3534698486328125
0.0
0.0
0.0
0.0
1.4518890380859375
1.4969940185546875
1.2523193359375
1.3082733154296875
0.0
1.4416046142578125
1.48114013671875
1.4972991943359375
1.4162445068359375
1.440093994140625
1.4029693603515625
1.46197509765625
0.0
0.0
0.0
1.2437591552734375
1.3857574462890625
1.4496917724609375
1.470916748046875
1.229400634765625
1.3887481689453125
1.2821807861328125
0.0
1.4171142578125
1.370269775390625
1.382171630859375
0.0
0.0
1.438201904296875
1.2808685302734375
0.0
0.0
1.5982208251953125
1.4449462890625
1.4131011962890625
1.424041748046875
1.374603271484375
1.3543853759765625
1.3802947998046875
1.5590972900390625
1.5422210693359375
0.0
0.0
0.0
0.0
1.5802154541015625
1.38323974609375
1.3635101318359375
1.405517578125
1.257110595703125
1.339813232421875
1.519866943359375
1.474853515625
1.526153564453125
1.40191650390625
0.0
1.3164520263671875
1.3172760009765625
1.308135986328125
0.0
1.50244140625
1.3995819091796875
1.3201141357421875
0.0
1.6563262939453125
1.409027099609375
0.0
0.0
0.0
1.391815185546875
1.437835693359375
1.4787139892578125
1.46343994140625
1.5821075439453125
1.37713623046875
1.6502532958984375
0.0
1.33795166015625
1.328521728515625
1.34930419921875
1.4593048095703125
1.40289306640625
1.4369659423828125
0.0
1.50115966796875
1.3430328369140625
1.3348236083984375
1.328125
0.0
1.4391326904296875
0.0
0.0
1.508209228515625
1.26165771484375
1.319427490234375
1.25408935546875
0.0
0.0
1.4083099365234375
1.40032958984375
1.3853302001953125
1.3670806884765625
1.32379150390625
0.0
0.0
1.269561767578125
1.552703857421875
0.0
1.3763885498046875
1.3311004638671875
1.253936767578125
0.0
1.30670166015625
1.3330841064453125
1.321502685546875
1.4324798583984375
1.365692138671875
1.319488525390625
1.4785614013671875
0.0
0.0
1.3673553466796875
1.56231689453125
1.55731201171875
1.3613433837890625
1.4611968994140625
1.410430908203125
1.4210662841796875
1.4925537109375
0.0
0.0
1.3200836181640625
1.376800537109375
1.3725433349609375
1.3620758056640625
0.0
1.3897705078125
1.4379425048828125
0.0
1.4659576416015625
1.2962493896484375
0.0
0.0
1.36041259765625
1.3866729736328125
1.3679656982421875
1.433746337890625
1.37921142578125
0.0
0.0
0.0
0.0
0.0
1.4914093017578125
1.3339996337890625
1.3937225341796875
0.0
1.42755126953125
1.2498931884765625
1.44439697265625
1.3994293212890625
1.417694091796875
1.3289337158203125
1.426483154296875
0.0
0.0
1.2110595703125
1.3669586181640625
1.4582366943359375
1.5221099853515625
0.0
0.0
1.4010009765625
1.3863525390625
1.522308349609375
1.4293975830078125
1.5244293212890625
1.3746185302734375
1.3531036376953125
1.2857208251953125
1.3961029052734375
1.3903656005859375
1.351837158203125
1.3610992431640625
1.412628173828125
1.4016876220703125
1.414337158203125
1.2730865478515625
0.0
0.0
1.362518310546875
1.3284454345703125
1.4529571533203125
1.3419342041015625
1.422393798828125
0.0
0.0
1.187835693359375
1.3509979248046875
1.50775146484375
1.628448486328125
0.0
0.0
1.276641845703125
1.403717041015625
1.3067169189453125
1.4212493896484375
1.3247528076171875
1.48455810546875
1.3730621337890625
1.3267669677734375
1.46014404296875
1.404266357421875
1.226776123046875
1.4496002197265625
1.5631103515625
1.4091796875
1.35760498046875
0.0
0.0
1.434600830078125
1.26873779296875
1.5486907958984375
1.200347900390625
1.404693603515625
1.491363525390625
0.0
1.43255615234375
1.3079376220703125
1.3685760498046875
1.5157470703125
1.539459228515625
1.38592529296875
1.3376312255859375
1.3826751708984375
1.3814544677734375
1.43719482421875
1.475433349609375
0.0
1.3247222900390625
0.0
0.0
1.376708984375
1.4204254150390625
1.2969970703125
0.0
1.58978271484375
1.494659423828125
0.0
0.0
1.4227752685546875
1.44049072265625
1.3175506591796875
1.3412322998046875
1.4787139892578125
0.0
0.0
1.437347412109375
0.0
1.415985107421875
1.4444580078125
1.2607879638671875
1.5233917236328125
1.3653717041015625
1.482025146484375
1.380340576171875
0.0
0.0
1.48345947265625
1.3810272216796875
1.3831634521484375
1.5601043701171875
1.2997283935546875
1.504180908203125
0.0
1.30438232421875
1.2768096923828125
1.4467926025390625
1.42071533203125
0.0
1.42840576171875
1.410919189453125
1.4111328125
0.0
1.36126708984375
1.3905029296875
1.4528350830078125
1.40985107421875
1.5108184814453125
1.341705322265625
1.2793121337890625
0.0
1.4113006591796875
1.3167572021484375
1.484161376953125
1.3525848388671875
1.3951263427734375
0.0
1.4764251708984375
1.430450439453125
1.2806854248046875
1.501922607421875
1.398040771484375
1.3430633544921875
1.470001220703125
