1.5721588134765625
1.5721588134765625
1.5721588134765625
1.5721588134765625
1.5721588134765625
1.5721588134765625
1.4361419677734375
1.44696044921875
1.4452972412109375
1.2752685546875
1.42071533203125
1.388885498046875
1.1949920654296875
1.472564697265625
1.3714752197265625
1.488037109375
1.5096282958984375
1.33465576171875
1.3345489501953125
1.341522216796875
1.335723876953125
1.430755615234375
1.503448486328125
1.394622802734375
1.5381622314453125
1.4457550048828125
1.3785858154296875
1.2489471435546875
1.4864654541015625
1.316986083984375
1.4290313720703125
1.4290618896484375
1.450103759765625
1.48944091796875
1.5166473388671875
1.353363037109375
1.5196075439453125
1.4949951171875
1.4336090087890625
1.532470703125
1.3437042236328125
1.392486572265625
1.308929443359375
1.1360931396484375
1.3670806884765625
1.41033935546875
1.3649139404296875
1.4693450927734375
1.5645599365234375
1.288909912109375
1.436248779296875
1.44146728515625
1.38580322265625
1.4609375
1.558624267578125
1.2987518310546875
1.29449462890625
1.6428985595703125
1.447235107421875
1.3627471923828125
1.52459716796875
1.5406646728515625
1.1223297119140625
1.446380615234375
1.3122711181640625
1.5897674560546875
1.5374603271484375
1.3556365966796875
1.4345703125
1.499114990234375
1.481719970703125
1.309173583984375
1.294403076171875
1.3773345947265625
1.2824249267578125
1.45770263671875
1.4580841064453125
1.4630584716796875
1.2970123291015625
1.50836181640625
1.3458251953125
1.4664306640625
1.390228271484375
1.3610687255859375
1.4464263916015625
1.3702545166015625
1.3740081787109375
1.4967193603515625
1.313690185546875
1.3645477294921875
1.174072265625
1.435333251953125
1.40887451171875
1.4241485595703125
1.4469451904296875
1.59515380859375
1.5224151611328125
1.367401123046875
1.446502685546875
1.4330596923828125
1.3292083740234375
1.5341644287109375
1.455780029296875
1.43359375
1.549591064453125
1.4570465087890625
1.391937255859375
1.2694091796875
1.419158935546875
1.4194488525390625
1.2889404296875
1.5098114013671875
1.359649658203125
1.4495697021484375
1.337554931640625
1.3915557861328125
1.3384857177734375
1.5584716796875
1.534149169921875
1.4054107666015625
1.27117919921875
1.4554290771484375
1.5059814453125
1.3167724609375
1.3566131591796875
1.509613037109375
1.388214111328125
1.4462738037109375
1.4214630126953125
1.311309814453125
1.387969970703125
1.3542022705078125
1.4136505126953125
1.34820556640625
1.43377685546875
1.430084228515625
1.2902069091796875
1.4055328369140625
1.5138092041015625
1.2898406982421875
1.497344970703125
1.3560333251953125
1.3723907470703125
1.44586181640625
1.296844482421875
1.595428466796875
1.4278564453125
1.4615325927734375
1.3726654052734375
1.4631195068359375
1.394378662109375
1.4364013671875
1.476715087890625
1.476409912109375
1.563873291015625
1.584686279296875
1.35009765625
1.447906494140625
1.4144134521484375
1.1991729736328125
1.428192138671875
1.4347991943359375
1.2324981689453125
1.4031219482421875
1.4680633544921875
1.3930511474609375
1.2633514404296875
1.423309326171875
1.4891815185546875
1.463958740234375
1.41851806640625
1.2533721923828125
1.408172607421875
1.410797119140625
1.4091796875
1.352142333984375
1.453216552734375
1.4057159423828125
1.4446258544921875
1.517974853515625
1.4744720458984375
1.464691162109375
1.5560150146484375
1.416168212890625
1.277374267578125
1.34771728515625
1.44671630859375
1.4762420654296875
1.499908447265625
1.2902679443359375
1.395111083984375
1.35540771484375
1.4778900146484375
1.2427215576171875
1.3904571533203125
1.4244537353515625
1.5485687255859375
1.47412109375
1.38494873046875
1.47271728515625
1.3562164306640625
1.32647705078125
1.2899932861328125
1.4724273681640625
1.4535675048828125
1.4364166259765625
1.483734130859375
1.45330810546875
1.30889892578125
1.3912506103515625
1.306182861328125
1.432647705078125
1.4897613525390625
1.4536285400390625
1.60455322265625
1.2368316650390625
1.33868408203125
1.265472412109375
1.369384765625
1.5912017822265625
1.571319580078125
1.27142333984375
1.4890289306640625
1.5034332275390625
1.4355010986328125
1.453765869140625
1.375640869140625
1.56304931640625
1.4048004150390625
1.230224609375
1.5204620361328125
1.4099273681640625
1.434326171875
1.373565673828125
1.5348358154296875
1.34393310546875
1.477752685546875
1.2993011474609375
1.3767242431640625
1.4564208984375
1.510650634765625
1.3761138916015625
1.449188232421875
1.353668212890625
1.45703125
1.419158935546875
1.4144134521484375
1.3366546630859375
1.4444580078125
1.3409423828125
1.399627685546875
1.5542144775390625
1.4403839111328125
1.1776275634765625
1.55841064453125
1.4525146484375
1.4388275146484375
1.5739898681640625
1.2257232666015625
1.2760772705078125
1.241363525390625
1.52099609375
1.393768310546875
1.4352569580078125
1.2820892333984375
1.440673828125
1.526275634765625
1.3602447509765625
1.424896240234375
1.311492919921875
1.4360809326171875
1.4558868408203125
1.378936767578125
1.3599700927734375
1.4441680908203125
1.5015869140625
1.2407379150390625
1.4313201904296875
1.50946044921875
1.4010772705078125
1.44683837890625
1.4163970947265625
1.3800506591796875
1.51165771484375
1.4555511474609375
1.4750823974609375
1.4744415283203125
1.2812957763671875
1.4890899658203125
1.4355621337890625
1.3366851806640625
1.3990936279296875
1.3785858154296875
1.573974609375
1.4503631591796875
1.370941162109375
1.572357177734375
1.4395294189453125
1.316741943359375
1.450225830078125
1.44805908203125
1.3895416259765625
1.3272857666015625
1.38671875
1.598236083984375
1.4450225830078125
1.372589111328125
1.4764556884765625
1.4579315185546875
1.57391357421875
1.3395538330078125
1.4306793212890625
1.33990478515625
1.4877777099609375
1.3469085693359375
1.380157470703125
1.3230133056640625
1.55950927734375
1.3752899169921875
1.449951171875
1.4591217041015625
1.43402099609375
1.2252960205078125
1.4759368896484375
1.2817535400390625
1.56036376953125
1.5644683837890625
1.3870391845703125
1.34063720703125
1.5082244873046875
1.45013427734375
1.318328857421875
1.525299072265625
1.41094970703125
1.398223876953125
1.4609527587890625
1.533416748046875
1.314178466796875
1.4391326904296875
1.583831787109375
1.4528045654296875
1.382232666015625
1.4772796630859375
1.2488861083984375
1.4052276611328125
1.5469512939453125
1.36627197265625
1.495635986328125
1.3830718994140625
1.366180419921875
1.5546112060546875
1.5209808349609375
1.5326385498046875
1.378173828125
1.337921142578125
1.53271484375
1.256927490234375
1.420379638671875
1.426513671875
1.621337890625
1.383819580078125
1.4127197265625
1.3465728759765625
1.360870361328125
1.3870849609375
1.4854736328125
1.317718505859375
1.4466400146484375
1.4896087646484375
1.4307403564453125
1.3537139892578125
1.5644378662109375
1.346160888671875
1.35693359375
1.618316650390625
1.47528076171875
1.5279388427734375
1.3470916748046875
1.3168487548828125
1.3875885009765625
1.4243621826171875
1.2891082763671875
1.245269775390625
1.6328277587890625
1.444122314453125
1.335235595703125
1.372283935546875
1.405853271484375
1.3907470703125
1.51629638671875
1.3820648193359375
1.4573211669921875
1.464202880859375
1.3758544921875
1.3344879150390625
1.3830718994140625
1.5779266357421875
1.2382659912109375
1.26116943359375
1.4731292724609375
1.4011383056640625
1.4512481689453125
1.4267578125
1.413177490234375
1.4420928955078125
1.4734039306640625
1.468658447265625
1.239166259765625
1.3192901611328125
1.3018951416015625
1.3457794189453125
1.37493896484375
1.300506591796875
1.4533843994140625
1.518890380859375
1.403717041015625
1.4762725830078125
1.33465576171875
1.351287841796875
1.294952392578125
1.509368896484375
1.4599761962890625
1.3247528076171875
1.473388671875
1.6011199951171875
1.51220703125
1.4412384033203125
1.219390869140625
1.507110595703125
1.445343017578125
1.2750701904296875
1.4227142333984375
1.55645751953125
1.43890380859375
1.393768310546875
1.370208740234375
1.545257568359375
1.42926025390625
1.3108367919921875
1.4476318359375
1.6251220703125
1.418853759765625
1.2371826171875
1.262237548828125
1.529052734375
1.4114227294921875
1.4717864990234375
1.4179229736328125
1.4730224609375
1.546539306640625
1.4891204833984375
1.418121337890625
1.508209228515625
1.343841552734375
1.1891937255859375
1.5881500244140625
1.4926300048828125
1.375091552734375
1.2180023193359375
1.5128631591796875
1.62554931640625
1.429656982421875
1.446533203125
1.47784423828125
1.5370941162109375
1.2882232666015625
1.3410491943359375
1.5209503173828125
1.513092041015625
1.39825439453125
1.5133056640625
1.230010986328125
1.40594482421875
1.4866180419921875
1.40814208984375
1.326629638671875
1.3970184326171875
1.54583740234375
1.32049560546875
1.5756988525390625
1.4317169189453125
1.2837677001953125
1.469390869140625
1.4115447998046875
1.4096527099609375
1.6381683349609375
1.4908447265625
1.3707275390625
1.3324432373046875
1.4161529541015625
1.5075836181640625
1.225433349609375
1.434967041015625
1.525177001953125
1.54302978515625
1.3688507080078125
1.3275299072265625
1.5122222900390625
1.30133056640625
1.399932861328125
1.238739013671875
1.5188140869140625
1.2856292724609375
1.2834930419921875
1.4049224853515625
1.43182373046875
1.3210296630859375
1.3472747802734375
1.5038299560546875
1.617828369140625
1.22998046875
1.4638214111328125
1.397369384765625
1.4898529052734375
1.455047607421875
1.4767303466796875
1.4185028076171875
1.5120697021484375
1.512298583984375
1.5085906982421875
1.4996795654296875
1.2369384765625
1.405487060546875
1.497222900390625
1.451446533203125
1.5750732421875
1.3723602294921875
1.2910919189453125
1.511444091796875
1.3690185546875
1.3128814697265625
1.411346435546875
1.32415771484375
1.267913818359375
1.558197021484375
1.375701904296875
1.5114593505859375
1.45843505859375
1.3186187744140625
1.3576507568359375
1.428375244140625
1.3688507080078125
1.28143310546875
1.578857421875
1.4464111328125
1.354095458984375
1.4553680419921875
1.491943359375
1.310821533203125
1.6757354736328125
1.4550933837890625
1.49560546875
1.3642730712890625
1.4634552001953125
1.33428955078125
1.41162109375
1.388580322265625
1.3040313720703125
1.5918121337890625
1.538299560546875
1.4715118408203125
1.4134368896484375
1.4510650634765625
1.327850341796875
1.416229248046875
1.2440643310546875
1.535797119140625
1.5375823974609375
1.4755096435546875
1.395263671875
