0.68341064453125
0.68341064453125
0.68341064453125
0.68341064453125
0.68341064453125
0.464874267578125
0.467620849609375
0.5996856689453125
0.499176025390625
0.5968780517578125
0.4351959228515625
0.4398193359375
0.4215545654296875
0.485748291015625
0.5103607177734375
0.511627197265625
0.3498382568359375
0.31585693359375
0.337158203125
0.539825439453125
0.4826812744140625
0.41778564453125
0.514404296875
0.464935302734375
0.5623779296875
0.366607666015625
0.4133453369140625
0.4420166015625
0.5375213623046875
0.581817626953125
0.5196685791015625
0.4160919189453125
0.2746734619140625
0.553314208984375
0.5034637451171875
0.4517669677734375
0.488250732421875
0.47650146484375
0.398040771484375
0.610443115234375
0.5480194091796875
0.406158447265625
0.5112457275390625
0.4055633544921875
0.3383636474609375
0.4891815185546875
0.638763427734375
0.54638671875
0.3659210205078125
0.4136810302734375
0.5574188232421875
0.4422454833984375
0.4091796875
0.42730712890625
0.5466156005859375
0.4655303955078125
0.4215087890625
0.45733642578125
0.646209716796875
0.5284576416015625
0.556549072265625
0.3884429931640625
0.518829345703125
0.43603515625
0.4270782470703125
0.5952301025390625
0.5354461669921875
0.5389862060546875
0.6187286376953125
0.394378662109375
0.29693603515625
0.57373046875
0.4647369384765625
0.54595947265625
0.5244598388671875
0.4512481689453125
0.496002197265625
0.4514617919921875
0.5958099365234375
0.4388275146484375
0.420196533203125
0.4318695068359375
0.513031005859375
0.5919952392578125
0.4376220703125
0.435699462890625
0.507354736328125
0.4828643798828125
0.506317138671875
0.5142974853515625
0.518310546875
0.46728515625
0.5468597412109375
0.3401947021484375
0.55975341796875
0.478271484375
0.4810333251953125
0.4416961669921875
0.328704833984375
0.50018310546875
0.3712921142578125
0.4547119140625
0.3654022216796875
0.4899444580078125
0.450347900390625
0.5219573974609375
0.498443603515625
0.4123687744140625
0.4337158203125
0.4398345947265625
0.3746795654296875
0.4002532958984375
0.562286376953125
0.32086181640625
0.4776153564453125
0.4192047119140625
0.480560302734375
0.4580078125
0.6156768798828125
0.507354736328125
0.539093017578125
0.47296142578125
0.4211273193359375
0.53607177734375
0.5031585693359375
0.4851531982421875
0.4166107177734375
0.438507080078125
0.3127288818359375
0.409332275390625
0.4291534423828125
0.5649261474609375
0.40875244140625
0.472198486328125
0.5500335693359375
0.517578125
0.43463134765625
0.513031005859375
0.4841461181640625
0.4487457275390625
0.49151611328125
0.4507293701171875
0.5901947021484375
0.3580169677734375
0.40966796875
0.645233154296875
0.5052490234375
0.4879150390625
0.5055084228515625
0.4580841064453125
0.5120086669921875
0.5202789306640625
0.4462738037109375
0.3751373291015625
0.3991241455078125
0.5106048583984375
0.4470367431640625
0.426544189453125
0.3957977294921875
0.547393798828125
0.5269927978515625
0.435699462890625
0.4226837158203125
0.4522857666015625
0.37945556640625
0.519561767578125
0.441253662109375
0.505859375
0.476898193359375
0.457916259765625
0.453887939453125
0.4650115966796875
0.4721832275390625
0.441253662109375
0.339599609375
0.3726348876953125
0.3968963623046875
0.3670654296875
0.519287109375
0.53057861328125
0.600128173828125
0.4420928955078125
0.5481414794921875
0.3132476806640625
0.586456298828125
0.4446868896484375
0.48431396484375
0.479217529296875
0.59051513671875
0.4245452880859375
0.5394744873046875
0.4084930419921875
0.450439453125
0.495849609375
0.4020538330078125
0.5265960693359375
0.46966552734375
0.497955322265625
0.55181884765625
0.3741455078125
0.4333648681640625
0.5672454833984375
0.487274169921875
0.5404052734375
0.645538330078125
0.420806884765625
0.5453643798828125
0.5863800048828125
0.448822021484375
0.4623870849609375
0.37884521484375
0.44970703125
0.4235076904296875
0.37579345703125
0.5597381591796875
0.4295501708984375
0.467315673828125
0.4645538330078125
0.5696868896484375
0.4397735595703125
0.55010986328125
0.57867431640625
0.3983154296875
0.4370269775390625
0.4419403076171875
0.4713287353515625
0.4372406005859375
0.344085693359375
0.432586669921875
0.566680908203125
0.592071533203125
0.5286102294921875
0.46527099609375
0.657623291015625
0.4677276611328125
0.4817657470703125
0.368927001953125
0.4402618408203125
0.473876953125
0.42822265625
0.3714752197265625
0.3434295654296875
0.5478973388671875
0.580291748046875
0.5581207275390625
0.56915283203125
0.4345550537109375
0.4811859130859375
0.5644683837890625
0.4611358642578125
0.359130859375
0.3668975830078125
0.4857635498046875
0.4712371826171875
0.5330352783203125
0.5123443603515625
0.6071319580078125
0.452239990234375
0.3761138916015625
0.3923797607421875
0.37750244140625
0.3608551025390625
0.589599609375
0.3604736328125
0.5314483642578125
0.5124359130859375
0.532073974609375
0.5142822265625
0.4996185302734375
0.4947967529296875
0.47613525390625
0.4267120361328125
0.515899658203125
0.6012420654296875
0.5358734130859375
0.532196044921875
0.535247802734375
0.572784423828125
0.472930908203125
0.4697113037109375
0.41729736328125
0.6631011962890625
0.6206207275390625
0.3255462646484375
0.444793701171875
0.4494171142578125
0.3271636962890625
0.6006927490234375
0.6584320068359375
0.318572998046875
0.4745635986328125
0.5264129638671875
0.4279937744140625
0.4591064453125
0.46453857421875
0.4453125
0.553070068359375
0.5078277587890625
0.4983062744140625
0.555419921875
0.4440155029296875
0.5853271484375
0.8190765380859375
0.4036407470703125
0.378021240234375
0.46002197265625
0.462738037109375
0.5113067626953125
0.490020751953125
0.5998077392578125
0.548736572265625
0.4013519287109375
0.4647064208984375
0.3423614501953125
0.635894775390625
0.7360687255859375
0.459320068359375
0.31622314453125
0.4815216064453125
0.47369384765625
0.4965972900390625
0.462890625
0.554107666015625
0.3755340576171875
0.39447021484375
0.4952545166015625
0.492095947265625
0.6283721923828125
0.5471954345703125
0.545135498046875
0.4516754150390625
0.5129241943359375
0.4069061279296875
0.4308013916015625
0.4496002197265625
0.446319580078125
0.57867431640625
0.52587890625
0.4948883056640625
0.3747711181640625
0.3839874267578125
0.309356689453125
0.5182952880859375
0.328521728515625
0.323577880859375
0.4613494873046875
0.57086181640625
0.5452880859375
0.6462860107421875
0.3707733154296875
0.5037841796875
0.48583984375
0.4589691162109375
0.55523681640625
0.336181640625
0.4661712646484375
0.4675445556640625
0.7045745849609375
0.4812469482421875
0.47161865234375
0.3652191162109375
0.4909820556640625
0.3950958251953125
0.5668487548828125
0.4481964111328125
0.503509521484375
0.53997802734375
0.4552764892578125
0.3197479248046875
0.4168701171875
0.4374542236328125
0.4444427490234375
0.401947021484375
0.5305023193359375
0.31982421875
0.4315185546875
0.5484619140625
0.510101318359375
0.4510498046875
0.354461669921875
0.56268310546875
0.59539794921875
0.5069580078125
0.4862213134765625
0.487518310546875
0.3886566162109375
0.5926361083984375
0.5995330810546875
0.40313720703125
0.5209197998046875
0.37371826171875
0.4216156005859375
0.46826171875
0.3597259521484375
0.4475860595703125
0.516693115234375
0.4442291259765625
0.4577484130859375
0.429962158203125
0.4417724609375
0.54852294921875
0.5724945068359375
0.4709625244140625
0.4215850830078125
0.4705963134765625
0.3635711669921875
0.4514007568359375
0.3574981689453125
0.4930877685546875
0.38970947265625
0.5308990478515625
0.5885009765625
0.295257568359375
0.5307464599609375
0.453582763671875
0.4299468994140625
0.5896453857421875
0.4851837158203125
0.488983154296875
0.596588134765625
0.441436767578125
0.4000244140625
0.380889892578125
0.6700439453125
0.3036041259765625
0.5214996337890625
0.3774261474609375
0.505706787109375
0.55242919921875
0.633758544921875
0.5279388427734375
0.4710693359375
0.483734130859375
0.3414306640625
0.4621429443359375
0.4018096923828125
0.594635009765625
0.504669189453125
0.587066650390625
0.51727294921875
0.492919921875
0.6360015869140625
0.4358367919921875
0.4083709716796875
0.5153350830078125
0.5823516845703125
0.5175933837890625
0.389617919921875
0.5184173583984375
0.4617919921875
0.5090789794921875
0.4749755859375
0.372222900390625
0.495849609375
0.40802001953125
0.6571807861328125
0.4508056640625
0.538299560546875
0.59185791015625
0.471221923828125
0.3892822265625
0.44207763671875
0.4178924560546875
0.5343170166015625
0.53033447265625
0.577178955078125
0.5359039306640625
0.4734954833984375
0.3745269775390625
0.45318603515625
0.4682464599609375
0.3428802490234375
0.5356597900390625
0.6005401611328125
0.57281494140625
0.384002685546875
0.4473114013671875
0.4034881591796875
0.4447784423828125
0.342529296875
0.41143798828125
0.505401611328125
0.430633544921875
0.434326171875
0.4899139404296875
0.4875030517578125
0.497039794921875
0.5635223388671875
0.42724609375
0.41546630859375
0.434356689453125
0.490081787109375
0.3307037353515625
0.5345001220703125
0.550201416015625
0.481231689453125
0.3888702392578125
0.5037994384765625
0.520843505859375
0.4839630126953125
0.4412078857421875
0.4816131591796875
0.6076812744140625
0.504638671875
0.5890045166015625
0.4239501953125
0.48046875
0.52593994140625
0.4823150634765625
0.6060791015625
0.57781982421875
0.6041107177734375
0.6069183349609375
0.479522705078125
0.5397796630859375
0.5801849365234375
0.38116455078125
0.5219268798828125
0.5070648193359375
0.66815185546875
0.3989105224609375
0.427459716796875
0.33740234375
0.538482666015625
0.4652099609375
0.482879638671875
0.3756103515625
0.6586761474609375
0.5828094482421875
0.3641357421875
0.3746490478515625
0.3506011962890625
0.5353546142578125
0.3245086669921875
0.3605499267578125
0.4261016845703125
0.46539306640625
0.3838043212890625
0.432952880859375
0.6003875732421875
0.375335693359375
0.4724884033203125
0.4260101318359375
0.414031982421875
0.332550048828125
0.4136962890625
0.6061248779296875
0.536956787109375
0.419189453125
0.46588134765625
0.6121826171875
0.579498291015625
0.4058837890625
0.43377685546875
0.386627197265625
0.484222412109375
0.597900390625
0.5383758544921875
0.7423553466796875
0.4607391357421875
0.431396484375
0.5052337646484375
0.5048980712890625
0.580230712890625
0.4234771728515625
0.4246673583984375
0.4785614013671875
0.34320068359375
0.44580078125
0.568023681640625
