1.1591796875
1.1591796875
1.1591796875
1.1591796875
1.1591796875
1.1591796875
1.0047760009765625
0.9829559326171875
1.02117919921875
0.849609375
0.9621429443359375
0.939544677734375
0.8080596923828125
1.0291900634765625
0.95574951171875
1.0514678955078125
1.1043853759765625
0.8970184326171875
0.92462158203125
0.8923797607421875
0.9283447265625
1.0227813720703125
1.1515655517578125
1.0052490234375
1.1109161376953125
1.0074920654296875
0.9227294921875
0.9012603759765625
1.10736083984375
0.8344879150390625
1.0558013916015625
0.9763031005859375
1.0003662109375
1.1465606689453125
0.993011474609375
0.9222869873046875
1.14349365234375
1.07421875
0.9845428466796875
1.0887298583984375
0.9576873779296875
0.9679718017578125
0.95660400390625
0.8148956298828125
0.9347686767578125
1.0275726318359375
0.9607086181640625
0.99713134765625
1.175201416015625
0.8643341064453125
1.0465850830078125
1.0644989013671875
0.8894500732421875
1.1305999755859375
1.11444091796875
0.94189453125
0.8488616943359375
1.1541595458984375
1.043304443359375
1.0888519287109375
1.0923614501953125
1.255401611328125
0.7550048828125
0.9935455322265625
0.8235321044921875
1.078826904296875
1.09063720703125
0.95892333984375
1.06170654296875
1.065032958984375
1.0532684326171875
0.91619873046875
0.888214111328125
0.9876861572265625
0.971710205078125
1.0530242919921875
1.011383056640625
1.1114501953125
0.8877716064453125
0.969482421875
0.9346923828125
0.9844818115234375
1.0279541015625
0.9926300048828125
1.0225372314453125
0.983245849609375
0.9632415771484375
1.093475341796875
0.947540283203125
0.9326324462890625
0.7692413330078125
0.9732513427734375
1.0790252685546875
0.982391357421875
1.0290985107421875
1.2226409912109375
1.17645263671875
1.08477783203125
0.99542236328125
1.0516204833984375
0.888031005859375
1.0613555908203125
1.1123046875
1.0927886962890625
1.0935516357421875
1.0695037841796875
0.9835968017578125
0.9154205322265625
0.941497802734375
1.042572021484375
0.9126434326171875
1.0275726318359375
1.0103302001953125
1.0278778076171875
0.9344482421875
1.0013427734375
0.9869842529296875
1.07183837890625
1.128204345703125
1.05926513671875
0.91998291015625
1.119598388671875
1.102294921875
0.90716552734375
0.895233154296875
1.0738677978515625
1.06787109375
1.0236663818359375
0.990325927734375
0.8711700439453125
0.971221923828125
0.88629150390625
1.059478759765625
0.985931396484375
1.048980712890625
0.989593505859375
0.917938232421875
0.9236602783203125
0.989532470703125
0.90142822265625
1.100372314453125
1.029541015625
0.934661865234375
1.0272674560546875
0.8844146728515625
1.1344451904296875
1.021881103515625
1.0523529052734375
0.9850921630859375
1.0958709716796875
1.0469512939453125
1.0229644775390625
1.03277587890625
0.997955322265625
1.101593017578125
1.114776611328125
0.982391357421875
1.1617889404296875
0.91546630859375
0.8441009521484375
0.9768829345703125
0.9966583251953125
0.7825927734375
0.981109619140625
1.1026153564453125
0.992218017578125
0.8751983642578125
1.0184478759765625
1.001983642578125
0.955352783203125
1.005645751953125
0.7911529541015625
1.025543212890625
0.9419097900390625
1.0555267333984375
0.9643096923828125
0.9799346923828125
1.0844573974609375
1.025634765625
1.11944580078125
1.0577545166015625
1.12158203125
1.168609619140625
1.0037841796875
0.8010101318359375
1.1112060546875
1.034759521484375
1.07550048828125
1.146484375
0.8352813720703125
0.993438720703125
0.9811859130859375
1.0436248779296875
0.9018096923828125
0.925689697265625
0.9774017333984375
1.0996551513671875
1.04095458984375
0.995208740234375
1.069305419921875
0.9759979248046875
0.8726043701171875
0.812255859375
1.011383056640625
1.003692626953125
1.0419464111328125
1.0924835205078125
1.027191162109375
0.9306640625
1.009979248046875
0.9251556396484375
1.02911376953125
1.0021514892578125
1.0263519287109375
1.176910400390625
0.838836669921875
0.97900390625
0.88714599609375
0.9555511474609375
1.176544189453125
1.1824798583984375
0.89471435546875
1.124267578125
1.0355224609375
0.9735107421875
1.0020751953125
0.979736328125
1.126434326171875
1.101715087890625
0.8229522705078125
1.1341400146484375
1.0704193115234375
1.0976715087890625
0.9146575927734375
1.1260986328125
1.00091552734375
1.082977294921875
0.95703125
0.983245849609375
0.9931182861328125
1.15313720703125
0.9267578125
1.021484375
1.027679443359375
1.1186370849609375
0.9313812255859375
0.986968994140625
0.9089508056640625
0.9679412841796875
0.9397125244140625
0.9550018310546875
1.0591278076171875
1.05816650390625
0.7557220458984375
1.051055908203125
1.0413360595703125
1.02362060546875
1.1400909423828125
0.887115478515625
0.896697998046875
0.8876190185546875
1.1043548583984375
1.0907440185546875
1.050689697265625
0.9009552001953125
1.0798797607421875
0.99267578125
0.9956207275390625
1.046966552734375
0.9183807373046875
0.969940185546875
0.98675537109375
0.87139892578125
0.88800048828125
0.967010498046875
0.986846923828125
0.7874755859375
0.9951629638671875
1.004791259765625
0.9367218017578125
1.1253814697265625
1.00390625
1.0239105224609375
1.0972900390625
1.0255126953125
1.025634765625
1.030487060546875
0.800872802734375
1.0247039794921875
1.0342559814453125
1.0340118408203125
0.9420013427734375
0.930511474609375
1.167388916015625
1.0296173095703125
0.8906402587890625
1.0781402587890625
0.9796295166015625
0.8624420166015625
1.0693511962890625
1.04827880859375
0.924072265625
0.9909820556640625
0.9743499755859375
1.1464385986328125
1.03118896484375
0.9251708984375
1.029876708984375
0.996002197265625
1.0956878662109375
0.93438720703125
0.973602294921875
0.9851226806640625
1.0411834716796875
0.90264892578125
0.9842681884765625
0.9856109619140625
1.144287109375
0.90228271484375
1.05035400390625
1.043548583984375
1.03857421875
0.8448333740234375
1.0621337890625
0.95068359375
1.1007232666015625
1.1412353515625
1.02178955078125
1.031463623046875
1.0654754638671875
1.0117950439453125
0.900115966796875
1.0705718994140625
0.937774658203125
0.99786376953125
0.9737396240234375
1.049041748046875
0.916839599609375
0.9661102294921875
1.1998443603515625
0.9727783203125
0.982086181640625
1.0103759765625
0.83258056640625
0.958465576171875
1.0854949951171875
0.9301605224609375
1.0971527099609375
1.0763702392578125
0.9121551513671875
1.1236724853515625
1.0884857177734375
1.1149139404296875
0.9938507080078125
0.9674530029296875
1.0115203857421875
0.839080810546875
0.99560546875
1.00054931640625
1.08575439453125
1.0231781005859375
0.9845733642578125
0.99456787109375
1.0530242919921875
1.06573486328125
1.0736541748046875
0.954010009765625
1.0457000732421875
1.1351318359375
1.042327880859375
0.9062957763671875
1.053802490234375
0.910980224609375
0.9763031005859375
1.12689208984375
1.0121612548828125
1.13134765625
1.0243988037109375
0.926727294921875
0.9884796142578125
1.051177978515625
0.81158447265625
0.8561553955078125
1.2179718017578125
0.9857177734375
0.94317626953125
0.9848785400390625
1.04498291015625
1.0639190673828125
1.190216064453125
0.9690399169921875
0.9468231201171875
1.0751800537109375
0.9222412109375
0.85791015625
0.969085693359375
1.16473388671875
0.900115966796875
0.836273193359375
1.0871429443359375
1.005401611328125
1.1604766845703125
0.9957122802734375
1.00653076171875
0.9752044677734375
1.0489959716796875
1.088470458984375
0.7906646728515625
0.89794921875
0.9892730712890625
0.9200439453125
0.9411773681640625
0.86798095703125
1.064544677734375
1.122772216796875
0.986419677734375
1.0608367919921875
0.93743896484375
1.0046539306640625
0.9592132568359375
0.99176025390625
1.0486297607421875
0.918304443359375
0.9463043212890625
1.1052398681640625
1.082000732421875
1.036346435546875
0.8114013671875
1.0135345458984375
1.1120758056640625
0.91265869140625
1.0287017822265625
1.14727783203125
1.0375518798828125
0.99359130859375
0.9108734130859375
1.1214141845703125
0.987335205078125
0.8951568603515625
1.00634765625
1.2298736572265625
1.0765228271484375
0.8668212890625
0.9132537841796875
1.03131103515625
0.968017578125
1.08245849609375
1.029205322265625
0.9969329833984375
1.1068572998046875
1.0439605712890625
0.94732666015625
1.0670013427734375
0.9395751953125
0.771697998046875
1.0703277587890625
1.15167236328125
0.9588623046875
0.7992095947265625
1.06500244140625
1.178680419921875
1.0214385986328125
1.00054931640625
0.97393798828125
1.0979766845703125
0.893096923828125
0.95782470703125
1.016021728515625
1.0829620361328125
1.0012664794921875
1.1064453125
0.83209228515625
1.0913848876953125
1.0676116943359375
1.0031585693359375
0.898956298828125
1.0030975341796875
1.0979766845703125
0.8667144775390625
1.035797119140625
1.0137939453125
0.8852081298828125
1.0809326171875
0.989990234375
1.03533935546875
1.0873260498046875
1.037841796875
0.97454833984375
0.9888763427734375
0.972503662109375
1.1052398681640625
0.7562713623046875
0.9536285400390625
1.0793609619140625
1.0611724853515625
0.8806304931640625
1.0025634765625
1.110015869140625
0.8299713134765625
0.9984283447265625
0.8637542724609375
1.0301055908203125
0.874114990234375
0.866943359375
0.94561767578125
1.0079498291015625
0.9714202880859375
0.9521484375
1.10687255859375
1.1888275146484375
0.8580322265625
1.035736083984375
1.011383056640625
1.1195831298828125
1.0464019775390625
1.0751953125
0.9801177978515625
1.05279541015625
1.077484130859375
1.101318359375
1.0376739501953125
0.904083251953125
1.004974365234375
1.16217041015625
1.062225341796875
1.0589141845703125
0.96746826171875
0.9537811279296875
1.023681640625
0.919097900390625
0.949371337890625
1.03509521484375
0.9101715087890625
0.906646728515625
1.1627960205078125
1.03082275390625
1.0436859130859375
1.0500946044921875
0.91656494140625
0.885009765625
1.0178375244140625
0.9981536865234375
0.86590576171875
1.07696533203125
1.049530029296875
0.9741363525390625
1.062713623046875
1.1652984619140625
0.9106903076171875
1.1513824462890625
1.009674072265625
1.1329498291015625
1.010345458984375
1.0475616455078125
0.968109130859375
0.9323883056640625
0.9063568115234375
0.9508514404296875
1.1352996826171875
1.1145477294921875
1.00933837890625
1.068359375
1.026580810546875
0.9164886474609375
1.0614776611328125
0.950164794921875
1.2326812744140625
1.0194854736328125
1.0691070556640625
1.0525665283203125
