1.014404296875
0.916259765625
1.250244140625
0.667724609375
0.84130859375
0.76513671875
1.002685546875
1.425048828125
1.2734375
0.7275390625
0.73779296875
0.5908203125
0.793701171875
0.794921875
1.0029296875
1.1884765625
1.175537109375
1.159912109375
1.203857421875
1.11376953125
0.814453125
0.982177734375
1.060302734375
0.899169921875
0.929931640625
0.884765625
0.8935546875
1.0283203125
0.88330078125
1.166259765625
1.47021484375
1.33154296875
0.820068359375
1.077880859375
0.8828125
1.091796875
0.829345703125
0.791259765625
1.265625
1.326171875
1.290771484375
1.15673828125
0.851318359375
1.12841796875
0.899658203125
1.0068359375
0.91796875
1.121337890625
1.0595703125
1.231201171875
0.792724609375
1.294921875
1.160888671875
0.978271484375
0.82763671875
0.82177734375
0.6689453125
0.8359375
0.857177734375
0.945068359375
0.65869140625
0.914794921875
0.958740234375
1.0927734375
1.193115234375
1.3984375
1.0146484375
0.94189453125
1.574462890625
0.982177734375
1.160888671875
0.923095703125
0.865234375
0.866943359375
1.5869140625
1.135498046875
1.048095703125
1.16552734375
1.436279296875
1.287109375
0.93505859375
0.986328125
1.01025390625
1.107421875
1.004638671875
1.047607421875
0.930908203125
1.085693359375
0.983154296875
0.975341796875
1.738525390625
0.9873046875
0.95654296875
1.03369140625
1.496826171875
1.004150390625
1.200927734375
0.83056640625
0.88330078125
0.807373046875
1.135009765625
0.85595703125
1.232421875
1.074462890625
1.32958984375
0.78125
0.906982421875
0.9189453125
0.86962890625
1.674072265625
0.708984375
1.074462890625
0.909912109375
0.979248046875
1.353271484375
0.940185546875
1.190673828125
0.975341796875
0.9716796875
0.77001953125
1.19970703125
1.16162109375
0.93505859375
1.361572265625
0.604248046875
1.045654296875
1.43017578125
1.041748046875
1.19873046875
1.22216796875
1.022216796875
1.229736328125
1.25244140625
0.910400390625
0.845947265625
0.9482421875
1.3935546875
1.121826171875
1.027587890625
1.3671875
0.873779296875
0.86083984375
0.852783203125
1.461669921875
1.170654296875
0.839111328125
1.36962890625
1.18798828125
1.430908203125
0.906982421875
0.828369140625
1.199951171875
0.6337890625
1.158203125
0.821044921875
0.673583984375
1.727783203125
0.746826171875
0.975341796875
0.953857421875
0.917236328125
0.75146484375
0.979248046875
1.3984375
0.9150390625
1.088134765625
0.8447265625
0.9853515625
1.30078125
1.17333984375
0.697021484375
0.4921875
1.1474609375
1.67578125
1.413818359375
1.145751953125
0.655029296875
1.052490234375
1.20361328125
0.963623046875
1.334228515625
0.982177734375
1.1748046875
1.172119140625
1.100341796875
0.67041015625
0.957275390625
0.853759765625
0.74462890625
0.966796875
1.010009765625
0.8193359375
1.0498046875
1.031982421875
0.778564453125
0.778564453125
1.20458984375
0.75048828125
0.8251953125
1.17626953125
1.114501953125
0.937255859375
0.722412109375
1.019287109375
0.791015625
0.890380859375
0.811279296875
1.522216796875
1.310791015625
1.3271484375
1.005126953125
0.9140625
0.925048828125
1.302001953125
1.130615234375
0.9921875
1.022216796875
0.740966796875
1.075927734375
1.013427734375
0.801513671875
0.935302734375
1.320068359375
0.81201171875
0.6416015625
1.114990234375
0.962646484375
1.1689453125
0.744384765625
1.2802734375
1.0693359375
1.310791015625
1.090576171875
0.49951171875
0.750244140625
1.08740234375
0.7099609375
1.18408203125
1.111572265625
0.982421875
1.20458984375
1.085205078125
0.894775390625
1.02099609375
1.267578125
0.754638671875
1.1953125
1.1455078125
1.025634765625
1.1162109375
0.70654296875
0.77587890625
1.138916015625
1.02685546875
0.658447265625
0.97412109375
1.008544921875
0.99560546875
0.915283203125
0.91357421875
1.242431640625
1.044921875
0.83349609375
1.31298828125
0.977294921875
1.156005859375
1.515625
1.19775390625
1.21142578125
1.281005859375
0.927734375
0.53759765625
1.29736328125
1.171875
0.8642578125
0.82373046875
1.218505859375
1.355712890625
1.541259765625
1.056884765625
1.15966796875
1.240966796875
0.93359375
1.0322265625
0.813232421875
0.814697265625
1.283447265625
1.042724609375
1.157958984375
1.769775390625
1.50634765625
1.057373046875
1.177734375
0.90478515625
0.7587890625
1.1376953125
1.002685546875
0.759765625
1.167236328125
1.1533203125
0.935302734375
1.084716796875
0.99853515625
0.5576171875
1.362548828125
0.888427734375
1.115478515625
0.98779296875
1.0810546875
0.765625
1.104736328125
0.97265625
1.02490234375
0.830322265625
1.149658203125
0.930419921875
1.440673828125
0.988525390625
0.7236328125
0.85107421875
0.9892578125
1.0224609375
0.676513671875
0.96826171875
0.710693359375
0.83447265625
1.475830078125
0.9755859375
1.0400390625
0.901611328125
0.599365234375
0.994384765625
1.20263671875
0.8759765625
0.850830078125
0.75830078125
0.7998046875
0.97265625
0.98046875
1.31591796875
0.70849609375
1.14111328125
1.16455078125
1.190185546875
1.064453125
0.971923828125
1.0068359375
0.85498046875
0.87451171875
0.935546875
0.571044921875
1.15087890625
0.849365234375
1.24072265625
0.765625
1.10205078125
1.0830078125
0.9482421875
1.16064453125
1.07421875
0.6689453125
1.842529296875
1.230224609375
1.109375
1.5361328125
0.9013671875
0.927490234375
1.08642578125
0.89892578125
1.113037109375
1.0
0.8017578125
0.98388671875
1.006103515625
1.056396484375
1.33740234375
1.1376953125
0.912109375
0.95849609375
0.732666015625
1.20947265625
0.982421875
0.6201171875
1.2353515625
1.311767578125
0.909423828125
1.414306640625
0.86181640625
0.8740234375
0.93115234375
0.9287109375
0.912109375
1.13525390625
1.36181640625
1.38623046875
0.948974609375
0.95703125
1.22412109375
1.156982421875
1.0234375
0.804931640625
0.970947265625
1.0400390625
0.742919921875
1.2529296875
0.89404296875
1.09228515625
1.46533203125
1.07666015625
1.157958984375
0.896240234375
0.657470703125
1.09033203125
1.060546875
0.69873046875
0.87841796875
1.750732421875
0.83740234375
1.24462890625
1.0576171875
1.04736328125
0.985107421875
0.904541015625
0.9873046875
1.142333984375
0.89208984375
1.0546875
1.22802734375
1.63037109375
1.6474609375
0.913818359375
1.037841796875
0.976318359375
0.9130859375
1.27001953125
0.8310546875
1.03466796875
0.99560546875
0.630615234375
1.154541015625
1.009521484375
1.275634765625
0.963134765625
2.06005859375
1.2646484375
1.11474609375
0.897705078125
0.950439453125
0.87060546875
1.209228515625
0.98583984375
1.037841796875
1.353759765625
0.78564453125
0.792724609375
1.7880859375
1.100341796875
1.491455078125
0.79833984375
0.65771484375
0.720947265625
0.883056640625
1.103759765625
0.88330078125
0.870361328125
1.268798828125
0.99560546875
1.38134765625
0.788818359375
1.37939453125
0.979248046875
1.068115234375
1.62255859375
1.03125
1.1630859375
0.912841796875
0.873779296875
0.931884765625
0.736328125
1.355712890625
1.176025390625
0.66748046875
0.935302734375
0.890625
0.706298828125
0.831298828125
1.056884765625
0.888671875
1.185546875
1.015380859375
1.226318359375
1.139892578125
1.382080078125
1.07275390625
0.948486328125
0.95263671875
1.201171875
0.694091796875
1.067138671875
0.885986328125
