1.56494140625
1.179931640625
1.59423828125
1.759033203125
1.459716796875
1.129638671875
1.39111328125
0.916259765625
1.0625
0.9326171875
0.856689453125
1.16357421875
1.093994140625
0.884765625
1.04638671875
1.56689453125
1.48486328125
1.130615234375
1.0576171875
1.1787109375
1.534423828125
1.014404296875
1.718017578125
1.05517578125
1.26953125
1.136474609375
1.67529296875
1.365966796875
1.213134765625
0.973876953125
1.325439453125
1.3564453125
1.531005859375
1.14599609375
1.126953125
1.6298828125
1.0048828125
0.997802734375
1.60498046875
0.986083984375
1.513916015625
1.6904296875
1.464599609375
0.850341796875
2.0009765625
1.24169921875
1.052490234375
1.10107421875
1.370849609375
0.939453125
1.494384765625
1.267333984375
1.66650390625
1.13232421875
1.18359375
1.24072265625
1.05078125
1.282470703125
1.495361328125
1.12451171875
0.77734375
0.900390625
1.129638671875
1.365234375
0.773193359375
1.0751953125
1.342529296875
0.94873046875
0.89794921875
0.714111328125
0.8974609375
1.365234375
1.1904296875
1.17919921875
0.95458984375
0.72119140625
1.37158203125
1.138916015625
0.978515625
1.308349609375
1.109130859375
1.064208984375
1.196533203125
1.22900390625
1.231689453125
1.14599609375
1.010986328125
1.110107421875
1.056884765625
1.130126953125
0.923583984375
1.054931640625
0.953125
1.373291015625
1.456787109375
1.397705078125
1.15185546875
1.3134765625
1.266845703125
1.146240234375
1.1259765625
1.50341796875
0.933349609375
1.216064453125
1.110595703125
0.9541015625
0.96826171875
1.052001953125
1.248779296875
1.193359375
1.4853515625
1.20849609375
0.77392578125
1.287841796875
1.341796875
1.306640625
1.1435546875
1.02978515625
1.555419921875
1.271484375
1.337890625
1.20263671875
1.420654296875
1.4736328125
1.035888671875
0.89013671875
1.05224609375
0.893798828125
0.608642578125
1.222412109375
1.2216796875
1.1884765625
1.423828125
0.814697265625
1.46630859375
1.006103515625
0.9912109375
1.304443359375
1.21923828125
1.386474609375
1.169921875
1.12890625
1.367431640625
1.21044921875
1.08447265625
1.40625
1.14306640625
0.737060546875
0.940673828125
1.272705078125
1.38720703125
1.23193359375
0.8818359375
1.469970703125
1.139404296875
0.932861328125
1.114013671875
1.129638671875
0.874755859375
1.341796875
1.47265625
0.917236328125
0.970947265625
0.83251953125
1.69580078125
1.158935546875
1.2890625
1.119384765625
0.954345703125
1.007080078125
1.25927734375
1.1962890625
1.506103515625
1.290771484375
1.351318359375
1.24951171875
1.3662109375
1.40185546875
1.2265625
1.00390625
1.526611328125
1.520263671875
1.2294921875
0.972412109375
1.204345703125
1.24267578125
1.477783203125
1.02197265625
1.14453125
1.089111328125
1.080078125
1.32373046875
1.0244140625
0.88916015625
1.337158203125
0.923583984375
0.94580078125
1.338134765625
1.2353515625
1.460693359375
1.907958984375
1.302490234375
0.70703125
1.490234375
1.15966796875
1.140869140625
1.374267578125
1.1357421875
1.38134765625
1.4423828125
1.08642578125
1.225341796875
1.04736328125
1.32373046875
1.263671875
1.2958984375
1.061279296875
1.171875
1.58642578125
1.349365234375
1.530029296875
1.219482421875
1.143798828125
1.555908203125
1.32763671875
1.3681640625
1.320068359375
1.20556640625
0.981201171875
0.9150390625
1.088134765625
1.261474609375
1.12646484375
1.120361328125
1.04833984375
0.970458984375
1.288330078125
1.33984375
1.19677734375
1.228515625
1.774169921875
1.443603515625
1.266357421875
1.125
1.16015625
1.16357421875
1.1474609375
1.253662109375
1.293701171875
1.261962890625
1.10888671875
1.07568359375
1.164794921875
1.398193359375
1.12841796875
1.426513671875
1.0263671875
1.185302734375
1.653076171875
1.203857421875
1.436767578125
1.103515625
1.063232421875
0.9443359375
1.028076171875
1.552490234375
0.830322265625
1.568359375
1.283447265625
1.089111328125
1.25390625
1.06005859375
1.07177734375
0.735595703125
1.01904296875
1.576171875
0.98046875
0.755615234375
1.123046875
1.409423828125
1.396484375
1.3076171875
1.486328125
1.238037109375
1.41845703125
1.28759765625
1.271240234375
1.32861328125
1.793701171875
1.0869140625
1.3134765625
1.424072265625
1.565185546875
1.322998046875
1.060791015625
1.279541015625
1.009765625
1.41943359375
1.2646484375
1.554931640625
1.22607421875
1.05029296875
1.00048828125
0.9033203125
0.69482421875
1.134765625
0.9814453125
0.75390625
1.554931640625
1.05078125
1.136474609375
1.130126953125
1.354736328125
1.221923828125
1.16162109375
1.2265625
0.996337890625
1.127197265625
0.914794921875
1.418701171875
1.025634765625
1.187744140625
0.984375
1.46240234375
1.05908203125
1.24755859375
0.89697265625
0.939453125
1.095947265625
1.423828125
1.35400390625
1.002197265625
1.256591796875
1.183349609375
1.3095703125
1.362548828125
0.957763671875
1.41455078125
1.477783203125
1.19921875
0.853759765625
0.9404296875
1.008056640625
1.222900390625
1.146728515625
1.4697265625
0.943115234375
1.141845703125
1.443115234375
1.819580078125
1.015625
1.36865234375
1.437255859375
0.80908203125
1.054443359375
1.31591796875
0.97412109375
1.24755859375
1.531494140625
1.09228515625
0.8359375
1.08837890625
0.94384765625
1.0068359375
1.24072265625
1.455810546875
1.01123046875
1.9130859375
1.25927734375
0.829345703125
1.28857421875
1.6552734375
1.007568359375
1.320068359375
1.1064453125
1.031005859375
1.4345703125
1.148681640625
1.0732421875
1.416015625
1.408935546875
1.23779296875
1.46142578125
1.229736328125
1.3720703125
1.03857421875
0.940673828125
0.929931640625
1.428466796875
1.14404296875
0.835693359375
1.394287109375
1.13671875
1.30126953125
0.9716796875
1.233154296875
1.0234375
1.127197265625
1.905029296875
1.28955078125
0.986572265625
1.02490234375
0.816650390625
1.866943359375
1.022705078125
1.201416015625
1.302490234375
0.934814453125
1.331298828125
1.338623046875
1.535400390625
0.922607421875
1.283203125
1.007568359375
1.3046875
1.03564453125
1.328369140625
0.8671875
1.05615234375
1.036865234375
0.9130859375
1.087890625
0.910888671875
1.37451171875
1.557373046875
0.95947265625
1.375
0.955322265625
1.22802734375
1.169189453125
1.54443359375
1.16796875
1.302490234375
1.404541015625
1.40380859375
0.876953125
1.203369140625
1.272705078125
1.056396484375
0.958740234375
1.018798828125
1.195556640625
1.346923828125
1.345947265625
0.971923828125
1.194091796875
1.680419921875
1.150634765625
1.217529296875
1.346923828125
1.299072265625
0.804443359375
1.10498046875
1.385986328125
0.918212890625
0.842529296875
0.857177734375
1.072021484375
1.642822265625
1.38525390625
1.273193359375
1.228271484375
1.207275390625
1.154052734375
1.472412109375
1.3037109375
1.11865234375
1.109375
0.929931640625
1.34521484375
1.134765625
0.9951171875
1.387451171875
1.173095703125
1.126953125
1.009765625
1.341796875
0.97412109375
0.839599609375
1.27978515625
1.41552734375
1.054443359375
1.296875
1.242919921875
1.26806640625
1.48046875
1.561279296875
0.986572265625
1.26611328125
0.723388671875
1.144775390625
1.446044921875
1.2333984375
1.220947265625
1.443359375
1.119140625
1.15966796875
1.10498046875
1.379150390625
1.447998046875
