1.521728515625
1.263427734375
1.684326171875
1.386474609375
1.56005859375
1.514404296875
1.505859375
1.415771484375
1.4375
1.66796875
1.212890625
1.19140625
1.598876953125
1.6083984375
1.371337890625
1.628173828125
1.340087890625
1.929931640625
1.5966796875
1.408447265625
1.45361328125
1.532958984375
1.465087890625
1.941162109375
1.561279296875
1.606689453125
1.763671875
1.433837890625
1.774658203125
1.1279296875
1.116455078125
1.634033203125
1.70361328125
1.5185546875
1.362548828125
1.686767578125
1.54052734375
1.89599609375
1.635498046875
1.4111328125
1.26904296875
1.282958984375
1.7236328125
1.638671875
1.26708984375
1.519287109375
1.5751953125
1.238037109375
1.379638671875
1.078125
1.642822265625
1.61328125
1.821533203125
1.34521484375
1.626220703125
1.619140625
1.52783203125
1.129638671875
1.699462890625
1.380859375
1.4736328125
1.904541015625
1.541259765625
1.635986328125
1.4609375
1.640625
1.723388671875
1.385498046875
1.490478515625
1.721435546875
1.83837890625
1.71142578125
2.0341796875
1.997314453125
1.85009765625
1.30419921875
1.626708984375
1.35595703125
1.21142578125
1.333251953125
1.766357421875
1.609375
1.373046875
1.373779296875
1.62548828125
1.4462890625
1.2626953125
1.261962890625
1.478759765625
1.7275390625
1.91845703125
1.17431640625
1.642578125
1.89013671875
1.5224609375
1.906982421875
1.425537109375
1.65185546875
1.494873046875
1.671630859375
1.521728515625
1.44677734375
1.392822265625
1.386474609375
1.65185546875
1.304931640625
1.26171875
1.648193359375
1.606689453125
1.652587890625
1.6826171875
1.48193359375
1.537109375
1.42529296875
1.752685546875
1.51318359375
1.49169921875
1.719970703125
1.281005859375
1.727294921875
1.406494140625
1.909912109375
1.87939453125
1.233642578125
1.30078125
1.47607421875
1.305419921875
1.244873046875
1.67578125
1.3291015625
1.18017578125
1.43603515625
1.645751953125
1.63671875
1.72998046875
1.69189453125
1.499755859375
1.298828125
1.778076171875
1.2421875
1.544921875
1.4970703125
1.299560546875
1.859375
1.45263671875
1.601318359375
1.574462890625
1.7568359375
1.464111328125
1.733154296875
1.61279296875
1.291259765625
1.65283203125
1.94287109375
1.286376953125
1.6787109375
1.794677734375
1.601318359375
1.42822265625
1.3935546875
1.59130859375
1.705810546875
1.768310546875
1.4189453125
1.829833984375
1.752197265625
1.62744140625
1.35888671875
1.9853515625
1.443359375
1.748291015625
1.881103515625
1.9931640625
1.372802734375
1.534423828125
1.155517578125
1.596435546875
1.4580078125
1.666748046875
1.533203125
1.6796875
1.466064453125
1.543701171875
1.743896484375
1.2724609375
1.390625
1.62353515625
1.254150390625
1.687744140625
1.51806640625
1.255859375
1.557861328125
1.65087890625
1.2939453125
1.47265625
1.4287109375
1.267333984375
1.349365234375
1.684814453125
1.265869140625
1.3857421875
1.60400390625
1.615234375
1.544189453125
1.657958984375
1.395751953125
1.375
1.54150390625
1.333740234375
1.409912109375
1.693359375
1.6162109375
1.783203125
1.73046875
1.440185546875
1.766845703125
1.40087890625
1.476318359375
1.70458984375
1.665283203125
1.40087890625
1.375244140625
1.759521484375
1.310302734375
1.48095703125
1.771240234375
1.415771484375
1.321044921875
1.05859375
0.94580078125
1.56640625
1.560546875
1.4453125
1.67138671875
1.494140625
1.8251953125
1.61572265625
1.32763671875
1.208740234375
1.419921875
1.43505859375
1.5986328125
1.8115234375
1.41845703125
1.7001953125
1.741943359375
1.509033203125
1.486328125
1.50048828125
1.565185546875
1.47216796875
1.495849609375
1.384765625
1.7275390625
1.575439453125
1.5302734375
1.500244140625
1.52734375
1.556884765625
1.65771484375
1.732421875
1.61962890625
1.744873046875
1.78076171875
1.38134765625
1.57861328125
1.269775390625
2.07958984375
1.3408203125
1.577880859375
1.736328125
1.33544921875
1.4384765625
1.403564453125
1.48779296875
1.615234375
1.4130859375
1.967529296875
1.281005859375
1.456787109375
1.40283203125
1.65185546875
1.82373046875
1.52685546875
1.691650390625
1.340576171875
1.14697265625
1.772216796875
1.248046875
1.578369140625
1.43212890625
1.83349609375
1.213134765625
1.573974609375
1.4462890625
1.567138671875
1.343017578125
1.703125
1.828369140625
1.227294921875
1.534423828125
1.11328125
1.3955078125
1.691162109375
1.462158203125
1.42529296875
1.105712890625
1.3837890625
1.3212890625
1.58740234375
1.4765625
1.778564453125
1.1845703125
1.505859375
1.738525390625
1.207763671875
1.449951171875
1.57421875
1.68212890625
1.675048828125
1.657470703125
1.732177734375
1.548095703125
1.578369140625
1.252685546875
1.854736328125
1.298095703125
1.3369140625
1.42138671875
1.276123046875
1.3994140625
1.550048828125
1.604736328125
1.536865234375
1.8056640625
2.02001953125
1.491455078125
1.6533203125
1.68359375
1.447021484375
1.7333984375
1.24267578125
1.20849609375
1.528076171875
1.23388671875
1.376220703125
1.285400390625
1.464599609375
1.442626953125
1.523681640625
1.5810546875
1.426025390625
1.596923828125
1.853271484375
1.787109375
1.4658203125
1.380859375
1.62109375
1.528076171875
1.593994140625
1.484619140625
1.557373046875
1.2900390625
1.68359375
1.425537109375
1.542236328125
1.535888671875
1.700439453125
1.358642578125
1.51708984375
1.54638671875
1.584716796875
1.385498046875
1.49658203125
1.140380859375
1.167236328125
1.3095703125
1.55517578125
1.30126953125
1.50390625
1.330078125
1.646728515625
1.849853515625
1.73193359375
1.503662109375
1.44921875
1.405029296875
1.639892578125
1.344970703125
1.5322265625
1.58984375
1.128173828125
1.376953125
1.206787109375
1.090087890625
1.57080078125
1.441650390625
1.6806640625
1.83935546875
1.428466796875
1.16357421875
1.263427734375
1.78125
1.603271484375
1.53759765625
1.646484375
1.446044921875
1.57958984375
1.45068359375
1.679931640625
1.658203125
1.62158203125
1.17041015625
1.341552734375
1.316650390625
1.272705078125
1.2314453125
1.697998046875
1.734375
1.848388671875
1.323974609375
1.397216796875
1.467529296875
1.730712890625
1.21826171875
1.48828125
1.521484375
1.4287109375
1.81201171875
1.58349609375
1.23681640625
1.3291015625
1.694091796875
1.331298828125
1.8115234375
1.5126953125
1.703857421875
1.60498046875
1.439697265625
1.42529296875
1.126953125
1.474609375
1.421875
1.297607421875
1.334716796875
1.345458984375
1.7216796875
1.751708984375
1.886962890625
1.511962890625
1.527587890625
1.700439453125
1.52392578125
1.304443359375
1.888916015625
1.3125
1.72119140625
1.2470703125
1.451171875
1.57958984375
1.2998046875
1.303955078125
1.2822265625
1.506103515625
1.388671875
1.262939453125
1.189453125
1.26416015625
1.504150390625
1.242431640625
1.85302734375
1.424560546875
1.353271484375
1.556396484375
1.2080078125
1.805908203125
1.59423828125
1.522705078125
1.484130859375
1.3642578125
1.53857421875
1.875732421875
1.50244140625
1.405029296875
1.459228515625
1.464111328125
1.887451171875
1.395751953125
1.48828125
1.537841796875
1.546875
1.865966796875
1.73828125
1.40966796875
1.792724609375
1.489501953125
1.562744140625
1.118408203125
1.75390625
1.54296875
