0.6064453125
0.938720703125
0.373046875
0.6455078125
1.010498046875
0.6884765625
0.328369140625
0.451416015625
0.55078125
0.693115234375
0.6884765625
0.731689453125
0.265869140625
0.6318359375
0.641357421875
0.842529296875
0.737060546875
0.583984375
0.55419921875
0.738525390625
0.72412109375
0.594482421875
0.767578125
0.25244140625
0.3525390625
0.52294921875
0.724609375
0.451416015625
0.75390625
0.380126953125
0.43701171875
0.67333984375
0.383544921875
0.29052734375
0.369140625
0.61279296875
0.3740234375
0.823486328125
0.5029296875
0.686279296875
0.502685546875
1.057861328125
0.583984375
0.5439453125
0.619140625
0.731689453125
0.623291015625
0.384521484375
0.359375
0.77783203125
0.615966796875
0.3701171875
0.670166015625
0.918212890625
0.457275390625
0.997802734375
0.446533203125
0.238525390625
0.766845703125
0.384521484375
0.388427734375
0.525390625
0.622802734375
0.773681640625
0.505126953125
0.442138671875
0.62890625
0.6123046875
0.97802734375
0.442626953125
0.450927734375
0.810546875
0.511962890625
0.607421875
0.574951171875
0.420654296875
0.385986328125
0.39404296875
0.421875
0.22021484375
0.570068359375
0.645263671875
1.050048828125
0.7900390625
0.502685546875
0.506591796875
0.316650390625
0.597412109375
0.787841796875
0.6884765625
0.687744140625
0.835205078125
0.424072265625
0.64794921875
0.811767578125
0.62939453125
0.4072265625
0.62109375
0.584228515625
0.464111328125
0.496826171875
0.5625
0.272705078125
0.71728515625
0.567138671875
1.06298828125
0.552001953125
0.466064453125
0.829345703125
0.5244140625
0.556884765625
0.571044921875
0.379150390625
0.565673828125
0.580078125
0.429443359375
0.68798828125
0.780029296875
0.726318359375
0.820068359375
0.693603515625
0.325439453125
0.424072265625
0.66357421875
0.543212890625
0.4462890625
1.255126953125
0.69091796875
1.206787109375
0.904052734375
0.484130859375
0.416748046875
0.57861328125
1.05126953125
0.519775390625
0.65283203125
0.844970703125
0.564697265625
0.624267578125
0.57373046875
0.3408203125
0.424072265625
0.2509765625
0.674560546875
0.433837890625
0.71337890625
0.55615234375
0.58984375
0.508056640625
0.358154296875
0.49658203125
0.69091796875
0.69482421875
0.655029296875
0.438720703125
0.397216796875
0.43701171875
0.61279296875
0.81689453125
0.801513671875
0.694580078125
0.56591796875
0.7275390625
0.47265625
0.392578125
0.36279296875
0.52587890625
0.6259765625
0.682373046875
0.247314453125
0.404052734375
0.449951171875
0.47509765625
0.734375
0.439208984375
0.454345703125
0.237548828125
0.4677734375
0.5771484375
0.771728515625
0.5419921875
0.640380859375
0.28271484375
0.663330078125
0.75634765625
0.568115234375
0.67919921875
0.833251953125
0.5322265625
0.600341796875
0.345947265625
0.77880859375
0.489013671875
0.614990234375
0.32421875
0.501708984375
0.494384765625
0.513671875
0.726806640625
0.5849609375
0.652587890625
0.529296875
0.573486328125
0.58544921875
0.527099609375
0.77685546875
0.833251953125
0.358154296875
0.894287109375
0.6552734375
0.33251953125
0.684814453125
0.350830078125
0.443115234375
0.429443359375
0.824951171875
0.744140625
0.813232421875
0.403076171875
0.4609375
0.685791015625
0.4033203125
0.515869140625
0.45556640625
0.50927734375
0.58447265625
0.517822265625
0.582275390625
0.508056640625
0.82421875
1.246826171875
0.4892578125
0.2626953125
0.31396484375
0.800048828125
0.55029296875
0.524169921875
0.688232421875
0.50146484375
0.427734375
0.40966796875
0.645263671875
0.550537109375
0.642822265625
0.995849609375
0.858154296875
0.406494140625
0.580322265625
0.81982421875
0.875732421875
0.646484375
0.4560546875
0.310302734375
0.823974609375
0.649169921875
0.38525390625
0.5947265625
0.8251953125
0.373046875
0.752685546875
0.61767578125
0.401123046875
0.43017578125
0.697021484375
0.556884765625
1.031982421875
0.466064453125
0.531494140625
0.77197265625
0.52734375
0.432373046875
0.877197265625
0.5966796875
0.6728515625
0.7470703125
0.546875
0.719970703125
0.9521484375
0.773193359375
1.231201171875
1.006591796875
0.961669921875
0.47802734375
0.545654296875
0.418212890625
0.658447265625
0.51611328125
0.777587890625
0.694091796875
0.390625
0.2412109375
0.319091796875
0.43359375
0.46728515625
0.701416015625
0.48046875
0.42333984375
0.4560546875
0.543701171875
0.502685546875
0.3466796875
0.339599609375
0.44482421875
0.6611328125
0.373779296875
0.3955078125
0.677001953125
0.4248046875
0.490966796875
0.522705078125
0.627685546875
0.69189453125
0.774658203125
0.494140625
0.538818359375
0.460693359375
0.4814453125
0.7431640625
0.74560546875
0.552001953125
0.5126953125
0.946044921875
0.552001953125
0.42333984375
0.6162109375
0.764892578125
0.5498046875
0.37646484375
0.369140625
0.61962890625
0.420654296875
0.45703125
0.404541015625
0.687744140625
0.70166015625
0.55517578125
0.464599609375
0.467041015625
0.8466796875
0.468994140625
0.76318359375
0.3564453125
0.45361328125
0.398193359375
0.3798828125
0.66943359375
0.98388671875
0.619384765625
0.239501953125
0.55908203125
0.583740234375
0.891845703125
0.597900390625
0.62939453125
1.0673828125
0.33447265625
0.44970703125
0.345703125
0.5751953125
0.641357421875
0.665771484375
0.51953125
0.7451171875
0.848388671875
0.29443359375
0.916015625
0.393310546875
0.673828125
0.2724609375
0.58984375
0.705322265625
0.21435546875
0.454345703125
0.568115234375
0.37646484375
0.74462890625
0.471923828125
0.577880859375
1.240966796875
0.531982421875
0.512939453125
0.924560546875
0.78369140625
0.399169921875
0.622314453125
0.6259765625
0.697509765625
0.359619140625
1.10986328125
0.525390625
0.719482421875
0.6337890625
0.669677734375
0.499755859375
0.712158203125
0.73193359375
0.5830078125
0.42138671875
0.344482421875
0.27734375
0.947265625
0.87451171875
0.6162109375
0.877197265625
0.691650390625
0.40380859375
0.520751953125
0.42919921875
0.803955078125
0.486572265625
0.728759765625
0.8466796875
1.207763671875
0.638427734375
0.493408203125
0.4697265625
0.362060546875
0.612060546875
0.41357421875
0.722412109375
0.571044921875
0.7333984375
0.4130859375
0.436767578125
0.490234375
0.84228515625
0.735107421875
0.54443359375
0.552001953125
0.341796875
0.51416015625
0.796142578125
0.917724609375
0.59521484375
0.487548828125
0.76611328125
0.559814453125
0.447509765625
0.790283203125
0.593505859375
0.658935546875
0.281005859375
0.419677734375
0.21240234375
1.062255859375
0.584716796875
0.320556640625
0.36083984375
0.9619140625
0.4931640625
0.502685546875
0.43603515625
0.6484375
0.537841796875
0.516845703125
0.464599609375
0.711181640625
0.83056640625
0.5908203125
0.7099609375
0.731201171875
0.48583984375
0.701904296875
0.480712890625
0.441162109375
0.551513671875
0.400634765625
0.51953125
0.5087890625
0.501953125
0.47216796875
0.4912109375
0.37060546875
0.4072265625
0.38525390625
0.577880859375
0.58056640625
0.8662109375
0.461181640625
0.68701171875
0.23779296875
0.59130859375
0.756591796875
0.71728515625
0.72705078125
0.712646484375
0.2890625
0.51318359375
0.68115234375
0.626708984375
0.77734375
0.383544921875
0.567138671875
0.502685546875
0.593505859375
0.705322265625
0.359619140625
0.4306640625
0.649169921875
0.5439453125
