0.138916015625
0.12353515625
0.308837890625
0.121337890625
0.1240234375
0.091796875
0.209716796875
0.204833984375
0.181640625
0.200439453125
0.13037109375
0.08740234375
0.134521484375
0.155517578125
0.282470703125
0.26953125
0.12451171875
0.06201171875
0.127685546875
0.171142578125
0.267333984375
0.31787109375
0.2763671875
0.2509765625
0.318603515625
0.056396484375
0.08544921875
0.092529296875
0.0712890625
0.19580078125
0.497314453125
0.316650390625
0.214599609375
0.150634765625
0.1513671875
0.1005859375
0.192138671875
0.287109375
0.127685546875
0.103759765625
0.040283203125
0.078369140625
0.12646484375
0.243896484375
0.072509765625
0.267578125
0.096923828125
0.229248046875
0.13427734375
0.18896484375
0.0986328125
0.249755859375
0.10400390625
0.0888671875
0.26708984375
0.282470703125
0.116455078125
0.149169921875
0.124755859375
0.1328125
0.291015625
0.15966796875
0.2666015625
0.1064453125
0.17626953125
0.08740234375
0.146728515625
0.1728515625
0.1640625
0.20361328125
0.21533203125
0.125
0.052001953125
0.14599609375
0.108642578125
0.053955078125
0.274658203125
0.1484375
0.258056640625
0.167724609375
0.126220703125
0.226806640625
0.336181640625
0.17529296875
0.159912109375
0.092041015625
0.1064453125
0.240478515625
0.195068359375
0.173583984375
0.14208984375
0.106689453125
0.075927734375
0.155029296875
0.25390625
0.123291015625
0.28564453125
0.3251953125
0.0634765625
0.08984375
0.23681640625
0.0625
0.13232421875
0.381591796875
0.122802734375
0.103759765625
0.151123046875
0.17041015625
0.0869140625
0.13134765625
0.07177734375
0.1279296875
0.10595703125
0.072021484375
0.193359375
0.107177734375
0.083984375
0.124267578125
0.1171875
0.16259765625
0.19775390625
0.179931640625
0.0888671875
0.119384765625
0.173583984375
0.15966796875
0.04296875
0.08642578125
0.04052734375
0.229736328125
0.148681640625
0.210205078125
0.346435546875
0.108642578125
0.461181640625
0.2626953125
0.1279296875
0.163818359375
0.189208984375
0.109130859375
0.18212890625
0.121826171875
0.11181640625
0.174072265625
0.123779296875
0.212646484375
0.117919921875
0.1796875
0.144775390625
0.329833984375
0.119384765625
0.077392578125
0.118408203125
0.20654296875
0.065673828125
0.08837890625
0.177734375
0.10791015625
0.1318359375
0.3154296875
0.170654296875
0.095703125
0.09814453125
0.136474609375
0.088623046875
0.243408203125
0.180419921875
0.1494140625
0.1669921875
0.186279296875
0.1611328125
0.093994140625
0.156005859375
0.139892578125
0.065185546875
0.05712890625
0.19482421875
0.085693359375
0.32275390625
0.129150390625
0.11962890625
0.107177734375
0.343017578125
0.1005859375
0.19091796875
0.197998046875
0.15234375
0.449462890625
0.31396484375
0.12451171875
0.1689453125
0.104248046875
0.230712890625
0.159423828125
0.0830078125
0.19384765625
0.16162109375
0.11279296875
0.19482421875
0.1083984375
0.04931640625
0.23046875
0.46533203125
0.15087890625
0.04638671875
0.181396484375
0.222412109375
0.189453125
0.068115234375
0.146484375
0.070556640625
0.424560546875
0.343994140625
0.3681640625
0.19873046875
0.1396484375
0.13623046875
0.236572265625
0.0771484375
0.2431640625
0.13720703125
0.3515625
0.149169921875
0.331787109375
0.06494140625
0.361083984375
0.072509765625
0.20947265625
0.272705078125
0.06982421875
0.120849609375
0.258544921875
0.18505859375
0.10986328125
0.08935546875
0.058837890625
0.156494140625
0.091552734375
0.083984375
0.165771484375
0.161376953125
0.099365234375
0.1015625
0.169677734375
0.058349609375
0.135498046875
0.144775390625
0.285888671875
0.245361328125
0.28662109375
0.176513671875
0.279296875
0.08642578125
0.156982421875
0.0888671875
0.135009765625
0.28466796875
0.084228515625
0.099853515625
0.083251953125
0.243896484375
0.250244140625
0.1669921875
0.135498046875
0.158203125
0.151123046875
0.288818359375
0.184814453125
0.1103515625
0.237548828125
0.1044921875
0.405517578125
0.226806640625
0.13330078125
0.07861328125
0.12451171875
0.106689453125
0.131591796875
0.10888671875
0.246826171875
0.26318359375
0.18408203125
0.2236328125
0.07666015625
0.353759765625
0.276611328125
0.1943359375
0.15380859375
0.16748046875
0.28076171875
0.264404296875
0.109375
0.162841796875
0.25439453125
0.140380859375
0.10400390625
0.156982421875
0.147705078125
0.107177734375
0.11279296875
0.434814453125
0.35400390625
0.182861328125
0.218994140625
0.17626953125
0.06494140625
0.222900390625
0.073974609375
0.203369140625
0.177734375
0.299072265625
0.064697265625
0.0732421875
0.191162109375
0.081787109375
0.126953125
0.071044921875
0.093505859375
0.494873046875
0.236083984375
0.1728515625
0.1552734375
0.1630859375
0.12060546875
0.180419921875
0.146240234375
0.28271484375
0.241943359375
0.111083984375
0.171875
0.13623046875
0.05712890625
0.20654296875
0.2890625
0.23193359375
0.14599609375
0.1025390625
0.291748046875
0.135009765625
0.0888671875
0.134765625
0.112548828125
0.126953125
0.40380859375
0.3486328125
0.111572265625
0.110595703125
0.145263671875
0.197265625
0.301025390625
0.164794921875
0.10888671875
0.205078125
0.22607421875
0.086669921875
0.14892578125
0.32275390625
0.149169921875
0.094482421875
0.172119140625
0.12158203125
0.15478515625
0.212158203125
0.173583984375
0.130859375
0.19775390625
0.11474609375
0.08251953125
0.347412109375
0.199462890625
0.22216796875
0.17431640625
0.541259765625
0.29541015625
0.079345703125
0.1669921875
0.187255859375
0.26123046875
0.18310546875
0.229736328125
0.244140625
0.25830078125
0.269287109375
0.1787109375
0.113525390625
0.43310546875
0.208740234375
0.098876953125
0.234375
0.13427734375
0.13525390625
0.070068359375
0.106689453125
0.13037109375
0.2451171875
0.275634765625
0.10791015625
0.13525390625
0.1123046875
0.138671875
0.176513671875
0.13134765625
0.2412109375
0.176025390625
0.06982421875
0.193603515625
0.075439453125
0.132568359375
0.08544921875
0.39453125
0.11181640625
0.1865234375
0.312255859375
0.139404296875
0.173583984375
0.19873046875
0.2646484375
0.131103515625
0.365234375
0.154296875
0.117431640625
0.244384765625
0.15185546875
0.106201171875
0.068359375
0.42236328125
0.09814453125
0.13525390625
0.0869140625
0.196533203125
0.114990234375
0.16845703125
0.081787109375
0.0703125
0.078125
0.14306640625
0.086181640625
0.09619140625
0.09814453125
0.091552734375
0.13916015625
0.15966796875
0.103271484375
0.21826171875
0.056396484375
0.1328125
0.220947265625
0.168701171875
0.104736328125
0.08740234375
0.303466796875
0.124267578125
0.0869140625
0.15478515625
0.16845703125
0.213134765625
0.14990234375
0.34619140625
0.12158203125
0.201416015625
0.367431640625
0.153076171875
0.1513671875
0.19140625
0.2900390625
0.146240234375
0.118896484375
0.155517578125
0.120361328125
0.252685546875
0.22607421875
0.470703125
0.2138671875
0.185546875
0.19140625
0.10595703125
0.089599609375
0.147705078125
0.095703125
0.229736328125
0.11962890625
0.185546875
0.113525390625
0.22265625
0.174560546875
0.137939453125
0.201416015625
0.15234375
0.253662109375
0.23876953125
0.176513671875
0.086181640625
0.157470703125
0.125
0.0546875
0.15380859375
0.12646484375
0.0693359375
0.073974609375
0.294921875
