1.677978515625
1.284912109375
1.638671875
1.839599609375
1.56005859375
1.241455078125
1.474609375
1.04052734375
1.153564453125
1.0625
0.997802734375
1.246826171875
1.239013671875
0.967041015625
1.176025390625
1.700927734375
1.531982421875
1.23876953125
1.145751953125
1.279296875
1.61328125
1.07568359375
1.786376953125
1.1484375
1.385498046875
1.2509765625
1.75927734375
1.4990234375
1.358154296875
1.0673828125
1.4345703125
1.4794921875
1.589111328125
1.29443359375
1.159423828125
1.722412109375
1.15234375
1.08740234375
1.7626953125
1.09765625
1.5908203125
1.759033203125
1.63623046875
0.96484375
2.062744140625
1.38525390625
1.169921875
1.177978515625
1.529296875
0.996337890625
1.634521484375
1.35888671875
1.811279296875
1.291259765625
1.2890625
1.37255859375
1.1572265625
1.399658203125
1.583984375
1.263427734375
0.835205078125
0.998779296875
1.188720703125
1.4560546875
0.860595703125
1.258544921875
1.52783203125
1.0390625
0.99169921875
0.839111328125
1.01953125
1.477783203125
1.328369140625
1.337890625
1.002685546875
0.85205078125
1.497314453125
1.2958984375
1.08740234375
1.50390625
1.2294921875
1.188232421875
1.2666015625
1.359375
1.34228515625
1.263427734375
1.112548828125
1.214599609375
1.191650390625
1.23046875
1.028076171875
1.156494140625
1.095703125
1.473876953125
1.5625
1.494384765625
1.2939453125
1.386474609375
1.34228515625
1.268798828125
1.181640625
1.569091796875
1.06103515625
1.362060546875
1.200927734375
1.079345703125
1.04052734375
1.1962890625
1.359619140625
1.3125
1.5966796875
1.33642578125
0.890869140625
1.40283203125
1.467529296875
1.438232421875
1.24169921875
1.19091796875
1.6455078125
1.34228515625
1.4521484375
1.28466796875
1.5576171875
1.50439453125
1.216552734375
0.998779296875
1.165283203125
1.010498046875
0.753173828125
1.323486328125
1.321533203125
1.28125
1.488037109375
0.946044921875
1.56689453125
1.177001953125
1.106201171875
1.438720703125
1.366943359375
1.469482421875
1.306884765625
1.27783203125
1.53369140625
1.340576171875
1.185791015625
1.51611328125
1.290283203125
0.833251953125
1.002197265625
1.399658203125
1.498046875
1.2626953125
0.994873046875
1.615478515625
1.228759765625
1.0517578125
1.1904296875
1.27783203125
1.034423828125
1.417236328125
1.5927734375
1.05810546875
1.15966796875
0.911865234375
1.843017578125
1.271484375
1.387451171875
1.28564453125
1.1005859375
1.094970703125
1.33251953125
1.274658203125
1.51171875
1.38720703125
1.4990234375
1.318603515625
1.510986328125
1.49072265625
1.345703125
1.0927734375
1.6455078125
1.6689453125
1.33642578125
1.137451171875
1.317138671875
1.352294921875
1.57421875
1.11865234375
1.24072265625
1.2236328125
1.166259765625
1.4609375
1.126220703125
0.988037109375
1.426025390625
1.0927734375
1.07421875
1.444580078125
1.340087890625
1.54150390625
1.963134765625
1.461669921875
0.814208984375
1.61962890625
1.29833984375
1.2744140625
1.546142578125
1.23681640625
1.52978515625
1.53515625
1.208984375
1.3916015625
1.225830078125
1.388427734375
1.352783203125
1.475341796875
1.18505859375
1.248779296875
1.647705078125
1.435302734375
1.6630859375
1.326904296875
1.28173828125
1.605224609375
1.413330078125
1.46435546875
1.45068359375
1.30712890625
1.09912109375
0.959716796875
1.20361328125
1.379638671875
1.21142578125
1.193359375
1.177001953125
1.076904296875
1.396240234375
1.408935546875
1.31005859375
1.35400390625
1.768310546875
1.625244140625
1.3701171875
1.300537109375
1.2060546875
1.268310546875
1.246337890625
1.41552734375
1.421875
1.383056640625
1.211669921875
1.18896484375
1.318359375
1.5341796875
1.270751953125
1.56591796875
1.1875
1.34814453125
1.70703125
1.30810546875
1.552001953125
1.20751953125
1.142822265625
1.09326171875
1.107177734375
1.68212890625
0.96044921875
1.67041015625
1.368408203125
1.166748046875
1.355224609375
1.214599609375
1.144287109375
0.8037109375
1.128662109375
1.696044921875
1.0908203125
0.87646484375
1.24951171875
1.567626953125
1.476806640625
1.444580078125
1.626953125
1.3154296875
1.486572265625
1.435302734375
1.349853515625
1.487060546875
1.84521484375
1.195556640625
1.362060546875
1.582763671875
1.684326171875
1.316162109375
1.156982421875
1.357666015625
1.09521484375
1.495849609375
1.40087890625
1.646484375
1.34912109375
1.18408203125
1.112548828125
1.02099609375
0.768798828125
1.233642578125
1.09619140625
0.86181640625
1.690185546875
1.18603515625
1.253173828125
1.293701171875
1.489990234375
1.341552734375
1.2939453125
1.372802734375
1.121337890625
1.14697265625
1.0732421875
1.51708984375
1.134765625
1.257568359375
1.09912109375
1.5703125
1.1298828125
1.375
1.040283203125
1.05908203125
1.1806640625
1.49560546875
1.4609375
1.056640625
1.355712890625
1.26123046875
1.4287109375
1.502685546875
1.06591796875
1.47998046875
1.623291015625
1.302734375
0.947998046875
1.044189453125
1.0849609375
1.3681640625
1.259033203125
1.62158203125
1.060546875
1.26416015625
1.496337890625
1.83544921875
1.09912109375
1.442138671875
1.492431640625
0.896484375
1.173583984375
1.4208984375
1.0556640625
1.381591796875
1.68310546875
1.196533203125
0.934814453125
1.224365234375
1.123779296875
1.15185546875
1.32275390625
1.54296875
1.14990234375
2.049072265625
1.34765625
0.94580078125
1.3896484375
1.715087890625
1.1435546875
1.444580078125
1.191162109375
1.08544921875
1.5673828125
1.22021484375
1.175537109375
1.552734375
1.51220703125
1.338623046875
1.57177734375
1.330322265625
1.480712890625
1.201171875
1.039794921875
1.044677734375
1.521728515625
1.22900390625
0.9287109375
1.541748046875
1.2392578125
1.384521484375
1.104248046875
1.2841796875
1.140869140625
1.25634765625
2.10595703125
1.371826171875
1.095947265625
1.194580078125
0.877197265625
1.926025390625
1.14794921875
1.327392578125
1.408935546875
1.08935546875
1.406005859375
1.44482421875
1.643798828125
1.040283203125
1.373779296875
1.11962890625
1.3701171875
1.132568359375
1.417724609375
0.9638671875
1.157470703125
1.152099609375
1.0029296875
1.2373046875
1.058837890625
1.521728515625
1.6669921875
1.0595703125
1.497802734375
1.019287109375
1.3486328125
1.302734375
1.64111328125
1.270751953125
1.388671875
1.5185546875
1.474609375
1.04638671875
1.37109375
1.36669921875
1.10009765625
1.0634765625
1.114013671875
1.327880859375
1.464111328125
1.47265625
1.093505859375
1.295166015625
1.77001953125
1.25048828125
1.34130859375
1.49560546875
1.447021484375
0.886962890625
1.17236328125
1.465576171875
1.054931640625
0.92333984375
0.97705078125
1.15966796875
1.74755859375
1.4775390625
1.338134765625
1.3720703125
1.305419921875
1.282470703125
1.556396484375
1.350830078125
1.253173828125
1.173095703125
1.0146484375
1.49755859375
1.25146484375
1.094970703125
1.4208984375
1.326416015625
1.2880859375
1.133056640625
1.4267578125
1.047119140625
0.957275390625
1.356689453125
1.536376953125
1.173095703125
1.40283203125
1.43017578125
1.410400390625
1.638427734375
1.646240234375
1.0869140625
1.391357421875
0.842529296875
1.249267578125
1.541259765625
1.308349609375
1.436279296875
1.5791015625
1.201416015625
1.2998046875
1.189697265625
1.44287109375
1.52783203125
