1.466796875
1.22509765625
1.60302734375
1.357666015625
1.52099609375
1.47509765625
1.4609375
1.34912109375
1.394775390625
1.63671875
1.17529296875
1.123779296875
1.55810546875
1.57080078125
1.314453125
1.583984375
1.277587890625
1.864013671875
1.551025390625
1.372314453125
1.39794921875
1.48486328125
1.41357421875
1.9091796875
1.51708984375
1.547119140625
1.7568359375
1.369873046875
1.758544921875
1.095703125
1.071044921875
1.562255859375
1.64306640625
1.47119140625
1.29345703125
1.639892578125
1.499267578125
1.894775390625
1.59912109375
1.36376953125
1.240234375
1.22802734375
1.66064453125
1.5830078125
1.244384765625
1.458984375
1.546875
1.197509765625
1.34619140625
1.0380859375
1.5673828125
1.56591796875
1.77099609375
1.294189453125
1.6337890625
1.58447265625
1.48291015625
1.078857421875
1.65283203125
1.332763671875
1.41650390625
1.882568359375
1.485595703125
1.585205078125
1.439453125
1.616455078125
1.703125
1.32763671875
1.449951171875
1.690185546875
1.79931640625
1.67236328125
2.008056640625
1.96240234375
1.8310546875
1.248291015625
1.564453125
1.32275390625
1.156982421875
1.283203125
1.751708984375
1.56494140625
1.341552734375
1.304443359375
1.606201171875
1.38330078125
1.220947265625
1.208740234375
1.417236328125
1.6875
1.862060546875
1.134033203125
1.588623046875
1.8505859375
1.486083984375
1.86962890625
1.371826171875
1.602294921875
1.450927734375
1.634521484375
1.467529296875
1.4326171875
1.3759765625
1.325927734375
1.57763671875
1.25830078125
1.210693359375
1.583740234375
1.5546875
1.607666015625
1.656982421875
1.420654296875
1.5068359375
1.3955078125
1.746826171875
1.47802734375
1.44384765625
1.66259765625
1.230224609375
1.682861328125
1.356689453125
1.885498046875
1.85791015625
1.172119140625
1.238037109375
1.3896484375
1.252197265625
1.188720703125
1.6416015625
1.2861328125
1.132080078125
1.41162109375
1.601806640625
1.59033203125
1.7177734375
1.66064453125
1.4775390625
1.278076171875
1.7607421875
1.20751953125
1.49755859375
1.45458984375
1.256591796875
1.8525390625
1.379638671875
1.554931640625
1.516845703125
1.698974609375
1.43017578125
1.659423828125
1.56884765625
1.241455078125
1.6259765625
1.93359375
1.242919921875
1.652587890625
1.78515625
1.5751953125
1.3876953125
1.354736328125
1.554443359375
1.660888671875
1.717041015625
1.35791015625
1.784423828125
1.70263671875
1.558837890625
1.285400390625
1.953857421875
1.385498046875
1.710693359375
1.853515625
1.96630859375
1.2978515625
1.49755859375
1.130126953125
1.554443359375
1.425048828125
1.60498046875
1.502197265625
1.63232421875
1.420654296875
1.476806640625
1.703369140625
1.212646484375
1.353515625
1.576416015625
1.198486328125
1.6318359375
1.496826171875
1.192138671875
1.514404296875
1.592041015625
1.23681640625
1.40185546875
1.37841796875
1.20849609375
1.285400390625
1.616943359375
1.206298828125
1.31396484375
1.557861328125
1.55224609375
1.52294921875
1.5947265625
1.329345703125
1.308349609375
1.477294921875
1.2705078125
1.3525390625
1.625732421875
1.570068359375
1.736328125
1.67919921875
1.407470703125
1.72705078125
1.359375
1.4287109375
1.671630859375
1.616455078125
1.38818359375
1.325927734375
1.703125
1.272705078125
1.431884765625
1.750244140625
1.341552734375
1.302734375
1.008544921875
0.91552734375
1.517333984375
1.515380859375
1.37646484375
1.6376953125
1.439697265625
1.81494140625
1.55615234375
1.27294921875
1.1298828125
1.363037109375
1.3994140625
1.54736328125
1.74755859375
1.339599609375
1.673583984375
1.697021484375
1.4765625
1.423095703125
1.47412109375
1.538330078125
1.419189453125
1.463623046875
1.333251953125
1.682373046875
1.54052734375
1.473388671875
1.46484375
1.486572265625
1.528076171875
1.603515625
1.697998046875
1.563232421875
1.7421875
1.720947265625
1.3359375
1.524658203125
1.2080078125
2.04638671875
1.300048828125
1.53076171875
1.72509765625
1.291748046875
1.403564453125
1.36962890625
1.4345703125
1.575927734375
1.348876953125
1.92138671875
1.24072265625
1.408203125
1.355712890625
1.589599609375
1.75244140625
1.475341796875
1.641357421875
1.277099609375
1.083984375
1.754638671875
1.177001953125
1.51123046875
1.366943359375
1.799072265625
1.166259765625
1.561279296875
1.400146484375
1.521484375
1.28662109375
1.6337890625
1.791015625
1.190673828125
1.507080078125
1.085693359375
1.343017578125
1.66259765625
1.40673828125
1.37548828125
1.076904296875
1.359130859375
1.273681640625
1.52001953125
1.430908203125
1.750732421875
1.13623046875
1.457763671875
1.709716796875
1.179443359375
1.42724609375
1.501220703125
1.642578125
1.647216796875
1.629638671875
1.66796875
1.5224609375
1.525390625
1.210693359375
1.793701171875
1.231201171875
1.300537109375
1.36767578125
1.23388671875
1.35595703125
1.53564453125
1.595703125
1.476318359375
1.781005859375
1.969970703125
1.463134765625
1.582275390625
1.65673828125
1.404296875
1.68994140625
1.201171875
1.148193359375
1.4814453125
1.171875
1.341064453125
1.246826171875
1.429443359375
1.377197265625
1.4814453125
1.533447265625
1.38916015625
1.531494140625
1.790283203125
1.74365234375
1.40625
1.329833984375
1.576171875
1.453125
1.580078125
1.447265625
1.4970703125
1.23046875
1.6640625
1.3642578125
1.447021484375
1.48193359375
1.67919921875
1.335693359375
1.470947265625
1.52294921875
1.544677734375
1.334716796875
1.45947265625
1.0810546875
1.08544921875
1.2451171875
1.5087890625
1.2314453125
1.436279296875
1.283935546875
1.595703125
1.809326171875
1.684814453125
1.464599609375
1.374267578125
1.353271484375
1.623046875
1.30419921875
1.48583984375
1.57958984375
1.076171875
1.35888671875
1.14794921875
1.026611328125
1.5341796875
1.400634765625
1.646728515625
1.7919921875
1.3984375
1.115966796875
1.2236328125
1.747802734375
1.5498046875
1.47705078125
1.589599609375
1.414306640625
1.5419921875
1.436767578125
1.658203125
1.607666015625
1.572509765625
1.10546875
1.286865234375
1.249267578125
1.229248046875
1.177001953125
1.656494140625
1.694091796875
1.814208984375
1.279541015625
1.352294921875
1.397705078125
1.664794921875
1.165771484375
1.44775390625
1.49169921875
1.3916015625
1.804931640625
1.56591796875
1.224609375
1.289306640625
1.665283203125
1.30078125
1.77490234375
1.4765625
1.662841796875
1.565185546875
1.39501953125
1.3818359375
1.095947265625
1.428466796875
1.385986328125
1.2275390625
1.298583984375
1.294677734375
1.6669921875
1.71142578125
1.83056640625
1.49072265625
1.492431640625
1.65576171875
1.478759765625
1.27099609375
1.859130859375
1.231689453125
1.650390625
1.2001953125
1.379150390625
1.534423828125
1.239501953125
1.242431640625
1.26318359375
1.4384765625
1.338623046875
1.218505859375
1.151123046875
1.2080078125
1.4716796875
1.198486328125
1.803466796875
1.3779296875
1.3369140625
1.51708984375
1.164794921875
1.759033203125
1.57177734375
1.46533203125
1.4697265625
1.317626953125
1.4853515625
1.8271484375
1.459716796875
1.375732421875
1.384765625
1.43701171875
1.870849609375
1.371337890625
1.42822265625
1.47265625
1.52294921875
1.808837890625
1.72216796875
1.34423828125
1.778076171875
1.4453125
1.540283203125
1.080810546875
1.750244140625
1.5263671875
