0.888427734375
0.765869140625
1.01806640625
1.182373046875
0.626708984375
0.943359375
1.0595703125
0.5048828125
0.5263671875
0.52099609375
0.837890625
0.800537109375
0.752197265625
0.69140625
0.779541015625
0.990966796875
0.652099609375
1.046875
0.712890625
0.843017578125
0.474609375
0.83837890625
0.720947265625
0.942626953125
0.67041015625
0.646728515625
0.654296875
0.5908203125
0.841552734375
0.596923828125
0.961181640625
0.65380859375
0.651611328125
0.543212890625
1.1044921875
0.827880859375
0.451416015625
0.617919921875
0.475830078125
1.128173828125
1.30224609375
0.84521484375
0.556396484375
0.792236328125
1.0478515625
0.67529296875
0.674072265625
0.495361328125
0.90380859375
0.654052734375
1.027587890625
1.2294921875
1.147216796875
0.8701171875
0.691162109375
0.740478515625
0.755615234375
0.83837890625
0.857177734375
0.780517578125
0.3642578125
1.2998046875
0.6962890625
0.793701171875
0.760498046875
0.9443359375
0.658447265625
0.66796875
0.56298828125
0.560546875
0.88232421875
1.115234375
0.53125
0.9169921875
0.866943359375
0.741455078125
0.54345703125
1.024169921875
0.72705078125
0.27978515625
0.628662109375
0.6552734375
0.739501953125
1.1298828125
1.064697265625
0.868408203125
0.367431640625
0.69140625
0.60302734375
0.8125
0.533447265625
0.71240234375
0.92138671875
0.91162109375
1.140869140625
0.67431640625
0.64453125
0.592041015625
0.64697265625
0.530029296875
0.673095703125
1.1923828125
1.01904296875
0.538330078125
0.580322265625
0.726318359375
0.687744140625
0.75048828125
0.646240234375
1.016845703125
1.062255859375
0.53271484375
0.648193359375
0.66748046875
0.69921875
0.892578125
0.583984375
0.572509765625
0.46923828125
0.269775390625
0.789306640625
0.744873046875
0.73681640625
0.70068359375
0.6279296875
0.7607421875
0.841796875
0.778564453125
0.637451171875
0.5537109375
0.7763671875
0.830322265625
0.703125
0.59228515625
0.699951171875
0.542236328125
0.76220703125
0.78369140625
0.976318359375
0.615478515625
0.898681640625
0.70654296875
0.673828125
0.84033203125
0.6337890625
0.8681640625
0.78759765625
0.59716796875
0.693115234375
0.729736328125
0.880126953125
0.5009765625
0.6171875
1.061279296875
0.695068359375
1.314697265625
0.803955078125
0.721923828125
0.51416015625
0.97216796875
0.75830078125
0.5732421875
0.632080078125
0.61572265625
0.963623046875
0.896240234375
0.73779296875
0.67138671875
0.929931640625
0.83544921875
0.77001953125
0.590087890625
0.8388671875
0.643798828125
0.568115234375
0.943359375
0.78857421875
0.7939453125
0.89501953125
0.498046875
0.843017578125
1.01318359375
0.890625
1.207763671875
0.889892578125
0.60400390625
0.603515625
1.039794921875
0.774169921875
0.779296875
0.55126953125
0.617431640625
0.753173828125
0.577880859375
0.797607421875
0.88525390625
0.515625
0.665283203125
0.81787109375
0.740966796875
0.984375
0.747314453125
0.61865234375
0.749755859375
0.7197265625
0.44482421875
0.925048828125
0.79833984375
0.9658203125
0.57421875
0.716796875
1.008056640625
1.0537109375
0.59228515625
1.122314453125
1.0068359375
0.69287109375
1.0068359375
0.576416015625
0.69384765625
0.932373046875
0.568359375
0.78125
0.775390625
1.001220703125
0.71875
0.80322265625
0.73828125
0.827392578125
0.822998046875
0.731689453125
0.817626953125
0.682861328125
0.80615234375
0.6171875
1.06591796875
0.775634765625
0.72216796875
0.66259765625
0.52001953125
1.073974609375
1.108154296875
0.544921875
1.3798828125
1.081787109375
0.423828125
1.256103515625
0.609130859375
0.618408203125
0.708740234375
0.859619140625
0.774658203125
0.652587890625
0.5703125
1.097900390625
0.71533203125
0.815185546875
0.36376953125
0.892822265625
0.819091796875
0.730224609375
0.5234375
0.487548828125
0.761962890625
0.7734375
0.62939453125
1.021484375
0.679931640625
0.791015625
0.71044921875
0.7861328125
0.894287109375
0.66357421875
1.155029296875
1.16796875
0.843994140625
0.906494140625
1.200927734375
0.5947265625
0.693115234375
0.59130859375
0.717529296875
0.96875
0.653564453125
0.67041015625
0.62744140625
0.685546875
0.883056640625
0.71435546875
0.52880859375
0.94140625
0.856201171875
0.9228515625
0.830322265625
0.782470703125
0.841552734375
0.9716796875
0.732421875
0.62841796875
0.765380859375
0.819091796875
0.754638671875
0.9033203125
0.85546875
0.77685546875
0.697021484375
0.91064453125
0.6318359375
0.412353515625
0.9853515625
0.72900390625
0.711181640625
0.989013671875
0.899169921875
0.97607421875
0.66845703125
0.554443359375
1.042724609375
0.500244140625
0.330322265625
0.57763671875
0.969970703125
1.115966796875
0.689208984375
1.1552734375
1.0029296875
1.093505859375
0.482177734375
0.72607421875
0.94580078125
1.218505859375
0.9658203125
0.9677734375
0.8125
0.655517578125
0.666015625
0.619140625
0.93798828125
0.5830078125
0.474609375
1.18212890625
0.97314453125
0.71630859375
0.933837890625
0.635009765625
0.48046875
0.840576171875
0.74267578125
0.5556640625
0.74462890625
0.57080078125
0.708984375
0.5810546875
0.68701171875
0.550048828125
0.615966796875
0.6533203125
0.85595703125
0.786865234375
0.974853515625
0.693115234375
0.6630859375
0.66455078125
0.8095703125
0.8251953125
0.3720703125
1.177001953125
0.539794921875
1.07373046875
0.57666015625
0.625244140625
1.087890625
0.606201171875
0.625244140625
0.839111328125
0.9453125
0.83056640625
0.68701171875
0.9580078125
0.98095703125
0.714111328125
0.648193359375
1.15478515625
0.584716796875
0.936279296875
0.835205078125
0.82373046875
0.493408203125
0.54150390625
1.064697265625
0.602783203125
0.660888671875
0.61083984375
0.99658203125
1.10205078125
0.772216796875
0.693603515625
0.6962890625
0.62939453125
0.64111328125
0.805419921875
0.802734375
0.8056640625
1.604248046875
1.16796875
0.51318359375
0.72802734375
0.513916015625
0.390625
0.75244140625
0.5947265625
0.901123046875
0.6015625
1.021484375
0.96630859375
0.946533203125
0.59814453125
0.34619140625
0.744873046875
0.966064453125
0.7470703125
0.91015625
0.759765625
0.933349609375
0.524658203125
0.751953125
0.782958984375
0.8955078125
0.6796875
0.615234375
0.379150390625
0.980224609375
0.738525390625
1.09375
0.7431640625
0.552001953125
0.56396484375
0.591552734375
0.93505859375
0.848876953125
0.830810546875
0.6298828125
0.845458984375
0.798095703125
0.868896484375
0.729248046875
1.13525390625
0.748779296875
0.58642578125
0.87060546875
0.58349609375
0.420654296875
0.53662109375
0.812255859375
0.6064453125
0.57275390625
0.616455078125
0.63525390625
0.58837890625
0.720458984375
0.817626953125
1.009033203125
1.041015625
0.883544921875
0.768310546875
0.85107421875
0.766845703125
0.578125
0.61083984375
0.86376953125
0.9501953125
0.734130859375
0.501953125
1.016357421875
1.10302734375
0.723388671875
0.7275390625
0.53564453125
0.52734375
0.82958984375
0.65380859375
0.74853515625
1.266357421875
0.500244140625
0.513427734375
0.781494140625
1.19287109375
1.0732421875
0.480224609375
0.6318359375
0.67041015625
1.204833984375
0.626708984375
0.531494140625
0.656982421875
1.080078125
0.697265625
1.176025390625
0.55126953125
1.072265625
