1.121826171875
1.47265625
1.488037109375
1.128173828125
1.34375
1.4912109375
1.168212890625
1.232177734375
1.412841796875
1.47412109375
1.404052734375
1.14697265625
1.447998046875
1.752197265625
1.47509765625
1.506591796875
1.220458984375
1.099365234375
1.20849609375
1.492919921875
1.60498046875
1.499755859375
1.425537109375
1.25439453125
1.64794921875
1.099365234375
1.335693359375
1.203857421875
1.16552734375
1.2841796875
1.490966796875
1.658447265625
1.430419921875
1.961181640625
1.336669921875
1.0126953125
1.135498046875
1.87451171875
1.1279296875
1.42041015625
0.957763671875
1.3427734375
1.5380859375
1.44921875
1.052490234375
1.50048828125
1.3125
1.5771484375
1.166015625
1.6474609375
1.05224609375
1.193603515625
1.216796875
1.190185546875
1.504150390625
1.650390625
1.248291015625
1.49462890625
1.2001953125
1.404541015625
1.654296875
1.408935546875
1.84130859375
1.323486328125
1.508544921875
1.34033203125
1.50341796875
1.532958984375
1.330810546875
0.95751953125
1.36083984375
1.16943359375
1.089111328125
1.25244140625
1.447265625
1.20654296875
1.47705078125
1.363037109375
1.756591796875
1.463623046875
1.26416015625
1.61083984375
1.835693359375
1.30322265625
1.335205078125
0.913818359375
1.484375
1.353759765625
1.225341796875
1.540283203125
1.5
1.069091796875
1.289794921875
1.287109375
1.38525390625
1.097412109375
1.3046875
1.396728515625
1.013671875
1.19677734375
1.581787109375
1.046875
1.21533203125
1.55517578125
1.41650390625
1.213134765625
1.222900390625
1.032470703125
1.273193359375
1.514892578125
1.118408203125
1.268310546875
1.441162109375
1.118408203125
1.705810546875
1.1611328125
1.18017578125
1.013427734375
1.3037109375
1.329833984375
1.35009765625
1.54833984375
1.00439453125
1.419189453125
1.437255859375
1.269287109375
0.972900390625
1.21728515625
1.080810546875
1.34130859375
1.485595703125
1.328125
1.115234375
1.4306640625
1.78369140625
1.277099609375
1.51513671875
1.375
0.986328125
0.991943359375
1.424560546875
1.42333984375
1.399658203125
1.443603515625
1.572998046875
1.347412109375
1.4248046875
1.42041015625
1.28173828125
1.338623046875
1.2099609375
1.143798828125
1.46240234375
1.538818359375
1.099853515625
1.324951171875
1.37109375
1.061279296875
1.135986328125
1.512451171875
1.622802734375
1.26904296875
1.345458984375
1.3134765625
1.408935546875
1.626708984375
1.55810546875
1.34423828125
1.439453125
1.358154296875
1.361328125
0.999267578125
1.20166015625
1.21826171875
1.09765625
0.866455078125
1.42919921875
1.315185546875
1.441162109375
1.06591796875
1.35302734375
1.376708984375
1.611328125
1.694580078125
1.267333984375
1.327880859375
1.47265625
1.5771484375
1.69677734375
1.39697265625
1.571533203125
1.374755859375
1.232666015625
1.4453125
1.183349609375
1.567626953125
1.209228515625
1.451416015625
1.657958984375
1.1572265625
1.116455078125
1.38671875
1.4052734375
1.401611328125
1.048583984375
1.65771484375
1.661865234375
1.18798828125
1.085693359375
1.470703125
1.018310546875
1.399169921875
2.229248046875
1.456298828125
1.386962890625
1.123046875
1.203369140625
1.3662109375
1.2451171875
0.93017578125
1.357666015625
1.763427734375
1.299072265625
1.69482421875
1.1123046875
1.213134765625
0.88818359375
1.299560546875
1.33935546875
0.9345703125
1.604248046875
1.153564453125
1.510009765625
1.680908203125
1.327880859375
1.005126953125
1.1025390625
1.1044921875
1.244140625
1.2607421875
1.318115234375
0.942138671875
1.5439453125
1.39892578125
1.42333984375
1.216552734375
1.356689453125
1.41162109375
1.60986328125
1.51953125
1.1484375
1.716064453125
0.99560546875
1.447021484375
0.970947265625
1.591796875
1.35009765625
1.0654296875
1.23583984375
1.410888671875
1.75634765625
1.507080078125
1.617431640625
1.521484375
1.19384765625
1.077392578125
1.626953125
1.618896484375
1.45263671875
1.3564453125
1.1142578125
1.76416015625
1.44921875
1.494873046875
1.285400390625
1.267333984375
1.23583984375
1.207763671875
1.3515625
1.22119140625
1.79443359375
1.579345703125
1.6748046875
1.24560546875
1.712890625
1.521728515625
1.40283203125
1.1806640625
1.28076171875
1.3056640625
1.437255859375
1.46484375
1.464111328125
1.414794921875
1.359130859375
1.02392578125
1.39697265625
1.43896484375
1.321044921875
1.291015625
1.6923828125
1.6875
1.53955078125
1.557861328125
1.845947265625
1.0380859375
1.65869140625
1.216552734375
1.47021484375
1.492431640625
1.220458984375
1.225830078125
0.9248046875
1.1298828125
0.982666015625
1.490966796875
1.287353515625
1.003173828125
1.7509765625
1.333740234375
1.539306640625
1.5068359375
1.46875
1.19775390625
1.018798828125
1.400390625
1.3974609375
1.326416015625
1.467041015625
1.354736328125
1.1767578125
1.234619140625
1.439453125
1.496337890625
1.423583984375
0.961669921875
1.17724609375
1.52490234375
1.207275390625
1.25244140625
1.12353515625
1.077880859375
1.304931640625
1.392578125
1.95751953125
1.235107421875
1.420166015625
1.483154296875
1.08984375
1.476806640625
1.3515625
1.2158203125
1.353759765625
1.155517578125
1.220458984375
1.2177734375
1.974853515625
1.45361328125
1.238037109375
1.4873046875
1.436767578125
1.3974609375
1.544189453125
1.202880859375
1.3994140625
1.536865234375
1.37890625
0.997314453125
1.71826171875
1.683349609375
1.638427734375
1.23486328125
2.025146484375
1.405517578125
1.278076171875
1.164794921875
1.6474609375
1.606689453125
1.521484375
1.40625
1.723388671875
1.21875
1.240234375
1.521484375
1.17724609375
1.67529296875
1.80078125
1.1650390625
1.39013671875
1.375
1.35595703125
1.155517578125
1.195068359375
0.845703125
1.536376953125
1.577392578125
1.317138671875
1.28076171875
1.09326171875
1.254150390625
1.46240234375
1.083984375
1.429931640625
1.37353515625
1.535400390625
1.598388671875
1.323486328125
1.19287109375
1.279541015625
1.44580078125
1.272216796875
1.476806640625
1.46728515625
1.306396484375
1.575439453125
1.452880859375
1.24169921875
1.22607421875
1.73095703125
1.43115234375
1.41552734375
1.32421875
1.27392578125
1.177978515625
1.12890625
1.90185546875
1.1513671875
1.461181640625
1.107177734375
1.875
1.255859375
1.197021484375
1.154052734375
1.054931640625
1.072998046875
1.013671875
0.999267578125
1.171630859375
1.271728515625
1.269775390625
1.59228515625
1.533447265625
1.422607421875
1.178955078125
0.84228515625
1.00341796875
1.52783203125
1.20556640625
1.400146484375
0.960693359375
1.632568359375
1.249267578125
1.208984375
1.317138671875
1.657470703125
1.44677734375
1.392822265625
1.43603515625
1.26806640625
1.51806640625
1.81787109375
1.38330078125
1.398681640625
1.42822265625
1.373291015625
1.38330078125
1.36572265625
1.15869140625
1.23876953125
1.313720703125
1.46728515625
1.68701171875
1.377197265625
1.537353515625
1.1923828125
1.284912109375
1.1708984375
1.331787109375
1.425537109375
1.55712890625
1.487548828125
1.07421875
1.2158203125
1.259765625
1.387451171875
1.391357421875
1.293212890625
1.25341796875
1.34814453125
1.420654296875
1.5244140625
1.088134765625
1.267578125
1.469970703125
0.9912109375
1.308349609375
1.1767578125
1.24072265625
1.086181640625
1.114501953125
