1.498291015625
1.109375
1.565185546875
1.706787109375
1.382080078125
1.0712890625
1.301025390625
0.842041015625
1.00244140625
0.8466796875
0.767578125
1.114990234375
1.013916015625
0.8427734375
0.947998046875
1.47216796875
1.443603515625
1.064208984375
1.001708984375
1.12841796875
1.47119140625
0.98046875
1.662109375
0.988037109375
1.2041015625
1.057373046875
1.61083984375
1.2890625
1.1337890625
0.91748046875
1.23046875
1.24560546875
1.47998046875
1.041748046875
1.105224609375
1.5595703125
0.92041015625
0.944091796875
1.5185546875
0.911376953125
1.45068359375
1.666015625
1.36328125
0.7744140625
1.962646484375
1.1494140625
0.95849609375
1.037353515625
1.27734375
0.888671875
1.374267578125
1.211181640625
1.583984375
1.042724609375
1.1142578125
1.192626953125
0.974853515625
1.156005859375
1.4443359375
1.012451171875
0.7587890625
0.81298828125
1.091552734375
1.316650390625
0.717529296875
0.9716796875
1.23388671875
0.9033203125
0.847412109375
0.654052734375
0.83984375
1.283203125
1.093017578125
1.112548828125
0.92138671875
0.650146484375
1.3056640625
1.033203125
0.906005859375
1.183837890625
1.031494140625
0.970703125
1.168701171875
1.15478515625
1.16357421875
1.068115234375
0.941650390625
1.046875
0.983642578125
1.044189453125
0.84716796875
0.996337890625
0.87353515625
1.337646484375
1.402587890625
1.322021484375
1.07763671875
1.273681640625
1.2216796875
1.072021484375
1.086669921875
1.459228515625
0.8544921875
1.128662109375
1.05712890625
0.8701171875
0.9267578125
0.969482421875
1.195556640625
1.11669921875
1.373046875
1.127685546875
0.707763671875
1.21875
1.248291015625
1.216796875
1.088134765625
0.9404296875
1.46826171875
1.21923828125
1.263427734375
1.1474609375
1.3359375
1.4423828125
0.927734375
0.82275390625
0.987548828125
0.827880859375
0.529296875
1.165771484375
1.15673828125
1.106689453125
1.3671875
0.721923828125
1.369873046875
0.9013671875
0.91650390625
1.236328125
1.143310546875
1.301025390625
1.0771484375
1.034423828125
1.2724609375
1.12646484375
1.03857421875
1.323974609375
1.027587890625
0.699951171875
0.8916015625
1.18798828125
1.324951171875
1.228515625
0.796142578125
1.382568359375
1.091796875
0.84765625
1.052734375
1.020751953125
0.788330078125
1.29931640625
1.4130859375
0.8369140625
0.868896484375
0.763427734375
1.57763671875
1.084716796875
1.239013671875
1.010986328125
0.83740234375
0.966552734375
1.20751953125
1.13720703125
1.47705078125
1.212890625
1.244140625
1.162353515625
1.25439453125
1.306640625
1.1376953125
0.94140625
1.433349609375
1.436767578125
1.157958984375
0.85986328125
1.13671875
1.18603515625
1.3779296875
0.953369140625
1.051025390625
1.01806640625
1.031494140625
1.22607421875
0.96435546875
0.82080078125
1.269287109375
0.833740234375
0.87255859375
1.2412109375
1.16552734375
1.388671875
1.82568359375
1.200439453125
0.6435546875
1.402587890625
1.070068359375
1.062744140625
1.257568359375
1.0673828125
1.28564453125
1.391845703125
1.01123046875
1.1376953125
0.937255859375
1.257080078125
1.18994140625
1.171142578125
0.9970703125
1.103759765625
1.54931640625
1.28125
1.42919921875
1.140869140625
1.055908203125
1.5458984375
1.251953125
1.32861328125
1.216064453125
1.150390625
0.921630859375
0.887939453125
1.012451171875
1.18017578125
1.096435546875
1.065673828125
0.966796875
0.880126953125
1.202880859375
1.28173828125
1.127685546875
1.13330078125
1.787353515625
1.339599609375
1.197021484375
1.01318359375
1.11572265625
1.06787109375
1.06103515625
1.159912109375
1.22021484375
1.189697265625
1.007568359375
1.003662109375
1.06982421875
1.338623046875
1.037109375
1.324951171875
0.93017578125
1.086669921875
1.616943359375
1.1357421875
1.343994140625
1.030517578125
1.009033203125
0.8447265625
0.959716796875
1.475341796875
0.770751953125
1.504150390625
1.26904296875
1.021728515625
1.19189453125
0.94384765625
1.021240234375
0.708984375
0.955322265625
1.4912109375
0.929931640625
0.7001953125
1.0458984375
1.310791015625
1.349609375
1.2529296875
1.397216796875
1.17919921875
1.364013671875
1.1982421875
1.223876953125
1.236572265625
1.74462890625
1.042236328125
1.26904296875
1.342041015625
1.476806640625
1.302001953125
1.00390625
1.20263671875
0.948486328125
1.39404296875
1.16845703125
1.499755859375
1.146240234375
0.966064453125
0.928955078125
0.830078125
0.65380859375
1.094482421875
0.89404296875
0.70068359375
1.480224609375
0.96337890625
1.0634765625
1.043701171875
1.25927734375
1.127197265625
1.0693359375
1.139892578125
0.91552734375
1.10009765625
0.843505859375
1.344970703125
0.962158203125
1.125244140625
0.90283203125
1.3994140625
1.021240234375
1.17626953125
0.80810546875
0.867919921875
1.04541015625
1.37353515625
1.276611328125
0.97900390625
1.17333984375
1.1279296875
1.234619140625
1.275146484375
0.91064453125
1.3271484375
1.39599609375
1.1357421875
0.79296875
0.86767578125
0.9365234375
1.131591796875
1.078369140625
1.350830078125
0.872802734375
1.068603515625
1.404052734375
1.7900390625
0.9833984375
1.358154296875
1.38818359375
0.7431640625
0.973388671875
1.230224609375
0.9169921875
1.17822265625
1.41552734375
1.020751953125
0.799560546875
0.989013671875
0.849609375
0.9208984375
1.1904296875
1.39453125
0.929931640625
1.826416015625
1.203125
0.74609375
1.218505859375
1.62353515625
0.918212890625
1.218017578125
1.031005859375
0.998291015625
1.3232421875
1.087646484375
1.032958984375
1.362548828125
1.31689453125
1.173583984375
1.37548828125
1.163330078125
1.30419921875
0.934814453125
0.896240234375
0.86669921875
1.376953125
1.089599609375
0.76171875
1.321044921875
1.065673828125
1.246826171875
0.896484375
1.18359375
0.95458984375
1.043212890625
1.7685546875
1.211669921875
0.917724609375
0.9345703125
0.775390625
1.82275390625
0.951171875
1.1259765625
1.209228515625
0.852294921875
1.267578125
1.27734375
1.4716796875
0.8515625
1.218017578125
0.93115234375
1.223388671875
0.973876953125
1.2177734375
0.801025390625
0.990234375
0.9619140625
0.8564453125
0.994384765625
0.83837890625
1.27294921875
1.49609375
0.892822265625
1.30029296875
0.913330078125
1.15966796875
1.08056640625
1.46484375
1.09228515625
1.2529296875
1.318359375
1.35595703125
0.769775390625
1.104736328125
1.166015625
1.00732421875
0.893310546875
0.95458984375
1.1025390625
1.2763671875
1.277099609375
0.8935546875
1.117919921875
1.61083984375
1.093505859375
1.154296875
1.2880859375
1.2119140625
0.76318359375
1.052978515625
1.341552734375
0.83740234375
0.79150390625
0.779541015625
1.02978515625
1.575439453125
1.35693359375
1.180419921875
1.121337890625
1.154296875
1.09619140625
1.421875
1.249267578125
1.032470703125
1.0595703125
0.876953125
1.259765625
1.064208984375
0.938720703125
1.3740234375
1.076416015625
1.02001953125
0.942626953125
1.259765625
0.921875
0.785400390625
1.220947265625
1.319091796875
0.97412109375
1.20849609375
1.123291015625
1.187255859375
1.390869140625
1.484130859375
0.918212890625
1.177734375
0.65966796875
1.07373046875
1.3798828125
1.204345703125
1.08544921875
1.345703125
1.048828125
1.094482421875
1.062255859375
1.341796875
1.355712890625
