1.597900390625
1.301513671875
1.78076171875
1.427490234375
1.601318359375
1.57470703125
1.56982421875
1.484619140625
1.490234375
1.68408203125
1.2333984375
1.30859375
1.631103515625
1.65234375
1.459228515625
1.666259765625
1.427978515625
2.00146484375
1.646484375
1.439208984375
1.550537109375
1.574462890625
1.53857421875
1.968505859375
1.622802734375
1.66259765625
1.753662109375
1.5400390625
1.739501953125
1.17919921875
1.186767578125
1.745361328125
1.780029296875
1.54345703125
1.4580078125
1.713134765625
1.591064453125
1.87548828125
1.67724609375
1.4609375
1.30126953125
1.350830078125
1.796875
1.720703125
1.271728515625
1.592529296875
1.5703125
1.308349609375
1.417724609375
1.13671875
1.752685546875
1.664306640625
1.854248046875
1.4130859375
1.577880859375
1.660888671875
1.56298828125
1.202880859375
1.73828125
1.4482421875
1.53759765625
1.919189453125
1.6240234375
1.6875
1.46728515625
1.6650390625
1.738037109375
1.464599609375
1.537353515625
1.757080078125
1.88818359375
1.7509765625
2.073486328125
2.033935546875
1.86474609375
1.37451171875
1.708984375
1.39404296875
1.265380859375
1.415283203125
1.792724609375
1.685546875
1.390869140625
1.479248046875
1.62548828125
1.543701171875
1.3359375
1.33251953125
1.563720703125
1.767333984375
1.9755859375
1.24755859375
1.73046875
1.90185546875
1.5576171875
1.939208984375
1.501708984375
1.68701171875
1.562255859375
1.702880859375
1.589111328125
1.44677734375
1.401611328125
1.459716796875
1.76611328125
1.337158203125
1.34375
1.715576171875
1.647705078125
1.702392578125
1.685546875
1.57568359375
1.5576171875
1.46044921875
1.726318359375
1.56005859375
1.54833984375
1.799072265625
1.365966796875
1.783447265625
1.462158203125
1.896728515625
1.902099609375
1.301025390625
1.3740234375
1.59619140625
1.358154296875
1.306396484375
1.694580078125
1.3583984375
1.241943359375
1.486083984375
1.683837890625
1.6982421875
1.716552734375
1.73583984375
1.529052734375
1.32275390625
1.76953125
1.2861328125
1.609375
1.564697265625
1.328857421875
1.8251953125
1.56982421875
1.655517578125
1.630126953125
1.822998046875
1.499267578125
1.856201171875
1.65087890625
1.373291015625
1.68212890625
1.919921875
1.344970703125
1.716796875
1.791748046875
1.601318359375
1.45458984375
1.43017578125
1.620849609375
1.767333984375
1.8330078125
1.501953125
1.88330078125
1.816650390625
1.71533203125
1.47021484375
1.973876953125
1.5224609375
1.789306640625
1.911376953125
2.0166015625
1.487060546875
1.575439453125
1.178955078125
1.657958984375
1.4609375
1.728271484375
1.57421875
1.755859375
1.521728515625
1.640625
1.773193359375
1.345703125
1.431640625
1.66455078125
1.330322265625
1.766845703125
1.5361328125
1.34375
1.593017578125
1.72998046875
1.361572265625
1.5400390625
1.488525390625
1.345947265625
1.43603515625
1.752197265625
1.336181640625
1.46484375
1.656982421875
1.69091796875
1.5595703125
1.704833984375
1.474853515625
1.4716796875
1.627197265625
1.398193359375
1.489013671875
1.7783203125
1.6953125
1.82421875
1.786865234375
1.466552734375
1.817138671875
1.45361328125
1.543701171875
1.73388671875
1.729736328125
1.39794921875
1.442626953125
1.800537109375
1.351318359375
1.55126953125
1.781494140625
1.547607421875
1.353271484375
1.135498046875
0.995361328125
1.60888671875
1.65185546875
1.54833984375
1.657470703125
1.553466796875
1.8193359375
1.6806640625
1.39794921875
1.337646484375
1.4697265625
1.46728515625
1.67236328125
1.890625
1.52978515625
1.726806640625
1.788818359375
1.550537109375
1.568359375
1.54150390625
1.571044921875
1.51904296875
1.513427734375
1.467529296875
1.7958984375
1.607666015625
1.6064453125
1.523681640625
1.57421875
1.580322265625
1.728515625
1.755859375
1.679443359375
1.727294921875
1.85986328125
1.44580078125
1.67529296875
1.360595703125
2.104248046875
1.38232421875
1.630615234375
1.717041015625
1.39697265625
1.483642578125
1.459228515625
1.52001953125
1.6328125
1.5126953125
2.010009765625
1.307373046875
1.497802734375
1.45068359375
1.70751953125
1.88232421875
1.5927734375
1.712158203125
1.418701171875
1.2392578125
1.76806640625
1.3623046875
1.68408203125
1.541015625
1.87548828125
1.2783203125
1.568115234375
1.4990234375
1.628662109375
1.427978515625
1.779296875
1.852294921875
1.291748046875
1.5615234375
1.1513671875
1.486328125
1.702880859375
1.517822265625
1.48681640625
1.137939453125
1.402099609375
1.40087890625
1.68408203125
1.526611328125
1.800048828125
1.234375
1.55615234375
1.753173828125
1.225341796875
1.4736328125
1.6884765625
1.7216796875
1.664794921875
1.704345703125
1.831787109375
1.571533203125
1.663818359375
1.329345703125
1.927001953125
1.380859375
1.380859375
1.510498046875
1.340576171875
1.45263671875
1.531494140625
1.58154296875
1.615966796875
1.7880859375
2.06982421875
1.528076171875
1.7294921875
1.7158203125
1.476318359375
1.79296875
1.296875
1.28759765625
1.57568359375
1.29248046875
1.390869140625
1.317626953125
1.473388671875
1.542724609375
1.58056640625
1.63427734375
1.502197265625
1.687744140625
1.947021484375
1.84912109375
1.556884765625
1.4599609375
1.6591796875
1.627685546875
1.585205078125
1.54443359375
1.628662109375
1.3662109375
1.68359375
1.4990234375
1.682861328125
1.585693359375
1.73095703125
1.40283203125
1.56396484375
1.56103515625
1.631591796875
1.452880859375
1.52001953125
1.219482421875
1.284423828125
1.3740234375
1.62255859375
1.41259765625
1.6005859375
1.40380859375
1.714599609375
1.885498046875
1.79052734375
1.544921875
1.54150390625
1.47607421875
1.64697265625
1.377197265625
1.6025390625
1.5693359375
1.177978515625
1.383056640625
1.300537109375
1.189697265625
1.57177734375
1.484375
1.722900390625
1.871337890625
1.458740234375
1.22802734375
1.316162109375
1.81982421875
1.657958984375
1.6142578125
1.70751953125
1.478271484375
1.63525390625
1.4638671875
1.701171875
1.732177734375
1.659912109375
1.27001953125
1.4072265625
1.425048828125
1.313720703125
1.3134765625
1.7568359375
1.7900390625
1.874755859375
1.370849609375
1.44140625
1.552490234375
1.812744140625
1.30029296875
1.5205078125
1.5361328125
1.4697265625
1.788818359375
1.59814453125
1.23388671875
1.379638671875
1.697998046875
1.356201171875
1.8291015625
1.55712890625
1.75146484375
1.64306640625
1.495849609375
1.4541015625
1.1533203125
1.512939453125
1.4541015625
1.406005859375
1.399169921875
1.415771484375
1.80712890625
1.776123046875
1.92236328125
1.543701171875
1.55712890625
1.76953125
1.57958984375
1.336669921875
1.912353515625
1.384033203125
1.82373046875
1.2998046875
1.5830078125
1.6416015625
1.3935546875
1.389892578125
1.27734375
1.593994140625
1.435546875
1.309814453125
1.248291015625
1.33154296875
1.548095703125
1.283447265625
1.909423828125
1.456787109375
1.362060546875
1.582763671875
1.2783203125
1.859375
1.60595703125
1.584228515625
1.498779296875
1.3994140625
1.59130859375
1.896240234375
1.55810546875
1.4697265625
1.572509765625
1.519775390625
1.880126953125
1.4111328125
1.55859375
1.625732421875
1.552734375
1.915771484375
1.732421875
1.50927734375
1.7705078125
1.52197265625
1.562744140625
1.183837890625
1.728759765625
1.550048828125
