0.540771484375
0.517333984375
0.997802734375
0.357421875
0.48974609375
0.560546875
0.498046875
0.52001953125
0.607177734375
0.803466796875
0.62744140625
0.529052734375
0.656982421875
0.645751953125
0.740478515625
0.903564453125
0.501953125
0.3212890625
0.403564453125
0.688720703125
0.591064453125
0.96337890625
0.665283203125
0.6328125
0.775146484375
0.305419921875
0.447998046875
0.455810546875
0.38427734375
0.606689453125
0.921142578125
0.798583984375
0.634033203125
0.736572265625
0.48974609375
0.442138671875
0.517333984375
0.892822265625
0.53369140625
0.517333984375
0.249267578125
0.458251953125
0.56982421875
0.69580078125
0.399169921875
0.631591796875
0.5234375
0.678466796875
0.47705078125
0.627197265625
0.35400390625
0.594970703125
0.447021484375
0.4306640625
0.710205078125
0.94140625
0.513427734375
0.750244140625
0.552490234375
0.4755859375
1.06298828125
0.557861328125
0.893310546875
0.51123046875
0.643310546875
0.44677734375
0.64794921875
0.753662109375
0.5546875
0.59619140625
0.69921875
0.62890625
0.313720703125
0.602294921875
0.54150390625
0.330078125
0.727783203125
0.63037109375
0.919677734375
0.583251953125
0.51416015625
0.89111328125
0.912841796875
0.4931640625
0.612060546875
0.36279296875
0.481689453125
0.615478515625
0.5869140625
0.669677734375
0.6416015625
0.47802734375
0.391845703125
0.48388671875
0.756591796875
0.514892578125
0.7138671875
0.6181640625
0.29833984375
0.412353515625
0.815673828125
0.31787109375
0.451416015625
0.89599609375
0.688720703125
0.521728515625
0.55908203125
0.352294921875
0.45556640625
0.599609375
0.34130859375
0.54736328125
0.438720703125
0.32275390625
0.887451171875
0.519775390625
0.41748046875
0.373046875
0.494140625
0.53662109375
0.735107421875
0.714599609375
0.418212890625
0.587890625
0.526123046875
0.49365234375
0.236083984375
0.328125
0.25537109375
0.562255859375
0.52294921875
0.615966796875
0.90771484375
0.4619140625
1.307861328125
0.648681640625
0.492919921875
0.766357421875
0.424560546875
0.504150390625
0.716796875
0.558349609375
0.521240234375
0.590576171875
0.661376953125
0.6142578125
0.5751953125
0.917724609375
0.609619140625
0.828857421875
0.5166015625
0.386962890625
0.498779296875
0.816650390625
0.31640625
0.427978515625
0.69677734375
0.391845703125
0.58740234375
0.96826171875
0.798583984375
0.505615234375
0.57177734375
0.513427734375
0.389404296875
0.832763671875
0.707275390625
0.425048828125
0.542724609375
0.6103515625
0.665283203125
0.463623046875
0.63720703125
0.449951171875
0.39697265625
0.27587890625
0.72265625
0.409912109375
0.982177734375
0.4013671875
0.53076171875
0.579345703125
0.944580078125
0.4970703125
0.60791015625
0.572509765625
0.6513671875
0.92138671875
0.806396484375
0.498046875
0.653076171875
0.53564453125
0.5634765625
0.69384765625
0.385498046875
0.5693359375
0.572509765625
0.4404296875
0.671875
0.5029296875
0.2705078125
0.57275390625
0.95556640625
0.519287109375
0.31787109375
0.71240234375
0.771728515625
0.5771484375
0.337646484375
0.707275390625
0.297607421875
0.772216796875
1.368408203125
0.9453125
0.502197265625
0.46044921875
0.47900390625
0.6806640625
0.43994140625
0.535400390625
0.71533203125
1.17431640625
0.5302734375
0.9912109375
0.311767578125
0.64892578125
0.348388671875
0.5830078125
0.728271484375
0.302978515625
0.611083984375
0.568359375
0.640869140625
0.60400390625
0.423828125
0.249755859375
0.4248046875
0.4052734375
0.5439453125
0.602294921875
0.589111328125
0.320556640625
0.618896484375
0.588134765625
0.34326171875
0.575439453125
0.60791015625
0.744384765625
0.704833984375
0.9814453125
0.551025390625
0.782470703125
0.379638671875
0.599365234375
0.40673828125
0.549072265625
0.828857421875
0.4150390625
0.44921875
0.420166015625
0.78076171875
0.868408203125
0.773681640625
0.6298828125
0.634033203125
0.501708984375
0.8515625
0.734619140625
0.613525390625
0.6044921875
0.428466796875
0.9111328125
0.642822265625
0.63525390625
0.38916015625
0.652587890625
0.4189453125
0.51025390625
0.46240234375
0.788330078125
0.9580078125
0.537109375
0.814453125
0.375244140625
0.80029296875
0.635009765625
0.8056640625
0.5146484375
0.54931640625
0.68994140625
0.718017578125
0.45849609375
0.58203125
0.80712890625
0.580078125
0.37353515625
0.61328125
0.541259765625
0.498046875
0.436279296875
0.94287109375
0.958251953125
0.8544921875
0.673583984375
0.731689453125
0.341796875
0.85546875
0.344970703125
0.634033203125
0.658935546875
0.604248046875
0.347412109375
0.239013671875
0.570068359375
0.364501953125
0.5732421875
0.36376953125
0.382568359375
1.01025390625
0.6650390625
0.714111328125
0.67333984375
0.724853515625
0.531494140625
0.423095703125
0.49609375
0.82568359375
0.756103515625
0.50390625
0.666015625
0.442138671875
0.328857421875
0.666748046875
0.90576171875
0.60888671875
0.41943359375
0.477783203125
0.808349609375
0.620849609375
0.4296875
0.539794921875
0.3857421875
0.528564453125
0.8564453125
1.2802734375
0.49609375
0.513427734375
0.65234375
0.572998046875
0.83154296875
0.7080078125
0.479736328125
0.569580078125
0.474609375
0.4111328125
0.498779296875
0.9833984375
0.59130859375
0.45068359375
0.814453125
0.55712890625
0.593994140625
0.691650390625
0.446044921875
0.486083984375
0.67626953125
0.566162109375
0.348388671875
0.8662109375
0.8330078125
0.68798828125
0.4287109375
1.452392578125
0.812744140625
0.468017578125
0.620361328125
0.806884765625
0.788818359375
0.671142578125
0.73046875
0.843505859375
0.898681640625
0.72314453125
0.781494140625
0.450927734375
0.98583984375
0.883056640625
0.48974609375
0.742431640625
0.516357421875
0.389404296875
0.37109375
0.436279296875
0.39013671875
0.834716796875
0.7119140625
0.519775390625
0.52490234375
0.43212890625
0.55810546875
0.61474609375
0.51123046875
0.840087890625
0.6044921875
0.37451171875
0.718505859375
0.364990234375
0.5322265625
0.414306640625
0.87646484375
0.455810546875
0.71142578125
0.79931640625
0.66259765625
0.801025390625
0.603271484375
0.703857421875
0.45751953125
0.96484375
0.581787109375
0.548095703125
0.58251953125
0.51513671875
0.424072265625
0.3359375
1.1875
0.430419921875
0.571044921875
0.3603515625
0.756103515625
0.523193359375
0.713623046875
0.39013671875
0.341796875
0.362548828125
0.454833984375
0.394287109375
0.54248046875
0.45166015625
0.416748046875
0.591552734375
0.7353515625
0.465576171875
0.502197265625
0.24169921875
0.59375
0.6259765625
0.5341796875
0.51123046875
0.340576171875
0.94921875
0.466064453125
0.3349609375
0.692138671875
0.52392578125
0.6552734375
0.678955078125
0.915771484375
0.566650390625
0.85205078125
1.227783203125
0.583740234375
0.56884765625
0.677734375
0.6806640625
0.7685546875
0.515380859375
0.613525390625
0.489990234375
0.48779296875
0.777099609375
0.92333984375
0.605224609375
0.8603515625
0.588623046875
0.555419921875
0.45849609375
0.572509765625
0.486572265625
0.831298828125
0.488037109375
0.458251953125
0.40380859375
0.619384765625
0.699462890625
0.637939453125
0.5185546875
0.701416015625
0.591064453125
0.6787109375
0.69775390625
0.409423828125
0.520263671875
0.559326171875
0.315185546875
0.55419921875
0.533203125
0.364501953125
0.391357421875
0.5966796875
