0.784912109375
0.962646484375
0.91357421875
1.023681640625
1.11083984375
1.7041015625
1.262451171875
1.410888671875
1.02001953125
1.00732421875
0.938720703125
1.026611328125
1.369873046875
0.9755859375
0.885009765625
0.909912109375
1.296142578125
0.904541015625
0.97900390625
1.40185546875
1.033203125
1.27392578125
1.250732421875
0.87255859375
0.849365234375
0.92431640625
1.187255859375
0.90771484375
0.97314453125
1.126220703125
1.067138671875
0.425048828125
1.022705078125
1.66162109375
1.126708984375
0.9599609375
0.88427734375
0.728515625
0.920654296875
1.059326171875
0.91455078125
0.636962890625
0.75439453125
1.080810546875
1.4521484375
0.81005859375
0.732421875
0.86962890625
0.78125
1.027587890625
1.13427734375
0.728271484375
1.4169921875
1.02490234375
0.88818359375
0.869873046875
1.158447265625
1.30517578125
0.966064453125
1.0703125
0.9765625
1.175048828125
1.27392578125
0.828125
1.113037109375
0.922119140625
1.290283203125
1.129150390625
1.164306640625
0.958251953125
1.3681640625
0.907470703125
1.376708984375
1.16259765625
0.724365234375
0.974365234375
1.2236328125
0.7412109375
0.77490234375
0.8564453125
0.8525390625
1.30322265625
0.974365234375
0.61279296875
1.098876953125
0.8359375
1.15966796875
0.801025390625
0.7490234375
0.593994140625
0.69873046875
0.990234375
1.159423828125
1.14208984375
1.043701171875
1.276123046875
1.107421875
0.956787109375
1.093505859375
1.061767578125
1.171142578125
1.057861328125
1.12109375
1.0400390625
0.843017578125
1.791259765625
0.827880859375
0.99072265625
0.701171875
1.015625
1.142822265625
0.798828125
0.977294921875
1.009033203125
1.4658203125
1.529541015625
1.24853515625
0.66455078125
1.02294921875
1.15185546875
1.183349609375
0.93408203125
0.82080078125
0.864501953125
1.251708984375
0.957275390625
0.921875
0.86572265625
0.942138671875
1.107177734375
1.397216796875
1.16552734375
1.038818359375
0.923095703125
0.893310546875
0.925537109375
1.13037109375
1.2509765625
0.767822265625
0.806396484375
1.483154296875
1.063720703125
1.07763671875
1.281982421875
1.0927734375
0.864501953125
1.291748046875
0.8916015625
1.498291015625
0.7744140625
1.19140625
1.12158203125
0.921630859375
1.433837890625
0.77099609375
0.925048828125
1.291015625
1.027587890625
1.38427734375
1.005126953125
1.009765625
1.163818359375
1.216552734375
0.886962890625
1.10498046875
0.922119140625
0.961669921875
0.99951171875
1.074462890625
1.14794921875
0.904541015625
0.760986328125
0.697509765625
1.004150390625
1.100341796875
1.242431640625
1.0693359375
0.993408203125
0.8818359375
0.935791015625
1.239990234375
0.81884765625
1.205810546875
0.966552734375
0.842041015625
1.259765625
0.8525390625
1.0166015625
1.029296875
0.904541015625
1.38330078125
0.72216796875
1.08349609375
0.82373046875
1.10546875
0.490234375
0.910888671875
0.95361328125
0.87255859375
1.25634765625
1.009521484375
0.990966796875
0.83447265625
1.059326171875
0.772216796875
1.276123046875
1.1181640625
1.078857421875
1.103271484375
1.157470703125
0.733642578125
1.05712890625
1.03662109375
1.07666015625
0.835693359375
1.34912109375
1.11767578125
1.03173828125
0.9375
0.7783203125
1.15234375
1.158935546875
0.8662109375
0.954345703125
1.438232421875
0.76708984375
0.818359375
1.081787109375
0.869140625
1.12109375
1.07421875
1.02099609375
0.80615234375
0.81494140625
1.203857421875
0.918701171875
1.203369140625
0.964599609375
0.8603515625
0.995849609375
1.00732421875
1.42626953125
1.142578125
1.3896484375
1.23095703125
1.35205078125
0.860595703125
1.123291015625
1.028564453125
1.1513671875
1.051513671875
1.070556640625
0.943603515625
1.098876953125
1.31640625
0.796630859375
0.944580078125
1.029541015625
0.706787109375
0.7099609375
0.7080078125
1.2021484375
0.551513671875
1.08935546875
1.063232421875
1.51318359375
1.44921875
1.24365234375
0.889404296875
0.846435546875
0.96923828125
0.89892578125
1.288330078125
1.045654296875
0.854248046875
0.76416015625
0.88818359375
0.87353515625
0.99267578125
1.236083984375
0.774169921875
1.427001953125
0.65966796875
1.040771484375
1.08349609375
0.85009765625
1.2900390625
0.935302734375
1.084716796875
1.11474609375
0.744873046875
1.1572265625
1.52197265625
1.22607421875
1.51025390625
1.091552734375
0.833251953125
0.9013671875
0.904296875
0.92822265625
1.046875
0.8623046875
0.82177734375
0.918701171875
1.195556640625
0.612548828125
0.970458984375
1.04150390625
1.16552734375
0.896728515625
0.955810546875
0.972900390625
1.46533203125
0.90087890625
1.248046875
1.04541015625
1.0078125
1.046630859375
1.009765625
1.06396484375
1.26318359375
1.00927734375
0.833984375
1.205322265625
0.60888671875
0.844482421875
0.885986328125
1.193115234375
1.298095703125
1.151611328125
0.776123046875
0.703369140625
0.942138671875
0.951416015625
0.849365234375
0.694580078125
0.999267578125
0.683837890625
0.781982421875
0.883056640625
0.81494140625
0.776123046875
1.090576171875
0.638427734375
1.01708984375
1.142578125
0.75732421875
1.040283203125
1.02685546875
0.689208984375
1.177001953125
0.8662109375
0.808349609375
1.365478515625
1.177734375
1.51171875
0.67626953125
0.7802734375
0.865234375
1.357177734375
1.018310546875
0.76806640625
1.213623046875
0.995361328125
0.922607421875
1.47314453125
1.042236328125
1.25732421875
1.267578125
0.651611328125
1.016845703125
1.1748046875
0.9443359375
1.66650390625
1.3193359375
0.666748046875
1.11865234375
1.07763671875
0.97412109375
0.72119140625
1.013427734375
0.8994140625
1.29833984375
0.99267578125
1.186767578125
1.224609375
0.961669921875
0.638427734375
1.033935546875
0.7109375
1.1865234375
0.73046875
1.019775390625
0.893310546875
1.123291015625
1.00244140625
0.63818359375
0.990966796875
0.833740234375
0.790771484375
0.977294921875
0.923583984375
1.018798828125
0.7880859375
0.847412109375
1.416015625
1.075439453125
0.98779296875
1.346435546875
1.27392578125
0.859375
1.47900390625
0.849853515625
0.92333984375
0.92822265625
1.1982421875
1.2626953125
1.624755859375
0.969482421875
1.07275390625
1.5986328125
1.036376953125
1.5283203125
1.114013671875
0.85986328125
1.578369140625
0.80908203125
0.920166015625
1.368896484375
0.886962890625
0.9873046875
0.985107421875
1.580322265625
1.17724609375
0.989501953125
0.9580078125
1.133544921875
0.9365234375
0.8935546875
1.314697265625
0.748779296875
0.710693359375
0.782958984375
1.1884765625
1.269775390625
1.47021484375
0.739501953125
0.952392578125
1.276123046875
1.016845703125
0.888916015625
1.174072265625
1.14501953125
0.775390625
0.9697265625
0.850341796875
0.857177734375
1.23828125
1.13232421875
0.997314453125
1.28466796875
0.74169921875
0.8837890625
0.718505859375
1.20751953125
1.205078125
0.9560546875
1.54736328125
0.916748046875
1.128662109375
0.787841796875
0.996337890625
1.00390625
0.957275390625
0.85546875
0.866943359375
1.070556640625
0.8935546875
1.473388671875
1.199951171875
0.938720703125
1.20068359375
1.075927734375
1.133056640625
1.287841796875
0.932373046875
1.099365234375
1.363525390625
0.85009765625
1.119140625
1.535400390625
0.863037109375
0.99267578125
0.864501953125
0.94189453125
1.167236328125
0.718505859375
1.15087890625
0.78125
0.932373046875
