0.968017578125
1.0537109375
1.28564453125
1.072265625
1.23095703125
1.22216796875
1.38623046875
0.98974609375
0.94921875
1.187744140625
0.92529296875
1.02685546875
0.933349609375
1.12939453125
0.742431640625
1.32275390625
1.135498046875
0.87060546875
1.7900390625
1.502685546875
1.01318359375
1.16650390625
0.681396484375
0.902099609375
1.541259765625
1.30419921875
1.153076171875
1.35400390625
1.026123046875
1.34423828125
1.203369140625
1.01318359375
0.91357421875
1.40087890625
0.680419921875
1.22119140625
1.268798828125
0.736328125
0.558837890625
0.937255859375
1.537109375
1.43310546875
0.933349609375
0.766845703125
1.360595703125
0.800537109375
1.26611328125
1.20703125
1.240478515625
1.1982421875
1.258056640625
1.08447265625
1.06494140625
1.17138671875
1.193603515625
1.83251953125
0.60693359375
1.311279296875
1.221923828125
1.0849609375
1.33203125
1.477783203125
0.882568359375
0.95361328125
0.880859375
1.28564453125
0.897216796875
0.976318359375
1.402099609375
1.021240234375
1.27099609375
1.14404296875
0.798828125
1.163330078125
1.088623046875
1.074951171875
1.203369140625
0.845703125
1.165283203125
1.488037109375
1.294677734375
0.875244140625
1.251953125
1.081787109375
0.76220703125
1.281494140625
0.9541015625
0.6376953125
1.37353515625
1.068359375
0.943115234375
0.7275390625
0.843505859375
0.993896484375
1.11474609375
1.175048828125
1.2177734375
1.126708984375
0.744140625
0.883544921875
1.2109375
1.21435546875
1.25537109375
1.0654296875
0.798828125
0.929931640625
1.052978515625
0.6494140625
0.969482421875
1.2509765625
1.0244140625
0.744873046875
0.910888671875
0.927490234375
0.76806640625
1.298095703125
1.028076171875
1.144775390625
1.91357421875
1.1494140625
1.11328125
1.099609375
1.271240234375
1.018310546875
1.2841796875
1.122802734375
1.431640625
1.2353515625
1.07080078125
1.390625
0.91455078125
1.037109375
1.310791015625
1.475830078125
0.8203125
1.07177734375
1.4873046875
1.056396484375
1.124755859375
1.160888671875
1.10986328125
1.245849609375
1.265869140625
1.044677734375
1.212646484375
1.31787109375
1.34765625
1.008056640625
1.1142578125
1.103271484375
1.563720703125
1.205810546875
1.095458984375
1.51953125
0.94580078125
1.248291015625
0.989501953125
1.152099609375
1.223876953125
0.727783203125
1.05810546875
0.8447265625
1.34912109375
0.833984375
1.36474609375
0.9775390625
0.929931640625
0.864013671875
1.597412109375
0.837646484375
1.265625
1.1015625
1.443115234375
1.17724609375
1.133544921875
1.283935546875
1.130615234375
1.013671875
1.46630859375
1.607421875
0.80078125
1.0751953125
1.449462890625
1.10107421875
1.3759765625
1.0126953125
0.71923828125
0.90380859375
1.150634765625
1.29150390625
0.924072265625
1.3017578125
1.064697265625
0.827880859375
1.248779296875
1.364501953125
1.10009765625
1.28564453125
1.12109375
1.432861328125
1.05078125
0.89501953125
0.837646484375
0.947509765625
0.863525390625
0.837158203125
0.93798828125
1.1376953125
1.02392578125
0.82373046875
0.9345703125
0.876220703125
1.0595703125
1.57861328125
1.328125
0.96875
1.1298828125
1.169677734375
1.239990234375
1.218505859375
1.19091796875
1.09912109375
1.685546875
0.85595703125
0.921875
0.744873046875
1.370361328125
1.038818359375
0.931396484375
1.071044921875
0.782470703125
0.9140625
1.325927734375
1.41064453125
1.20166015625
1.32373046875
1.114501953125
1.005615234375
1.4169921875
1.16748046875
1.285400390625
1.4296875
0.8427734375
1.279296875
1.4052734375
1.476318359375
1.021728515625
1.231689453125
1.30859375
0.77734375
0.815673828125
1.8173828125
1.094970703125
1.126953125
1.322998046875
0.809814453125
0.75341796875
2.112060546875
1.106689453125
1.263916015625
1.163818359375
1.133544921875
1.582763671875
1.394775390625
1.029296875
1.12060546875
1.129638671875
1.392578125
0.763427734375
1.313720703125
1.144287109375
1.1904296875
0.989990234375
0.720458984375
1.0302734375
0.832275390625
1.10986328125
1.014404296875
0.807373046875
1.029541015625
1.0673828125
1.05615234375
1.3955078125
0.75244140625
0.924560546875
0.98291015625
0.869384765625
0.919189453125
1.509033203125
1.1123046875
1.14501953125
1.33740234375
1.538330078125
1.19921875
1.5322265625
1.0712890625
1.05126953125
0.845703125
1.080322265625
1.730224609375
0.970947265625
0.905517578125
1.236572265625
0.908447265625
0.95654296875
1.150390625
1.227783203125
1.361083984375
0.781982421875
0.947265625
0.9140625
0.938720703125
1.373046875
0.881591796875
1.36083984375
1.161376953125
0.891357421875
1.153564453125
1.04150390625
0.846435546875
1.11181640625
0.89794921875
1.423828125
0.998779296875
1.237548828125
1.25634765625
0.672119140625
1.006103515625
0.7138671875
0.95068359375
1.10498046875
1.2529296875
1.228515625
1.683837890625
1.42041015625
1.157958984375
1.10009765625
1.1494140625
1.150634765625
1.553955078125
1.07177734375
0.819580078125
1.4375
1.1650390625
1.217529296875
1.017822265625
0.8193359375
0.910888671875
1.11083984375
1.399658203125
1.26904296875
1.0
1.42919921875
1.251220703125
1.28271484375
1.1474609375
1.30615234375
0.67529296875
0.864501953125
1.14306640625
1.38720703125
1.31201171875
1.09765625
1.011962890625
0.981689453125
1.4697265625
1.222900390625
1.453857421875
0.926513671875
1.057861328125
0.814208984375
0.766357421875
1.15576171875
1.075439453125
0.876953125
0.677001953125
1.3369140625
1.167724609375
1.1865234375
1.208251953125
0.8203125
1.56884765625
1.093994140625
1.32958984375
0.894287109375
1.084228515625
0.7119140625
1.174560546875
1.341064453125
1.315185546875
1.231201171875
1.572265625
0.80419921875
1.449462890625
1.064208984375
1.162353515625
1.16650390625
0.980712890625
1.47900390625
0.725341796875
1.1787109375
0.95068359375
0.9404296875
0.647216796875
0.8427734375
1.066162109375
1.415771484375
1.31494140625
0.933349609375
1.03759765625
1.30029296875
1.396728515625
0.656005859375
1.237060546875
1.00439453125
1.004638671875
0.80419921875
1.40771484375
0.894775390625
0.938232421875
1.354736328125
1.16552734375
0.928955078125
1.316162109375
0.926025390625
1.190185546875
1.082275390625
1.246826171875
1.214111328125
1.07958984375
1.286376953125
1.13623046875
1.1025390625
1.100830078125
1.121337890625
1.014404296875
1.143310546875
1.177978515625
1.23046875
1.29736328125
1.21142578125
0.940185546875
0.967529296875
1.035888671875
1.02197265625
1.17529296875
1.0625
1.16552734375
1.498291015625
1.009765625
1.21826171875
1.099609375
0.98388671875
0.791259765625
1.01513671875
0.901611328125
1.2470703125
1.4326171875
1.0400390625
1.283935546875
1.084228515625
1.0390625
1.27490234375
0.787109375
1.086181640625
1.170654296875
1.5703125
1.04052734375
1.3994140625
0.852294921875
1.089599609375
0.984375
0.708740234375
1.064697265625
1.337646484375
1.1162109375
1.071044921875
1.08837890625
0.93603515625
0.77099609375
0.916748046875
1.351318359375
1.05859375
1.134521484375
1.102783203125
1.22412109375
1.1552734375
0.98046875
1.306640625
1.041748046875
1.00634765625
0.738525390625
0.859375
0.994140625
1.239501953125
1.18505859375
1.196044921875
1.029541015625
0.712158203125
0.98388671875
