0.103515625
0.131591796875
0.2353515625
0.2431640625
0.175048828125
0.1416015625
0.073486328125
0.22119140625
0.2021484375
0.0498046875
0.36474609375
0.2177734375
0.195068359375
0.204833984375
0.1171875
0.071044921875
0.1767578125
0.121826171875
0.113037109375
0.06884765625
0.256103515625
0.13671875
0.1826171875
0.131591796875
0.268310546875
0.36865234375
0.06884765625
0.150634765625
0.100830078125
0.09521484375
0.179931640625
0.140380859375
0.117919921875
0.154052734375
0.16162109375
0.10205078125
0.06591796875
0.14599609375
0.181640625
0.385009765625
0.3076171875
0.15087890625
0.6591796875
0.153076171875
0.07470703125
0.167724609375
0.12939453125
0.18408203125
0.475341796875
0.065185546875
0.127685546875
0.111328125
0.111328125
0.135986328125
0.17578125
0.1435546875
0.133056640625
0.1875
0.236083984375
0.140869140625
0.10400390625
0.049560546875
0.22802734375
0.290771484375
0.318603515625
0.285400390625
0.076171875
0.103759765625
0.1884765625
0.09033203125
0.197509765625
0.1787109375
0.123779296875
0.131591796875
0.073486328125
0.150634765625
0.1181640625
0.48876953125
0.199462890625
0.115234375
0.194580078125
0.42919921875
0.15234375
0.17822265625
0.200927734375
0.28125
0.18408203125
0.326171875
0.0869140625
0.162109375
0.192626953125
0.11669921875
0.15576171875
0.228759765625
0.09033203125
0.05419921875
0.07666015625
0.088134765625
0.128662109375
0.234375
0.107666015625
0.0888671875
0.1201171875
0.1279296875
0.129638671875
0.150146484375
0.19775390625
0.2978515625
0.061279296875
0.083251953125
0.189453125
0.1494140625
0.13427734375
0.14599609375
0.1728515625
0.080078125
0.139404296875
0.110595703125
0.14697265625
0.123046875
0.1826171875
0.171142578125
0.06982421875
0.16015625
0.0576171875
0.05224609375
0.17236328125
0.081787109375
0.126708984375
0.10205078125
0.078369140625
0.070556640625
0.096923828125
0.226806640625
0.125732421875
0.203369140625
0.2734375
0.1533203125
0.209228515625
0.220458984375
0.28759765625
0.232177734375
0.135498046875
0.076416015625
0.106201171875
0.277587890625
0.22802734375
0.11083984375
0.11474609375
0.143310546875
0.068603515625
0.2548828125
0.223876953125
0.3095703125
0.404541015625
0.15478515625
0.130859375
0.178955078125
0.084228515625
0.249267578125
0.21240234375
0.12939453125
0.1591796875
0.158447265625
0.110107421875
0.20068359375
0.119873046875
0.080078125
0.200927734375
0.284912109375
0.2685546875
0.2705078125
0.427978515625
0.21630859375
0.1083984375
0.206787109375
0.1943359375
0.17919921875
0.131103515625
0.1181640625
0.0849609375
0.260009765625
0.2939453125
0.187744140625
0.154052734375
0.088623046875
0.0927734375
0.18505859375
0.09326171875
0.114990234375
0.084228515625
0.08642578125
0.170166015625
0.589599609375
0.112548828125
0.16162109375
0.12451171875
0.12744140625
0.12451171875
0.14501953125
0.23291015625
0.075927734375
0.1962890625
0.19482421875
0.209228515625
0.27001953125
0.120361328125
0.2958984375
0.14453125
0.05078125
0.16650390625
0.0576171875
0.392333984375
0.227294921875
0.058349609375
0.2958984375
0.151123046875
0.05712890625
0.22021484375
0.06396484375
0.190673828125
0.1083984375
0.09521484375
0.20263671875
0.211669921875
0.041259765625
0.17041015625
0.261962890625
0.0908203125
0.31689453125
0.2451171875
0.056884765625
0.154296875
0.15869140625
0.137451171875
0.1474609375
0.149169921875
0.262939453125
0.282958984375
0.087890625
0.2353515625
0.219482421875
0.1015625
0.0673828125
0.138916015625
0.224853515625
0.224609375
0.180419921875
0.208740234375
0.088623046875
0.333740234375
0.048828125
0.079833984375
0.26513671875
0.27587890625
0.47216796875
0.13623046875
0.05078125
0.1640625
0.255126953125
0.102783203125
0.2802734375
0.0888671875
0.0537109375
0.07958984375
0.1796875
0.15625
0.122802734375
0.274169921875
0.083251953125
0.148193359375
0.137939453125
0.146240234375
0.1845703125
0.111572265625
0.0859375
0.16845703125
0.203369140625
0.194580078125
0.2109375
0.07666015625
0.217041015625
0.2431640625
0.118896484375
0.3369140625
0.1484375
0.347412109375
0.239990234375
0.116943359375
0.067626953125
0.209716796875
0.182861328125
0.28759765625
0.097412109375
0.1005859375
0.199951171875
0.250732421875
0.30712890625
0.2431640625
0.154296875
0.3232421875
0.09375
0.384033203125
0.16845703125
0.072021484375
0.1708984375
0.1826171875
0.174072265625
0.096923828125
0.174072265625
0.05126953125
0.215087890625
0.366455078125
0.128173828125
0.09619140625
0.17578125
0.257080078125
0.08447265625
0.08251953125
0.12646484375
0.18212890625
0.05126953125
0.21240234375
0.07275390625
0.09521484375
0.140625
0.156005859375
0.07421875
0.06005859375
0.072265625
0.10693359375
0.271728515625
0.09423828125
0.077880859375
0.080810546875
0.307861328125
0.173828125
0.297607421875
0.1572265625
0.19287109375
0.095703125
0.1357421875
0.195556640625
0.05029296875
0.158203125
0.12353515625
0.285400390625
0.04931640625
0.1767578125
0.113037109375
0.076416015625
0.18701171875
0.1982421875
0.09228515625
0.1435546875
0.1669921875
0.0712890625
0.05810546875
0.25830078125
0.056884765625
0.284912109375
0.301513671875
0.069580078125
0.303955078125
0.166015625
0.1005859375
0.33740234375
0.07421875
0.36865234375
0.193359375
0.19677734375
0.188720703125
0.080322265625
0.66064453125
0.311279296875
0.209228515625
0.13916015625
0.1826171875
0.124755859375
0.20849609375
0.146240234375
0.097900390625
0.115966796875
0.29736328125
0.056640625
0.121337890625
0.129638671875
0.2333984375
0.20703125
0.08251953125
0.21875
0.05517578125
0.14794921875
0.08349609375
0.33203125
0.147705078125
0.09716796875
0.18408203125
0.17822265625
0.217529296875
0.1513671875
0.287353515625
0.130615234375
0.140380859375
0.171630859375
0.166015625
0.120361328125
0.099365234375
0.4267578125
0.1796875
0.052490234375
0.0673828125
0.195068359375
0.112060546875
0.0791015625
0.3310546875
0.214111328125
0.255126953125
0.074951171875
0.527587890625
0.202880859375
0.25
0.129150390625
0.259521484375
0.108154296875
0.164794921875
0.097900390625
0.16650390625
0.184326171875
0.154296875
0.28125
0.241943359375
0.09814453125
0.128173828125
0.1650390625
0.257568359375
0.447509765625
0.224365234375
0.206787109375
0.097900390625
0.538818359375
0.135009765625
0.1806640625
0.154052734375
0.11669921875
0.160400390625
0.086181640625
0.125244140625
0.107421875
0.228759765625
0.13818359375
0.27197265625
0.337646484375
0.142578125
0.129638671875
0.306884765625
0.10498046875
0.3544921875
0.2666015625
0.146240234375
0.328857421875
0.13818359375
0.088134765625
0.15380859375
0.14404296875
0.55859375
0.119384765625
0.080322265625
0.09765625
0.148193359375
0.187744140625
0.12841796875
0.10107421875
0.076171875
0.1220703125
0.208984375
0.227783203125
0.383544921875
0.267333984375
0.083740234375
0.23193359375
0.144287109375
0.141357421875
0.191162109375
0.2265625
0.09912109375
0.14453125
0.185302734375
0.22705078125
0.2275390625
0.113037109375
0.130859375
0.131591796875
0.043212890625
0.308349609375
0.1845703125
0.1142578125
0.212158203125
0.10595703125
0.130615234375
