0.897216796875
0.963623046875
1.16455078125
0.991943359375
1.12646484375
1.1416015625
1.265380859375
0.922119140625
0.88232421875
1.131591796875
0.881103515625
0.955078125
0.869873046875
1.0146484375
0.6630859375
1.217041015625
1.060791015625
0.806884765625
1.693359375
1.383544921875
0.940673828125
1.068603515625
0.5888671875
0.781982421875
1.41455078125
1.203125
1.007568359375
1.202880859375
0.934814453125
1.213134765625
1.167236328125
0.904296875
0.830078125
1.31494140625
0.598388671875
1.161376953125
1.1474609375
0.664794921875
0.487060546875
0.822265625
1.522705078125
1.37255859375
0.860595703125
0.681640625
1.28955078125
0.70458984375
1.216064453125
1.093017578125
1.175537109375
1.07861328125
1.11669921875
0.990478515625
0.97998046875
1.083740234375
1.080322265625
1.701171875
0.53515625
1.228515625
1.141357421875
0.9951171875
1.277587890625
1.439453125
0.77587890625
0.877197265625
0.796875
1.168701171875
0.804443359375
0.892333984375
1.29345703125
0.9306640625
1.212890625
1.03271484375
0.7568359375
1.09521484375
1.03515625
0.963623046875
1.107666015625
0.758056640625
1.1005859375
1.373291015625
1.1923828125
0.779541015625
1.117431640625
0.978271484375
0.6845703125
1.244873046875
0.879150390625
0.5673828125
1.33447265625
0.995361328125
0.850341796875
0.651123046875
0.788818359375
0.88916015625
1.033203125
1.1171875
1.1162109375
1.079345703125
0.63525390625
0.772705078125
1.16455078125
1.0908203125
1.187744140625
1.00244140625
0.7265625
0.88720703125
1.017822265625
0.560791015625
0.921630859375
1.181884765625
0.89404296875
0.67041015625
0.81005859375
0.855712890625
0.6640625
1.144287109375
0.906005859375
1.08837890625
1.881103515625
1.044677734375
1.066650390625
1.038818359375
1.137451171875
0.900634765625
1.224365234375
1.01513671875
1.357177734375
1.168701171875
1.013916015625
1.316162109375
0.841796875
0.94873046875
1.20947265625
1.40283203125
0.734130859375
0.983154296875
1.401123046875
0.9453125
1.0458984375
1.110595703125
0.983642578125
1.169921875
1.185546875
0.976318359375
1.094482421875
1.2978515625
1.2626953125
0.89208984375
1.007080078125
1.044677734375
1.490234375
1.11181640625
1.01025390625
1.428466796875
0.8994140625
1.161865234375
0.91259765625
1.065673828125
1.133056640625
0.64111328125
0.970703125
0.74609375
1.282470703125
0.7275390625
1.26171875
0.929931640625
0.833740234375
0.794677734375
1.50341796875
0.755615234375
1.199462890625
1.021240234375
1.32568359375
1.07568359375
1.00830078125
1.221435546875
1.0185546875
0.911865234375
1.357177734375
1.489501953125
0.746337890625
0.950439453125
1.370849609375
1.01611328125
1.264404296875
0.912353515625
0.64892578125
0.824462890625
1.013427734375
1.180908203125
0.851806640625
1.17529296875
0.94482421875
0.72119140625
1.189453125
1.25
0.985595703125
1.202880859375
1.028076171875
1.396484375
0.939208984375
0.79833984375
0.769287109375
0.857177734375
0.76416015625
0.7490234375
0.96533203125
1.001708984375
0.968994140625
0.7412109375
0.79931640625
0.8125
0.98828125
1.4287109375
1.241943359375
0.86279296875
1.010009765625
1.033447265625
1.18896484375
1.13037109375
1.13916015625
0.96826171875
1.60986328125
0.7666015625
0.812255859375
0.679931640625
1.306884765625
0.92919921875
0.869873046875
0.994384765625
0.671875
0.83935546875
1.260498046875
1.33056640625
1.08740234375
1.20947265625
0.99951171875
0.94189453125
1.341064453125
1.09912109375
1.189697265625
1.309814453125
0.7626953125
1.2021484375
1.295654296875
1.37646484375
0.9658203125
1.1201171875
1.1982421875
0.701171875
0.694580078125
1.655029296875
0.986083984375
1.052734375
1.26220703125
0.720458984375
0.654052734375
2.062744140625
1.054931640625
1.154541015625
1.081787109375
1.01611328125
1.399658203125
1.268310546875
0.939697265625
1.022216796875
1.033935546875
1.25341796875
0.6875
1.208740234375
1.02294921875
1.14208984375
0.92724609375
0.6416015625
0.9052734375
0.72412109375
0.99755859375
0.931640625
0.704345703125
0.95068359375
0.933349609375
0.97412109375
1.32373046875
0.65869140625
0.820068359375
0.91455078125
0.8056640625
0.85107421875
1.401611328125
1.0087890625
1.021728515625
1.232421875
1.468017578125
1.122314453125
1.37109375
0.995849609375
0.923583984375
0.7119140625
1.004150390625
1.669921875
0.908447265625
0.821533203125
1.1201171875
0.830078125
0.861083984375
1.097900390625
1.137939453125
1.281494140625
0.733642578125
0.872802734375
0.7880859375
0.857177734375
1.331787109375
0.79443359375
1.29443359375
1.038330078125
0.818115234375
1.0556640625
0.9765625
0.738525390625
0.998779296875
0.828369140625
1.375244140625
0.92529296875
1.16552734375
1.158935546875
0.58984375
0.9765625
0.635498046875
0.8623046875
1.032470703125
1.166748046875
1.146484375
1.58935546875
1.33935546875
1.08984375
1.0
1.050537109375
1.102294921875
1.4345703125
0.96630859375
0.72509765625
1.35546875
1.1376953125
1.145751953125
0.93310546875
0.7236328125
0.880126953125
1.002685546875
1.323486328125
1.22802734375
0.89501953125
1.33642578125
1.154541015625
1.1767578125
1.11669921875
1.218994140625
0.57275390625
0.781982421875
1.03759765625
1.319091796875
1.27685546875
1.0166015625
0.86279296875
0.853759765625
1.359619140625
1.10009765625
1.392822265625
0.8369140625
0.974609375
0.739013671875
0.668212890625
1.07177734375
0.972412109375
0.803466796875
0.570068359375
1.203857421875
1.065673828125
1.103271484375
1.1123046875
0.733154296875
1.44873046875
1.016845703125
1.29248046875
0.832763671875
0.95751953125
0.6494140625
1.111572265625
1.288818359375
1.205322265625
1.106201171875
1.475830078125
0.74169921875
1.3095703125
0.9619140625
1.110107421875
1.067138671875
0.902587890625
1.36572265625
0.616943359375
1.113525390625
0.825439453125
0.876953125
0.589111328125
0.7646484375
0.985107421875
1.34814453125
1.196044921875
0.863525390625
0.93896484375
1.2080078125
1.293212890625
0.59912109375
1.1259765625
0.928466796875
0.9365234375
0.702392578125
1.266845703125
0.748779296875
0.837158203125
1.233642578125
1.0986328125
0.8251953125
1.282470703125
0.859619140625
1.125244140625
0.962646484375
1.18408203125
1.088623046875
1.013916015625
1.1875
1.03662109375
1.0380859375
1.0107421875
0.98388671875
0.892333984375
1.0361328125
1.1357421875
1.1298828125
1.16064453125
1.143310546875
0.90869140625
0.8720703125
0.96240234375
0.9453125
1.08544921875
1.024169921875
1.064453125
1.45361328125
0.932373046875
1.135009765625
0.9990234375
0.877685546875
0.715087890625
0.94677734375
0.802001953125
1.193115234375
1.311767578125
0.9619140625
1.205078125
0.982177734375
0.908203125
1.165771484375
0.68603515625
0.95263671875
1.06396484375
1.447998046875
0.95556640625
1.34521484375
0.756591796875
1.010498046875
0.900634765625
0.614013671875
0.97265625
1.203369140625
1.01611328125
0.945068359375
1.0166015625
0.828125
0.728759765625
0.814208984375
1.24072265625
0.9560546875
1.049072265625
1.0078125
1.095458984375
1.064697265625
0.89453125
1.18798828125
0.922607421875
0.88232421875
0.66748046875
0.770751953125
0.88720703125
1.104736328125
1.08203125
1.10986328125
0.93896484375
0.62060546875
0.89306640625
