1.2763671875
1.5078125
1.699462890625
1.466552734375
1.319091796875
1.504638671875
1.727294921875
1.840576171875
1.5390625
1.871337890625
1.490234375
1.405029296875
1.4345703125
2.052001953125
1.757080078125
1.44482421875
1.120849609375
1.646484375
1.369873046875
1.493408203125
1.428955078125
1.500732421875
1.52880859375
1.484130859375
1.50537109375
1.560546875
1.903564453125
1.358154296875
1.537841796875
2.04443359375
1.693115234375
1.248779296875
1.6318359375
1.890869140625
1.5166015625
1.560302734375
1.413330078125
1.529052734375
1.288818359375
1.4677734375
1.619873046875
1.725341796875
1.453369140625
1.442138671875
1.560546875
1.201416015625
1.451171875
1.5615234375
1.68701171875
1.614990234375
1.576904296875
0.97705078125
1.385009765625
1.382080078125
1.639892578125
1.697265625
1.6884765625
1.689453125
1.64208984375
1.8388671875
1.542236328125
1.22900390625
1.685302734375
1.172119140625
1.6455078125
1.802001953125
1.43701171875
1.240478515625
1.670166015625
1.1171875
1.563720703125
1.1845703125
1.210693359375
1.1953125
1.194091796875
1.54931640625
1.5107421875
1.506103515625
1.541015625
1.1494140625
1.4560546875
1.60107421875
1.304931640625
1.69140625
1.904296875
1.50341796875
1.648193359375
1.760009765625
1.60107421875
1.96826171875
1.59375
1.50390625
1.80810546875
1.275146484375
1.453857421875
1.3955078125
1.662109375
1.6943359375
1.482666015625
1.283935546875
1.298583984375
1.425537109375
1.527099609375
1.510986328125
1.201904296875
1.40625
1.602783203125
1.778076171875
1.29345703125
1.161865234375
1.743896484375
1.809814453125
1.3701171875
1.564208984375
1.384765625
1.93798828125
1.738037109375
1.357666015625
1.7578125
1.592529296875
1.581298828125
1.331787109375
1.651611328125
1.43115234375
1.69775390625
1.850341796875
1.7060546875
1.826416015625
1.827392578125
1.3935546875
1.387451171875
1.633056640625
1.827392578125
1.569580078125
1.86865234375
1.68115234375
1.5791015625
1.359619140625
1.466064453125
1.456787109375
1.612548828125
1.5546875
1.57373046875
1.460205078125
1.46826171875
1.36328125
2.01611328125
1.716552734375
1.359619140625
1.5224609375
1.475830078125
1.4052734375
1.521728515625
1.267822265625
1.70361328125
1.598876953125
1.59375
1.445556640625
1.1943359375
1.40966796875
1.768798828125
1.645263671875
1.9521484375
1.6220703125
1.33935546875
1.44921875
1.68603515625
1.825927734375
1.668212890625
1.61279296875
1.522216796875
1.416748046875
1.70068359375
1.294677734375
1.380859375
1.44140625
1.4638671875
1.605712890625
1.716796875
1.617919921875
1.368896484375
1.7685546875
1.410400390625
1.22021484375
1.336669921875
1.681884765625
1.524658203125
1.394287109375
1.6630859375
1.56103515625
1.40283203125
1.916015625
1.496337890625
1.621337890625
1.369873046875
1.656005859375
1.364501953125
1.304443359375
1.67919921875
1.53271484375
1.429443359375
1.57470703125
1.38232421875
1.64306640625
1.607177734375
1.432373046875
1.593994140625
1.5185546875
1.310546875
1.278564453125
1.186767578125
1.368896484375
1.1083984375
1.537841796875
2.0068359375
1.587646484375
1.379150390625
1.24267578125
1.41259765625
1.39306640625
1.587890625
1.851806640625
1.5576171875
1.43994140625
1.543212890625
1.480712890625
1.472412109375
1.357177734375
1.628662109375
1.466796875
1.60302734375
1.53076171875
1.51904296875
1.5234375
1.425537109375
1.38037109375
1.546142578125
1.61572265625
1.287109375
1.65185546875
1.690185546875
1.7529296875
1.242431640625
1.1240234375
1.521728515625
1.60888671875
1.363037109375
1.787353515625
1.677978515625
2.140869140625
1.46240234375
1.350341796875
1.596923828125
1.24951171875
1.786865234375
2.078369140625
1.408203125
1.560302734375
1.652099609375
1.394775390625
1.351318359375
1.137451171875
1.1650390625
1.84912109375
1.7666015625
1.7568359375
1.674560546875
1.230712890625
1.501708984375
1.575927734375
1.474609375
1.50830078125
1.315185546875
1.468505859375
1.430908203125
1.380126953125
1.375732421875
1.748046875
1.48876953125
1.652587890625
1.172607421875
1.600341796875
1.59765625
1.68994140625
1.73291015625
1.554931640625
1.505615234375
1.482421875
1.731689453125
1.378662109375
1.6005859375
1.501953125
1.11572265625
1.432373046875
1.727294921875
1.265380859375
1.3388671875
1.7705078125
1.724365234375
1.739013671875
1.953857421875
1.457763671875
1.553466796875
1.9091796875
1.734375
1.87109375
1.63525390625
1.39111328125
1.441162109375
1.872314453125
1.777587890625
1.517822265625
1.23291015625
1.165283203125
1.62841796875
1.58203125
1.347412109375
2.0751953125
2.05224609375
1.702880859375
1.5263671875
1.507568359375
1.47802734375
1.78125
1.739990234375
1.457275390625
1.59326171875
1.937744140625
1.76318359375
1.47412109375
1.337890625
1.4267578125
1.59423828125
1.293701171875
1.77978515625
1.829833984375
1.606201171875
1.2470703125
1.359619140625
1.7236328125
1.322998046875
1.72900390625
1.55615234375
1.35791015625
1.71240234375
1.106689453125
1.57177734375
1.581298828125
1.6201171875
1.763916015625
1.97705078125
1.56640625
1.67578125
1.632568359375
1.655517578125
1.580078125
1.889892578125
1.61572265625
2.355224609375
1.97509765625
1.527587890625
1.484375
1.54833984375
1.668701171875
1.4677734375
1.027587890625
1.404296875
1.607666015625
1.604736328125
1.323974609375
1.44384765625
1.202392578125
1.671142578125
1.412109375
1.220458984375
1.436767578125
1.757568359375
1.5166015625
1.5439453125
1.686279296875
1.566650390625
1.360107421875
1.589111328125
1.625244140625
2.028564453125
1.38720703125
1.64697265625
1.329833984375
1.748779296875
1.296142578125
1.456787109375
1.613525390625
2.047607421875
1.20361328125
1.35546875
1.0595703125
1.123779296875
1.58203125
1.562255859375
1.671630859375
1.503662109375
1.798095703125
1.48046875
1.893310546875
1.57275390625
1.5478515625
1.440185546875
1.600830078125
1.490234375
1.393310546875
1.9951171875
1.62890625
1.318115234375
1.677978515625
1.53759765625
1.610595703125
1.4130859375
1.532958984375
1.52734375
1.43359375
1.33447265625
1.806396484375
1.44873046875
1.79345703125
1.53564453125
1.384033203125
1.72802734375
1.467529296875
1.319580078125
1.89306640625
1.7353515625
1.599853515625
1.76904296875
1.83251953125
1.47119140625
1.486083984375
1.4775390625
1.532470703125
1.447265625
1.8173828125
1.729248046875
1.59814453125
1.513671875
1.474365234375
1.683349609375
1.75
1.532470703125
1.672607421875
1.3037109375
1.38916015625
1.541259765625
1.805419921875
1.175537109375
1.24072265625
1.708740234375
1.4794921875
1.685546875
1.87158203125
1.56494140625
1.156494140625
2.136474609375
1.814453125
1.624755859375
1.392822265625
1.514404296875
1.460205078125
1.617919921875
1.611083984375
1.670166015625
1.9697265625
1.4404296875
1.77783203125
1.6650390625
1.341064453125
1.53857421875
1.445556640625
1.708740234375
1.513916015625
1.3994140625
1.837646484375
1.343505859375
1.516845703125
1.653076171875
1.901611328125
1.5185546875
1.75439453125
1.814697265625
1.460205078125
1.617919921875
1.62353515625
1.24169921875
1.377685546875
1.607421875
1.51171875
1.614990234375
1.890380859375
1.517822265625
1.497802734375
1.511474609375
1.461181640625
