1.2294921875
1.408203125
1.76318359375
1.244873046875
1.63330078125
1.449951171875
1.662353515625
1.207275390625
1.252685546875
1.396728515625
1.177734375
1.33740234375
1.18115234375
1.474365234375
1.03369140625
1.5283203125
1.398681640625
1.21923828125
1.969970703125
1.550048828125
1.35546875
1.389404296875
1.028564453125
1.27197265625
1.8388671875
1.6640625
1.518310546875
1.568359375
1.30126953125
1.7041015625
1.431640625
1.375732421875
1.25
1.724853515625
0.97607421875
1.430908203125
1.520263671875
0.984619140625
0.79248046875
1.181396484375
1.64794921875
1.578857421875
1.19677734375
1.05126953125
1.62109375
1.06005859375
1.489990234375
1.54833984375
1.42529296875
1.503173828125
1.56689453125
1.3828125
1.390869140625
1.434814453125
1.43994140625
2.185302734375
0.896484375
1.397216796875
1.560546875
1.329833984375
1.445068359375
1.6044921875
1.230224609375
1.2705078125
1.102783203125
1.7158203125
1.180908203125
1.271484375
1.54736328125
1.195556640625
1.496337890625
1.57958984375
1.028564453125
1.373046875
1.31298828125
1.378173828125
1.467041015625
1.079833984375
1.400146484375
1.79150390625
1.557373046875
1.20556640625
1.560791015625
1.369384765625
1.0849609375
1.441650390625
1.2958984375
0.790771484375
1.64892578125
1.321044921875
1.248291015625
1.052978515625
1.138671875
1.300048828125
1.394287109375
1.410400390625
1.52099609375
1.268798828125
1.14794921875
1.12060546875
1.37158203125
1.5341796875
1.498779296875
1.30859375
1.11572265625
1.11865234375
1.28271484375
0.99365234375
1.146728515625
1.5537109375
1.48583984375
1.05712890625
1.20068359375
1.161865234375
1.085205078125
1.692138671875
1.422607421875
1.398681640625
1.958984375
1.529296875
1.310546875
1.35546875
1.443115234375
1.378662109375
1.452880859375
1.325439453125
1.5732421875
1.484130859375
1.22900390625
1.566650390625
1.190673828125
1.23974609375
1.630615234375
1.688720703125
1.0771484375
1.289794921875
1.70849609375
1.38623046875
1.34912109375
1.32177734375
1.3193359375
1.395263671875
1.457763671875
1.3076171875
1.51611328125
1.427001953125
1.607666015625
1.269775390625
1.39306640625
1.394775390625
1.870361328125
1.427001953125
1.42236328125
1.7919921875
1.117919921875
1.551025390625
1.26513671875
1.331298828125
1.533935546875
0.9755859375
1.369384765625
1.132568359375
1.568603515625
1.138427734375
1.65185546875
1.272216796875
1.162109375
1.141357421875
1.744384765625
1.144287109375
1.509033203125
1.320556640625
1.75244140625
1.4638671875
1.455322265625
1.423828125
1.375732421875
1.262451171875
1.763427734375
1.92041015625
1.070556640625
1.4462890625
1.731201171875
1.364013671875
1.642578125
1.3447265625
0.973876953125
1.21484375
1.465087890625
1.58056640625
1.114990234375
1.531005859375
1.4921875
1.126220703125
1.47900390625
1.643310546875
1.37451171875
1.449462890625
1.460693359375
1.642578125
1.40087890625
1.279541015625
1.099365234375
1.21435546875
1.2470703125
1.218505859375
0.997314453125
1.57958984375
1.176513671875
1.100830078125
1.306396484375
1.2177734375
1.333984375
1.949951171875
1.59765625
1.27294921875
1.45166015625
1.46240234375
1.538330078125
1.4765625
1.351318359375
1.36279296875
1.76416015625
1.179931640625
1.195556640625
0.9375
1.6240234375
1.41650390625
1.192626953125
1.338623046875
1.130859375
1.19482421875
1.56591796875
1.624267578125
1.53857421875
1.602294921875
1.400390625
1.27294921875
1.572509765625
1.379150390625
1.54736328125
1.589111328125
1.169921875
1.546142578125
1.650634765625
1.67626953125
1.3037109375
1.52099609375
1.651123046875
0.969970703125
1.047607421875
1.98046875
1.34423828125
1.257080078125
1.45849609375
1.033447265625
1.0791015625
2.2431640625
1.251220703125
1.6328125
1.50048828125
1.353759765625
1.956298828125
1.700439453125
1.310546875
1.467041015625
1.434326171875
1.627685546875
1.083984375
1.535400390625
1.507080078125
1.437744140625
1.23193359375
0.980224609375
1.34716796875
1.179443359375
1.533203125
1.277587890625
1.16259765625
1.199462890625
1.39501953125
1.26123046875
1.59375
1.051513671875
1.26953125
1.186279296875
1.1513671875
1.06640625
1.816162109375
1.474365234375
1.444580078125
1.500732421875
1.621826171875
1.461181640625
1.8916015625
1.372802734375
1.43994140625
1.225341796875
1.35498046875
1.9189453125
1.231201171875
1.201904296875
1.494140625
1.206787109375
1.285400390625
1.414306640625
1.5283203125
1.626953125
0.965576171875
1.19189453125
1.314697265625
1.304931640625
1.48388671875
1.122802734375
1.481689453125
1.395263671875
1.15673828125
1.301513671875
1.28857421875
1.1005859375
1.42041015625
1.166748046875
1.661865234375
1.166015625
1.416259765625
1.50830078125
0.96337890625
1.18505859375
1.007568359375
1.20947265625
1.280029296875
1.44189453125
1.418701171875
1.875732421875
1.718505859375
1.424560546875
1.3427734375
1.470947265625
1.401611328125
1.813232421875
1.43115234375
1.07861328125
1.635986328125
1.42578125
1.479736328125
1.3076171875
1.12353515625
1.08544921875
1.413818359375
1.6962890625
1.430908203125
1.3720703125
1.66357421875
1.5
1.50390625
1.381103515625
1.4892578125
1.005859375
1.123779296875
1.458740234375
1.6396484375
1.497314453125
1.35205078125
1.323974609375
1.3310546875
1.850830078125
1.627197265625
1.555419921875
1.221435546875
1.351806640625
1.118896484375
1.126220703125
1.439208984375
1.494873046875
1.220703125
0.8779296875
1.731201171875
1.411865234375
1.4228515625
1.4931640625
1.089599609375
1.87646484375
1.350830078125
1.53125
1.186767578125
1.39794921875
0.869873046875
1.29443359375
1.562744140625
1.56298828125
1.626708984375
1.8798828125
1.044677734375
1.68505859375
1.373291015625
1.3369140625
1.4404296875
1.212646484375
1.65234375
1.112060546875
1.474609375
1.25634765625
1.239501953125
0.904541015625
1.154296875
1.381103515625
1.5625
1.5595703125
1.22265625
1.353271484375
1.56640625
1.621826171875
0.83544921875
1.5810546875
1.256591796875
1.210205078125
1.083740234375
1.83349609375
1.230712890625
1.245849609375
1.51953125
1.395263671875
1.231689453125
1.49072265625
1.176025390625
1.37939453125
1.400634765625
1.455810546875
1.521484375
1.290283203125
1.4697265625
1.440673828125
1.30615234375
1.37353515625
1.50146484375
1.2421875
1.44482421875
1.492431640625
1.524169921875
1.6240234375
1.45947265625
1.11767578125
1.159423828125
1.2548828125
1.3154296875
1.473876953125
1.25732421875
1.422607421875
1.678466796875
1.241943359375
1.423828125
1.5146484375
1.41796875
0.984130859375
1.23291015625
1.130126953125
1.372314453125
1.622802734375
1.200927734375
1.466796875
1.2978515625
1.440185546875
1.48388671875
1.12353515625
1.4970703125
1.38037109375
1.814208984375
1.346923828125
1.6630859375
1.21484375
1.39990234375
1.310546875
1.0654296875
1.2763671875
1.591064453125
1.35205078125
1.39208984375
1.26513671875
1.215576171875
0.95458984375
1.23828125
1.64306640625
1.354736328125
1.41552734375
1.271240234375
1.55322265625
1.38232421875
1.2119140625
1.563720703125
1.360595703125
1.353271484375
1.010498046875
1.20703125
1.22607421875
1.591552734375
1.507568359375
1.375
1.26953125
0.9814453125
1.295166015625
