5.4346923828125
5.4346923828125
5.4346923828125
5.4346923828125
5.4346923828125
5.4346923828125
5.01171875
5.2041015625
5.57208251953125
5.3663330078125
5.53125
5.72918701171875
5.63385009765625
5.53466796875
5.50799560546875
5.36370849609375
5.44439697265625
5.34423828125
5.40679931640625
5.61724853515625
5.7811279296875
5.59185791015625
5.69696044921875
5.15289306640625
5.36090087890625
5.6376953125
5.5325927734375
5.511474609375
5.88409423828125
5.3431396484375
4.9873046875
5.1463623046875
5.51129150390625
5.4708251953125
5.67010498046875
5.4971923828125
5.49639892578125
5.5880126953125
5.472900390625
5.27227783203125
5.33209228515625
5.49505615234375
5.27496337890625
5.39990234375
5.4591064453125
5.89605712890625
5.52166748046875
5.4884033203125
5.585693359375
5.54046630859375
5.62744140625
5.7196044921875
5.3436279296875
5.35943603515625
5.6314697265625
5.3375244140625
5.5321044921875
6.04010009765625
5.48980712890625
5.58135986328125
5.013671875
5.32159423828125
5.89117431640625
5.41485595703125
5.875
5.38360595703125
5.107666015625
5.44000244140625
5.62689208984375
5.54925537109375
5.54681396484375
5.64471435546875
5.2916259765625
5.56988525390625
5.56005859375
5.90313720703125
5.08746337890625
5.16693115234375
5.6065673828125
5.5274658203125
5.75048828125
5.7890625
5.12506103515625
5.74664306640625
5.4903564453125
5.45501708984375
5.22894287109375
5.8297119140625
5.56671142578125
5.9857177734375
5.4384765625
5.5345458984375
5.239501953125
5.4403076171875
5.549072265625
5.89923095703125
5.3681640625
5.705078125
5.67919921875
5.689697265625
5.31378173828125
5.44873046875
5.679931640625
5.6015625
5.638427734375
5.4110107421875
5.94580078125
5.1405029296875
5.59393310546875
5.36737060546875
5.57476806640625
5.34619140625
5.87945556640625
5.57470703125
5.46343994140625
5.80316162109375
5.40283203125
5.6885986328125
5.83935546875
5.3818359375
5.6080322265625
5.94219970703125
5.60748291015625
5.537109375
5.75030517578125
5.52276611328125
5.434326171875
5.2271728515625
5.5999755859375
5.57470703125
5.32476806640625
5.23077392578125
5.79254150390625
5.3780517578125
5.500244140625
5.2113037109375
5.58062744140625
5.60406494140625
5.09124755859375
5.6573486328125
5.685302734375
5.42523193359375
5.600341796875
5.34332275390625
5.64111328125
5.47900390625
5.54205322265625
5.804443359375
5.639404296875
5.4571533203125
5.2943115234375
5.52960205078125
5.504638671875
5.45574951171875
5.24664306640625
5.63153076171875
5.59173583984375
5.611083984375
5.35821533203125
5.71112060546875
5.6546630859375
5.442626953125
5.55413818359375
5.56475830078125
5.3157958984375
5.583251953125
5.371337890625
5.74871826171875
5.6837158203125
5.59271240234375
5.61260986328125
5.524658203125
5.58087158203125
5.26348876953125
5.57037353515625
5.83502197265625
5.51251220703125
5.947998046875
5.60516357421875
5.35235595703125
5.7022705078125
5.51654052734375
5.660888671875
5.27978515625
5.591796875
5.9007568359375
5.1463623046875
5.68304443359375
5.696533203125
5.7265625
5.2694091796875
5.391845703125
5.3240966796875
5.19921875
5.5450439453125
5.786865234375
5.240966796875
5.8248291015625
5.5469970703125
5.507568359375
5.548828125
5.16162109375
5.56103515625
5.39727783203125
5.78369140625
5.6995849609375
5.5927734375
5.2462158203125
5.44866943359375
5.27069091796875
5.566650390625
5.53485107421875
5.43719482421875
5.32928466796875
5.332275390625
5.2957763671875
5.4158935546875
5.50054931640625
5.56036376953125
5.38275146484375
5.27093505859375
5.37109375
5.61126708984375
5.7789306640625
5.41845703125
5.90802001953125
5.58203125
5.50360107421875
5.36407470703125
5.85888671875
5.5057373046875
5.55621337890625
5.6611328125
5.50653076171875
5.334716796875
5.59405517578125
5.62188720703125
6.0758056640625
5.55743408203125
5.3836669921875
5.65374755859375
5.27301025390625
5.56842041015625
5.40155029296875
5.4583740234375
5.6678466796875
5.4949951171875
5.50958251953125
5.4488525390625
5.70941162109375
5.27001953125
5.57080078125
5.62066650390625
5.065185546875
5.61456298828125
5.49517822265625
5.6588134765625
5.5228271484375
5.429931640625
5.17938232421875
5.286376953125
5.671630859375
5.8209228515625
5.65472412109375
5.4390869140625
4.755615234375
5.26470947265625
5.5152587890625
5.5474853515625
5.55126953125
5.5888671875
5.7149658203125
5.62066650390625
5.45660400390625
5.46795654296875
5.5450439453125
5.74066162109375
5.380859375
5.3861083984375
5.43603515625
5.73846435546875
5.68499755859375
5.32843017578125
5.25238037109375
4.97357177734375
5.63824462890625
5.59686279296875
5.4505615234375
5.315673828125
5.58526611328125
5.29034423828125
5.9013671875
5.65283203125
5.287841796875
5.48883056640625
5.290771484375
5.2816162109375
5.73663330078125
5.49346923828125
5.36724853515625
5.479736328125
5.3194580078125
5.5523681640625
5.05517578125
5.30609130859375
5.26129150390625
5.49853515625
5.07232666015625
5.74273681640625
5.6339111328125
5.0567626953125
5.61065673828125
5.28857421875
5.7481689453125
5.540771484375
5.36187744140625
5.57440185546875
5.50531005859375
5.28704833984375
5.71881103515625
5.631103515625
5.33447265625
5.431640625
5.55499267578125
5.64801025390625
4.96221923828125
5.45330810546875
5.845703125
5.18951416015625
5.3603515625
5.30377197265625
5.220458984375
4.99237060546875
5.33917236328125
5.68206787109375
5.79144287109375
5.55548095703125
5.464111328125
5.348876953125
5.4879150390625
5.6556396484375
5.289794921875
5.661865234375
5.6624755859375
5.23468017578125
5.36212158203125
5.2177734375
5.43621826171875
5.623046875
5.58111572265625
5.63525390625
5.303466796875
5.63763427734375
5.200439453125
5.82061767578125
5.3973388671875
5.39288330078125
5.56976318359375
5.56329345703125
5.61993408203125
5.47027587890625
5.450439453125
5.55511474609375
4.97125244140625
5.2828369140625
5.30548095703125
5.639892578125
5.643310546875
5.14337158203125
5.59478759765625
5.46405029296875
5.8016357421875
5.3348388671875
5.18316650390625
5.42437744140625
5.00274658203125
5.6302490234375
5.00775146484375
5.4417724609375
5.63763427734375
5.4151611328125
5.21966552734375
5.36065673828125
5.2564697265625
5.97833251953125
5.41925048828125
5.61328125
5.7991943359375
5.23388671875
5.33251953125
5.724853515625
5.55950927734375
5.36004638671875
5.3848876953125
5.7088623046875
5.4444580078125
5.6707763671875
5.6392822265625
5.79400634765625
5.397216796875
5.60552978515625
5.40447998046875
5.18963623046875
5.52093505859375
5.5853271484375
5.672607421875
5.47900390625
5.48779296875
5.47216796875
5.30145263671875
4.9410400390625
5.83349609375
5.46502685546875
5.43701171875
5.24383544921875
5.4697265625
5.2884521484375
5.09259033203125
5.49932861328125
5.54986572265625
5.45550537109375
5.36297607421875
5.3016357421875
5.34918212890625
5.06231689453125
5.8228759765625
5.35711669921875
5.705810546875
5.33245849609375
5.1728515625
5.625244140625
5.79119873046875
5.13629150390625
5.705810546875
5.3717041015625
5.530517578125
5.57147216796875
5.64935302734375
5.52557373046875
5.51116943359375
5.40643310546875
5.26080322265625
5.34326171875
5.7481689453125
5.56097412109375
5.76910400390625
5.332763671875
5.82769775390625
5.574951171875
5.40301513671875
5.50909423828125
5.526611328125
5.656494140625
5.1734619140625
5.121337890625
5.3046875
5.43316650390625
5.5130615234375
5.31683349609375
5.27471923828125
5.7896728515625
5.4124755859375
5.08197021484375
5.95672607421875
5.27117919921875
5.67919921875
5.7869873046875
5.668212890625
5.764404296875
5.68768310546875
5.41900634765625
5.6861572265625
5.45391845703125
5.69921875
5.4708251953125
5.73236083984375
5.502685546875
5.13409423828125
5.5518798828125
5.53497314453125
5.3052978515625
5.53057861328125
5.7457275390625
5.3685302734375
5.60076904296875
5.4981689453125
5.33929443359375
5.58721923828125
5.33978271484375
5.5079345703125
5.54095458984375
5.48919677734375
5.4237060546875
5.25469970703125
5.63372802734375
5.4537353515625
5.77142333984375
5.30902099609375
5.5623779296875
4.95611572265625
5.625244140625
5.2532958984375
5.3052978515625
5.790771484375
5.33038330078125
5.77264404296875
5.5428466796875
5.46240234375
5.29168701171875
5.6680908203125
5.66021728515625
5.56719970703125
5.5731201171875
5.39373779296875
5.42071533203125
5.7103271484375
5.25640869140625
5.70001220703125
5.37957763671875
5.60992431640625
5.22119140625
5.3363037109375
4.940185546875
5.68914794921875
5.6329345703125
5.5164794921875
5.79736328125
5.93426513671875
5.48187255859375
5.341796875
5.70037841796875
5.75341796875
5.67413330078125
5.6453857421875
5.143310546875
5.31219482421875
5.7021484375
5.3406982421875
5.51141357421875
5.64404296875
5.71173095703125
5.6365966796875
5.19281005859375
5.62860107421875
5.097900390625
5.68963623046875
5.648193359375
5.625244140625
5.68017578125
5.449951171875
5.60894775390625
5.268798828125
5.52899169921875
5.3525390625
5.53314208984375
5.66229248046875
5.42962646484375
5.44598388671875
5.281982421875
5.4892578125
5.6279296875
5.8001708984375
5.75830078125
5.828857421875
5.3182373046875
5.19781494140625
5.2882080078125
5.7061767578125
5.46026611328125
5.36395263671875
5.711181640625
5.49542236328125
6.13140869140625
5.81048583984375
5.309814453125
5.275390625
5.5126953125
5.22930908203125
5.812744140625
5.4200439453125
5.740966796875
5.45989990234375
5.4124755859375
5.2208251953125
5.13653564453125
5.6201171875
5.71221923828125
5.35284423828125
5.55224609375
5.11773681640625
5.5775146484375
5.16680908203125
5.24969482421875
5.23321533203125
5.4119873046875
5.39544677734375
5.453369140625
5.04302978515625
5.73046875
5.73211669921875
5.2723388671875
5.28778076171875
5.2926025390625
5.4599609375
5.67791748046875
5.7293701171875
5.32147216796875
5.6077880859375
5.42431640625
5.62451171875
5.55865478515625
5.53570556640625
5.536865234375
5.55230712890625
5.25030517578125
5.4161376953125
5.32275390625
5.35308837890625
5.51580810546875
5.7320556640625
5.75604248046875
5.77935791015625
5.4229736328125
5.538330078125
5.58856201171875
5.59991455078125
5.40606689453125
5.6688232421875
5.4190673828125
5.43701171875
5.793212890625
5.52569580078125
5.9166259765625
5.4576416015625
5.20867919921875
5.50042724609375
5.79339599609375
5.47210693359375
5.479736328125
5.420654296875
5.70880126953125
5.44720458984375
5.5467529296875
5.3382568359375
5.18084716796875
5.3489990234375
5.5577392578125
5.4783935546875
5.088623046875
5.40740966796875
5.4501953125
5.572021484375
5.4996337890625
5.5892333984375
4.95220947265625
5.560546875
5.56866455078125
5.4578857421875
5.4638671875
5.4820556640625
5.2796630859375
5.170654296875
5.671630859375
5.12371826171875
4.9498291015625
5.52667236328125
5.51239013671875
5.22607421875
5.58294677734375
5.50592041015625
5.5426025390625
5.52392578125
5.7296142578125
5.74609375
5.654052734375
5.30792236328125
5.3297119140625
5.615966796875
5.4730224609375
5.442138671875
5.60699462890625
5.566650390625
5.65704345703125
5.4862060546875
5.41937255859375
5.4901123046875
5.312744140625
5.872314453125
5.693359375
5.5697021484375
5.5262451171875
5.16204833984375
5.13909912109375
5.02716064453125
5.7591552734375
4.93988037109375
5.3616943359375
5.64422607421875
5.601806640625
5.916259765625
5.84320068359375
5.3681640625
5.289794921875
5.53106689453125
5.35260009765625
5.33770751953125
5.3909912109375
5.1322021484375
5.8741455078125
5.42767333984375
5.14947509765625
5.6751708984375
5.67987060546875
5.4669189453125
5.3990478515625
5.08843994140625
5.66888427734375
5.44921875
5.305419921875
5.49169921875
5.60931396484375
5.5596923828125
5.0921630859375
5.80413818359375
5.73529052734375
5.634765625
5.7335205078125
5.272216796875
5.727783203125
5.43536376953125
5.3414306640625
5.57318115234375
5.69708251953125
5.33978271484375
5.7086181640625
5.40185546875
5.640380859375
5.1419677734375
4.90130615234375
5.42242431640625
5.37744140625
5.44683837890625
5.579833984375
5.44488525390625
5.381103515625
5.6182861328125
5.39776611328125
5.66375732421875
5.4168701171875
5.4947509765625
5.5032958984375
5.65789794921875
5.70068359375
5.8101806640625
5.4652099609375
5.57366943359375
5.4658203125
5.60406494140625
5.4427490234375
5.536376953125
5.08636474609375
5.6099853515625
5.56182861328125
5.1483154296875
5.68048095703125
5.1484375
5.3724365234375
5.4554443359375
5.47418212890625
5.6243896484375
5.607666015625
5.31890869140625
5.22705078125
5.70465087890625
5.169921875
5.566650390625
5.94091796875
5.26202392578125
5.52899169921875
5.44342041015625
5.595703125
5.57867431640625
5.83380126953125
5.47247314453125
5.4146728515625
5.3682861328125
5.6036376953125
5.57965087890625
5.271728515625
5.44781494140625
5.50933837890625
5.08349609375
5.670166015625
5.0953369140625
5.436767578125
4.9019775390625
5.2318115234375
5.250244140625
5.1263427734375
5.06378173828125
5.25048828125
5.52099609375
5.57562255859375
5.35565185546875
5.46661376953125
5.89276123046875
5.42291259765625
5.68914794921875
6.00885009765625
5.34954833984375
5.27313232421875
5.592041015625
5.59320068359375
5.159912109375
5.585205078125
5.64111328125
5.3807373046875
5.5924072265625
5.4580078125
5.46575927734375
5.28326416015625
5.8450927734375
5.5546875
5.23291015625
5.4185791015625
5.0823974609375
5.03704833984375
5.49371337890625
5.471435546875
5.69012451171875
5.56427001953125
5.79443359375
5.37933349609375
5.6209716796875
5.388427734375
5.5733642578125
6.012939453125
5.6851806640625
5.6611328125
5.73138427734375
5.7890625
5.4697265625
5.6151123046875
5.60430908203125
5.78900146484375
5.434814453125
5.3372802734375
5.59820556640625
5.5482177734375
5.20941162109375
5.884765625
5.6505126953125
5.5701904296875
5.399169921875
5.3668212890625
5.58673095703125
5.6134033203125
5.54669189453125
5.63330078125
4.9825439453125
5.36053466796875
5.822509765625
5.9776611328125
5.569580078125
5.43115234375
5.180908203125
5.7928466796875
5.42218017578125
5.47430419921875
5.77056884765625
5.66851806640625
5.71893310546875
5.6373291015625
5.593017578125
5.6224365234375
5.624755859375
5.7320556640625
5.374267578125
5.49609375
5.821044921875
5.20367431640625
5.7359619140625
5.29620361328125
5.2803955078125
5.6610107421875
5.59649658203125
5.52301025390625
5.58233642578125
5.4453125
5.5711669921875
