7.21673583984375
7.21673583984375
7.21673583984375
7.21673583984375
7.21673583984375
7.21673583984375
6.959228515625
7.151123046875
7.4251708984375
7.2242431640625
7.4503173828125
7.5643310546875
7.53912353515625
7.42340087890625
7.34881591796875
7.2965087890625
7.3553466796875
7.10626220703125
7.20355224609375
7.5230712890625
7.60528564453125
7.3865966796875
7.49066162109375
7.06842041015625
7.39593505859375
7.405517578125
7.46514892578125
7.55987548828125
7.65264892578125
7.2266845703125
6.95361328125
7.14373779296875
7.2528076171875
7.447265625
7.46771240234375
7.492431640625
7.37384033203125
7.36492919921875
7.5250244140625
7.12066650390625
7.31561279296875
7.3568115234375
7.07366943359375
7.4600830078125
7.35516357421875
7.9444580078125
7.5777587890625
7.33880615234375
7.497314453125
7.4366455078125
7.42279052734375
7.48297119140625
7.27362060546875
7.3216552734375
7.533447265625
7.32965087890625
7.45758056640625
7.7313232421875
7.40069580078125
7.49761962890625
6.6795654296875
7.2818603515625
7.7857666015625
7.33807373046875
7.83062744140625
7.29510498046875
6.984130859375
7.41357421875
7.52801513671875
7.32000732421875
7.30706787109375
7.606689453125
7.285888671875
7.48651123046875
7.458984375
7.9935302734375
7.00067138671875
7.07281494140625
7.5316162109375
7.59991455078125
7.52490234375
7.6378173828125
6.96942138671875
7.61474609375
7.34033203125
7.36187744140625
7.17218017578125
7.57635498046875
7.42852783203125
8.02642822265625
7.30322265625
7.309814453125
6.98638916015625
7.46417236328125
7.40087890625
7.87017822265625
7.34942626953125
7.673828125
7.72442626953125
7.60650634765625
7.1422119140625
7.37750244140625
7.56060791015625
7.5390625
7.3800048828125
7.261962890625
7.85931396484375
6.97259521484375
7.26458740234375
7.3323974609375
7.57305908203125
7.27630615234375
7.65283203125
7.3226318359375
7.3096923828125
7.68560791015625
7.2025146484375
7.58050537109375
7.797119140625
7.3720703125
7.60498046875
7.699951171875
7.52520751953125
7.519287109375
7.6995849609375
7.49853515625
7.30938720703125
7.23846435546875
7.57171630859375
7.4447021484375
7.264892578125
7.15478515625
7.51348876953125
7.1064453125
7.51263427734375
7.03778076171875
7.3309326171875
7.4871826171875
6.8687744140625
7.6014404296875
7.4879150390625
7.19427490234375
7.32391357421875
7.2003173828125
7.57232666015625
7.294189453125
7.4781494140625
7.60968017578125
7.27825927734375
7.13232421875
7.0966796875
7.35479736328125
7.37042236328125
7.28094482421875
7.1492919921875
7.55413818359375
7.62359619140625
7.42529296875
7.32666015625
7.59716796875
7.55499267578125
7.1767578125
7.42779541015625
7.50970458984375
7.05419921875
7.43475341796875
7.10906982421875
7.69390869140625
7.48980712890625
7.60247802734375
7.41619873046875
7.5181884765625
7.5394287109375
7.2633056640625
7.567138671875
7.66192626953125
7.355712890625
7.76043701171875
7.2642822265625
7.24676513671875
7.59747314453125
7.41796875
7.46160888671875
7.18768310546875
7.40234375
7.8748779296875
7.009521484375
7.54046630859375
7.53033447265625
7.533935546875
7.15203857421875
7.238037109375
7.19024658203125
7.00714111328125
7.43505859375
7.677978515625
7.13800048828125
7.632080078125
7.47039794921875
7.50433349609375
7.54522705078125
6.9642333984375
7.40045166015625
7.2420654296875
7.7720947265625
7.5810546875
7.56500244140625
7.2227783203125
7.33111572265625
7.0445556640625
7.3638916015625
7.28594970703125
7.44195556640625
7.1861572265625
7.20233154296875
7.33251953125
7.2900390625
7.44140625
7.3189697265625
7.33447265625
7.2352294921875
7.3712158203125
7.6455078125
7.67138671875
7.27679443359375
7.6295166015625
7.57550048828125
7.38922119140625
7.32452392578125
7.85723876953125
7.45782470703125
7.4071044921875
7.4234619140625
7.41375732421875
7.22723388671875
7.50665283203125
7.40362548828125
7.8927001953125
7.5972900390625
7.41912841796875
7.53924560546875
7.144775390625
7.33837890625
7.3280029296875
7.41644287109375
7.50732421875
7.320068359375
7.22607421875
7.27459716796875
7.60345458984375
7.185302734375
7.32012939453125
7.51043701171875
6.9320068359375
7.5587158203125
7.65478515625
7.6351318359375
7.5623779296875
7.32257080078125
7.1490478515625
7.219970703125
7.5283203125
7.7393798828125
7.66326904296875
7.1893310546875
6.60308837890625
7.23895263671875
7.43212890625
7.3021240234375
7.504150390625
7.5439453125
7.56219482421875
7.6536865234375
7.3607177734375
7.31304931640625
7.33795166015625
7.4132080078125
7.3084716796875
7.2071533203125
7.31439208984375
7.5592041015625
7.498291015625
7.28509521484375
7.03594970703125
6.9615478515625
7.673828125
7.4627685546875
7.421875
7.0535888671875
7.57666015625
7.25250244140625
7.83599853515625
7.644775390625
7.211181640625
7.265869140625
7.27911376953125
7.45703125
7.64599609375
7.4410400390625
7.15399169921875
7.33111572265625
7.06109619140625
7.56854248046875
6.945068359375
7.27655029296875
7.014404296875
7.4530029296875
7.0291748046875
7.67303466796875
7.39801025390625
6.77423095703125
7.51385498046875
7.19287109375
7.6221923828125
7.27801513671875
7.2730712890625
7.3880615234375
7.514404296875
7.07708740234375
7.55181884765625
7.512939453125
7.32598876953125
7.367431640625
7.444091796875
7.64556884765625
6.77130126953125
7.40875244140625
7.76666259765625
7.0330810546875
7.25897216796875
7.11077880859375
7.12255859375
6.94903564453125
7.11444091796875
7.51043701171875
7.62744140625
7.60272216796875
7.34912109375
7.4462890625
7.21099853515625
7.5638427734375
7.017333984375
7.42315673828125
7.4603271484375
7.0477294921875
7.14422607421875
6.94696044921875
7.39727783203125
7.45953369140625
7.44598388671875
7.53851318359375
7.10028076171875
7.58843994140625
7.076171875
7.600830078125
7.36700439453125
7.264892578125
7.4283447265625
7.5224609375
7.25726318359375
7.2423095703125
7.16815185546875
7.5545654296875
6.9569091796875
7.15789794921875
7.26373291015625
7.4193115234375
7.5184326171875
6.9920654296875
7.4451904296875
7.34698486328125
7.7706298828125
6.98028564453125
7.10931396484375
7.38787841796875
6.9483642578125
7.54632568359375
6.8721923828125
7.18994140625
7.47137451171875
7.26629638671875
7.13092041015625
7.297119140625
7.09429931640625
7.89794921875
7.30401611328125
7.43328857421875
7.75299072265625
6.97216796875
7.31243896484375
7.4854736328125
7.46563720703125
7.1617431640625
7.3685302734375
7.7095947265625
7.2242431640625
7.60906982421875
7.4849853515625
7.65948486328125
7.21484375
7.4945068359375
7.30560302734375
7.2314453125
7.39697265625
7.575927734375
7.5452880859375
7.50732421875
7.3304443359375
7.3974609375
7.14715576171875
6.803466796875
7.71826171875
7.40252685546875
7.35260009765625
7.3079833984375
7.35491943359375
7.16180419921875
7.029296875
7.3055419921875
7.46429443359375
7.3524169921875
7.15362548828125
7.1746826171875
7.25115966796875
6.92547607421875
7.62872314453125
7.196533203125
7.6875
7.127685546875
7.1607666015625
7.6622314453125
7.78265380859375
7.0594482421875
7.72821044921875
7.278564453125
7.4547119140625
7.4656982421875
7.67486572265625
7.46441650390625
7.56103515625
7.29119873046875
7.24969482421875
7.32421875
7.466552734375
7.5924072265625
7.68597412109375
7.24267578125
7.6138916015625
7.40240478515625
7.4219970703125
7.3817138671875
7.52191162109375
7.35662841796875
6.97015380859375
7.09820556640625
7.23333740234375
7.365234375
7.33624267578125
7.391357421875
7.14532470703125
7.7396240234375
7.295166015625
7.15423583984375
7.9002685546875
7.25750732421875
7.632568359375
7.80548095703125
7.73309326171875
7.7822265625
7.58990478515625
7.27337646484375
7.55120849609375
7.43792724609375
7.74176025390625
7.33135986328125
7.5244140625
7.35870361328125
6.94732666015625
7.48126220703125
7.53436279296875
7.18218994140625
7.6441650390625
7.45550537109375
7.1103515625
7.48272705078125
7.267333984375
7.29345703125
7.60186767578125
7.311279296875
7.36004638671875
7.4700927734375
7.4608154296875
7.3087158203125
7.08074951171875
7.33978271484375
7.33367919921875
7.8214111328125
7.117919921875
7.6043701171875
6.78692626953125
7.4306640625
7.144287109375
7.19598388671875
7.75225830078125
7.4146728515625
7.59912109375
7.65338134765625
7.39642333984375
7.0667724609375
7.66693115234375
7.4970703125
7.55975341796875
7.51904296875
7.4644775390625
7.3612060546875
7.6676025390625
7.15252685546875
7.466552734375
7.20794677734375
7.515380859375
7.04638671875
7.24151611328125
6.65374755859375
7.57427978515625
7.68511962890625
7.46893310546875
7.535888671875
7.8155517578125
7.2821044921875
7.12835693359375
7.6312255859375
7.6845703125
7.49676513671875
7.459228515625
6.87713623046875
7.3582763671875
7.74127197265625
7.29913330078125
7.40460205078125
7.61932373046875
7.61981201171875
7.51129150390625
7.1580810546875
7.59722900390625
6.82427978515625
7.60711669921875
7.54754638671875
7.4110107421875
7.54095458984375
7.239013671875
7.57879638671875
7.2276611328125
7.35443115234375
7.26177978515625
7.67059326171875
7.537841796875
7.35211181640625
7.3179931640625
7.07110595703125
7.33544921875
7.48602294921875
7.65203857421875
7.72320556640625
7.811767578125
7.29779052734375
7.0836181640625
7.19708251953125
7.61688232421875
7.306884765625
7.325927734375
7.491943359375
7.234375
7.86883544921875
7.68487548828125
7.3033447265625
7.2464599609375
7.38873291015625
7.26263427734375
7.69525146484375
7.4859619140625
7.55914306640625
7.30291748046875
7.43927001953125
7.03387451171875
6.982666015625
7.511474609375
7.55950927734375
7.3040771484375
7.41485595703125
7.04852294921875
7.51275634765625
6.94091796875
7.00634765625
7.274169921875
7.30914306640625
7.13018798828125
7.2105712890625
7.0015869140625
7.687255859375
7.64581298828125
7.21722412109375
7.334228515625
7.27288818359375
7.5384521484375
7.65753173828125
7.66229248046875
7.15972900390625
7.38250732421875
7.31243896484375
7.51812744140625
7.50225830078125
7.3984375
7.32025146484375
7.25921630859375
7.04437255859375
7.1475830078125
7.18328857421875
7.45294189453125
7.48370361328125
7.58331298828125
7.6546630859375
7.692138671875
7.2877197265625
7.3563232421875
7.47430419921875
7.5709228515625
7.2142333984375
7.63214111328125
7.33880615234375
7.30511474609375
7.720458984375
7.2442626953125
7.60333251953125
7.22601318359375
7.0413818359375
7.475830078125
7.71356201171875
7.275634765625
7.43792724609375
7.16888427734375
7.58392333984375
7.384033203125
7.5516357421875
7.17779541015625
6.94732666015625
7.22161865234375
7.466552734375
7.24560546875
7.0234375
7.3548583984375
7.36724853515625
7.43670654296875
7.5318603515625
7.550537109375
6.7791748046875
7.414794921875
7.46661376953125
7.46026611328125
7.29949951171875
7.39337158203125
7.2060546875
7.08062744140625
7.55328369140625
7.1285400390625
6.8133544921875
7.39642333984375
7.26641845703125
7.23541259765625
7.4681396484375
7.4110107421875
7.201171875
7.46868896484375
7.42974853515625
7.41766357421875
7.54425048828125
7.1025390625
7.31561279296875
7.50030517578125
7.3492431640625
7.201416015625
7.4620361328125
7.4739990234375
7.39251708984375
7.4986572265625
7.3997802734375
7.4169921875
7.203125
7.7869873046875
7.59844970703125
7.3182373046875
7.57574462890625
7.0975341796875
6.96966552734375
6.78778076171875
7.506103515625
6.7786865234375
7.19366455078125
7.50762939453125
7.5677490234375
7.8433837890625
7.79730224609375
7.20501708984375
7.129638671875
7.53857421875
7.183349609375
7.11236572265625
7.2862548828125
6.86297607421875
7.80572509765625
7.21392822265625
7.1007080078125
7.53460693359375
7.51947021484375
7.30535888671875
7.17926025390625
7.0570068359375
7.60858154296875
7.3331298828125
7.220458984375
7.26806640625
7.5968017578125
7.4788818359375
6.94952392578125
7.6241455078125
7.5743408203125
7.55157470703125
7.54119873046875
7.2197265625
7.696044921875
7.442626953125
7.4444580078125
7.535400390625
7.6361083984375
6.95281982421875
7.56982421875
7.29217529296875
7.4183349609375
7.04168701171875
6.6787109375
7.30609130859375
7.2493896484375
7.3375244140625
7.57232666015625
7.55987548828125
7.31195068359375
7.5218505859375
7.18212890625
7.508056640625
7.421875
7.54803466796875
7.4393310546875
7.548583984375
7.63653564453125
7.6220703125
7.3804931640625
7.476806640625
7.33349609375
7.630126953125
7.5086669921875
7.438720703125
6.87127685546875
7.49896240234375
7.48150634765625
7.030029296875
7.5994873046875
7.05010986328125
7.162353515625
7.4268798828125
7.34326171875
7.539794921875
7.4490966796875
7.222900390625
7.30224609375
7.55401611328125
6.9249267578125
7.41778564453125
7.8602294921875
7.13995361328125
7.32208251953125
7.3135986328125
7.57232666015625
7.31878662109375
7.775634765625
7.35784912109375
7.25982666015625
7.20751953125
7.6214599609375
7.46270751953125
7.21337890625
7.1829833984375
7.4581298828125
7.0623779296875
7.450439453125
7.0010986328125
7.29583740234375
6.968017578125
7.08673095703125
7.09259033203125
7.15985107421875
7.083984375
7.21710205078125
7.43341064453125
7.459228515625
7.11138916015625
7.37078857421875
7.7652587890625
7.3671875
7.5911865234375
7.9197998046875
7.06512451171875
7.263916015625
7.39239501953125
7.4774169921875
7.0162353515625
7.38507080078125
7.45428466796875
7.41351318359375
7.506591796875
7.31640625
7.244140625
7.12762451171875
7.683349609375
7.44915771484375
7.1585693359375
7.35894775390625
7.06707763671875
6.85797119140625
7.4813232421875
7.38153076171875
7.66827392578125
7.536376953125
7.64215087890625
7.42022705078125
7.6339111328125
7.31048583984375
7.41534423828125
7.74566650390625
7.54705810546875
7.3277587890625
7.53033447265625
7.5867919921875
7.3641357421875
7.5750732421875
7.52197265625
7.57391357421875
7.4212646484375
7.373046875
7.517822265625
7.34429931640625
7.08575439453125
7.56622314453125
7.5394287109375
7.34759521484375
7.19091796875
7.3433837890625
7.5462646484375
7.6097412109375
7.39544677734375
7.496337890625
6.79583740234375
7.18853759765625
7.7449951171875
7.87420654296875
7.33819580078125
7.25177001953125
7.0413818359375
7.83160400390625
7.2833251953125
7.337890625
7.69903564453125
7.61895751953125
7.50897216796875
7.4766845703125
7.52667236328125
7.63836669921875
7.4949951171875
7.563232421875
7.35247802734375
7.36920166015625
7.733154296875
6.9034423828125
7.54583740234375
7.11474609375
7.0836181640625
7.56622314453125
7.61700439453125
7.32489013671875
7.51824951171875
7.15118408203125
