6.29632568359375
6.4578857421875
6.22674560546875
6.5692138671875
6.2188720703125
6.0411376953125
6.11883544921875
6.39288330078125
6.61981201171875
6.48297119140625
6.397705078125
6.21112060546875
6.468505859375
6.47198486328125
6.5565185546875
6.20526123046875
6.75396728515625
6.549072265625
6.59857177734375
5.8028564453125
6.7672119140625
5.93072509765625
6.345703125
6.6031494140625
6.65093994140625
6.38897705078125
6.4013671875
6.3612060546875
6.345458984375
6.31610107421875
6.42437744140625
6.34393310546875
6.3326416015625
6.36529541015625
6.59844970703125
6.480712890625
6.4482421875
6.64263916015625
6.1268310546875
6.515869140625
6.08746337890625
6.48760986328125
6.41455078125
6.43804931640625
6.044189453125
6.56378173828125
6.29034423828125
6.33843994140625
6.2042236328125
6.5145263671875
6.70733642578125
5.91204833984375
5.95355224609375
6.1378173828125
6.5626220703125
5.57159423828125
6.3779296875
6.263671875
6.98675537109375
6.28131103515625
6.08038330078125
6.53118896484375
6.2603759765625
6.2484130859375
6.423583984375
6.65777587890625
6.19189453125
6.01434326171875
6.24853515625
6.19158935546875
6.259765625
6.09130859375
6.51580810546875
6.64556884765625
6.3763427734375
6.53985595703125
6.3602294921875
6.16949462890625
6.51141357421875
6.11212158203125
6.3338623046875
6.75677490234375
6.3538818359375
6.13671875
6.5919189453125
6.84075927734375
6.38037109375
6.44537353515625
6.28289794921875
5.99139404296875
6.44500732421875
6.43212890625
6.573486328125
6.4373779296875
6.24139404296875
6.242431640625
6.14306640625
6.03851318359375
6.2020263671875
6.324462890625
6.46484375
6.1190185546875
6.239013671875
6.07647705078125
6.239990234375
6.34722900390625
6.31488037109375
6.1961669921875
6.501708984375
6.69854736328125
6.37396240234375
6.53509521484375
6.28277587890625
6.4376220703125
6.095458984375
6.55023193359375
6.42138671875
6.85711669921875
6.33526611328125
6.20654296875
5.7515869140625
6.93011474609375
6.1522216796875
6.46343994140625
6.43035888671875
6.10357666015625
6.21490478515625
6.69012451171875
6.58203125
6.26483154296875
5.953857421875
6.25970458984375
6.31121826171875
6.45562744140625
6.37615966796875
6.4091796875
6.3013916015625
6.20263671875
6.27056884765625
6.3558349609375
6.07476806640625
6.25006103515625
6.60455322265625
6.54583740234375
6.2396240234375
6.0177001953125
6.47015380859375
6.34503173828125
6.34796142578125
6.20941162109375
6.62554931640625
6.45794677734375
6.16876220703125
6.43865966796875
6.39453125
6.303466796875
5.88702392578125
6.1492919921875
6.7318115234375
6.3028564453125
6.5146484375
6.51226806640625
6.42559814453125
6.18890380859375
6.5211181640625
6.435791015625
6.59722900390625
6.43609619140625
6.31488037109375
6.62921142578125
5.9976806640625
6.79730224609375
5.95660400390625
6.2564697265625
6.82977294921875
6.32769775390625
6.34033203125
6.43804931640625
6.5989990234375
6.1165771484375
6.50994873046875
6.89947509765625
6.64654541015625
6.19677734375
6.34423828125
6.0870361328125
6.598388671875
6.2744140625
6.57110595703125
6.4425048828125
6.1778564453125
6.4244384765625
6.7152099609375
6.3271484375
6.6673583984375
6.40972900390625
6.36553955078125
6.25714111328125
6.61767578125
6.29547119140625
6.5926513671875
6.33160400390625
6.69317626953125
6.55712890625
6.1756591796875
6.48956298828125
6.16558837890625
6.64117431640625
6.69659423828125
6.46484375
6.11444091796875
6.6671142578125
6.478515625
6.8092041015625
5.8616943359375
6.65911865234375
6.383056640625
6.00946044921875
6.38739013671875
6.490966796875
6.70977783203125
6.29974365234375
6.2957763671875
6.44921875
5.8175048828125
6.22369384765625
6.59832763671875
6.0478515625
5.94024658203125
6.72332763671875
6.61932373046875
6.2484130859375
6.25341796875
6.5595703125
6.48052978515625
6.4608154296875
6.10498046875
6.24066162109375
6.53973388671875
6.30767822265625
6.1109619140625
6.19195556640625
6.36419677734375
6.14398193359375
6.6876220703125
6.21697998046875
6.2501220703125
6.0494384765625
6.2078857421875
6.64453125
6.68646240234375
6.880126953125
6.2425537109375
6.8160400390625
6.6466064453125
6.6134033203125
6.2098388671875
6.3170166015625
6.63934326171875
6.10626220703125
6.3563232421875
6.416259765625
6.28460693359375
6.7310791015625
6.73138427734375
6.66705322265625
6.4722900390625
6.220703125
6.54388427734375
6.3704833984375
6.6297607421875
6.4598388671875
6.51336669921875
6.32745361328125
6.28875732421875
6.7021484375
6.191162109375
6.783203125
6.3773193359375
6.1749267578125
6.329833984375
6.36627197265625
6.2996826171875
6.53558349609375
6.109619140625
6.460205078125
6.34173583984375
6.096923828125
6.35321044921875
6.72711181640625
6.85491943359375
6.5238037109375
6.7904052734375
6.800537109375
6.6480712890625
6.47845458984375
6.7962646484375
6.494873046875
6.47808837890625
6.68084716796875
6.45745849609375
6.5146484375
6.37060546875
6.566650390625
6.56927490234375
6.3504638671875
6.5816650390625
6.605712890625
6.17596435546875
6.6885986328125
6.151123046875
6.41162109375
6.8515625
6.41558837890625
6.4559326171875
6.44775390625
6.347412109375
6.63189697265625
6.03497314453125
6.432373046875
6.4727783203125
6.48504638671875
6.1812744140625
5.90765380859375
6.19183349609375
6.310546875
6.47296142578125
6.30108642578125
6.137451171875
6.2987060546875
6.421142578125
6.289306640625
6.3756103515625
6.31982421875
6.3304443359375
6.27447509765625
6.20819091796875
6.2012939453125
6.0791015625
5.9276123046875
6.28204345703125
6.53125
6.65594482421875
6.4862060546875
5.78143310546875
6.56219482421875
6.10028076171875
6.48602294921875
6.29150390625
6.50164794921875
6.439208984375
6.30596923828125
6.4306640625
6.12518310546875
6.1915283203125
6.4176025390625
6.74786376953125
5.9228515625
6.3128662109375
6.26898193359375
6.695068359375
6.21697998046875
6.26129150390625
6.3170166015625
6.57427978515625
6.64300537109375
6.136962890625
6.2711181640625
6.11724853515625
6.290283203125
6.35455322265625
6.14373779296875
6.4561767578125
6.641357421875
6.2264404296875
6.787841796875
6.3524169921875
6.75146484375
6.51806640625
6.50091552734375
6.2232666015625
6.51287841796875
6.09527587890625
6.366943359375
6.36981201171875
6.13079833984375
6.253662109375
6.652587890625
5.978759765625
6.321533203125
6.357177734375
6.56732177734375
6.18707275390625
6.52056884765625
6.09539794921875
6.25909423828125
6.34027099609375
6.25909423828125
6.47674560546875
6.44085693359375
6.242431640625
6.34185791015625
6.58599853515625
6.45611572265625
6.27423095703125
6.40606689453125
6.4151611328125
5.98858642578125
6.4229736328125
5.89263916015625
6.3238525390625
6.2498779296875
6.3966064453125
6.46978759765625
6.39453125
6.24053955078125
6.74505615234375
6.3699951171875
6.34027099609375
6.78070068359375
6.1712646484375
6.2628173828125
6.4713134765625
6.1356201171875
6.45050048828125
6.44732666015625
6.4779052734375
6.42425537109375
6.36572265625
5.9351806640625
6.47393798828125
6.34954833984375
6.23516845703125
6.26446533203125
6.38739013671875
6.19317626953125
6.40643310546875
6.19293212890625
6.5484619140625
6.37890625
6.6162109375
6.37872314453125
6.4512939453125
6.587158203125
6.26422119140625
6.16082763671875
6.37640380859375
6.24420166015625
6.45465087890625
6.519775390625
6.5865478515625
6.61962890625
6.51605224609375
6.370361328125
6.4365234375
6.52587890625
6.26239013671875
6.21441650390625
6.584228515625
6.15380859375
6.7080078125
6.49822998046875
6.1014404296875
6.78399658203125
6.60015869140625
6.20513916015625
5.9605712890625
6.44622802734375
6.3455810546875
6.28656005859375
6.4481201171875
6.22308349609375
6.53521728515625
6.1842041015625
6.7928466796875
6.46209716796875
6.30584716796875
5.93695068359375
6.5528564453125
6.5101318359375
6.54949951171875
6.16082763671875
6.38677978515625
6.2613525390625
6.434814453125
6.39898681640625
6.3836669921875
6.51690673828125
6.63006591796875
6.1278076171875
6.00555419921875
6.75372314453125
6.57452392578125
6.1141357421875
6.1767578125
6.1038818359375
6.36834716796875
6.345947265625
6.51934814453125
6.34527587890625
6.19989013671875
6.04510498046875
6.69171142578125
6.49151611328125
6.0159912109375
6.59222412109375
6.29486083984375
6.32489013671875
6.23455810546875
6.43487548828125
6.5777587890625
6.36346435546875
6.78955078125
6.118408203125
6.03021240234375
6.25360107421875
6.3720703125
6.7589111328125
6.19219970703125
6.11572265625
6.1490478515625
6.063720703125
6.73687744140625
6.4329833984375
6.1063232421875
6.23919677734375
6.4349365234375
6.5799560546875
6.39849853515625
6.51953125
6.2149658203125
6.33038330078125
6.50323486328125
6.7711181640625
6.35455322265625
6.4227294921875
6.11566162109375
6.1072998046875
6.4161376953125
6.02862548828125
6.56939697265625
6.25299072265625
6.42529296875
6.0823974609375
6.78411865234375
6.3304443359375
6.45294189453125
6.59320068359375
5.8824462890625
6.5916748046875
6.2900390625
6.360107421875
6.31329345703125
6.52471923828125
6.2255859375
6.427734375
6.4090576171875
6.54266357421875
6.0989990234375
6.36895751953125
6.59576416015625
6.59649658203125
6.19439697265625
6.24859619140625
6.4801025390625
6.62628173828125
6.27447509765625
6.50946044921875
6.46441650390625
5.99652099609375
6.6298828125
6.3765869140625
6.5391845703125
6.2203369140625
6.51934814453125
6.04241943359375
6.60626220703125
6.43927001953125
6.38787841796875
6.66949462890625
6.2750244140625
6.18487548828125
7.028564453125
6.3138427734375
6.65545654296875
6.2821044921875
5.89532470703125
6.27032470703125
6.0772705078125
6.33221435546875
6.26422119140625
6.22723388671875
6.20068359375
5.94708251953125
6.624267578125
6.61553955078125
6.15850830078125
6.26019287109375
6.54119873046875
6.2943115234375
6.0155029296875
6.36883544921875
6.09844970703125
6.55859375
6.6229248046875
6.3685302734375
6.26312255859375
6.26531982421875
6.7178955078125
5.98101806640625
6.49468994140625
6.22454833984375
6.64208984375
6.51690673828125
6.58160400390625
6.07147216796875
6.59912109375
6.2371826171875
6.050048828125
6.64404296875
6.38055419921875
6.66522216796875
6.4931640625
6.19610595703125
5.7049560546875
6.4466552734375
5.53009033203125
6.609619140625
5.9530029296875
5.9996337890625
6.5902099609375
6.44952392578125
6.478515625
6.67132568359375
6.62786865234375
6.6053466796875
6.5953369140625
6.3321533203125
6.3660888671875
6.78033447265625
6.5784912109375
6.29132080078125
6.6068115234375
6.4244384765625
6.55908203125
6.22705078125
6.36181640625
6.3082275390625
6.4232177734375
6.63433837890625
6.23492431640625
6.54736328125
6.7801513671875
6.31634521484375
6.12445068359375
6.09991455078125
5.71063232421875
6.3826904296875
6.44158935546875
6.34521484375
6.7669677734375
6.3043212890625
6.3485107421875
6.40350341796875
6.21588134765625
6.2967529296875
6.25439453125
6.55059814453125
6.42034912109375
6.3861083984375
6.6639404296875
6.28863525390625
6.54205322265625
6.2119140625
6.449951171875
6.40283203125
6.42364501953125
6.31793212890625
6.6466064453125
6.205078125
6.47998046875
6.34716796875
6.2276611328125
6.173583984375
6.78338623046875
6.376708984375
6.38079833984375
6.1390380859375
6.56903076171875
6.57635498046875
6.0667724609375
6.3863525390625
6.24169921875
6.44281005859375
6.16455078125
6.53826904296875
6.50341796875
6.56658935546875
6.72998046875
6.11138916015625
6.170166015625
6.58868408203125
6.3843994140625
6.30682373046875
6.146484375
6.4293212890625
6.1668701171875
6.2620849609375
6.32904052734375
6.1727294921875
6.3865966796875
6.51080322265625
6.28643798828125
6.19293212890625
5.85076904296875
6.055908203125
6.50885009765625
6.5042724609375
6.2310791015625
6.4588623046875
6.4105224609375
6.66162109375
6.3382568359375
6.22247314453125
6.612548828125
5.78863525390625
6.78253173828125
6.05902099609375
6.779052734375
6.50238037109375
6.40667724609375
6.07061767578125
6.79913330078125
6.57940673828125
6.32220458984375
6.241455078125
6.42138671875
6.399658203125
5.91632080078125
5.74176025390625
6.73809814453125
6.9024658203125
6.60467529296875
6.5621337890625
6.57281494140625
6.376708984375
6.74273681640625
6.68853759765625
6.326904296875
6.22259521484375
6.35772705078125
6.80645751953125
6.06195068359375
5.98944091796875
6.58734130859375
6.66131591796875
6.50732421875
5.96734619140625
6.33978271484375
6.6175537109375
6.23309326171875
6.299072265625
6.68731689453125
6.16424560546875
6.63232421875
6.379638671875
6.37127685546875
6.48828125
6.53839111328125
6.92816162109375
6.18902587890625
6.41326904296875
6.44525146484375
6.46600341796875
6.00201416015625
5.96112060546875
6.63720703125
6.21087646484375
6.39764404296875
6.40557861328125
6.69091796875
6.2735595703125
6.6671142578125
6.352783203125
6.4512939453125
6.329345703125
6.32440185546875
6.0216064453125
6.47930908203125
6.58660888671875
6.50225830078125
6.502685546875
6.227783203125
