5.73822021484375
5.88922119140625
5.7059326171875
6.06591796875
5.666015625
5.42041015625
5.53179931640625
5.7752685546875
6.07275390625
5.89520263671875
5.7823486328125
5.60430908203125
5.9140625
5.8463134765625
5.9759521484375
5.614013671875
6.19671630859375
5.9678955078125
6.029296875
5.21954345703125
6.16473388671875
5.331787109375
5.74810791015625
5.98577880859375
6.0406494140625
5.8251953125
5.79388427734375
5.7562255859375
5.7333984375
5.6873779296875
5.8709716796875
5.76287841796875
5.68316650390625
5.77044677734375
6.012451171875
5.901123046875
5.86328125
6.08294677734375
5.55859375
5.9149169921875
5.5338134765625
5.909423828125
5.8431396484375
5.87017822265625
5.44390869140625
5.96466064453125
5.6820068359375
5.7918701171875
5.6087646484375
5.928466796875
6.173828125
5.29205322265625
5.44830322265625
5.57525634765625
5.97442626953125
5.00311279296875
5.80316162109375
5.7197265625
6.361572265625
5.71893310546875
5.49835205078125
5.95147705078125
5.63018798828125
5.7020263671875
5.8702392578125
6.041748046875
5.6279296875
5.49713134765625
5.658447265625
5.6064453125
5.7281494140625
5.50750732421875
5.90771484375
6.0899658203125
5.81109619140625
5.98272705078125
5.78485107421875
5.6375732421875
5.901123046875
5.563720703125
5.75616455078125
6.16107177734375
5.78533935546875
5.60015869140625
6.004150390625
6.20989990234375
5.8421630859375
5.85595703125
5.69769287109375
5.42303466796875
5.85943603515625
5.80908203125
6.02142333984375
5.84613037109375
5.6287841796875
5.609130859375
5.5653076171875
5.4034423828125
5.6331787109375
5.78369140625
5.848876953125
5.55975341796875
5.6787109375
5.54779052734375
5.6058349609375
5.7989501953125
5.70184326171875
5.59771728515625
5.9254150390625
6.0552978515625
5.7711181640625
5.9217529296875
5.7305908203125
5.80035400390625
5.541015625
5.927490234375
5.84466552734375
6.267333984375
5.73480224609375
5.5992431640625
5.2745361328125
6.275390625
5.56103515625
5.916259765625
5.9049072265625
5.580078125
5.7032470703125
6.07415771484375
5.96673583984375
5.6932373046875
5.45965576171875
5.6646728515625
5.75872802734375
5.88922119140625
5.80364990234375
5.81317138671875
5.62493896484375
5.64117431640625
5.67987060546875
5.791259765625
5.55511474609375
5.75860595703125
5.9908447265625
5.950439453125
5.69635009765625
5.420166015625
5.85107421875
5.74822998046875
5.81109619140625
5.687255859375
6.0257568359375
5.84210205078125
5.56951904296875
5.82025146484375
5.76922607421875
5.7066650390625
5.30859375
5.6011962890625
6.1531982421875
5.7236328125
5.928466796875
5.91168212890625
5.86480712890625
5.66705322265625
5.99896240234375
5.876953125
6.0023193359375
5.8463134765625
5.72161865234375
6.05426025390625
5.4578857421875
6.15716552734375
5.38922119140625
5.69061279296875
6.24859619140625
5.74920654296875
5.75787353515625
5.9420166015625
6.01373291015625
5.58526611328125
5.9495849609375
6.34417724609375
6.05255126953125
5.565185546875
5.773681640625
5.52911376953125
5.9918212890625
5.61334228515625
5.965576171875
5.91229248046875
5.5836181640625
5.871826171875
6.13507080078125
5.6611328125
6.0587158203125
5.79754638671875
5.783935546875
5.6375732421875
6.02972412109375
5.7281494140625
6.04156494140625
5.8134765625
6.15374755859375
5.9215087890625
5.60699462890625
5.8902587890625
5.57568359375
6.03436279296875
6.09246826171875
5.877685546875
5.5701904296875
6.0621337890625
5.9132080078125
6.2520751953125
5.2596435546875
6.13323974609375
5.807373046875
5.40283203125
5.82366943359375
5.85833740234375
6.14385986328125
5.68145751953125
5.6839599609375
5.85693359375
5.2532958984375
5.6383056640625
6.03778076171875
5.46197509765625
5.31170654296875
6.144775390625
5.9842529296875
5.72430419921875
5.65338134765625
5.9970703125
5.84930419921875
5.8878173828125
5.54486083984375
5.60809326171875
5.92315673828125
5.70806884765625
5.551025390625
5.68115234375
5.774169921875
5.57244873046875
6.08740234375
5.63385009765625
5.65936279296875
5.50628662109375
5.63720703125
6.06451416015625
6.12237548828125
6.21539306640625
5.6767578125
6.18780517578125
6.03271484375
6.01611328125
5.61810302734375
5.7379150390625
6.06536865234375
5.5714111328125
5.7984619140625
5.80633544921875
5.716796875
6.1673583984375
6.16815185546875
6.05426025390625
5.914306640625
5.62347412109375
5.92486572265625
5.76226806640625
6.06610107421875
5.8975830078125
5.9156494140625
5.7486572265625
5.7520751953125
6.0604248046875
5.5869140625
6.21142578125
5.76580810546875
5.60577392578125
5.72418212890625
5.80804443359375
5.73779296875
5.96893310546875
5.54351806640625
5.8641357421875
5.76239013671875
5.51849365234375
5.7696533203125
6.142578125
6.23272705078125
5.90576171875
6.2171630859375
6.1951904296875
5.97369384765625
5.89306640625
6.19580078125
5.92352294921875
5.9163818359375
6.0687255859375
5.80596923828125
5.91864013671875
5.754150390625
5.97454833984375
5.9803466796875
5.74090576171875
5.97430419921875
6.0858154296875
5.62176513671875
6.11376953125
5.5966796875
5.8780517578125
6.20843505859375
5.8663330078125
5.89166259765625
5.8519287109375
5.7557373046875
6.00933837890625
5.4486083984375
5.830322265625
5.88555908203125
5.92779541015625
5.5888671875
5.37579345703125
5.61895751953125
5.728759765625
5.9703369140625
5.72967529296875
5.5523681640625
5.6929931640625
5.8604736328125
5.73046875
5.763427734375
5.72467041015625
5.7733154296875
5.76031494140625
5.67205810546875
5.62689208984375
5.50360107421875
5.33245849609375
5.720947265625
5.9354248046875
6.08203125
5.9637451171875
5.1639404296875
6.00677490234375
5.5389404296875
5.92041015625
5.72564697265625
5.9010009765625
5.8936767578125
5.741455078125
5.83917236328125
5.47247314453125
5.61419677734375
5.8519287109375
6.1358642578125
5.32806396484375
5.74249267578125
5.70587158203125
6.1131591796875
5.62786865234375
5.69219970703125
5.77532958984375
5.9835205078125
6.018798828125
5.5821533203125
5.6588134765625
5.51141357421875
5.70745849609375
5.8160400390625
5.545654296875
5.8773193359375
5.9803466796875
5.634765625
6.2041015625
5.71533203125
6.1651611328125
5.94580078125
5.912841796875
5.69482421875
5.9459228515625
5.51416015625
5.79669189453125
5.77581787109375
5.540771484375
5.6778564453125
6.0601806640625
5.40386962890625
5.81451416015625
5.7742919921875
5.976318359375
5.69091796875
5.95611572265625
5.57525634765625
5.7205810546875
5.74908447265625
5.6998291015625
5.92352294921875
5.8389892578125
5.70477294921875
5.79193115234375
5.9827880859375
5.909912109375
5.67913818359375
5.8404541015625
5.84234619140625
5.4237060546875
5.822998046875
5.30523681640625
5.77545166015625
5.692138671875
5.80755615234375
5.847412109375
5.79486083984375
5.63519287109375
6.07781982421875
5.79620361328125
5.75347900390625
6.19427490234375
5.63568115234375
5.6656494140625
5.89990234375
5.56170654296875
5.83050537109375
5.9083251953125
5.90386962890625
5.88427734375
5.8199462890625
5.3521728515625
5.894775390625
5.7965087890625
5.6832275390625
5.69952392578125
5.78955078125
5.61279296875
5.8399658203125
5.6256103515625
5.9591064453125
5.81671142578125
6.06494140625
5.78228759765625
5.89752197265625
6.0509033203125
5.63812255859375
5.62152099609375
5.79974365234375
5.67327880859375
5.85601806640625
5.92913818359375
6.04608154296875
6.0535888671875
5.99676513671875
5.82232666015625
5.826416015625
5.992919921875
5.68914794921875
5.6007080078125
5.97283935546875
5.60992431640625
6.1138916015625
5.96624755859375
5.50616455078125
6.16845703125
6.02587890625
5.6368408203125
5.37786865234375
5.86383056640625
5.7918701171875
5.66473388671875
5.9088134765625
5.6573486328125
5.992431640625
5.62109375
6.2017822265625
5.8773193359375
5.736083984375
5.35894775390625
5.96258544921875
5.90130615234375
5.939697265625
5.56439208984375
5.79736328125
5.705810546875
5.88616943359375
5.81951904296875
5.804931640625
5.95166015625
6.0435791015625
5.55206298828125
5.46868896484375
6.20751953125
5.94207763671875
5.5577392578125
5.58612060546875
5.48760986328125
5.792236328125
5.74853515625
5.9022216796875
5.78399658203125
5.66082763671875
5.43310546875
6.1220703125
5.9156494140625
5.45220947265625
6.0438232421875
5.65228271484375
5.76336669921875
5.66204833984375
5.8428955078125
5.9866943359375
5.79193115234375
6.2020263671875
5.548095703125
5.45562744140625
5.658203125
5.79498291015625
6.120361328125
5.60009765625
5.5704345703125
5.56591796875
5.5347900390625
6.17205810546875
5.86236572265625
5.552734375
5.64752197265625
5.88128662109375
5.982421875
5.8277587890625
5.87969970703125
5.62799072265625
5.735107421875
5.9366455078125
6.1177978515625
5.80035400390625
5.88330078125
5.54486083984375
5.538818359375
5.871826171875
5.475830078125
5.94622802734375
5.62884521484375
5.86126708984375
5.5489501953125
6.16485595703125
5.78192138671875
5.86163330078125
5.9771728515625
5.3353271484375
6.025146484375
5.734619140625
5.772216796875
5.724853515625
5.9461669921875
5.67095947265625
5.84527587890625
5.8275146484375
5.9053955078125
5.5521240234375
5.81817626953125
6.0615234375
6.02032470703125
5.663818359375
5.72674560546875
5.88232421875
6.04193115234375
5.71234130859375
5.93609619140625
5.87164306640625
5.40869140625
6.099365234375
5.8028564453125
5.9681396484375
5.66558837890625
5.9468994140625
5.46295166015625
6.0103759765625
5.865966796875
5.84149169921875
6.01324462890625
5.68939208984375
5.63714599609375
6.4569091796875
5.74713134765625
6.0654296875
5.69903564453125
5.330322265625
5.68450927734375
5.517822265625
5.75738525390625
5.66485595703125
5.6746826171875
5.5855712890625
5.397216796875
6.00592041015625
5.97882080078125
5.62408447265625
5.67193603515625
5.9620361328125
5.681884765625
5.4600830078125
5.8465576171875
5.48480224609375
5.99853515625
6.016357421875
5.73468017578125
5.7598876953125
5.58319091796875
6.13726806640625
5.421875
5.861083984375
5.6455078125
5.9598388671875
5.9105224609375
6.0635986328125
5.5020751953125
6.0078125
5.66363525390625
5.495849609375
6.049072265625
5.76763916015625
6.08245849609375
5.8935546875
5.65814208984375
5.18951416015625
5.8673095703125
5.02093505859375
5.99334716796875
5.33709716796875
5.473876953125
5.998046875
5.84088134765625
5.9444580078125
6.07012939453125
6.0816650390625
6.0078125
5.95745849609375
5.75054931640625
5.82958984375
6.136474609375
6.0174560546875
5.7310791015625
6.00115966796875
5.830810546875
6.02069091796875
5.6842041015625
5.8033447265625
5.69964599609375
5.87896728515625
6.07122802734375
5.6566162109375
5.98992919921875
6.161376953125
5.7744140625
5.59393310546875
5.57196044921875
5.15350341796875
5.78143310546875
5.91143798828125
5.7371826171875
6.19390869140625
5.768310546875
5.7362060546875
5.78277587890625
5.63372802734375
5.71343994140625
5.648193359375
5.95550537109375
5.80560302734375
5.84051513671875
6.08770751953125
5.74652099609375
6.00872802734375
5.6500244140625
5.900146484375
5.8511962890625
5.8509521484375
5.73370361328125
6.06231689453125
5.61151123046875
5.85821533203125
5.799560546875
5.624755859375
5.58233642578125
6.1480712890625
5.8214111328125
5.83990478515625
5.5816650390625
6.0146484375
5.982421875
5.500244140625
5.77886962890625
5.66455078125
5.86297607421875
5.58294677734375
5.93841552734375
5.937255859375
5.95947265625
6.15142822265625
5.47979736328125
5.57037353515625
6.01568603515625
5.78277587890625
5.7200927734375
5.61676025390625
5.880615234375
5.578857421875
5.74755859375
5.7315673828125
5.5355224609375
5.7940673828125
5.90478515625
5.77435302734375
5.62359619140625
5.21588134765625
5.42987060546875
5.90753173828125
5.9046630859375
5.68359375
5.869140625
5.79296875
6.0679931640625
5.780517578125
5.60968017578125
6.044189453125
5.28570556640625
6.16912841796875
5.47540283203125
6.2052001953125
5.94537353515625
5.79449462890625
5.4830322265625
6.18731689453125
6.02618408203125
5.74627685546875
5.67657470703125
5.85345458984375
5.8260498046875
5.39111328125
5.18621826171875
6.15606689453125
6.28814697265625
6.01300048828125
5.9893798828125
5.9674072265625
5.77490234375
6.1646728515625
6.0531005859375
5.75311279296875
5.64434814453125
5.78515625
6.1783447265625
5.497802734375
5.46441650390625
5.97265625
6.08209228515625
5.943359375
5.44134521484375
5.7039794921875
6.03363037109375
5.64593505859375
5.706298828125
6.09100341796875
5.57891845703125
6.07928466796875
5.7816162109375
5.85369873046875
5.95648193359375
5.948974609375
6.31976318359375
5.58868408203125
5.78143310546875
5.894287109375
5.920166015625
5.4268798828125
5.39276123046875
6.0379638671875
5.6561279296875
5.85821533203125
5.82086181640625
6.1427001953125
5.68939208984375
6.0670166015625
5.781005859375
5.8250732421875
5.77984619140625
5.7542724609375
5.45465087890625
5.93768310546875
6.031005859375
5.92816162109375
5.93377685546875
5.66375732421875
