7.21673583984375
7.21673583984375
7.21673583984375
7.21673583984375
7.21673583984375
7.21673583984375
7.21673583984375
7.4503173828125
7.49737548828125
7.19281005859375
7.58056640625
7.30615234375
7.7242431640625
7.436279296875
7.4842529296875
7.3839111328125
7.24285888671875
7.2926025390625
7.16802978515625
7.0439453125
7.5433349609375
7.1756591796875
7.73162841796875
7.4700927734375
7.456787109375
7.2584228515625
7.86883544921875
7.55072021484375
7.4615478515625
7.9969482421875
7.4815673828125
7.4970703125
7.4801025390625
7.38958740234375
7.28082275390625
7.369384765625
7.1009521484375
7.36163330078125
6.9884033203125
7.35003662109375
7.22857666015625
7.11138916015625
7.41278076171875
7.495849609375
8.003662109375
7.33880615234375
7.2130126953125
7.60894775390625
7.1041259765625
7.36102294921875
7.5458984375
7.32965087890625
7.6239013671875
7.47186279296875
7.1527099609375
7.16192626953125
7.3131103515625
7.5653076171875
7.29669189453125
7.50738525390625
7.30010986328125
6.91448974609375
7.197509765625
7.61962890625
7.63189697265625
7.35479736328125
7.23541259765625
7.5469970703125
7.47088623046875
7.543212890625
7.05712890625
7.23876953125
7.33746337890625
7.82379150390625
7.86224365234375
6.87579345703125
7.2811279296875
7.35552978515625
7.17816162109375
7.6378173828125
7.15118408203125
7.61474609375
7.36187744140625
7.23577880859375
7.375
7.465576171875
7.3516845703125
7.22515869140625
7.42535400390625
7.428466796875
7.4456787109375
7.52520751953125
7.61712646484375
7.5552978515625
7.60546875
7.3875732421875
7.0408935546875
7.388427734375
7.595703125
7.67083740234375
7.36151123046875
6.89666748046875
7.1492919921875
7.13458251953125
7.58038330078125
7.23101806640625
7.4942626953125
7.1815185546875
7.30133056640625
7.39520263671875
7.21990966796875
7.30035400390625
7.16461181640625
7.3096923828125
7.06689453125
7.4063720703125
7.41705322265625
7.232421875
7.27655029296875
6.77630615234375
7.52423095703125
7.102783203125
7.1715087890625
7.5189208984375
7.2630615234375
7.36309814453125
7.255859375
7.3028564453125
7.37799072265625
7.532470703125
7.15087890625
7.16162109375
7.12860107421875
7.28472900390625
7.1260986328125
6.96490478515625
7.46875
7.04547119140625
7.16717529296875
7.27294921875
7.34326171875
7.19903564453125
7.13665771484375
6.9842529296875
7.56414794921875
7.33148193359375
6.8841552734375
7.0775146484375
7.1270751953125
7.2510986328125
7.51123046875
7.17559814453125
7.7039794921875
7.2064208984375
7.24261474609375
7.15277099609375
7.411376953125
7.22845458984375
7.46246337890625
7.1494140625
7.3651123046875
7.300537109375
7.69232177734375
7.28271484375
7.3314208984375
7.20965576171875
7.2198486328125
7.42193603515625
7.49853515625
7.5062255859375
7.2254638671875
7.343994140625
7.2554931640625
7.3258056640625
7.66802978515625
7.10888671875
7.78802490234375
8.033203125
7.32684326171875
6.9542236328125
7.4674072265625
7.26123046875
7.616455078125
7.10400390625
7.39404296875
7.366455078125
7.70635986328125
7.40509033203125
7.11419677734375
7.465576171875
7.20648193359375
7.55474853515625
7.65045166015625
6.94952392578125
7.49383544921875
7.38751220703125
7.3201904296875
7.86865234375
6.8367919921875
7.0723876953125
7.50701904296875
7.5426025390625
7.58514404296875
7.1845703125
7.02947998046875
7.41314697265625
7.54803466796875
7.381591796875
7.36077880859375
7.59771728515625
7.560546875
7.27880859375
7.0181884765625
7.914306640625
7.606689453125
7.04852294921875
7.420654296875
7.4422607421875
7.2196044921875
7.31463623046875
7.18780517578125
7.17474365234375
7.309814453125
7.5989990234375
7.5428466796875
6.84832763671875
7.3739013671875
7.82293701171875
7.3642578125
7.91827392578125
7.04522705078125
7.20819091796875
6.89208984375
7.53167724609375
7.4112548828125
7.28399658203125
7.0927734375
7.3223876953125
7.43206787109375
7.52960205078125
7.4896240234375
7.546630859375
7.5491943359375
7.60009765625
7.3292236328125
7.35394287109375
7.7139892578125
7.7965087890625
7.68798828125
7.51654052734375
7.63104248046875
7.2255859375
6.74810791015625
7.17205810546875
7.2325439453125
6.91009521484375
7.1494140625
7.118896484375
6.9749755859375
7.3447265625
6.969482421875
7.7828369140625
7.40985107421875
7.5645751953125
7.31768798828125
7.64495849609375
7.39984130859375
7.48876953125
7.5565185546875
7.6480712890625
7.144287109375
7.4132080078125
7.5223388671875
7.0653076171875
7.869873046875
7.5758056640625
7.06573486328125
6.91607666015625
7.31640625
7.228271484375
7.018310546875
7.63372802734375
7.5418701171875
7.1129150390625
7.28631591796875
7.58062744140625
7.08135986328125
7.53607177734375
7.318115234375
7.71044921875
7.56439208984375
7.43792724609375
7.13018798828125
7.279296875
7.5225830078125
7.1485595703125
7.1329345703125
7.43896484375
7.73907470703125
7.32763671875
7.33154296875
7.0931396484375
7.3359375
7.38134765625
7.110107421875
7.6221923828125
7.41015625
7.4876708984375
7.30889892578125
7.6514892578125
7.81268310546875
7.03717041015625
7.0274658203125
7.58306884765625
7.27838134765625
7.1456298828125
7.1275634765625
7.20953369140625
7.28857421875
6.8944091796875
7.222900390625
7.73016357421875
7.36773681640625
7.40045166015625
7.3985595703125
7.56231689453125
7.61260986328125
7.0770263671875
7.35113525390625
7.2967529296875
7.3575439453125
7.4945068359375
7.02325439453125
7.0302734375
7.49554443359375
7.2891845703125
6.7586669921875
7.07818603515625
7.316650390625
7.19622802734375
7.18328857421875
7.781005859375
7.61395263671875
7.3548583984375
7.3787841796875
6.92205810546875
7.23956298828125
7.66802978515625
7.05517578125
7.51458740234375
7.02685546875
8.04827880859375
7.240234375
7.43695068359375
7.2796630859375
7.36517333984375
7.32830810546875
7.47119140625
7.37579345703125
7.8050537109375
7.53302001953125
7.532470703125
7.111572265625
7.5450439453125
7.47955322265625
7.42315673828125
7.53375244140625
7.35321044921875
7.67828369140625
7.55596923828125
7.068359375
7.086669921875
7.41998291015625
7.42108154296875
7.53021240234375
7.4814453125
7.46466064453125
7.34710693359375
7.643798828125
7.238525390625
7.3197021484375
7.3792724609375
7.53167724609375
6.981201171875
7.0157470703125
7.3868408203125
7.32037353515625
7.04766845703125
7.64141845703125
7.6695556640625
7.45928955078125
7.3916015625
7.264892578125
7.082763671875
7.91754150390625
7.412353515625
7.5399169921875
6.98358154296875
7.226318359375
7.2266845703125
7.4979248046875
7.5252685546875
7.304931640625
7.3912353515625
6.96728515625
7.5008544921875
7.3499755859375
7.4779052734375
7.53668212890625
7.0760498046875
7.30450439453125
7.0909423828125
7.1533203125
7.25
7.6683349609375
7.49346923828125
7.49249267578125
7.56109619140625
7.04559326171875
7.27008056640625
7.24755859375
7.4033203125
7.5703125
7.33209228515625
7.60784912109375
7.6390380859375
7.3685302734375
7.20166015625
7.11181640625
7.455810546875
7.4674072265625
6.99078369140625
7.5057373046875
6.84075927734375
7.40478515625
7.1964111328125
7.75634765625
7.03350830078125
7.00250244140625
6.8817138671875
7.74139404296875
7.35296630859375
6.86578369140625
7.5184326171875
7.19744873046875
7.224853515625
7.3758544921875
7.19964599609375
7.65093994140625
7.43731689453125
7.46124267578125
7.370849609375
7.205322265625
7.2515869140625
7.78436279296875
7.8314208984375
7.36260986328125
7.40386962890625
7.1761474609375
7.1328125
6.94268798828125
7.3182373046875
7.58941650390625
7.518310546875
7.36688232421875
7.458740234375
7.24847412109375
7.677978515625
7.5157470703125
7.29461669921875
6.75140380859375
7.4664306640625
7.6160888671875
7.44439697265625
7.67022705078125
7.3095703125
7.47802734375
7.07958984375
7.15411376953125
7.52777099609375
7.64288330078125
7.119140625
7.32659912109375
7.682861328125
7.17828369140625
7.4622802734375
7.1390380859375
7.72601318359375
7.24346923828125
7.577880859375
7.3759765625
7.46343994140625
7.416015625
7.03582763671875
7.2840576171875
7.00457763671875
7.51177978515625
7.6990966796875
7.3009033203125
7.2646484375
7.13848876953125
7.06634521484375
7.3643798828125
7.37835693359375
7.24859619140625
7.54498291015625
7.6962890625
7.22052001953125
7.0341796875
7.38970947265625
7.2904052734375
7.19671630859375
7.628662109375
7.60321044921875
7.42791748046875
7.41748046875
7.3924560546875
6.74737548828125
6.44818115234375
7.68780517578125
7.09564208984375
7.53802490234375
7.2652587890625
7.3551025390625
7.6749267578125
7.66058349609375
7.541748046875
7.183837890625
7.1187744140625
7.5447998046875
6.87799072265625
7.45599365234375
7.23046875
7.02545166015625
7.1370849609375
7.50128173828125
7.60406494140625
7.05633544921875
7.28009033203125
7.46453857421875
7.54510498046875
7.75689697265625
7.3876953125
7.58892822265625
7.4254150390625
7.44866943359375
7.014404296875
7.36737060546875
7.5250244140625
7.82073974609375
7.4642333984375
7.72064208984375
7.57818603515625
7.11163330078125
7.66168212890625
7.70977783203125
7.5147705078125
7.41558837890625
7.05572509765625
6.8931884765625
7.43890380859375
7.359130859375
7.29290771484375
7.03076171875
7.4754638671875
7.4378662109375
7.37884521484375
7.21954345703125
7.3798828125
7.39910888671875
7.187744140625
7.649658203125
7.54388427734375
7.67156982421875
7.63323974609375
7.49591064453125
7.29632568359375
7.7071533203125
7.64862060546875
7.37518310546875
7.64617919921875
7.48486328125
7.6595458984375
7.77923583984375
7.287109375
7.3974609375
7.59368896484375
7.63262939453125
7.381591796875
7.556396484375
7.4129638671875
7.26715087890625
7.21490478515625
7.58843994140625
7.21759033203125
7.38385009765625
7.1468505859375
7.16156005859375
7.37200927734375
7.482177734375
7.57879638671875
7.38580322265625
7.37664794921875
7.59735107421875
7.34320068359375
7.11944580078125
7.6160888671875
7.31524658203125
7.33697509765625
7.21148681640625
7.573974609375
7.13818359375
6.9140625
6.94390869140625
7.560302734375
7.57489013671875
7.25445556640625
7.56475830078125
7.47027587890625
7.1044921875
7.4412841796875
7.180419921875
7.1650390625
6.82281494140625
6.912353515625
7.011962890625
6.8079833984375
6.936279296875
7.44354248046875
7.65142822265625
6.9632568359375
7.59478759765625
7.357421875
7.4619140625
7.37591552734375
7.7615966796875
7.46380615234375
7.5032958984375
7.2833251953125
7.0726318359375
7.2791748046875
7.53533935546875
7.3648681640625
7.28704833984375
7.167724609375
7.728759765625
7.418212890625
7.28533935546875
7.4891357421875
7.27886962890625
7.47613525390625
7.6319580078125
7.76141357421875
7.22625732421875
7.224365234375
7.40185546875
6.79296875
7.697265625
7.78057861328125
7.205322265625
7.59515380859375
7.42547607421875
7.4935302734375
7.5589599609375
7.42755126953125
7.24755859375
7.53338623046875
7.5614013671875
7.3525390625
7.00946044921875
7.29290771484375
7.54217529296875
7.48944091796875
7.382568359375
7.39208984375
7.230224609375
7.6636962890625
7.435546875
7.71356201171875
7.3751220703125
6.94903564453125
7.58453369140625
7.14404296875
7.5516357421875
7.45440673828125
7.594482421875
7.378173828125
7.0260009765625
7.5301513671875
7.55767822265625
7.3441162109375
7.1995849609375
7.35516357421875
7.3072509765625
7.62744140625
7.63720703125
7.57452392578125
7.6767578125
7.6361083984375
7.5753173828125
7.14361572265625
6.85028076171875
7.2694091796875
7.53955078125
7.3187255859375
7.2149658203125
7.54217529296875
7.40704345703125
7.84521484375
7.57940673828125
7.576904296875
7.28924560546875
7.4547119140625
7.14056396484375
7.52752685546875
7.089599609375
7.13824462890625
7.34197998046875
7.58056640625
7.7244873046875
7.27252197265625
7.74298095703125
7.8326416015625
7.78900146484375
7.3385009765625
7.496337890625
7.25201416015625
7.54217529296875
7.44439697265625
7.21551513671875
7.7869873046875
7.335693359375
7.7130126953125
7.719482421875
7.19970703125
7.55047607421875
7.43695068359375
7.4102783203125
7.44158935546875
7.33660888671875
7.23828125
7.47247314453125
7.40277099609375
7.02838134765625
7.6893310546875
7.3250732421875
7.4830322265625
7.581298828125
7.64288330078125
7.669677734375
7.6044921875
7.54376220703125
7.312744140625
7.12530517578125
7.100341796875
7.70458984375
7.53082275390625
6.94921875
7.82452392578125
7.4234619140625
7.25518798828125
7.75
7.44989013671875
7.0584716796875
7.064208984375
7.60113525390625
7.3018798828125
6.7532958984375
7.50531005859375
7.43756103515625
7.43963623046875
7.3270263671875
7.8509521484375
7.330078125
7.25506591796875
7.7510986328125
7.02557373046875
7.47906494140625
7.38671875
7.59002685546875
7.00726318359375
7.177490234375
7.8175048828125
7.07611083984375
7.61993408203125
7.46173095703125
7.54229736328125
7.4962158203125
6.93231201171875
6.93536376953125
7.47161865234375
7.4427490234375
7.17779541015625
7.54962158203125
7.506103515625
7.97491455078125
7.58758544921875
7.1649169921875
7.0955810546875
7.60595703125
7.11578369140625
7.1343994140625
7.1275634765625
7.420654296875
7.03619384765625
7.33984375
7.57928466796875
7.528076171875
7.8489990234375
7.4766845703125
7.53070068359375
7.692138671875
7.67901611328125
7.31121826171875
7.36993408203125
7.61273193359375
6.98406982421875
7.7452392578125
7.23260498046875
7.37939453125
7.6142578125
7.797119140625
7.7998046875
7.1890869140625
7.37615966796875
7.58306884765625
7.35516357421875
7.77069091796875
7.14739990234375
7.3685302734375
7.3084716796875
7.40557861328125
7.01715087890625
