7.6236572265625
7.6236572265625
7.6236572265625
7.6236572265625
7.624755859375
7.85260009765625
8.0916748046875
8.03619384765625
7.890869140625
8.2474365234375
8.051025390625
8.1639404296875
7.59765625
8.12554931640625
7.81085205078125
8.13629150390625
7.76678466796875
7.87091064453125
7.56060791015625
7.7176513671875
7.3778076171875
7.66558837890625
7.44091796875
8.13519287109375
7.9345703125
7.90771484375
8.019775390625
8.07354736328125
7.98712158203125
7.910400390625
7.80731201171875
7.81475830078125
7.83294677734375
7.72393798828125
7.96624755859375
7.64990234375
7.92718505859375
7.82958984375
7.98406982421875
8.2542724609375
7.7225341796875
7.581298828125
7.6654052734375
8.20465087890625
7.933837890625
7.68218994140625
7.55419921875
7.81317138671875
8.04718017578125
7.8006591796875
7.88232421875
7.71636962890625
7.8626708984375
7.78472900390625
7.7049560546875
7.83447265625
7.5054931640625
8.041015625
8.1058349609375
8.2244873046875
7.971435546875
7.66766357421875
8.151123046875
7.66094970703125
7.50592041015625
7.986083984375
7.9097900390625
7.7923583984375
7.62249755859375
7.87677001953125
7.54638671875
7.75885009765625
7.689208984375
7.74188232421875
8.32928466796875
7.6253662109375
7.87542724609375
8.18133544921875
7.516357421875
7.64678955078125
7.4617919921875
7.93048095703125
7.91748046875
7.69390869140625
7.59954833984375
7.50189208984375
7.8260498046875
7.37274169921875
7.69830322265625
7.559326171875
7.8463134765625
7.6280517578125
7.90093994140625
7.8289794921875
7.7259521484375
7.79693603515625
8.29150390625
7.7427978515625
7.80706787109375
7.79400634765625
7.6800537109375
7.93951416015625
7.74822998046875
7.73602294921875
7.58489990234375
7.69989013671875
7.93304443359375
8.05712890625
7.8988037109375
8.1650390625
8.32403564453125
8.0401611328125
7.74676513671875
7.7940673828125
7.97796630859375
7.6962890625
7.910888671875
7.8970947265625
7.8199462890625
7.62744140625
8.20550537109375
7.575927734375
7.75067138671875
8.0506591796875
7.80474853515625
8.1993408203125
8.0526123046875
7.799560546875
7.63323974609375
7.9228515625
7.78680419921875
8.09442138671875
7.982177734375
7.96136474609375
7.91632080078125
7.7125244140625
7.7528076171875
8.02490234375
7.797119140625
7.51953125
7.8839111328125
7.946044921875
7.8162841796875
7.703369140625
7.9149169921875
7.95794677734375
7.35797119140625
7.68603515625
7.7591552734375
7.63287353515625
7.8704833984375
7.8131103515625
8.03021240234375
7.742919921875
7.70166015625
7.7987060546875
8.00128173828125
8.09527587890625
7.862548828125
8.111083984375
7.581298828125
8.30401611328125
7.78033447265625
7.984375
7.9259033203125
7.82080078125
7.51922607421875
8.10003662109375
7.59307861328125
7.71124267578125
7.7301025390625
8.115234375
7.906982421875
7.6085205078125
7.820556640625
8.0362548828125
7.7548828125
7.698486328125
7.81182861328125
7.74053955078125
7.80712890625
7.59765625
7.9403076171875
7.540283203125
7.70703125
7.98046875
7.8475341796875
7.062255859375
7.47503662109375
7.96661376953125
7.65069580078125
7.93719482421875
7.5770263671875
7.0596923828125
7.57769775390625
7.60296630859375
7.416748046875
8.42852783203125
8.394775390625
7.94287109375
7.884033203125
8.01947021484375
7.728759765625
7.968994140625
7.76116943359375
8.39141845703125
7.55078125
7.2718505859375
7.678955078125
7.70892333984375
7.84649658203125
8.0394287109375
7.47918701171875
7.821044921875
7.83203125
8.1378173828125
7.66119384765625
7.82830810546875
7.69879150390625
7.85736083984375
7.8846435546875
7.849609375
7.8468017578125
7.88275146484375
7.24420166015625
8.13934326171875
7.6634521484375
8.35174560546875
7.85198974609375
7.97149658203125
7.70001220703125
7.64520263671875
7.798583984375
8.0462646484375
7.35980224609375
8.0084228515625
7.9989013671875
8.1182861328125
8.34381103515625
7.84759521484375
7.92193603515625
8.0780029296875
7.3564453125
7.861328125
7.69647216796875
7.55511474609375
8.04437255859375
7.434814453125
7.9066162109375
7.86590576171875
7.8690185546875
7.35382080078125
7.70111083984375
8.03857421875
8.153076171875
7.96453857421875
8.14794921875
7.8409423828125
7.42010498046875
7.66778564453125
7.7764892578125
8.10272216796875
7.80718994140625
7.69805908203125
7.6553955078125
7.83056640625
8.0621337890625
7.44329833984375
8.03656005859375
7.739990234375
8.12091064453125
7.5885009765625
7.66632080078125
7.98321533203125
7.754638671875
7.92425537109375
7.828369140625
7.72210693359375
7.7030029296875
7.76397705078125
8.170166015625
7.9935302734375
7.94378662109375
8.07513427734375
7.54425048828125
7.7802734375
7.78887939453125
8.01416015625
7.853759765625
7.8927001953125
7.90545654296875
8.11627197265625
7.88726806640625
8.26580810546875
8.14263916015625
7.60614013671875
8.0599365234375
7.71240234375
7.76416015625
7.896484375
7.68707275390625
7.7149658203125
7.788818359375
7.76605224609375
7.8221435546875
7.5938720703125
7.75494384765625
7.8701171875
7.64697265625
7.3409423828125
8.121337890625
7.96990966796875
7.94183349609375
8.0364990234375
7.77587890625
7.3707275390625
7.99835205078125
7.801513671875
8.030029296875
8.2222900390625
7.64801025390625
7.8515625
7.8233642578125
7.62322998046875
7.71783447265625
7.7259521484375
7.992919921875
7.64306640625
7.94525146484375
7.93798828125
7.6248779296875
7.5465087890625
7.96826171875
8.2041015625
7.9730224609375
8.11627197265625
7.92919921875
8.07501220703125
7.85498046875
7.64215087890625
7.82379150390625
7.6590576171875
7.67376708984375
7.8582763671875
7.496337890625
7.464111328125
7.6407470703125
7.7706298828125
7.50604248046875
7.414794921875
7.9642333984375
7.88214111328125
8.13916015625
8.1768798828125
8.09002685546875
8.038818359375
7.91864013671875
7.579833984375
8.2803955078125
7.8028564453125
7.893798828125
7.835693359375
7.7005615234375
8.0548095703125
7.85772705078125
7.67962646484375
7.84356689453125
7.5306396484375
7.93426513671875
7.5
7.82257080078125
7.908447265625
7.87579345703125
7.968017578125
8.21240234375
7.7005615234375
7.7354736328125
7.90484619140625
7.9481201171875
8.08984375
7.38348388671875
8.088623046875
7.4127197265625
7.83953857421875
7.48193359375
7.91864013671875
7.7567138671875
7.95513916015625
7.2833251953125
8.0035400390625
7.52020263671875
8.24432373046875
7.55865478515625
7.88006591796875
7.94635009765625
7.70965576171875
8.19500732421875
7.78167724609375
7.6961669921875
8.46954345703125
7.6361083984375
8.10662841796875
8.02423095703125
7.85797119140625
7.70257568359375
7.98089599609375
7.8438720703125
7.89605712890625
8.1380615234375
7.29180908203125
7.78594970703125
7.99481201171875
7.50872802734375
7.94757080078125
7.72479248046875
7.82489013671875
7.91387939453125
7.74993896484375
7.90838623046875
8.185546875
7.35736083984375
7.38702392578125
7.562744140625
7.62939453125
7.98382568359375
7.98333740234375
7.5150146484375
7.72381591796875
8.1280517578125
8.1573486328125
7.88836669921875
7.79705810546875
7.78265380859375
7.75677490234375
8.06378173828125
7.947509765625
7.78411865234375
8.0067138671875
7.596923828125
7.96923828125
7.7320556640625
7.713623046875
7.58917236328125
6.894287109375
7.96856689453125
8.08056640625
8.0008544921875
7.5494384765625
7.759521484375
7.85333251953125
7.6800537109375
8.11474609375
8.13323974609375
7.94586181640625
7.81768798828125
7.56268310546875
7.941650390625
7.93865966796875
7.978759765625
8.1243896484375
8.03875732421875
7.7647705078125
8.02508544921875
8.1015625
7.96759033203125
7.55084228515625
7.64788818359375
7.263916015625
7.93426513671875
7.6151123046875
7.63824462890625
8.13079833984375
7.9259033203125
8.22613525390625
7.9564208984375
7.8935546875
8.0147705078125
7.9295654296875
7.1927490234375
7.9251708984375
8.05438232421875
7.674072265625
7.742431640625
7.6539306640625
7.70440673828125
8.13018798828125
7.81219482421875
7.72760009765625
7.976318359375
7.81402587890625
8.0474853515625
8.05426025390625
7.568115234375
7.99102783203125
7.4969482421875
7.63018798828125
7.95794677734375
8.22943115234375
7.88623046875
7.4642333984375
7.8890380859375
7.6317138671875
8.4093017578125
7.7059326171875
8.0660400390625
8.07763671875
7.783447265625
7.9638671875
8.06658935546875
7.7628173828125
8.02880859375
7.85125732421875
7.276611328125
7.9044189453125
7.596923828125
7.880126953125
7.89752197265625
7.8544921875
7.7054443359375
7.69866943359375
7.63818359375
7.70208740234375
8.1402587890625
7.51397705078125
7.65625
7.7506103515625
7.9713134765625
7.8250732421875
7.883544921875
8.046875
7.8245849609375
7.59765625
8.1549072265625
7.88616943359375
7.5665283203125
7.99310302734375
7.6734619140625
7.20867919921875
7.92431640625
8.35479736328125
7.419921875
7.77093505859375
7.37188720703125
8.01373291015625
7.677001953125
7.7022705078125
8.02838134765625
7.86016845703125
7.82708740234375
7.60662841796875
7.3538818359375
7.56817626953125
8.09356689453125
7.61663818359375
7.73858642578125
7.9471435546875
7.8212890625
7.701171875
7.702392578125
7.92169189453125
7.9942626953125
7.3836669921875
7.84063720703125
7.84625244140625
7.8443603515625
7.9222412109375
7.466064453125
7.75201416015625
7.46514892578125
7.47528076171875
7.91217041015625
7.95025634765625
7.87774658203125
8.171630859375
7.93768310546875
7.86981201171875
8.11553955078125
8.10333251953125
8.04962158203125
8.1126708984375
8.11395263671875
7.649169921875
7.95440673828125
7.7989501953125
7.22479248046875
7.95281982421875
7.76507568359375
7.8836669921875
8.021484375
7.92230224609375
7.69134521484375
7.1024169921875
7.9512939453125
7.52728271484375
8.4150390625
8.28228759765625
8.12249755859375
7.97998046875
7.773681640625
8.17205810546875
8.44158935546875
7.33892822265625
7.6683349609375
8.091552734375
7.50006103515625
8.1524658203125
7.88482666015625
7.71563720703125
7.95703125
7.93426513671875
7.97918701171875
7.864013671875
7.9754638671875
7.96624755859375
7.91058349609375
7.5447998046875
7.5072021484375
7.98699951171875
7.4114990234375
7.743408203125
7.751220703125
8.3211669921875
8.01739501953125
7.61236572265625
7.95703125
8.1143798828125
7.96307373046875
7.88238525390625
7.5452880859375
7.66796875
7.671142578125
7.544921875
7.88800048828125
7.81488037109375
7.85784912109375
7.9320068359375
7.78759765625
7.37933349609375
7.60443115234375
7.85186767578125
8.0025634765625
8.04150390625
7.69525146484375
7.847900390625
7.7093505859375
7.7838134765625
7.58673095703125
7.7066650390625
8.121337890625
8.19354248046875
7.47161865234375
7.86114501953125
7.8353271484375
7.96710205078125
8.17999267578125
8.39752197265625
7.8759765625
7.9764404296875
8.0765380859375
7.8067626953125
7.45135498046875
7.86883544921875
7.8646240234375
7.9091796875
7.6668701171875
8.14141845703125
7.7947998046875
8.04156494140625
7.93414306640625
8.069580078125
7.69403076171875
8.2015380859375
8.0787353515625
7.46978759765625
8.08154296875
8.02191162109375
7.78375244140625
7.7615966796875
7.8712158203125
7.8905029296875
8.29351806640625
7.8819580078125
8.024658203125
8.06732177734375
7.78155517578125
7.62908935546875
8.03167724609375
7.607177734375
8.00885009765625
8.02911376953125
7.95404052734375
7.95477294921875
7.63348388671875
7.9029541015625
7.732421875
8.33795166015625
8.0347900390625
7.9737548828125
7.4532470703125
7.93780517578125
7.61004638671875
7.7620849609375
8.08111572265625
8.22125244140625
7.80828857421875
7.6007080078125
7.44866943359375
7.9989013671875
7.89215087890625
7.5499267578125
7.9327392578125
7.82489013671875
7.62322998046875
7.662841796875
7.7093505859375
7.8681640625
8.01727294921875
7.75701904296875
7.94781494140625
8.03021240234375
7.39727783203125
7.54144287109375
7.9552001953125
7.53704833984375
8.28607177734375
8.04638671875
7.78460693359375
7.82977294921875
8.00341796875
7.49896240234375
7.69976806640625
7.9146728515625
7.5743408203125
7.21923828125
8.13153076171875
7.87847900390625
7.93682861328125
7.6156005859375
7.84173583984375
7.9991455078125
8.223876953125
7.85882568359375
7.92254638671875
7.69354248046875
7.4947509765625
7.53076171875
7.7503662109375
7.7515869140625
7.91644287109375
8.0760498046875
7.98101806640625
8.01129150390625
7.83203125
8.21466064453125
7.91864013671875
7.9083251953125
8.046142578125
7.7354736328125
7.65826416015625
7.1619873046875
7.42578125
7.62615966796875
7.9749755859375
7.904052734375
7.55194091796875
7.38531494140625
7.13330078125
7.8841552734375
7.5601806640625
8.07867431640625
7.6270751953125
8.17913818359375
7.6199951171875
7.6151123046875
7.86224365234375
7.3115234375
7.81842041015625
7.44793701171875
7.906494140625
7.68975830078125
7.51177978515625
7.8544921875
8.33001708984375
7.64129638671875
7.26220703125
7.96685791015625
7.82916259765625
8.1607666015625
7.93707275390625
7.39373779296875
7.8612060546875
7.88427734375
7.760498046875
7.35333251953125
7.886962890625
8.04278564453125
7.4793701171875
7.81219482421875
7.6827392578125
7.85101318359375
7.72247314453125
7.812255859375
7.8800048828125
7.44927978515625
7.94921875
8.05889892578125
7.920166015625
7.76416015625
7.776611328125
7.87091064453125
7.8306884765625
7.98431396484375
7.55572509765625
7.81976318359375
8.35760498046875
7.7572021484375
7.51251220703125
7.31005859375
7.8043212890625
8.03485107421875
8.30517578125
7.7982177734375
7.57244873046875
7.63409423828125
7.85760498046875
7.7152099609375
7.59539794921875
7.83306884765625
7.829833984375
7.980712890625
7.91607666015625
7.61474609375
7.34893798828125
7.74578857421875
8.27679443359375
7.80865478515625
8.19158935546875
7.86016845703125
8.0225830078125
7.7908935546875
7.81884765625
7.88739013671875
7.80517578125
7.99676513671875
8.1422119140625
7.63348388671875
7.979736328125
7.8182373046875
7.79010009765625
7.9952392578125
7.52740478515625
8.1689453125
7.44622802734375
8.00970458984375
8.02252197265625
8.07904052734375
7.84820556640625
7.91278076171875
7.7894287109375
8.14990234375
7.4710693359375
8.198974609375
8.0584716796875
7.92999267578125
7.7313232421875
8.0787353515625
7.8759765625
7.8350830078125
8.08355712890625
7.827392578125
7.97991943359375
7.5140380859375
7.829833984375
8.2366943359375
8.03277587890625
7.82452392578125
7.73681640625
8.40985107421875
7.47601318359375
8.11907958984375
8.40057373046875
8.26617431640625
7.84222412109375
7.91851806640625
7.57794189453125
7.94427490234375
7.609619140625
7.81451416015625
7.9544677734375
