0.82342529296875
0.82342529296875
0.82342529296875
0.81488037109375
0.7452392578125
0.74090576171875
0.79071044921875
0.73126220703125
0.98712158203125
0.76568603515625
0.87841796875
0.8272705078125
0.80029296875
0.8350830078125
0.8968505859375
0.8031005859375
0.92022705078125
0.8746337890625
0.7734375
0.85125732421875
0.8319091796875
0.798583984375
0.84130859375
0.851318359375
0.85498046875
0.86187744140625
0.82391357421875
0.6822509765625
0.72723388671875
0.74249267578125
0.87054443359375
0.768798828125
0.6220703125
0.81707763671875
0.790283203125
0.98333740234375
0.85137939453125
0.86431884765625
0.9005126953125
0.79119873046875
0.8231201171875
0.83563232421875
1.05712890625
1.028076171875
0.99761962890625
0.756103515625
0.66632080078125
0.769775390625
0.76641845703125
0.94781494140625
0.8189697265625
0.67706298828125
0.86212158203125
0.96356201171875
0.8111572265625
0.85174560546875
0.8079833984375
0.86505126953125
0.86761474609375
0.95452880859375
0.8382568359375
0.87957763671875
0.8812255859375
0.923095703125
0.81109619140625
0.69268798828125
1.061279296875
0.92138671875
0.9669189453125
0.84808349609375
0.95489501953125
0.71710205078125
0.978759765625
0.8193359375
0.9364013671875
0.928466796875
0.71875
0.89764404296875
0.845703125
0.8951416015625
0.78369140625
0.63519287109375
0.856689453125
0.69305419921875
0.6904296875
0.8175048828125
0.93548583984375
0.658935546875
0.86688232421875
1.020751953125
0.672119140625
1.03936767578125
0.8668212890625
0.7310791015625
0.74810791015625
0.69329833984375
0.87554931640625
0.90936279296875
0.86279296875
0.96636962890625
0.81005859375
0.69873046875
0.82366943359375
0.961669921875
0.630859375
0.91741943359375
0.95416259765625
0.649658203125
0.79156494140625
0.91326904296875
0.86798095703125
0.881103515625
0.95538330078125
0.7984619140625
0.7901611328125
0.8289794921875
0.87310791015625
0.71820068359375
0.75592041015625
0.76739501953125
0.82501220703125
0.88140869140625
0.763427734375
0.7137451171875
0.77716064453125
0.71893310546875
0.8353271484375
0.7886962890625
0.98504638671875
0.8323974609375
0.8583984375
0.9468994140625
0.7938232421875
0.80865478515625
0.93536376953125
0.9124755859375
0.86712646484375
0.781005859375
0.8402099609375
0.9405517578125
1.0252685546875
0.8304443359375
0.951416015625
1.0224609375
1.12750244140625
0.93951416015625
0.72491455078125
0.92523193359375
0.84979248046875
0.7838134765625
0.8302001953125
0.80108642578125
0.8966064453125
0.69439697265625
0.7928466796875
0.8275146484375
0.87994384765625
0.815673828125
0.69964599609375
0.7669677734375
0.9356689453125
0.8067626953125
0.8702392578125
0.8389892578125
1.112060546875
0.93231201171875
0.78704833984375
0.8519287109375
0.7901611328125
0.75482177734375
0.758544921875
0.8389892578125
0.71978759765625
1.01788330078125
0.57647705078125
0.57940673828125
0.66754150390625
0.757568359375
0.861083984375
0.985107421875
0.7764892578125
0.88397216796875
0.7733154296875
0.9073486328125
0.89764404296875
0.89715576171875
0.858154296875
0.82110595703125
0.90380859375
0.9322509765625
1.0111083984375
0.78826904296875
0.7890625
0.66448974609375
0.59698486328125
0.89886474609375
0.81146240234375
0.90545654296875
0.8572998046875
0.89544677734375
0.737060546875
0.8079833984375
0.75628662109375
0.8155517578125
0.7991943359375
0.7796630859375
1.0206298828125
0.748046875
0.72900390625
0.73541259765625
0.7564697265625
0.83990478515625
0.8026123046875
0.56341552734375
0.69891357421875
0.776611328125
1.06402587890625
0.792236328125
0.85687255859375
0.6358642578125
0.97625732421875
0.8515625
0.8699951171875
0.7606201171875
0.63836669921875
0.82940673828125
0.74169921875
0.84375
0.87957763671875
0.916015625
0.600341796875
0.726806640625
0.962890625
0.77276611328125
0.86968994140625
0.9765625
0.6060791015625
0.879150390625
0.9595947265625
0.919189453125
0.9600830078125
0.9964599609375
1.0008544921875
1.057861328125
0.82806396484375
0.76824951171875
0.77264404296875
0.88555908203125
1.1041259765625
0.77874755859375
0.866455078125
0.58489990234375
0.91558837890625
0.74871826171875
0.79705810546875
0.8914794921875
0.79547119140625
0.8974609375
0.82525634765625
0.8646240234375
0.84893798828125
1.043212890625
0.704345703125
1.10638427734375
1.093505859375
0.75628662109375
0.9647216796875
0.7794189453125
0.736083984375
0.843505859375
0.7825927734375
0.764404296875
0.6519775390625
0.610595703125
0.74871826171875
0.79913330078125
0.76495361328125
0.76751708984375
0.958740234375
0.93695068359375
0.852294921875
0.758056640625
0.7069091796875
0.8154296875
0.91522216796875
0.80706787109375
0.5518798828125
0.95684814453125
0.79608154296875
0.71624755859375
0.9012451171875
0.7667236328125
0.957763671875
0.81927490234375
0.82806396484375
0.8958740234375
0.8275146484375
0.837646484375
0.826171875
0.857177734375
0.664306640625
0.85577392578125
0.779541015625
0.90191650390625
0.91766357421875
0.728759765625
0.782470703125
0.95892333984375
0.80902099609375
0.8843994140625
0.8509521484375
0.81658935546875
0.763427734375
0.70330810546875
0.90911865234375
0.825927734375
0.9384765625
1.12347412109375
0.59259033203125
0.9122314453125
0.88653564453125
0.8104248046875
0.848876953125
0.71112060546875
0.82049560546875
0.80926513671875
0.7166748046875
0.90130615234375
0.73583984375
0.762939453125
0.5811767578125
0.947998046875
0.89532470703125
0.8460693359375
1.018798828125
0.88055419921875
0.921142578125
0.6090087890625
0.76641845703125
0.6768798828125
0.8519287109375
0.92266845703125
0.771240234375
0.7669677734375
0.8687744140625
0.81427001953125
0.6622314453125
0.8463134765625
0.823486328125
0.75262451171875
0.8245849609375
0.78460693359375
0.75433349609375
0.9635009765625
0.72869873046875
0.91412353515625
0.96142578125
0.76263427734375
0.93212890625
0.84161376953125
0.936279296875
0.78094482421875
1.02276611328125
0.71807861328125
0.96075439453125
0.69378662109375
1.17169189453125
0.74224853515625
0.77655029296875
0.77288818359375
0.7474365234375
0.86181640625
0.91546630859375
0.9349365234375
0.91168212890625
0.67755126953125
0.97576904296875
0.921875
0.99041748046875
0.824462890625
0.73797607421875
0.76458740234375
0.91607666015625
0.80450439453125
1.0355224609375
0.7969970703125
0.87860107421875
0.88800048828125
0.8917236328125
0.7210693359375
0.89794921875
0.9420166015625
1.02789306640625
0.852783203125
0.83306884765625
0.68621826171875
0.76324462890625
0.87677001953125
0.89654541015625
0.81988525390625
0.7587890625
0.9794921875
0.60711669921875
1.0015869140625
0.73291015625
0.82244873046875
0.89654541015625
0.84912109375
0.9200439453125
0.87847900390625
0.8043212890625
0.86102294921875
0.87542724609375
0.87640380859375
0.76300048828125
0.85174560546875
0.93511962890625
0.78973388671875
0.80621337890625
0.71539306640625
0.7113037109375
0.899658203125
0.86846923828125
0.78131103515625
0.92266845703125
0.739013671875
0.8536376953125
0.79656982421875
1.11602783203125
0.728515625
0.726806640625
1.06982421875
0.86474609375
0.884033203125
0.9488525390625
0.739501953125
0.96417236328125
0.7127685546875
0.86602783203125
0.71319580078125
0.8228759765625
0.8079833984375
0.8514404296875
0.83160400390625
0.6610107421875
0.75836181640625
0.8231201171875
0.98077392578125
0.818603515625
0.84515380859375
0.90386962890625
0.963623046875
0.76776123046875
0.71246337890625
0.7681884765625
0.8494873046875
0.8118896484375
0.8311767578125
0.61456298828125
0.77764892578125
0.77984619140625
0.69146728515625
0.7152099609375
0.7947998046875
0.87933349609375
0.79833984375
0.84906005859375
0.8104248046875
0.92303466796875
0.96343994140625
0.9918212890625
0.8914794921875
1.02764892578125
0.89190673828125
0.69488525390625
0.77642822265625
0.89501953125
0.83465576171875
0.809814453125
0.85870361328125
0.7598876953125
0.86590576171875
0.8441162109375
0.61285400390625
0.711669921875
0.99609375
0.8907470703125
0.88043212890625
0.80279541015625
0.80267333984375
0.68316650390625
0.8719482421875
0.7469482421875
0.85943603515625
0.89813232421875
0.75823974609375
0.91473388671875
0.81280517578125
0.86474609375
0.68890380859375
0.696044921875
0.86529541015625
0.74725341796875
0.86346435546875
0.73956298828125
0.89483642578125
0.71319580078125
0.8358154296875
1.30889892578125
0.9473876953125
0.770263671875
0.885986328125
0.85791015625
0.87744140625
0.9093017578125
0.92950439453125
0.83355712890625
0.68951416015625
0.984375
0.718017578125
0.9688720703125
0.73284912109375
0.7659912109375
0.76141357421875
0.65411376953125
0.81390380859375
0.87677001953125
0.8450927734375
0.90313720703125
0.76995849609375
0.92889404296875
0.818359375
0.85052490234375
0.65106201171875
0.82135009765625
0.666015625
0.85675048828125
1.00634765625
0.83465576171875
0.88134765625
0.75677490234375
0.7744140625
0.80450439453125
0.75250244140625
0.778564453125
0.800048828125
0.7872314453125
0.878662109375
0.8309326171875
0.69219970703125
0.9775390625
0.86968994140625
0.71826171875
0.95794677734375
0.89886474609375
0.7291259765625
0.72406005859375
0.6605224609375
0.817626953125
0.8876953125
0.9478759765625
0.87493896484375
0.92608642578125
0.8143310546875
0.9072265625
0.71221923828125
1.03948974609375
0.86260986328125
0.87481689453125
0.743896484375
0.92431640625
0.79443359375
0.908203125
0.6839599609375
0.75030517578125
0.84307861328125
0.8028564453125
0.8878173828125
0.79388427734375
0.9722900390625
0.95068359375
0.79534912109375
0.93646240234375
0.787841796875
0.58026123046875
0.85968017578125
0.8553466796875
0.712890625
0.95660400390625
0.75469970703125
0.67413330078125
0.80908203125
0.90472412109375
0.8836669921875
0.919189453125
0.75714111328125
0.9171142578125
0.89837646484375
0.9130859375
0.77716064453125
0.91778564453125
0.87451171875
0.84466552734375
0.73797607421875
0.84576416015625
0.9022216796875
0.82281494140625
0.83856201171875
1.0516357421875
0.91851806640625
0.94305419921875
0.7322998046875
0.8358154296875
0.74066162109375
0.91790771484375
0.86199951171875
0.8690185546875
0.86907958984375
0.83587646484375
0.88067626953125
0.98028564453125
0.80029296875
0.86199951171875
0.57147216796875
0.85455322265625
0.8895263671875
0.927978515625
0.82110595703125
0.66729736328125
0.8175048828125
1.0067138671875
0.72686767578125
0.84271240234375
0.984130859375
0.92462158203125
0.84002685546875
0.8609619140625
0.7904052734375
1.006591796875
0.78167724609375
0.97589111328125
0.69635009765625
0.87646484375
0.71893310546875
0.91522216796875
0.91180419921875
0.7386474609375
0.83697509765625
0.892578125
0.8172607421875
0.7684326171875
0.6953125
0.85186767578125
0.9932861328125
0.95196533203125
0.87225341796875
0.8465576171875
0.9901123046875
0.89373779296875
1.024169921875
0.77490234375
0.66693115234375
0.96746826171875
0.75640869140625
0.8790283203125
0.90289306640625
0.72601318359375
0.8702392578125
0.8873291015625
0.87384033203125
0.9349365234375
0.81573486328125
0.734619140625
0.78668212890625
0.8704833984375
0.808837890625
0.8314208984375
0.80462646484375
0.787353515625
0.90240478515625
1.09027099609375
0.749267578125
0.841064453125
0.94512939453125
0.75244140625
0.643310546875
0.75555419921875
0.966796875
1.02532958984375
0.7666015625
0.7293701171875
0.681396484375
0.75537109375
0.77197265625
0.5654296875
0.74993896484375
0.76190185546875
0.710205078125
0.70703125
0.86236572265625
0.98077392578125
0.59124755859375
0.951416015625
0.734130859375
0.6763916015625
0.5919189453125
0.65802001953125
0.67828369140625
0.79949951171875
0.851318359375
0.63677978515625
0.75714111328125
0.6737060546875
0.8048095703125
0.8658447265625
0.74114990234375
0.670166015625
0.809326171875
0.89569091796875
0.79351806640625
0.7371826171875
0.89947509765625
0.69903564453125
0.8846435546875
1.00616455078125
0.73785400390625
0.91961669921875
0.792236328125
0.78289794921875
0.63726806640625
0.854248046875
0.8297119140625
0.69207763671875
0.86572265625
0.68408203125
0.79693603515625
0.85528564453125
0.82843017578125
0.9439697265625
0.8944091796875
0.9541015625
0.7354736328125
0.979736328125
0.7882080078125
0.749755859375
0.93597412109375
1.0179443359375
0.7672119140625
0.87841796875
0.8726806640625
0.806396484375
0.90863037109375
0.77685546875
0.84991455078125
0.8985595703125
0.70172119140625
0.83856201171875
0.86334228515625
0.58404541015625
0.554931640625
0.9228515625
0.92547607421875
0.67498779296875
0.6407470703125
0.96893310546875
0.8758544921875
0.84002685546875
0.92626953125
0.955078125
0.72186279296875
0.79486083984375
1.01458740234375
0.7900390625
0.82769775390625
0.86810302734375
0.83819580078125
0.783203125
0.9005126953125
0.822265625
0.775146484375
0.71856689453125
0.81219482421875
0.94964599609375
0.79736328125
0.90509033203125
0.93597412109375
