6.03155517578125
6.03155517578125
6.03155517578125
6.03155517578125
6.27337646484375
5.8411865234375
6.3985595703125
6.5986328125
6.23626708984375
6.35235595703125
5.75421142578125
6.28662109375
5.9481201171875
5.9708251953125
5.813720703125
6.466796875
5.7401123046875
5.68438720703125
6.1348876953125
6.1820068359375
6.03411865234375
6.35296630859375
5.9364013671875
5.85552978515625
6.19610595703125
5.97637939453125
6.27935791015625
6.05682373046875
6.05548095703125
5.83477783203125
6.55303955078125
6.55426025390625
6.65167236328125
6.297607421875
6.30596923828125
6.22052001953125
6.14227294921875
6.0833740234375
5.94329833984375
5.79425048828125
6.11724853515625
6.213623046875
6.00848388671875
6.24078369140625
5.7855224609375
6.05938720703125
6.0738525390625
6.08056640625
5.92730712890625
6.15826416015625
6.25531005859375
6.40606689453125
6.5418701171875
6.02044677734375
6.502685546875
5.825439453125
6.1182861328125
6.14422607421875
5.63116455078125
6.27764892578125
6.2606201171875
5.8660888671875
5.818359375
6.2471923828125
6.19482421875
6.0428466796875
6.04913330078125
5.885986328125
6.44464111328125
6.2064208984375
6.14935302734375
6.23907470703125
5.9031982421875
5.96063232421875
5.70172119140625
6.16448974609375
6.02374267578125
6.20037841796875
6.592529296875
5.999267578125
6.26519775390625
6.3033447265625
6.267578125
5.8748779296875
6.03228759765625
6.16357421875
6.2218017578125
6.58038330078125
5.95465087890625
5.5303955078125
6.2381591796875
6.021728515625
5.85162353515625
5.65380859375
6.0147705078125
6.16497802734375
5.89666748046875
6.33929443359375
6.2086181640625
6.2598876953125
5.80078125
5.76165771484375
6.2950439453125
6.29736328125
5.72454833984375
5.920166015625
6.007568359375
6.4932861328125
5.8759765625
6.226806640625
6.40435791015625
5.77880859375
6.3541259765625
6.2806396484375
5.8916015625
5.91461181640625
6.47259521484375
5.79473876953125
5.800537109375
6.049560546875
6.02001953125
6.2462158203125
6.24090576171875
6.19781494140625
6.06793212890625
5.96026611328125
5.7862548828125
5.9736328125
6.31304931640625
5.79754638671875
6.52532958984375
5.87005615234375
6.171142578125
5.9429931640625
6.47918701171875
5.95745849609375
6.26129150390625
5.536376953125
5.9227294921875
6.29766845703125
6.06573486328125
6.02911376953125
6.27880859375
6.444091796875
6.1461181640625
6.33160400390625
5.78289794921875
5.9078369140625
5.9632568359375
6.283203125
6.130859375
6.31982421875
6.0540771484375
6.2734375
6.00115966796875
6.01904296875
6.16705322265625
6.1126708984375
5.86419677734375
6.14727783203125
6.23162841796875
6.3526611328125
6.01348876953125
6.1844482421875
6.02130126953125
5.91229248046875
5.6986083984375
6.1103515625
6.07208251953125
6.09197998046875
6.00787353515625
6.256103515625
6.22021484375
6.1983642578125
6.179931640625
5.77532958984375
6.06182861328125
6.05780029296875
5.9599609375
6.25531005859375
6.17041015625
6.3514404296875
6.10772705078125
6.02069091796875
6.42333984375
5.9200439453125
5.91021728515625
5.995849609375
6.14373779296875
5.93798828125
6.11077880859375
5.84381103515625
6.12921142578125
6.32244873046875
6.1077880859375
6.195556640625
6.15283203125
5.762939453125
5.98260498046875
6.1690673828125
5.99761962890625
5.9801025390625
6.207275390625
6.2047119140625
6.21710205078125
6.32269287109375
6.15185546875
5.81402587890625
6.03125
5.78424072265625
5.9056396484375
6.06060791015625
5.72314453125
6.39154052734375
5.94696044921875
5.81561279296875
6.2142333984375
6.1080322265625
6.11517333984375
6.122314453125
6.29144287109375
6.4049072265625
6.3077392578125
6.07940673828125
6.0477294921875
5.613037109375
5.869140625
5.9215087890625
6.08087158203125
6.36212158203125
5.86651611328125
6.5924072265625
5.71258544921875
6.19122314453125
6.37689208984375
6.1566162109375
6.190185546875
6.32470703125
5.84393310546875
6.091796875
5.9761962890625
6.044921875
6.3729248046875
5.9395751953125
5.60833740234375
5.798095703125
6.45892333984375
5.9840087890625
6.07159423828125
6.0377197265625
6.3341064453125
6.2056884765625
6.24713134765625
6.301513671875
5.52276611328125
6.15753173828125
6.1163330078125
6.04632568359375
6.4300537109375
5.90631103515625
6.0211181640625
6.00396728515625
6.402099609375
5.99713134765625
6.150146484375
6.33026123046875
6.1090087890625
5.7178955078125
5.874755859375
6.5230712890625
5.81378173828125
6.03765869140625
6.0128173828125
6.3599853515625
6.1151123046875
6.17645263671875
6.48828125
6.09149169921875
6.2203369140625
6.0703125
5.81500244140625
5.80194091796875
6.3941650390625
5.92681884765625
6.10174560546875
6.144287109375
5.91015625
5.69964599609375
6.121337890625
6.2493896484375
5.88916015625
5.84429931640625
6.30615234375
5.85699462890625
6.118896484375
6.2344970703125
6.2169189453125
6.1798095703125
6.18359375
6.26849365234375
6.34478759765625
6.21722412109375
5.812744140625
5.90338134765625
5.3756103515625
6.67352294921875
6.08172607421875
6.3388671875
6.4969482421875
6.3492431640625
5.99267578125
6.31024169921875
5.69189453125
6.33154296875
6.15093994140625
5.89990234375
6.4140625
6.193359375
5.9749755859375
6.2423095703125
6.3365478515625
6.17486572265625
6.46099853515625
6.1080322265625
5.57611083984375
5.90545654296875
6.053955078125
5.547607421875
5.916015625
6.11431884765625
6.10980224609375
6.30419921875
6.47076416015625
5.73046875
6.3204345703125
6.29998779296875
6.12713623046875
6.03076171875
5.780029296875
5.878173828125
6.2215576171875
6.1741943359375
5.96124267578125
5.9205322265625
6.14508056640625
5.9285888671875
6.047607421875
5.94329833984375
6.0198974609375
6.3138427734375
6.14642333984375
5.93670654296875
5.83734130859375
6.1585693359375
6.0794677734375
6.0843505859375
6.63275146484375
6.344970703125
5.947509765625
6.174560546875
6.04644775390625
6.17333984375
6.35003662109375
6.16693115234375
5.858154296875
6.0711669921875
6.270751953125
6.193359375
6.0380859375
6.17083740234375
5.990966796875
5.989013671875
5.63446044921875
5.95831298828125
5.67889404296875
6.13897705078125
6.3658447265625
5.69781494140625
6.38677978515625
6.4227294921875
6.25213623046875
6.42413330078125
6.0299072265625
5.92724609375
5.8284912109375
6.03460693359375
5.96368408203125
5.9422607421875
5.90228271484375
5.94061279296875
6.2811279296875
5.82177734375
5.8358154296875
5.52325439453125
6.01904296875
6.153564453125
5.9365234375
6.2237548828125
5.968994140625
6.19207763671875
6.233642578125
6.262451171875
6.1842041015625
6.1552734375
6.54522705078125
6.0604248046875
5.90875244140625
6.018310546875
6.5994873046875
5.57244873046875
5.960205078125
6.06402587890625
6.1519775390625
6.24444580078125
6.16949462890625
5.85882568359375
5.72198486328125
6.09539794921875
6.23065185546875
6.05865478515625
6.1402587890625
5.543212890625
5.8817138671875
6.456787109375
5.666748046875
5.69415283203125
6.4810791015625
6.11456298828125
5.945068359375
6.08551025390625
6.04107666015625
5.84033203125
6.027587890625
5.9500732421875
5.9979248046875
5.9344482421875
6.04974365234375
5.9339599609375
5.76336669921875
6.29986572265625
6.03582763671875
5.81146240234375
6.256103515625
6.36419677734375
6.05224609375
6.43756103515625
6.29302978515625
5.7657470703125
6.29345703125
6.48907470703125
6.44256591796875
6.055419921875
6.10833740234375
6.10760498046875
5.7066650390625
6.03338623046875
6.14971923828125
6.1339111328125
5.63055419921875
6.16937255859375
6.19598388671875
5.6292724609375
6.00775146484375
6.4559326171875
6.15509033203125
5.90997314453125
6.4375
5.832763671875
6.382080078125
5.58642578125
5.70648193359375
6.33428955078125
5.80609130859375
6.09979248046875
6.01263427734375
6.16363525390625
6.0557861328125
5.8468017578125
5.97503662109375
5.90283203125
6.5499267578125
6.29608154296875
6.04522705078125
5.9212646484375
5.7637939453125
6.10687255859375
6.0548095703125
6.1322021484375
5.68115234375
5.57666015625
6.333740234375
5.994384765625
6.12945556640625
5.98968505859375
6.12469482421875
6.339599609375
6.51568603515625
5.806396484375
5.6192626953125
6.07098388671875
6.28485107421875
6.114990234375
5.9853515625
5.92095947265625
5.6875
5.91510009765625
5.75921630859375
6.326416015625
5.99072265625
6.31927490234375
6.2003173828125
6.14990234375
5.87689208984375
6.68572998046875
6.009765625
5.6611328125
6.38201904296875
6.2457275390625
6.06890869140625
6.4716796875
6.36376953125
5.66693115234375
5.8712158203125
6.54498291015625
5.91131591796875
5.86737060546875
5.92626953125
6.1341552734375
5.9708251953125
6.2646484375
6.0433349609375
5.8572998046875
5.88739013671875
6.1710205078125
5.802734375
5.704833984375
5.9189453125
6.45416259765625
6.3155517578125
6.2896728515625
6.202880859375
5.55426025390625
5.91473388671875
6.1492919921875
6.19769287109375
6.13714599609375
5.91265869140625
6.16162109375
6.0540771484375
5.98724365234375
6.24249267578125
6.025390625
6.2181396484375
5.8907470703125
6.00445556640625
6.45758056640625
5.9637451171875
5.7694091796875
6.12225341796875
5.79669189453125
5.8890380859375
6.29180908203125
6.47760009765625
5.68304443359375
5.88824462890625
6.30535888671875
6.07635498046875
5.97528076171875
6.12384033203125
5.89251708984375
6.36346435546875
6.385986328125
6.2308349609375
6.27252197265625
6.38714599609375
6.35797119140625
5.8719482421875
6.2069091796875
6.10076904296875
6.07568359375
5.90814208984375
5.68511962890625
5.33551025390625
6.041748046875
6.34796142578125
6.06103515625
5.81683349609375
6.031494140625
5.80682373046875
5.84820556640625
6.26947021484375
5.6627197265625
6.26434326171875
6.01336669921875
6.01641845703125
6.22650146484375
5.9351806640625
5.88311767578125
6.1571044921875
6.241455078125
5.750732421875
5.90106201171875
6.1732177734375
6.13916015625
6.22393798828125
5.67376708984375
6.53387451171875
6.4029541015625
5.64886474609375
5.83544921875
5.73321533203125
6.064697265625
6.1251220703125
6.4656982421875
6.09429931640625
6.28729248046875
6.11236572265625
6.26220703125
6.205810546875
6.30755615234375
6.35260009765625
5.9520263671875
6.31884765625
5.85455322265625
5.99017333984375
6.29595947265625
5.878662109375
6.4102783203125
5.98516845703125
6.2069091796875
6.50494384765625
6.305419921875
6.16119384765625
5.74078369140625
6.30645751953125
6.00506591796875
6.3668212890625
5.99139404296875
5.71087646484375
6.1131591796875
5.7547607421875
6.01727294921875
6.082763671875
5.74713134765625
5.82904052734375
6.70135498046875
5.95123291015625
5.85076904296875
5.94866943359375
5.96002197265625
6.31402587890625
6.47454833984375
6.418701171875
6.24188232421875
6.4146728515625
6.1929931640625
6.13616943359375
6.4368896484375
5.841064453125
6.19287109375
6.25103759765625
6.37811279296875
6.02252197265625
6.25360107421875
5.95330810546875
6.21173095703125
5.85498046875
6.14788818359375
6.1175537109375
5.875
5.94439697265625
6.0120849609375
6.12432861328125
6.24530029296875
5.4749755859375
6.13934326171875
6.286865234375
6.3511962890625
6.130615234375
5.94915771484375
6.29095458984375
6.0439453125
6.01153564453125
6.1463623046875
6.0179443359375
6.01513671875
6.1510009765625
6.164306640625
6.35980224609375
5.87103271484375
6.37884521484375
6.11260986328125
5.87762451171875
6.130126953125
5.74359130859375
6.1197509765625
6.12274169921875
5.85137939453125
6.4759521484375
6.18096923828125
6.326416015625
6.05718994140625
6.285888671875
6.13885498046875
5.8380126953125
6.1094970703125
5.82757568359375
5.92803955078125
6.50537109375
5.86151123046875
6.12310791015625
6.03045654296875
6.1358642578125
5.77734375
5.9766845703125
6.07452392578125
6.073486328125
6.3189697265625
6.21624755859375
5.6766357421875
6.132568359375
5.6234130859375
6.033935546875
5.9013671875
6.2421875
5.8082275390625
5.9532470703125
6.05010986328125
6.19073486328125
6.07330322265625
6.24993896484375
5.7821044921875
5.7242431640625
5.8927001953125
6.03564453125
6.0826416015625
5.976806640625
6.09393310546875
6.35687255859375
6.3126220703125
6.1259765625
6.07757568359375
6.086669921875
6.1627197265625
6.383544921875
6.37744140625
6.26092529296875
6.58306884765625
6.03643798828125
6.16717529296875
6.09588623046875
5.975830078125
6.06890869140625
5.75115966796875
6.14013671875
6.160400390625
6.32318115234375
6.01190185546875
6.10906982421875
6.10211181640625
6.0347900390625
6.32611083984375
6.36407470703125
6.2674560546875
6.1029052734375
5.984130859375
5.8616943359375
6.2943115234375
5.847412109375
6.2218017578125
6.1983642578125
6.21673583984375
6.1236572265625
6.08660888671875
6.13275146484375
5.96502685546875
6.059814453125
6.3046875
6.19549560546875
5.7947998046875
5.860595703125
6.19683837890625
5.99835205078125
6.3487548828125
5.86859130859375
5.88623046875
6.31085205078125
6.1640625
6.1834716796875
6.02911376953125
6.21502685546875
6.20703125
6.0889892578125
6.09197998046875
6.2857666015625
6.37042236328125
6.24114990234375
5.9454345703125
6.16607666015625
6.2091064453125
6.4862060546875
6.50128173828125
6.2274169921875
6.0130615234375
6.02252197265625
6.3419189453125
5.88873291015625
5.84552001953125
6.35516357421875
5.74774169921875
6.138916015625
6.1488037109375
5.98712158203125
6.2716064453125
6.34423828125
6.2071533203125
6.3826904296875
6.1492919921875
5.736083984375
6.0302734375
6.23895263671875
5.98968505859375
6.2152099609375
6.19927978515625
5.91070556640625
5.79931640625
6.006103515625
6.161376953125
5.7408447265625
6.1060791015625
5.6512451171875
6.22442626953125
6.28265380859375
5.74365234375
6.321533203125
6.2589111328125
6.23406982421875
6.21832275390625
5.7576904296875
6.0902099609375
5.7274169921875
6.70135498046875
6.2901611328125
6.3526611328125
6.18218994140625
6.20953369140625
6.32330322265625
5.69390869140625
5.9112548828125
6.18011474609375
5.63726806640625
5.82183837890625
6.29266357421875
6.1964111328125
6.03179931640625
6.07489013671875
5.886474609375
5.7574462890625
5.93292236328125
6.01531982421875
5.8941650390625
5.9019775390625
6.13037109375
6.10516357421875
6.1090087890625
6.31732177734375
6.19927978515625
5.58575439453125
6.1656494140625
6.26104736328125
6.3045654296875
6.36859130859375
6.51312255859375
6.53009033203125
6.28411865234375
6.06292724609375
5.99066162109375
5.94573974609375
6.1865234375
5.9705810546875
6.22808837890625
5.8331298828125
6.0030517578125
6.06109619140625
5.93218994140625
6.01922607421875
6.49420166015625
5.8670654296875
5.8865966796875
6.24725341796875
6.302490234375
