0.37445068359375
0.37445068359375
0.37445068359375
0.37445068359375
0.37445068359375
0.37445068359375
0.2867431640625
0.3795166015625
0.4766845703125
0.454833984375
0.30975341796875
0.34442138671875
0.48175048828125
0.406982421875
0.3717041015625
0.49798583984375
0.34869384765625
0.34039306640625
0.35595703125
0.35260009765625
0.36859130859375
0.571044921875
0.3084716796875
0.2950439453125
0.25408935546875
0.36383056640625
0.39434814453125
0.38751220703125
0.4921875
0.28973388671875
0.2105712890625
0.447998046875
0.42431640625
0.427490234375
0.3446044921875
0.3060302734375
0.36090087890625
0.313720703125
0.35052490234375
0.2491455078125
0.37646484375
0.48382568359375
0.25274658203125
0.3399658203125
0.40826416015625
0.4415283203125
0.39886474609375
0.436767578125
0.31658935546875
0.3443603515625
0.43310546875
0.43695068359375
0.380615234375
0.4791259765625
0.41253662109375
0.3123779296875
0.36968994140625
0.34637451171875
0.3914794921875
0.3641357421875
0.24169921875
0.3614501953125
0.3663330078125
0.4488525390625
0.30889892578125
0.37823486328125
0.4205322265625
0.31475830078125
0.34539794921875
0.334228515625
0.3203125
0.40032958984375
0.31170654296875
0.41082763671875
0.4356689453125
0.336181640625
0.24822998046875
0.4991455078125
0.3870849609375
0.3868408203125
0.35791015625
0.3367919921875
0.38397216796875
0.41644287109375
0.42047119140625
0.36083984375
0.3939208984375
0.4324951171875
0.3809814453125
0.32208251953125
0.40771484375
0.53533935546875
0.4879150390625
0.37078857421875
0.37109375
0.393798828125
0.35516357421875
0.32208251953125
0.3453369140625
0.3968505859375
0.50018310546875
0.36248779296875
0.31378173828125
0.34356689453125
0.33050537109375
0.4193115234375
0.45391845703125
0.28759765625
0.3699951171875
0.3192138671875
0.3359375
0.40557861328125
0.350830078125
0.37286376953125
0.2989501953125
0.427490234375
0.3798828125
0.40185546875
0.37628173828125
0.43768310546875
0.3714599609375
0.3538818359375
0.3984375
0.37109375
0.3250732421875
0.44793701171875
0.33624267578125
0.3868408203125
0.36541748046875
0.3465576171875
0.30023193359375
0.3714599609375
0.422607421875
0.38665771484375
0.2554931640625
0.35052490234375
0.3240966796875
0.41229248046875
0.47686767578125
0.3525390625
0.36474609375
0.40057373046875
0.35443115234375
0.37841796875
0.423828125
0.47076416015625
0.34912109375
0.35858154296875
0.439453125
0.48809814453125
0.44525146484375
0.32666015625
0.3721923828125
0.35711669921875
0.38818359375
0.362060546875
0.4276123046875
0.396240234375
0.46844482421875
0.382568359375
0.47210693359375
0.40850830078125
0.37969970703125
0.3582763671875
0.4447021484375
0.352294921875
0.532958984375
0.3526611328125
0.3994140625
0.34344482421875
0.3345947265625
0.3697509765625
0.32415771484375
0.36285400390625
0.2562255859375
0.3192138671875
0.345947265625
0.56195068359375
0.56903076171875
0.3665771484375
0.41375732421875
0.3140869140625
0.320068359375
0.36187744140625
0.37762451171875
0.39373779296875
0.50128173828125
0.36651611328125
0.40911865234375
0.39239501953125
0.45928955078125
0.508056640625
0.32147216796875
0.46826171875
0.49774169921875
0.3681640625
0.45587158203125
0.3919677734375
0.406005859375
0.4886474609375
0.3135986328125
0.31585693359375
0.3770751953125
0.37554931640625
0.37689208984375
0.38787841796875
0.45947265625
0.2166748046875
0.30767822265625
0.2733154296875
0.38568115234375
0.43756103515625
0.40380859375
0.3548583984375
0.2952880859375
0.4600830078125
0.4556884765625
0.3404541015625
0.4117431640625
0.34326171875
0.3934326171875
0.45489501953125
0.35693359375
0.31219482421875
0.39178466796875
0.3360595703125
0.3809814453125
0.512939453125
0.3953857421875
0.3033447265625
0.31732177734375
0.33349609375
0.30523681640625
0.31585693359375
0.37750244140625
0.381591796875
0.3819580078125
0.3951416015625
0.2825927734375
0.4459228515625
0.31451416015625
0.33587646484375
0.393310546875
0.3551025390625
0.42681884765625
0.37237548828125
0.4134521484375
0.43280029296875
0.4132080078125
0.3707275390625
0.27545166015625
0.41949462890625
0.40087890625
0.22271728515625
0.3177490234375
0.45458984375
0.3587646484375
0.32476806640625
0.40606689453125
0.26800537109375
0.4063720703125
0.37469482421875
0.3135986328125
0.38543701171875
0.406982421875
0.20941162109375
0.32818603515625
0.256103515625
0.4842529296875
0.3050537109375
0.44671630859375
0.396484375
0.44793701171875
0.43255615234375
0.528076171875
0.3564453125
0.31549072265625
0.40423583984375
0.40484619140625
0.44647216796875
0.44866943359375
0.29974365234375
0.26629638671875
0.44012451171875
0.52288818359375
0.3778076171875
0.37432861328125
0.50701904296875
0.422607421875
0.45233154296875
0.36199951171875
0.3321533203125
0.36669921875
0.27679443359375
0.43011474609375
0.352783203125
0.2027587890625
0.37872314453125
0.32049560546875
0.4468994140625
0.4219970703125
0.2744140625
0.4334716796875
0.2900390625
0.2589111328125
0.27911376953125
0.3115234375
0.36993408203125
0.3619384765625
0.391357421875
0.3673095703125
0.34423828125
0.407470703125
0.49066162109375
0.42327880859375
0.39312744140625
0.3447265625
0.33941650390625
0.2794189453125
0.363037109375
0.35491943359375
0.4871826171875
0.3648681640625
0.37127685546875
0.34796142578125
0.28564453125
0.3956298828125
0.31121826171875
0.361572265625
0.268310546875
0.30615234375
0.4403076171875
0.45465087890625
0.46649169921875
0.424560546875
0.3433837890625
0.36474609375
0.36114501953125
0.34417724609375
0.5052490234375
0.4285888671875
0.3978271484375
0.36773681640625
0.3304443359375
0.31103515625
0.47454833984375
0.41802978515625
0.3895263671875
0.4471435546875
0.322998046875
0.41015625
0.3331298828125
0.30255126953125
0.34063720703125
0.346923828125
0.3924560546875
0.44842529296875
0.4747314453125
0.3526611328125
0.413330078125
0.49176025390625
0.4345703125
0.30047607421875
0.27337646484375
0.42340087890625
0.3126220703125
0.32794189453125
0.50457763671875
0.2779541015625
0.40191650390625
0.4267578125
0.38409423828125
0.444091796875
0.3243408203125
0.39715576171875
0.2725830078125
0.39642333984375
0.24176025390625
0.34161376953125
0.375244140625
0.35467529296875
0.3045654296875
0.330810546875
0.36749267578125
0.31268310546875
0.33056640625
0.2664794921875
0.3197021484375
0.4217529296875
0.424560546875
0.4169921875
0.3818359375
0.39373779296875
0.34326171875
0.4312744140625
0.46893310546875
0.38177490234375
0.3768310546875
0.39080810546875
0.41400146484375
0.41998291015625
0.372314453125
0.2352294921875
0.2421875
0.34393310546875
0.4107666015625
0.30938720703125
0.489501953125
0.33245849609375
0.3507080078125
0.44091796875
0.31756591796875
0.3740234375
0.3863525390625
0.46514892578125
0.48583984375
0.30291748046875
0.2454833984375
0.45733642578125
0.309326171875
0.3671875
0.4739990234375
0.3248291015625
0.41229248046875
0.27099609375
0.36785888671875
0.4522705078125
0.31341552734375
0.4320068359375
0.35382080078125
0.4881591796875
0.313720703125
0.3924560546875
0.34381103515625
0.43841552734375
0.3739013671875
0.38775634765625
0.36456298828125
0.40142822265625
0.45172119140625
0.37359619140625
0.4080810546875
0.33526611328125
0.3416748046875
0.40777587890625
0.44744873046875
0.4765625
0.37042236328125
0.474365234375
0.4366455078125
0.4710693359375
0.4012451171875
0.34918212890625
0.33172607421875
0.3585205078125
0.3900146484375
0.424560546875
0.35406494140625
0.3682861328125
0.271728515625
0.32952880859375
0.249267578125
0.221435546875
0.34222412109375
0.31866455078125
0.39617919921875
0.32745361328125
0.3658447265625
0.409423828125
0.4293212890625
0.41119384765625
0.35601806640625
0.34222412109375
0.36114501953125
0.43536376953125
0.370849609375
0.41485595703125
0.3515625
0.38848876953125
0.41925048828125
0.45355224609375
0.41180419921875
0.43072509765625
0.47320556640625
0.357666015625
0.43194580078125
0.4501953125
0.3563232421875
0.3529052734375
0.38311767578125
0.38507080078125
0.413818359375
0.261962890625
0.333740234375
0.33953857421875
0.5220947265625
0.35870361328125
0.334228515625
0.44439697265625
0.392333984375
0.359130859375
0.2637939453125
0.41290283203125
0.3585205078125
0.4666748046875
0.44219970703125
0.32415771484375
0.38665771484375
0.2598876953125
0.34442138671875
0.3712158203125
0.423095703125
0.35833740234375
0.42938232421875
0.3997802734375
0.396240234375
0.41265869140625
0.34320068359375
0.412353515625
0.34161376953125
0.40625
0.3299560546875
0.2811279296875
0.435302734375
0.4322509765625
0.2947998046875
0.41815185546875
0.36126708984375
0.367431640625
0.361328125
0.43646240234375
0.44610595703125
0.37420654296875
0.42327880859375
0.3406982421875
0.28741455078125
0.3165283203125
0.34210205078125
0.43212890625
0.32940673828125
0.3172607421875
0.3719482421875
0.4630126953125
0.34942626953125
0.2537841796875
0.35076904296875
0.32073974609375
0.39056396484375
0.40606689453125
0.360107421875
0.42938232421875
0.35186767578125
0.48394775390625
0.37286376953125
0.39312744140625
0.375
0.44146728515625
0.44183349609375
0.28680419921875
0.3638916015625
0.40460205078125
0.3306884765625
0.32818603515625
0.33612060546875
0.35638427734375
0.3211669921875
0.36456298828125
0.435546875
0.33416748046875
0.3214111328125
0.33135986328125
0.2567138671875
0.32763671875
0.38055419921875
0.337646484375
0.3427734375
0.40667724609375
0.22528076171875
0.419921875
0.41522216796875
0.3748779296875
0.4637451171875
0.35504150390625
0.45611572265625
0.455078125
0.4066162109375
0.385986328125
0.3968505859375
0.31658935546875
0.23712158203125
0.32379150390625
0.3292236328125
0.41412353515625
0.2677001953125
0.39605712890625
0.3836669921875
0.3817138671875
0.318603515625
0.41162109375
0.32763671875
0.24658203125
0.3504638671875
0.41998291015625
0.3753662109375
0.3316650390625
0.37677001953125
0.38751220703125
0.39190673828125
0.3275146484375
0.3587646484375
0.3204345703125
0.408203125
0.3468017578125
0.4573974609375
0.4139404296875
0.3121337890625
0.3240966796875
0.2979736328125
0.3978271484375
0.3829345703125
0.3607177734375
0.500244140625
0.4178466796875
0.47149658203125
0.345458984375
0.43084716796875
0.28857421875
0.40545654296875
0.3831787109375
0.34393310546875
0.34832763671875
0.3475341796875
0.4759521484375
0.33837890625
0.3004150390625
0.3564453125
0.3602294921875
0.40167236328125
0.393310546875
0.34332275390625
0.3388671875
0.3743896484375
0.3583984375
0.2872314453125
0.25665283203125
0.35626220703125
0.38165283203125
0.40350341796875
0.256103515625
0.31353759765625
0.55133056640625
0.4808349609375
0.427490234375
0.2784423828125
0.21746826171875
0.41387939453125
0.3148193359375
0.34783935546875
0.49072265625
0.3638916015625
0.34710693359375
0.31878662109375
0.40777587890625
0.2322998046875
0.2255859375
0.35626220703125
0.468994140625
0.37457275390625
0.384765625
0.2620849609375
0.3529052734375
0.34576416015625
0.3804931640625
0.4288330078125
0.39251708984375
0.48175048828125
0.43658447265625
0.46844482421875
0.28131103515625
0.36871337890625
0.41119384765625
0.3770751953125
0.37066650390625
0.40789794921875
0.30712890625
0.328369140625
0.43682861328125
0.38922119140625
0.3868408203125
0.368896484375
0.36163330078125
0.32781982421875
0.33367919921875
0.2171630859375
0.3184814453125
0.290283203125
0.474609375
0.3392333984375
0.36517333984375
0.3487548828125
0.3570556640625
0.44158935546875
0.43975830078125
0.4404296875
0.44696044921875
0.2958984375
0.281494140625
0.316650390625
0.37664794921875
0.5557861328125
0.41131591796875
0.3792724609375
0.4039306640625
0.4105224609375
0.37548828125
0.35528564453125
0.39337158203125
0.36505126953125
0.4307861328125
0.37744140625
0.395751953125
0.34405517578125
0.3448486328125
0.3634033203125
0.36865234375
0.39630126953125
0.4541015625
0.36297607421875
0.3707275390625
0.3768310546875
0.59918212890625
0.4244384765625
0.436279296875
0.51104736328125
0.463134765625
0.41754150390625
0.35211181640625
0.28302001953125
0.37176513671875
0.5220947265625
0.2503662109375
0.32733154296875
0.4222412109375
0.35113525390625
0.38726806640625
0.3829345703125
0.39520263671875
0.4503173828125
0.20916748046875
0.344482421875
0.513671875
0.35699462890625
0.37408447265625
0.38299560546875
0.294677734375
0.32769775390625
0.44268798828125
0.52410888671875
0.3375244140625
0.35455322265625
0.4224853515625
0.469482421875
0.4100341796875
0.293212890625
0.36883544921875
0.3626708984375
0.458251953125
0.39068603515625
0.40338134765625
0.4007568359375
0.4993896484375
0.3707275390625
0.358642578125
0.3231201171875
0.43585205078125
0.34149169921875
0.3648681640625
0.41204833984375
0.3209228515625
0.37158203125
0.48236083984375
0.3536376953125
0.36334228515625
0.39959716796875
0.43914794921875
0.48974609375
0.402587890625
0.39910888671875
0.3189697265625
0.3748779296875
0.40435791015625
0.3990478515625
0.3284912109375
0.2884521484375
0.39666748046875
0.25103759765625
0.41436767578125
0.27471923828125
0.39227294921875
0.385986328125
0.36138916015625
0.42523193359375
0.3343505859375
0.48834228515625
0.48590087890625
0.3961181640625
0.30316162109375
0.38330078125
0.330322265625
0.3673095703125
0.24908447265625
0.3358154296875
0.4493408203125
0.29754638671875
0.34478759765625
0.37225341796875
0.2354736328125
0.30926513671875
0.5179443359375
0.402587890625
0.38446044921875
0.37164306640625
0.4796142578125
0.34356689453125
0.438232421875
0.32965087890625
0.362060546875
0.39178466796875
0.446533203125
0.31793212890625
0.34686279296875
0.3580322265625
0.36663818359375
0.36773681640625
0.4666748046875
0.480224609375
0.34149169921875
0.3367919921875
0.389892578125
0.38104248046875
0.452880859375
0.3616943359375
0.34332275390625
0.39337158203125
0.372802734375
0.33892822265625
0.4010009765625
0.40716552734375
0.44171142578125
0.55096435546875
0.34857177734375
0.37939453125
0.41522216796875
0.43304443359375
0.31182861328125
0.377685546875
0.4083251953125
0.38885498046875
0.39569091796875
0.23895263671875
0.29217529296875
0.3865966796875
0.33404541015625
0.37298583984375
0.3729248046875
0.27301025390625
0.329345703125
0.45501708984375
0.412109375
0.300048828125
0.32647705078125
0.36529541015625
0.39971923828125
0.33367919921875
0.298583984375
0.4373779296875
0.37237548828125
0.4013671875
0.3623046875
0.3348388671875
0.51611328125
0.40277099609375
0.40380859375
0.2528076171875
0.33099365234375
0.50726318359375
0.3343505859375
0.39874267578125
0.3973388671875
0.48492431640625
