2.70220947265625
2.70220947265625
2.70220947265625
2.70220947265625
2.6287841796875
2.67926025390625
3.01190185546875
2.880615234375
2.4530029296875
2.62615966796875
2.84088134765625
2.58355712890625
2.38067626953125
2.42919921875
2.62542724609375
2.8441162109375
2.5469970703125
2.58270263671875
2.4405517578125
2.62237548828125
2.5079345703125
2.28021240234375
2.49932861328125
2.51788330078125
2.67547607421875
2.7052001953125
2.8714599609375
2.7132568359375
2.62811279296875
2.7767333984375
2.72662353515625
2.43603515625
2.720703125
2.556640625
2.51025390625
2.76397705078125
2.7657470703125
2.8031005859375
2.64556884765625
2.7900390625
2.68463134765625
2.59759521484375
2.496337890625
2.76251220703125
2.39910888671875
2.4852294921875
2.46661376953125
2.734619140625
2.8443603515625
2.3695068359375
2.54632568359375
2.5543212890625
2.66558837890625
2.5628662109375
2.665771484375
2.6993408203125
2.32861328125
2.66015625
2.67767333984375
2.69818115234375
2.4420166015625
2.33685302734375
2.69927978515625
2.1907958984375
2.755615234375
2.6993408203125
2.6241455078125
2.728515625
2.1982421875
2.55810546875
2.73431396484375
2.587158203125
2.60260009765625
2.68719482421875
2.72564697265625
2.53271484375
2.56231689453125
2.5938720703125
2.4244384765625
2.5999755859375
2.49810791015625
2.54388427734375
2.92535400390625
2.7755126953125
2.64556884765625
2.51324462890625
2.53143310546875
2.1890869140625
2.64703369140625
2.3677978515625
2.8446044921875
2.6397705078125
2.771484375
2.4857177734375
2.379150390625
2.8597412109375
2.86065673828125
2.775390625
2.47344970703125
2.549560546875
2.557373046875
2.70611572265625
2.734130859375
2.7237548828125
2.47784423828125
2.36029052734375
2.729736328125
2.6124267578125
2.49505615234375
2.78070068359375
2.7587890625
2.63421630859375
2.49017333984375
2.58673095703125
2.4151611328125
2.60888671875
2.72515869140625
2.39434814453125
2.2877197265625
2.60894775390625
2.64874267578125
2.64398193359375
2.51922607421875
2.7509765625
2.53704833984375
2.8453369140625
2.3609619140625
2.7216796875
2.316162109375
2.4622802734375
2.7012939453125
2.82696533203125
2.5086669921875
2.45196533203125
2.54229736328125
2.50701904296875
2.82098388671875
2.5751953125
2.78619384765625
2.52777099609375
2.53094482421875
2.72235107421875
2.624755859375
2.6180419921875
2.76904296875
2.7886962890625
2.2684326171875
2.34234619140625
2.59576416015625
2.2930908203125
2.5426025390625
2.9044189453125
2.75286865234375
2.54180908203125
2.5640869140625
2.3592529296875
2.7950439453125
2.7257080078125
2.55877685546875
2.98114013671875
2.01837158203125
2.708251953125
2.6534423828125
2.76220703125
2.751220703125
2.2574462890625
3.067138671875
2.4412841796875
2.16131591796875
2.651611328125
2.62823486328125
2.6287841796875
2.68707275390625
2.66632080078125
2.62762451171875
2.72021484375
2.5345458984375
2.5740966796875
2.7325439453125
2.5972900390625
2.72637939453125
2.6697998046875
2.72491455078125
2.71929931640625
2.2645263671875
2.80389404296875
2.6036376953125
2.07904052734375
2.534423828125
2.8109130859375
2.42779541015625
2.77301025390625
2.4283447265625
2.3267822265625
2.69500732421875
2.19049072265625
2.528564453125
2.8184814453125
2.88592529296875
2.6668701171875
2.34954833984375
2.81109619140625
2.67095947265625
2.5693359375
2.21417236328125
2.71282958984375
2.27587890625
2.44036865234375
2.54302978515625
2.58160400390625
2.73699951171875
3.0118408203125
2.22735595703125
2.3670654296875
2.32855224609375
2.67578125
2.57135009765625
2.6903076171875
2.61712646484375
2.629150390625
2.7711181640625
2.48663330078125
2.67291259765625
2.7816162109375
2.62603759765625
2.4017333984375
2.3116455078125
2.9844970703125
2.6844482421875
2.6407470703125
2.52337646484375
2.63397216796875
2.70257568359375
2.82574462890625
2.24285888671875
2.76275634765625
2.83807373046875
2.78375244140625
2.82354736328125
2.5572509765625
2.59002685546875
2.70123291015625
2.44921875
2.50421142578125
2.57049560546875
2.67474365234375
2.95501708984375
2.2352294921875
2.6256103515625
2.65234375
2.75274658203125
2.42913818359375
2.2991943359375
2.59942626953125
2.85845947265625
2.44232177734375
2.70526123046875
2.5797119140625
2.55535888671875
2.689208984375
2.507568359375
2.52935791015625
2.785888671875
2.4417724609375
2.39898681640625
2.54083251953125
2.60498046875
2.28253173828125
2.89605712890625
2.4844970703125
2.64739990234375
2.5198974609375
2.70941162109375
2.6488037109375
2.70428466796875
2.7366943359375
2.7222900390625
2.7552490234375
2.60009765625
2.20379638671875
2.46661376953125
2.8304443359375
2.4932861328125
2.5189208984375
2.15130615234375
2.44989013671875
2.7232666015625
2.40478515625
2.56146240234375
2.7353515625
2.70306396484375
2.61370849609375
2.701416015625
2.7601318359375
2.759765625
2.4266357421875
2.74749755859375
2.6737060546875
2.50054931640625
2.608642578125
2.63348388671875
2.43316650390625
2.77020263671875
2.39697265625
2.39434814453125
2.896240234375
2.810546875
2.8421630859375
2.71728515625
2.16461181640625
2.7589111328125
2.61920166015625
2.69415283203125
2.95501708984375
2.9027099609375
2.571044921875
2.551513671875
2.33404541015625
2.96246337890625
2.70599365234375
2.44500732421875
2.57305908203125
2.4591064453125
2.57452392578125
2.51953125
2.658447265625
2.678955078125
2.60675048828125
2.65777587890625
2.51275634765625
2.5299072265625
2.4420166015625
2.52838134765625
2.83819580078125
2.58453369140625
2.60321044921875
2.80059814453125
2.72296142578125
2.8861083984375
2.50421142578125
2.526123046875
2.580078125
2.58514404296875
2.41937255859375
2.51776123046875
2.6038818359375
2.539306640625
2.408203125
2.20135498046875
2.4332275390625
2.589111328125
2.5487060546875
2.6839599609375
2.73406982421875
2.82122802734375
2.58416748046875
2.65460205078125
2.39874267578125
2.50579833984375
2.515625
2.619873046875
2.79364013671875
2.4990234375
2.802734375
2.63909912109375
2.47845458984375
2.69927978515625
2.439453125
2.76788330078125
2.55352783203125
2.5308837890625
2.72515869140625
2.6190185546875
2.5589599609375
2.8143310546875
2.6285400390625
2.701904296875
2.59429931640625
2.55169677734375
2.57452392578125
2.2486572265625
2.88238525390625
2.41546630859375
2.588623046875
2.46337890625
2.69964599609375
2.7208251953125
2.81781005859375
2.3685302734375
2.6201171875
2.55828857421875
2.96728515625
2.45697021484375
2.61627197265625
2.54498291015625
2.67926025390625
2.65264892578125
2.447265625
2.81524658203125
2.7237548828125
2.583251953125
2.77386474609375
2.6519775390625
2.64544677734375
2.612548828125
2.63421630859375
2.5203857421875
2.59539794921875
2.87432861328125
2.20208740234375
2.847412109375
2.62603759765625
2.4185791015625
2.8680419921875
2.3514404296875
2.37548828125
2.93353271484375
2.740234375
2.4012451171875
2.79345703125
2.77740478515625
2.46588134765625
2.56329345703125
2.83538818359375
2.4931640625
2.58563232421875
2.62060546875
2.61297607421875
2.7271728515625
2.69708251953125
2.568115234375
2.79168701171875
2.57720947265625
2.62554931640625
2.80218505859375
2.709716796875
2.7730712890625
2.690673828125
2.398681640625
2.5322265625
2.28265380859375
2.6180419921875
2.491943359375
2.075927734375
2.6192626953125
2.69866943359375
2.56890869140625
2.3931884765625
2.39239501953125
2.3607177734375
2.6900634765625
2.49163818359375
2.79876708984375
2.582763671875
2.67120361328125
2.624755859375
2.79150390625
2.6895751953125
2.39166259765625
2.72283935546875
2.4949951171875
2.68719482421875
2.6669921875
2.88555908203125
2.70904541015625
2.49951171875
2.81500244140625
2.3775634765625
2.48114013671875
2.53387451171875
2.5504150390625
2.65179443359375
2.64910888671875
2.5262451171875
2.83221435546875
2.47601318359375
2.64892578125
2.5374755859375
2.11651611328125
2.66253662109375
2.93304443359375
2.5303955078125
2.536376953125
2.633056640625
2.63330078125
2.7452392578125
2.43157958984375
2.25628662109375
2.36285400390625
2.6527099609375
2.6226806640625
2.62884521484375
2.6405029296875
2.68670654296875
2.68896484375
2.65380859375
2.7103271484375
2.8394775390625
2.63641357421875
2.60028076171875
2.41607666015625
2.60736083984375
2.65264892578125
2.62518310546875
2.665283203125
2.84698486328125
2.794189453125
2.73126220703125
2.76397705078125
2.32855224609375
2.63739013671875
2.62432861328125
2.19757080078125
2.69488525390625
2.59051513671875
2.5826416015625
2.629638671875
2.53662109375
2.48504638671875
2.5185546875
2.95458984375
2.6856689453125
2.83489990234375
2.556640625
2.3953857421875
2.5458984375
2.58251953125
2.83013916015625
2.69921875
2.8331298828125
2.55657958984375
2.7568359375
2.67669677734375
2.63482666015625
2.48394775390625
2.7696533203125
2.44549560546875
2.27886962890625
2.56866455078125
2.5352783203125
2.35906982421875
2.73797607421875
2.30194091796875
2.82440185546875
2.5186767578125
2.87896728515625
2.7294921875
2.47265625
2.599853515625
2.7490234375
2.2801513671875
2.45257568359375
2.67578125
2.537353515625
2.6466064453125
2.932373046875
3.00408935546875
2.736083984375
2.66943359375
2.85577392578125
2.81915283203125
2.30877685546875
2.57000732421875
2.47021484375
2.84063720703125
2.49029541015625
2.17303466796875
2.54827880859375
2.62725830078125
2.53582763671875
2.6746826171875
2.63629150390625
2.75341796875
2.51861572265625
2.7572021484375
2.6627197265625
2.6611328125
2.7012939453125
2.5301513671875
2.6690673828125
2.7611083984375
2.29339599609375
2.834716796875
2.50250244140625
2.10406494140625
2.64349365234375
2.77215576171875
2.76861572265625
2.75628662109375
2.66607666015625
2.72991943359375
2.46807861328125
2.5513916015625
2.780029296875
2.8333740234375
2.9219970703125
2.7353515625
2.4820556640625
2.6065673828125
2.84356689453125
2.8375244140625
2.4139404296875
2.2666015625
2.8204345703125
2.35955810546875
2.6396484375
2.70849609375
2.505615234375
2.7578125
2.34954833984375
2.45196533203125
2.59661865234375
2.45489501953125
2.553955078125
2.62066650390625
2.37347412109375
2.06292724609375
2.95001220703125
2.68115234375
2.70648193359375
2.54248046875
2.7989501953125
2.80230712890625
2.6568603515625
2.8321533203125
2.6739501953125
2.62353515625
2.73828125
2.25335693359375
2.60235595703125
2.54107666015625
2.37890625
2.51385498046875
2.805908203125
2.3453369140625
2.57403564453125
2.6651611328125
2.634033203125
2.427490234375
2.53094482421875
2.650390625
2.7579345703125
2.46307373046875
2.8345947265625
2.59783935546875
2.70880126953125
2.69830322265625
2.52752685546875
2.550048828125
2.70257568359375
2.4403076171875
2.60650634765625
2.59619140625
2.7064208984375
2.61846923828125
2.5655517578125
2.56707763671875
2.6640625
2.72943115234375
2.69970703125
2.5240478515625
2.482177734375
2.78826904296875
2.92822265625
2.31744384765625
2.61468505859375
2.58172607421875
2.47662353515625
2.747802734375
2.64691162109375
2.5689697265625
2.79974365234375
2.68658447265625
2.14093017578125
2.79376220703125
2.66290283203125
2.86834716796875
2.7049560546875
2.677490234375
2.79376220703125
2.7952880859375
2.56744384765625
2.6322021484375
2.7110595703125
2.5704345703125
2.6348876953125
2.7677001953125
2.56787109375
2.84100341796875
2.62646484375
2.7178955078125
2.71759033203125
2.40350341796875
2.82171630859375
2.2904052734375
2.7265625
2.47833251953125
2.69622802734375
2.44384765625
2.76275634765625
2.57586669921875
2.5906982421875
2.94989013671875
2.85284423828125
2.66119384765625
2.5372314453125
2.168212890625
2.6397705078125
2.1842041015625
2.44024658203125
2.57855224609375
2.7193603515625
2.5987548828125
2.17462158203125
2.70306396484375
2.60107421875
2.822998046875
2.5653076171875
2.58551025390625
2.87054443359375
2.49200439453125
2.71514892578125
2.678955078125
2.62188720703125
2.83343505859375
2.45831298828125
2.445068359375
2.5904541015625
2.89117431640625
2.67230224609375
2.65142822265625
2.31561279296875
2.847412109375
2.19891357421875
2.75067138671875
2.5386962890625
2.75848388671875
2.6512451171875
2.5772705078125
2.82269287109375
2.77557373046875
2.68585205078125
2.642333984375
2.39697265625
2.4825439453125
2.5948486328125
2.5860595703125
2.45025634765625
2.56793212890625
2.57415771484375
2.62347412109375
3.059326171875
2.84881591796875
2.65679931640625
2.66107177734375
2.68634033203125
2.54681396484375
2.27886962890625
2.68017578125
2.15228271484375
2.60919189453125
2.33935546875
2.77484130859375
2.71734619140625
2.58367919921875
2.69842529296875
2.2398681640625
2.73956298828125
2.4632568359375
2.78826904296875
3.0054931640625
2.90631103515625
2.386962890625
2.52685546875
2.70343017578125
2.4130859375
2.85797119140625
2.5330810546875
2.41436767578125
2.7100830078125
2.57073974609375
2.64984130859375
2.86602783203125
2.377685546875
2.52099609375
2.46368408203125
2.73870849609375
2.76947021484375
2.41461181640625
2.19427490234375
2.82891845703125
2.61517333984375
2.74578857421875
2.54498291015625
2.7071533203125
2.6531982421875
2.64031982421875
2.66412353515625
2.68804931640625
2.66876220703125
2.83203125
2.62200927734375
2.69268798828125
2.66558837890625
2.8355712890625
2.76312255859375
2.94036865234375
2.76068115234375
2.2130126953125
2.67706298828125
2.7841796875
2.6451416015625
2.600341796875
2.56707763671875
2.684814453125
2.54571533203125
1.99847412109375
2.32666015625
2.735595703125
2.74847412109375
2.8028564453125
2.47686767578125
2.7242431640625
2.6031494140625
2.959716796875
2.5618896484375
2.47784423828125
2.581298828125
2.559326171875
2.621826171875
2.7103271484375
2.5098876953125
2.05963134765625
2.612060546875
2.98101806640625
2.7510986328125
2.6722412109375
2.692626953125
2.53240966796875
2.63861083984375
2.64501953125
2.6190185546875
2.541015625
2.7274169921875
2.6470947265625
2.70672607421875
2.7237548828125
2.5252685546875
2.66815185546875
2.5947265625
2.676025390625
2.83270263671875
2.64471435546875
2.670166015625
2.72833251953125
2.78009033203125
2.58612060546875
2.64959716796875
2.68896484375
2.83551025390625
2.59307861328125
2.85333251953125
2.68511962890625
2.52392578125
2.4176025390625
2.46246337890625
2.511962890625
2.6370849609375
2.65179443359375
2.37530517578125
2.60369873046875
2.69793701171875
2.5560302734375
2.74127197265625
2.881591796875
2.73187255859375
2.70916748046875
2.59356689453125
2.42376708984375
2.99560546875
2.98150634765625
2.75115966796875
2.6453857421875
2.7342529296875
2.4422607421875
2.69732666015625
2.432861328125
2.55908203125
2.58837890625
2.73785400390625
