4.40802001953125
4.38592529296875
4.32415771484375
4.7474365234375
4.39117431640625
3.996337890625
4.20172119140625
4.28240966796875
4.7508544921875
4.473876953125
4.32867431640625
4.1851806640625
4.482666015625
4.333740234375
4.54541015625
4.30499267578125
4.83258056640625
4.6226806640625
4.59375
3.85931396484375
4.6644287109375
3.98663330078125
4.33453369140625
4.47430419921875
4.56787109375
4.50152587890625
4.31781005859375
4.34234619140625
4.38458251953125
4.29638671875
4.55548095703125
4.34930419921875
4.2034912109375
4.3140869140625
4.4560546875
4.4898681640625
4.3603515625
4.64190673828125
4.20538330078125
4.4737548828125
4.12689208984375
4.48175048828125
4.46038818359375
4.490478515625
4.1370849609375
4.486083984375
4.21826171875
4.39703369140625
4.22772216796875
4.6849365234375
4.92144775390625
3.97686767578125
4.1246337890625
4.12921142578125
4.545654296875
3.75042724609375
4.37554931640625
4.43414306640625
4.87054443359375
4.37896728515625
4.05535888671875
4.5560302734375
4.280517578125
4.392578125
4.55670166015625
4.57342529296875
4.25390625
4.31024169921875
4.2357177734375
4.185791015625
4.40106201171875
4.16912841796875
4.3031005859375
4.70074462890625
4.47930908203125
4.58428955078125
4.5078125
4.34747314453125
4.4769287109375
4.22607421875
4.33404541015625
4.69146728515625
4.4068603515625
4.28515625
4.56640625
4.68389892578125
4.53497314453125
4.4508056640625
4.2445068359375
4.06878662109375
4.46490478515625
4.31451416015625
4.703369140625
4.5203857421875
4.16241455078125
4.0638427734375
4.20745849609375
4.059326171875
4.26763916015625
4.5419921875
4.33343505859375
4.209228515625
4.35382080078125
4.2808837890625
4.28448486328125
4.5076904296875
4.229736328125
4.14630126953125
4.48175048828125
4.600341796875
4.37939453125
4.49932861328125
4.33221435546875
4.26214599609375
4.22119140625
4.431884765625
4.5264892578125
4.89569091796875
4.30780029296875
4.12261962890625
4.117431640625
4.71795654296875
4.21929931640625
4.492431640625
4.57708740234375
4.30133056640625
4.48162841796875
4.60540771484375
4.37969970703125
4.47674560546875
4.245361328125
4.271728515625
4.48553466796875
4.51568603515625
4.4404296875
4.48193359375
4.0396728515625
4.242919921875
4.25531005859375
4.3873291015625
4.30267333984375
4.49432373046875
4.446533203125
4.38433837890625
4.3572998046875
4.01788330078125
4.443115234375
4.32879638671875
4.45306396484375
4.34490966796875
4.57318115234375
4.39990234375
4.22314453125
4.367919921875
4.2972412109375
4.35845947265625
3.87969970703125
4.36322021484375
4.74969482421875
4.34332275390625
4.6044921875
4.53167724609375
4.573486328125
4.40509033203125
4.6748046875
4.44561767578125
4.55126953125
4.50628662109375
4.37786865234375
4.53118896484375
4.242919921875
4.70672607421875
4.046142578125
4.32470703125
4.8052978515625
4.412841796875
4.39141845703125
4.70782470703125
4.5225830078125
4.34075927734375
4.44110107421875
4.95062255859375
4.55963134765625
4.10711669921875
4.421630859375
4.14642333984375
4.515869140625
4.1319580078125
4.4794921875
4.6390380859375
4.1856689453125
4.4813232421875
4.69476318359375
4.10992431640625
4.59979248046875
4.43927001953125
4.41876220703125
4.21881103515625
4.56011962890625
4.224609375
4.6524658203125
4.411865234375
4.84295654296875
4.5247802734375
4.21575927734375
4.43011474609375
4.17266845703125
4.49810791015625
4.72125244140625
4.50341796875
4.29168701171875
4.63336181640625
4.45245361328125
4.8289794921875
3.9638671875
4.7664794921875
4.4158935546875
3.91741943359375
4.5413818359375
4.4521484375
4.716796875
4.0906982421875
4.34149169921875
4.47735595703125
3.9002685546875
4.244140625
4.58154296875
4.177001953125
3.826416015625
4.7259521484375
4.50823974609375
4.4881591796875
4.3203125
4.5992431640625
4.451904296875
4.477294921875
4.17071533203125
4.13177490234375
4.529052734375
4.37103271484375
4.26397705078125
4.555908203125
4.4154052734375
4.28387451171875
4.66448974609375
4.237548828125
4.25982666015625
4.14642333984375
4.3114013671875
4.7437744140625
4.69097900390625
4.6453857421875
4.30908203125
4.7215576171875
4.63494873046875
4.60223388671875
4.08209228515625
4.3831787109375
4.62841796875
4.14996337890625
4.45098876953125
4.40216064453125
4.25732421875
4.74285888671875
4.811279296875
4.61077880859375
4.51507568359375
4.1729736328125
4.548095703125
4.3271484375
4.5882568359375
4.5047607421875
4.540283203125
4.4913330078125
4.45513916015625
4.47296142578125
4.185302734375
4.81451416015625
4.37451171875
4.2034912109375
4.27978515625
4.44342041015625
4.41265869140625
4.57122802734375
4.16522216796875
4.40118408203125
4.3648681640625
4.166259765625
4.45184326171875
4.75341796875
4.7557373046875
4.39984130859375
4.770263671875
4.64892578125
4.466796875
4.56622314453125
4.77593994140625
4.5443115234375
4.5482177734375
4.59716796875
4.26641845703125
4.45941162109375
4.2293701171875
4.54669189453125
4.720703125
4.29376220703125
4.4541015625
4.75897216796875
4.308837890625
4.77032470703125
4.26446533203125
4.44891357421875
4.66375732421875
4.543212890625
4.57562255859375
4.42303466796875
4.1776123046875
4.48443603515625
4.0587158203125
4.36767578125
4.466552734375
4.60186767578125
4.223388671875
4.165283203125
4.30108642578125
4.35491943359375
4.71490478515625
4.41705322265625
4.21527099609375
4.3515625
4.5714111328125
4.38153076171875
4.286865234375
4.23785400390625
4.4405517578125
4.3411865234375
4.476318359375
4.29498291015625
4.086181640625
3.97869873046875
4.39642333984375
4.42425537109375
4.6602783203125
4.63787841796875
3.8663330078125
4.61334228515625
4.26531982421875
4.5555419921875
4.29119873046875
4.50555419921875
4.56396484375
4.3687744140625
4.41339111328125
3.9613037109375
4.2645263671875
4.39068603515625
4.67303466796875
4.0111083984375
4.29058837890625
4.36090087890625
4.62432861328125
4.26275634765625
4.2874755859375
4.3868408203125
4.71246337890625
4.5665283203125
4.33526611328125
4.270751953125
4.1551513671875
4.30499267578125
4.48101806640625
4.161376953125
4.46466064453125
4.5040283203125
4.150634765625
4.705078125
4.24163818359375
4.76983642578125
4.49176025390625
4.52081298828125
4.5064697265625
4.5164794921875
4.20184326171875
4.47955322265625
4.43572998046875
4.11334228515625
4.234375
4.6746826171875
4.0604248046875
4.60546875
4.3804931640625
4.5635986328125
4.531982421875
4.58502197265625
4.356689453125
4.470947265625
4.43994140625
4.37548828125
4.46795654296875
4.4564208984375
4.39324951171875
4.4615478515625
4.65533447265625
4.57073974609375
4.3885498046875
4.40301513671875
4.52557373046875
4.1224365234375
4.2904052734375
3.99139404296875
4.45635986328125
4.28192138671875
4.49969482421875
4.36083984375
4.314697265625
4.24871826171875
4.54248046875
4.470703125
4.376220703125
4.735595703125
4.28985595703125
4.27374267578125
4.501220703125
4.21441650390625
4.41949462890625
4.55523681640625
4.62548828125
4.48626708984375
4.488525390625
4.02105712890625
4.47674560546875
4.5147705078125
4.388427734375
4.34698486328125
4.38275146484375
4.214111328125
4.4486083984375
4.2113037109375
4.54217529296875
4.51043701171875
4.66363525390625
4.35101318359375
4.56866455078125
4.68658447265625
4.2154541015625
4.3934326171875
4.43121337890625
4.33892822265625
4.49395751953125
4.45745849609375
4.74090576171875
4.61676025390625
4.67645263671875
4.42620849609375
4.377685546875
4.78326416015625
4.3828125
4.1317138671875
4.49212646484375
4.3057861328125
4.65020751953125
4.7303466796875
4.1341552734375
4.67864990234375
4.55682373046875
4.1871337890625
4.0064697265625
4.44635009765625
4.47320556640625
4.3349609375
4.5841064453125
4.35064697265625
4.656982421875
4.37078857421875
4.6463623046875
4.46099853515625
4.31072998046875
4.04681396484375
4.51519775390625
4.45953369140625
4.50799560546875
4.08551025390625
4.39056396484375
4.2734375
4.59033203125
4.53204345703125
4.45574951171875
4.530029296875
4.77105712890625
4.26141357421875
4.25164794921875
4.79083251953125
4.4871826171875
4.20281982421875
4.1175537109375
4.0062255859375
4.38031005859375
4.317626953125
4.40399169921875
4.40399169921875
4.30096435546875
3.9639892578125
4.67108154296875
4.5538330078125
4.0743408203125
4.61859130859375
4.15777587890625
4.369140625
4.22735595703125
4.41326904296875
4.5247802734375
4.5267333984375
4.8123779296875
4.2781982421875
4.18218994140625
4.260498046875
4.39129638671875
4.61297607421875
4.27685546875
4.2086181640625
4.25286865234375
4.25341796875
4.5869140625
4.44049072265625
4.30535888671875
4.34539794921875
4.53253173828125
4.50909423828125
4.4180908203125
4.34259033203125
4.26312255859375
4.2760009765625
4.5411376953125
4.650634765625
4.52288818359375
4.5567626953125
4.15533447265625
4.2039794921875
4.53375244140625
4.1534423828125
4.47576904296875
4.23468017578125
4.4449462890625
4.34716796875
4.689208984375
4.43402099609375
4.500732421875
4.48345947265625
3.9088134765625
4.610107421875
4.3846435546875
4.3734130859375
4.3077392578125
4.55889892578125
4.43218994140625
4.3504638671875
4.407958984375
4.45477294921875
4.27301025390625
4.402587890625
4.635498046875
4.598876953125
4.31451416015625
4.4210205078125
4.49688720703125
4.58612060546875
4.32952880859375
4.588623046875
4.42144775390625
4.10626220703125
4.75750732421875
4.49090576171875
4.56195068359375
4.31915283203125
4.5179443359375
4.085693359375
4.57891845703125
4.4827880859375
4.508056640625
4.53656005859375
4.25567626953125
4.3115234375
5.0047607421875
4.3533935546875
4.6204833984375
4.38433837890625
3.97601318359375
4.25054931640625
4.1485595703125
4.43902587890625
4.26068115234375
4.38385009765625
4.17169189453125
4.09466552734375
4.51275634765625
4.522216796875
4.340576171875
4.292236328125
4.53289794921875
4.24969482421875
4.2108154296875
4.60833740234375
4.1124267578125
4.62188720703125
4.62310791015625
4.32574462890625
4.410400390625
4.030029296875
4.6842041015625
4.01898193359375
4.3165283203125
4.28570556640625
4.36090087890625
4.4049072265625
4.7142333984375
4.27142333984375
4.501220703125
4.34454345703125
4.1365966796875
4.49609375
4.3258056640625
4.6468505859375
4.4576416015625
4.326171875
3.9676513671875
4.55389404296875
3.83526611328125
4.604736328125
3.93951416015625
4.25030517578125
4.5914306640625
4.42987060546875
4.608154296875
4.6241455078125
4.67926025390625
4.59185791015625
4.45733642578125
4.26971435546875
4.52001953125
4.5797119140625
4.660400390625
4.3524169921875
4.6094970703125
4.47918701171875
4.681396484375
4.31817626953125
4.46484375
4.29437255859375
4.4761962890625
4.66876220703125
4.2646484375
4.75592041015625
4.718994140625
4.55596923828125
4.2877197265625
4.3704833984375
3.84490966796875
4.34722900390625
4.61956787109375
4.34991455078125
4.77215576171875
4.41748046875
4.36981201171875
4.3704833984375
4.33062744140625
4.331787109375
4.1778564453125
4.551025390625
4.41741943359375
4.496826171875
4.70758056640625
4.50628662109375
4.62445068359375
4.2880859375
4.4976806640625
4.54925537109375
4.4822998046875
4.40106201171875
4.697021484375
4.20391845703125
4.34686279296875
4.54638671875
4.14312744140625
4.1846923828125
4.62176513671875
4.49359130859375
4.44921875
4.23345947265625
4.65521240234375
4.55810546875
4.15570068359375
4.40826416015625
4.2926025390625
4.4908447265625
4.17071533203125
4.55072021484375
4.57354736328125
4.587646484375
4.72119140625
4.0426025390625
4.15838623046875
4.55242919921875
4.30474853515625
4.2889404296875
4.3148193359375
4.42333984375
4.2607421875
4.5736083984375
4.37579345703125
4.106201171875
4.43011474609375
4.46783447265625
4.55181884765625
4.3350830078125
3.78289794921875
3.98760986328125
4.38037109375
4.4903564453125
4.3914794921875
4.4703369140625
4.35528564453125
4.70263671875
4.541748046875
4.14306640625
4.52447509765625
4.11224365234375
4.57635498046875
4.08544921875
4.83856201171875
4.56256103515625
4.48358154296875
4.12530517578125
4.70758056640625
4.6641845703125
4.2823486328125
4.33856201171875
4.5399169921875
4.40997314453125
4.212890625
3.9193115234375
4.68658447265625
4.808837890625
4.58551025390625
4.4864501953125
4.5872802734375
4.32720947265625
4.67431640625
4.513671875
4.2899169921875
4.2584228515625
4.43572998046875
4.66046142578125
4.16534423828125
4.1326904296875
4.52349853515625
4.6038818359375
4.54541015625
4.156982421875
4.22540283203125
4.6463623046875
4.29052734375
4.32586669921875
4.75762939453125
4.19818115234375
4.70489501953125
4.4208984375
4.5888671875
4.59515380859375
4.6160888671875
4.80352783203125
4.19537353515625
4.259033203125
4.63739013671875
4.51800537109375
4.2108154296875
4.02490234375
4.50128173828125
4.41552734375
4.64837646484375
4.41522216796875
4.80377197265625
4.3485107421875
4.61358642578125
4.44171142578125
4.31451416015625
4.41729736328125
4.37237548828125
4.1585693359375
4.5687255859375
4.625732421875
4.49847412109375
4.48052978515625
4.35784912109375
