6.55926513671875
6.55926513671875
6.55926513671875
6.3094482421875
6.5859375
5.9423828125
5.8436279296875
6.695068359375
6.712158203125
6.47802734375
6.84991455078125
6.55743408203125
6.482421875
6.51458740234375
6.7723388671875
6.82763671875
6.7574462890625
6.61328125
6.66827392578125
6.60247802734375
6.79754638671875
6.52655029296875
6.90997314453125
6.77716064453125
6.7437744140625
6.822021484375
6.3939208984375
6.71771240234375
6.72100830078125
6.54461669921875
6.9405517578125
6.973388671875
6.4920654296875
6.67596435546875
6.6822509765625
6.39031982421875
7.2021484375
6.8582763671875
6.78411865234375
6.61181640625
6.625244140625
6.50933837890625
6.41650390625
7.1025390625
6.70758056640625
6.29217529296875
6.41650390625
6.47308349609375
6.9761962890625
6.6346435546875
6.7960205078125
6.351806640625
6.58294677734375
6.49609375
6.678466796875
6.92108154296875
6.70916748046875
6.71575927734375
6.5302734375
6.6739501953125
6.91583251953125
6.67230224609375
6.76593017578125
6.5611572265625
7.004150390625
6.69647216796875
6.57818603515625
6.67413330078125
6.66357421875
6.91131591796875
6.20733642578125
6.69989013671875
6.69525146484375
6.53033447265625
6.5701904296875
6.954345703125
6.8717041015625
6.87078857421875
6.66986083984375
6.73486328125
6.9256591796875
6.419189453125
6.6854248046875
6.59942626953125
6.339599609375
6.7711181640625
6.84124755859375
6.28997802734375
6.63543701171875
6.58514404296875
6.589599609375
6.5894775390625
6.448974609375
6.826171875
6.76708984375
6.22216796875
6.82733154296875
6.70343017578125
6.60797119140625
6.538330078125
6.549072265625
6.75433349609375
6.7528076171875
6.73419189453125
6.71514892578125
6.9840087890625
6.88262939453125
6.3289794921875
6.2418212890625
6.8677978515625
6.77728271484375
6.854736328125
6.83441162109375
6.79913330078125
6.26434326171875
6.56658935546875
6.768310546875
6.3106689453125
6.5499267578125
6.4871826171875
6.6510009765625
6.54168701171875
6.2332763671875
6.7325439453125
6.84539794921875
6.69140625
6.420166015625
6.5406494140625
6.60626220703125
6.6826171875
6.566650390625
6.2535400390625
6.86407470703125
6.70941162109375
6.4556884765625
6.81640625
6.700927734375
6.61517333984375
6.3077392578125
6.9302978515625
6.76031494140625
6.75286865234375
6.3763427734375
6.46722412109375
6.41650390625
6.72247314453125
6.3826904296875
6.5692138671875
6.62408447265625
6.5301513671875
6.210205078125
6.4571533203125
6.8348388671875
6.58837890625
6.9974365234375
6.96954345703125
6.99017333984375
7.104248046875
6.7147216796875
7.0438232421875
6.8563232421875
6.4818115234375
6.83642578125
6.52490234375
6.53643798828125
6.35089111328125
7.2135009765625
6.611328125
6.97076416015625
6.69573974609375
6.87115478515625
6.6881103515625
6.71282958984375
6.55389404296875
6.5406494140625
6.3621826171875
6.3707275390625
6.66748046875
6.3349609375
6.66058349609375
6.516357421875
6.76666259765625
6.65325927734375
7.16094970703125
6.25909423828125
6.6851806640625
6.99493408203125
6.93707275390625
6.42218017578125
6.11126708984375
6.49945068359375
6.79864501953125
6.617919921875
6.17694091796875
6.488037109375
6.467041015625
6.7103271484375
6.7947998046875
6.73455810546875
6.81268310546875
6.6539306640625
6.87078857421875
6.44451904296875
6.4437255859375
6.69189453125
6.74542236328125
6.6407470703125
6.66583251953125
6.73162841796875
7.0595703125
6.36309814453125
6.940673828125
6.894287109375
6.07196044921875
6.45989990234375
6.7481689453125
6.509765625
7.02142333984375
6.82928466796875
6.49945068359375
6.67926025390625
6.9788818359375
6.7252197265625
7.21588134765625
6.633544921875
6.65728759765625
6.7613525390625
6.3326416015625
6.44793701171875
6.716064453125
6.364013671875
6.12237548828125
6.27001953125
6.86737060546875
6.97528076171875
6.41552734375
6.3526611328125
6.64630126953125
6.6533203125
6.93817138671875
7.00054931640625
6.64288330078125
6.34844970703125
6.7020263671875
6.65093994140625
6.7039794921875
6.84283447265625
6.598388671875
6.685791015625
6.65191650390625
6.55694580078125
6.01385498046875
6.651123046875
7.03045654296875
6.63922119140625
6.75445556640625
6.82965087890625
6.855224609375
6.48541259765625
6.991455078125
6.7596435546875
6.51104736328125
6.42120361328125
7.049560546875
6.8951416015625
6.8717041015625
6.88427734375
6.5345458984375
6.7105712890625
6.7838134765625
6.492919921875
6.59381103515625
6.2078857421875
6.5860595703125
6.5028076171875
6.80712890625
6.81689453125
6.64434814453125
6.33642578125
6.677490234375
6.90576171875
6.91204833984375
5.83038330078125
6.62554931640625
6.98846435546875
6.68511962890625
5.82232666015625
6.05126953125
6.7239990234375
6.69561767578125
6.3258056640625
6.80181884765625
6.642333984375
7.0380859375
7.05096435546875
6.70989990234375
6.52105712890625
6.766845703125
6.783203125
6.93621826171875
6.57305908203125
6.53924560546875
6.71331787109375
6.82916259765625
6.5523681640625
6.5869140625
6.9293212890625
6.69921875
6.702880859375
6.78765869140625
7.05230712890625
6.57122802734375
6.46234130859375
6.609130859375
7.052978515625
6.829345703125
6.6396484375
6.31365966796875
6.1722412109375
6.86065673828125
6.23175048828125
6.60455322265625
6.3961181640625
6.6715087890625
6.7196044921875
6.57147216796875
6.37518310546875
6.7723388671875
6.4049072265625
6.6700439453125
6.12591552734375
6.55621337890625
6.5577392578125
6.67791748046875
6.60662841796875
6.82708740234375
6.74542236328125
6.56268310546875
6.67333984375
6.53204345703125
6.86553955078125
6.470947265625
6.60986328125
7.03204345703125
6.3614501953125
6.78607177734375
6.398193359375
6.94146728515625
6.73193359375
6.3768310546875
6.595947265625
6.67718505859375
6.66400146484375
6.55401611328125
6.231689453125
6.72088623046875
6.91632080078125
6.45196533203125
6.53350830078125
6.27313232421875
7.126953125
6.751953125
6.80078125
6.2427978515625
7.00390625
6.69012451171875
6.96142578125
6.67559814453125
7.1492919921875
6.5992431640625
6.7747802734375
6.68560791015625
6.8709716796875
6.62548828125
6.63427734375
6.52923583984375
6.40411376953125
6.78240966796875
6.6693115234375
7.02215576171875
6.4578857421875
6.4354248046875
6.75640869140625
6.85211181640625
6.55206298828125
6.7451171875
6.78314208984375
6.707275390625
6.46624755859375
6.35614013671875
6.7333984375
6.70538330078125
6.784423828125
6.9249267578125
6.61822509765625
6.4049072265625
6.1640625
6.39276123046875
6.7860107421875
6.71160888671875
6.6689453125
6.45458984375
6.1925048828125
7.00689697265625
6.7586669921875
6.5025634765625
7.1424560546875
6.77838134765625
6.99041748046875
6.93206787109375
6.9525146484375
7.00323486328125
6.4871826171875
6.53741455078125
6.59033203125
6.73492431640625
6.708984375
6.85113525390625
6.3885498046875
6.63458251953125
6.50030517578125
6.515869140625
6.4942626953125
7.06488037109375
6.77545166015625
6.86920166015625
6.76239013671875
6.84100341796875
6.69195556640625
7.03857421875
6.44854736328125
6.556640625
6.9627685546875
6.78070068359375
6.41217041015625
6.95367431640625
6.93438720703125
6.754150390625
6.39691162109375
6.32269287109375
6.56964111328125
6.55316162109375
6.85186767578125
6.94970703125
6.53692626953125
6.74554443359375
7.0618896484375
6.79742431640625
6.92041015625
6.72662353515625
6.6864013671875
6.73687744140625
6.31201171875
6.577392578125
6.7344970703125
6.6568603515625
6.6796875
6.65771484375
6.3731689453125
6.4935302734375
6.73760986328125
6.19012451171875
6.83099365234375
6.58935546875
6.60235595703125
6.87188720703125
7.04058837890625
6.70941162109375
6.91583251953125
6.41815185546875
6.44244384765625
7.06207275390625
6.7752685546875
6.70458984375
6.452880859375
6.68634033203125
6.65618896484375
6.297119140625
7.02337646484375
6.8272705078125
6.5648193359375
6.712890625
6.78521728515625
6.53265380859375
6.608154296875
7.13421630859375
6.453857421875
6.75390625
7.20550537109375
6.7813720703125
6.3187255859375
6.8450927734375
6.88427734375
6.48443603515625
6.7926025390625
6.7073974609375
6.6099853515625
7.16802978515625
6.79681396484375
6.4539794921875
6.25469970703125
6.58056640625
7.0057373046875
6.9708251953125
6.7318115234375
7.0003662109375
6.68609619140625
7.07684326171875
6.612060546875
6.73199462890625
6.55712890625
7.0155029296875
6.74951171875
6.9814453125
6.6116943359375
6.45068359375
6.94415283203125
6.47418212890625
6.7261962890625
6.89068603515625
6.786865234375
6.85223388671875
6.315673828125
6.60418701171875
6.79736328125
6.912353515625
6.77740478515625
6.59747314453125
6.79052734375
6.62786865234375
6.58197021484375
7.029296875
6.6661376953125
6.143798828125
7.156982421875
6.30291748046875
6.61163330078125
6.634765625
6.6943359375
6.552978515625
6.84954833984375
6.94775390625
6.5096435546875
6.869140625
6.7396240234375
6.550537109375
6.32366943359375
6.5897216796875
6.65606689453125
6.28558349609375
6.68011474609375
6.3505859375
6.23272705078125
6.69549560546875
6.8746337890625
6.603515625
6.66693115234375
6.5648193359375
6.8270263671875
6.82781982421875
6.64715576171875
6.74615478515625
6.84124755859375
6.64453125
6.78546142578125
6.4739990234375
6.6160888671875
6.62353515625
6.5753173828125
6.6094970703125
6.73150634765625
6.6148681640625
6.73297119140625
6.2735595703125
6.634765625
7.0616455078125
6.59039306640625
6.3114013671875
6.78082275390625
6.78094482421875
6.55145263671875
6.9002685546875
6.85699462890625
6.6365966796875
6.52447509765625
6.558837890625
6.5140380859375
6.9342041015625
6.62469482421875
6.57342529296875
6.72625732421875
6.7789306640625
7.010009765625
6.6126708984375
6.68243408203125
6.8126220703125
6.7806396484375
6.580078125
6.34716796875
6.7884521484375
6.7159423828125
6.82464599609375
6.5950927734375
6.9219970703125
6.6754150390625
6.8489990234375
6.86541748046875
6.52923583984375
6.43646240234375
6.7708740234375
6.7685546875
6.6982421875
6.87127685546875
6.93402099609375
6.8018798828125
6.7462158203125
6.0111083984375
6.73846435546875
6.6087646484375
6.555419921875
6.340576171875
6.36309814453125
6.7821044921875
6.09893798828125
6.5416259765625
6.8990478515625
6.31756591796875
6.45281982421875
6.18060302734375
6.4637451171875
6.6688232421875
6.7530517578125
6.4879150390625
6.935791015625
6.873291015625
6.60003662109375
6.87921142578125
6.78070068359375
6.56219482421875
6.675537109375
6.540283203125
6.42779541015625
6.64715576171875
7.14581298828125
6.11370849609375
6.39276123046875
6.5897216796875
6.49383544921875
6.744873046875
6.74664306640625
6.854248046875
6.41412353515625
6.6812744140625
6.54241943359375
6.740478515625
7.1890869140625
7.1060791015625
6.4776611328125
6.70416259765625
6.6832275390625
6.81195068359375
6.60723876953125
6.7874755859375
6.35595703125
6.90057373046875
7.10565185546875
6.4761962890625
6.46435546875
6.37017822265625
6.70367431640625
6.64715576171875
6.77459716796875
6.58819580078125
6.4521484375
6.547607421875
7.09881591796875
6.81451416015625
6.64361572265625
6.42852783203125
6.69464111328125
6.63458251953125
6.4180908203125
6.68585205078125
6.88629150390625
7.3359375
6.388916015625
6.61505126953125
6.9937744140625
6.82958984375
6.26959228515625
6.367919921875
6.23724365234375
7.0562744140625
6.62908935546875
6.0130615234375
6.8514404296875
6.46990966796875
6.881591796875
6.5638427734375
6.915283203125
6.9384765625
6.09088134765625
6.74664306640625
6.8450927734375
6.69903564453125
6.50823974609375
6.63812255859375
6.3443603515625
6.57586669921875
6.6329345703125
6.1055908203125
6.4974365234375
6.22088623046875
6.9068603515625
6.6904296875
6.8021240234375
6.40576171875
6.79864501953125
6.8985595703125
6.4088134765625
6.89874267578125
6.5230712890625
6.3494873046875
6.76116943359375
6.59881591796875
6.5289306640625
7.0567626953125
6.18572998046875
6.6627197265625
6.37933349609375
6.79376220703125
6.36126708984375
7.09600830078125
6.56524658203125
6.06951904296875
6.75732421875
6.453125
6.3453369140625
6.776611328125
6.76239013671875
6.79119873046875
7.1729736328125
6.52886962890625
6.6839599609375
7.02459716796875
6.826904296875
6.3516845703125
6.690673828125
6.3438720703125
6.5284423828125
6.69775390625
6.71673583984375
6.74566650390625
6.4644775390625
6.75067138671875
6.424560546875
6.77960205078125
6.3388671875
5.96173095703125
5.9024658203125
6.677734375
6.94305419921875
6.61590576171875
6.5733642578125
7.082275390625
6.71844482421875
6.64874267578125
6.88226318359375
6.660400390625
6.9002685546875
6.84521484375
6.61566162109375
6.735595703125
6.5999755859375
6.6365966796875
6.9185791015625
6.7926025390625
6.97509765625
6.94781494140625
6.78900146484375
6.40667724609375
6.80828857421875
6.406005859375
7.092041015625
6.59814453125
6.6416015625
