0.82342529296875
0.82342529296875
0.82342529296875
0.71588134765625
0.8289794921875
0.8675537109375
0.72027587890625
0.82977294921875
0.59954833984375
0.85797119140625
0.71746826171875
0.836669921875
0.858154296875
0.85247802734375
0.89434814453125
0.7574462890625
0.8475341796875
0.664794921875
0.7633056640625
1.1820068359375
0.7960205078125
0.71917724609375
0.85931396484375
0.90008544921875
0.9322509765625
0.99005126953125
0.87750244140625
0.82208251953125
0.71435546875
0.93341064453125
0.836181640625
0.91424560546875
0.877685546875
0.8768310546875
0.82952880859375
0.82855224609375
0.88916015625
0.828857421875
0.6966552734375
0.8453369140625
0.760009765625
0.71044921875
0.5423583984375
0.6329345703125
0.7562255859375
0.9996337890625
0.71319580078125
0.72711181640625
0.7943115234375
0.8209228515625
0.6600341796875
0.81585693359375
0.852294921875
0.6744384765625
0.78668212890625
0.65118408203125
0.72113037109375
0.8544921875
0.90472412109375
0.7021484375
0.69415283203125
0.68414306640625
0.890625
0.8909912109375
0.81744384765625
0.84332275390625
0.6697998046875
0.8731689453125
0.781005859375
0.7252197265625
0.92706298828125
0.70733642578125
0.657958984375
0.8292236328125
0.925537109375
0.81451416015625
0.8548583984375
0.90826416015625
0.8662109375
0.83831787109375
0.83355712890625
0.8580322265625
0.947265625
0.68267822265625
0.792724609375
0.95562744140625
0.7674560546875
0.77227783203125
1.3226318359375
0.8565673828125
0.8262939453125
0.63885498046875
0.74908447265625
0.95159912109375
0.7999267578125
0.63671875
0.74066162109375
0.8184814453125
0.88958740234375
0.78143310546875
0.8951416015625
0.63092041015625
0.778076171875
0.81103515625
1.02862548828125
0.7685546875
1.06884765625
0.7713623046875
0.81451416015625
0.92645263671875
0.75787353515625
0.83331298828125
0.9462890625
0.91424560546875
0.74688720703125
0.90533447265625
0.91290283203125
0.74688720703125
0.86834716796875
0.9521484375
0.83203125
0.83819580078125
0.70928955078125
0.8992919921875
0.768798828125
0.83050537109375
0.6661376953125
0.89691162109375
0.83282470703125
0.64569091796875
0.8038330078125
0.78875732421875
0.7811279296875
0.81951904296875
0.6650390625
0.587646484375
0.98565673828125
0.8094482421875
0.7020263671875
0.76025390625
0.74371337890625
0.8770751953125
0.8902587890625
0.81158447265625
0.79998779296875
0.82159423828125
0.79443359375
0.7581787109375
0.93560791015625
0.583984375
0.88262939453125
0.64813232421875
0.6812744140625
0.77197265625
0.85296630859375
0.96990966796875
0.80859375
0.8643798828125
0.91412353515625
0.63629150390625
0.74615478515625
0.83544921875
0.988525390625
0.6798095703125
0.75079345703125
0.83367919921875
0.8345947265625
0.69573974609375
0.748046875
0.90875244140625
0.9256591796875
0.937255859375
0.76995849609375
0.83758544921875
0.9517822265625
0.75006103515625
0.69305419921875
0.8359375
0.75567626953125
0.775390625
0.68890380859375
0.7686767578125
0.76092529296875
1.00823974609375
0.80865478515625
0.87005615234375
0.8123779296875
0.80206298828125
0.5242919921875
0.71392822265625
0.80902099609375
0.65625
1.01324462890625
0.802490234375
0.80804443359375
0.84014892578125
0.73724365234375
0.615478515625
0.67230224609375
0.73370361328125
0.91143798828125
0.762451171875
0.80181884765625
0.79327392578125
0.825927734375
0.605712890625
0.79541015625
0.64825439453125
0.63641357421875
0.785888671875
0.677001953125
0.75482177734375
0.82159423828125
0.942626953125
0.8177490234375
0.8607177734375
0.70562744140625
0.82830810546875
0.84576416015625
0.832763671875
0.86859130859375
1.00738525390625
0.9556884765625
0.8533935546875
0.82025146484375
0.781982421875
0.7694091796875
0.7449951171875
0.8214111328125
0.8133544921875
0.6298828125
0.8204345703125
1.1512451171875
0.72564697265625
0.756591796875
0.5989990234375
0.69183349609375
0.80035400390625
1.00811767578125
0.80670166015625
0.86614990234375
0.67950439453125
0.921142578125
0.71429443359375
0.88232421875
0.96600341796875
1.1387939453125
0.78155517578125
0.7972412109375
0.89154052734375
0.64886474609375
0.78271484375
0.8370361328125
0.8310546875
0.57061767578125
0.92059326171875
0.71649169921875
0.80328369140625
0.90252685546875
0.85467529296875
0.7998046875
0.89691162109375
0.8861083984375
0.80108642578125
0.704345703125
0.8826904296875
0.96441650390625
0.6358642578125
0.76141357421875
0.84564208984375
0.7838134765625
0.78271484375
0.669921875
0.67828369140625
0.56866455078125
0.977783203125
0.67181396484375
0.9329833984375
0.86199951171875
0.96221923828125
0.70849609375
0.87872314453125
0.81793212890625
0.796142578125
0.86248779296875
0.9593505859375
0.62969970703125
0.83441162109375
0.8023681640625
0.714599609375
0.8809814453125
0.66790771484375
0.8795166015625
0.7325439453125
0.95208740234375
0.61376953125
0.9432373046875
0.6153564453125
0.897216796875
0.8380126953125
0.84918212890625
0.8944091796875
0.5933837890625
0.88543701171875
0.85821533203125
0.873779296875
0.95538330078125
0.98583984375
0.99639892578125
0.7994384765625
1.31976318359375
0.805419921875
0.85443115234375
0.90972900390625
0.7559814453125
0.8138427734375
0.9874267578125
0.7825927734375
0.9234619140625
0.84698486328125
0.8966064453125
0.59454345703125
0.71124267578125
0.60394287109375
0.704833984375
0.77685546875
0.767578125
0.774169921875
0.9632568359375
0.88665771484375
0.9373779296875
0.8724365234375
0.67626953125
0.77508544921875
0.6251220703125
0.807373046875
0.8486328125
0.9097900390625
0.8267822265625
0.82537841796875
0.65325927734375
0.76031494140625
0.867431640625
0.7977294921875
0.82421875
0.59442138671875
0.694580078125
0.77618408203125
0.7808837890625
0.72637939453125
0.9505615234375
0.819580078125
0.8544921875
0.60906982421875
0.79461669921875
0.87493896484375
0.8350830078125
0.8023681640625
0.895263671875
0.7987060546875
0.82269287109375
0.89691162109375
0.955322265625
0.95709228515625
0.7308349609375
0.90594482421875
1.02410888671875
0.7628173828125
0.66070556640625
0.7664794921875
0.803466796875
0.68310546875
0.748046875
0.68792724609375
0.6026611328125
1.01373291015625
0.84320068359375
1.0164794921875
0.8492431640625
0.896728515625
0.98114013671875
0.8929443359375
0.8172607421875
0.76922607421875
0.78009033203125
0.87835693359375
0.85223388671875
0.85888671875
0.78204345703125
0.8671875
0.85235595703125
0.90020751953125
0.884765625
0.77447509765625
0.80718994140625
0.71099853515625
0.8779296875
0.75946044921875
0.8857421875
0.71673583984375
0.7774658203125
0.98626708984375
0.76678466796875
0.8421630859375
0.7763671875
0.74725341796875
0.72320556640625
0.849365234375
0.84674072265625
0.81756591796875
0.75665283203125
0.7392578125
0.8133544921875
0.97027587890625
1.3223876953125
0.93194580078125
0.8529052734375
0.9453125
0.9141845703125
0.85955810546875
0.77734375
0.8365478515625
0.77392578125
0.888427734375
0.963134765625
0.69580078125
0.86505126953125
0.80926513671875
0.7935791015625
0.75836181640625
0.92926025390625
0.7230224609375
0.6307373046875
0.86236572265625
0.89306640625
0.77166748046875
0.86492919921875
1.12188720703125
0.90869140625
0.88665771484375
0.802490234375
0.8087158203125
0.8572998046875
0.8199462890625
0.74395751953125
0.63934326171875
0.63787841796875
1.0626220703125
0.767578125
0.775634765625
0.787841796875
0.90899658203125
0.7401123046875
0.92523193359375
0.75677490234375
0.744873046875
0.5592041015625
0.94036865234375
0.69036865234375
0.87176513671875
0.9061279296875
0.9296875
0.7994384765625
0.90057373046875
0.91778564453125
0.67144775390625
0.734619140625
0.7945556640625
1.0887451171875
0.9603271484375
0.81231689453125
0.8385009765625
1.09130859375
0.94097900390625
0.73834228515625
0.76953125
0.78466796875
1.04522705078125
0.854736328125
0.71148681640625
0.62066650390625
0.8646240234375
0.8046875
0.8458251953125
0.80206298828125
0.791259765625
0.91717529296875
0.7596435546875
0.933349609375
1.0111083984375
0.945556640625
1.02618408203125
0.85565185546875
0.6944580078125
0.86895751953125
0.95233154296875
0.8876953125
0.993408203125
0.835205078125
0.63653564453125
0.81121826171875
0.86981201171875
0.7752685546875
0.9285888671875
0.7830810546875
0.771728515625
0.85174560546875
0.772216796875
0.6907958984375
0.7137451171875
0.83990478515625
0.92852783203125
0.7752685546875
0.82940673828125
0.82958984375
1.02655029296875
0.9610595703125
0.91473388671875
0.7470703125
0.61431884765625
0.91900634765625
0.89990234375
1.0733642578125
0.99847412109375
0.77288818359375
0.83428955078125
0.827392578125
0.66363525390625
0.7767333984375
0.74822998046875
0.66552734375
0.990478515625
0.85052490234375
0.89837646484375
0.77545166015625
0.89581298828125
0.78753662109375
0.88604736328125
0.80810546875
0.9561767578125
0.8087158203125
0.83203125
0.725830078125
0.82061767578125
0.95245361328125
0.91412353515625
0.74676513671875
0.8701171875
0.8668212890625
0.75390625
0.7877197265625
0.69952392578125
0.9405517578125
0.66632080078125
0.86578369140625
0.85491943359375
0.83770751953125
0.81109619140625
0.875732421875
0.81805419921875
0.7979736328125
0.8115234375
0.8359375
0.76812744140625
0.81341552734375
0.8538818359375
0.728759765625
0.91485595703125
0.8507080078125
0.74688720703125
0.7867431640625
0.88507080078125
0.80560302734375
0.86126708984375
0.78509521484375
0.8660888671875
0.943115234375
0.8101806640625
0.8994140625
1.10906982421875
0.61248779296875
0.84820556640625
0.843994140625
0.90313720703125
0.83526611328125
0.76544189453125
0.94268798828125
0.66986083984375
0.9664306640625
0.9012451171875
0.6937255859375
0.8970947265625
0.69732666015625
0.79241943359375
0.7708740234375
1.0008544921875
0.80889892578125
0.8634033203125
0.6888427734375
0.9195556640625
0.79986572265625
0.57122802734375
0.8048095703125
0.962646484375
0.87005615234375
0.68603515625
0.76324462890625
0.71673583984375
0.8603515625
0.7554931640625
0.81219482421875
0.77532958984375
1.0023193359375
0.59197998046875
0.95257568359375
1.0174560546875
0.7589111328125
0.8519287109375
0.90789794921875
0.793701171875
0.647705078125
0.9425048828125
0.81756591796875
0.8511962890625
0.644287109375
0.81744384765625
0.6787109375
1.12945556640625
0.69598388671875
0.6942138671875
0.8173828125
0.75982666015625
0.8028564453125
0.70819091796875
0.806640625
0.83349609375
0.77862548828125
0.93414306640625
0.55084228515625
0.73333740234375
0.86859130859375
0.72021484375
0.823974609375
0.83258056640625
0.86480712890625
0.75537109375
0.76153564453125
1.00164794921875
0.72955322265625
0.92352294921875
0.756103515625
1.01715087890625
1.00067138671875
0.772705078125
0.79962158203125
0.90826416015625
0.763427734375
0.6148681640625
0.740478515625
1.1014404296875
0.653564453125
0.9144287109375
0.92742919921875
0.81256103515625
0.80584716796875
0.5775146484375
0.6888427734375
0.85516357421875
0.8914794921875
0.8717041015625
0.83880615234375
0.9622802734375
0.8519287109375
0.7291259765625
0.82476806640625
0.93670654296875
0.93951416015625
0.76080322265625
0.86651611328125
0.728271484375
0.76361083984375
0.86474609375
1.03759765625
0.8145751953125
0.8026123046875
0.93414306640625
0.76300048828125
0.6883544921875
0.76361083984375
0.95916748046875
0.69525146484375
0.79473876953125
0.876220703125
0.867919921875
0.8731689453125
0.833984375
0.8214111328125
0.922607421875
0.83251953125
0.83673095703125
0.84344482421875
0.8428955078125
0.93109130859375
0.62030029296875
0.820068359375
0.8192138671875
0.75860595703125
0.73046875
0.6822509765625
1.00384521484375
0.9359130859375
0.92205810546875
0.890869140625
0.67291259765625
1.12982177734375
0.57427978515625
0.81781005859375
0.8485107421875
0.7664794921875
0.81591796875
0.795654296875
0.78887939453125
1.0072021484375
0.975341796875
0.90863037109375
0.75286865234375
0.8720703125
0.83612060546875
0.8131103515625
0.89556884765625
0.77899169921875
0.959716796875
0.5943603515625
0.82379150390625
0.85089111328125
0.7288818359375
0.73529052734375
0.87542724609375
0.88201904296875
0.7401123046875
0.85052490234375
0.9541015625
0.83050537109375
0.9310302734375
0.8055419921875
0.850341796875
0.77947998046875
0.78558349609375
1.014892578125
1.03118896484375
0.90130615234375
0.72882080078125
0.93780517578125
0.85968017578125
0.85284423828125
0.85211181640625
0.73486328125
0.87103271484375
0.8038330078125
0.81488037109375
0.6263427734375
0.8056640625
0.83001708984375
0.86962890625
0.814453125
0.75390625
0.82452392578125
0.88629150390625
0.760009765625
0.81561279296875
0.88140869140625
0.72174072265625
0.96917724609375
0.78875732421875
0.8060302734375
0.79248046875
0.82489013671875
0.84716796875
0.74468994140625
0.66998291015625
0.79010009765625
1.1485595703125
0.8006591796875
0.86199951171875
0.69390869140625
0.86517333984375
0.80023193359375
0.77197265625
0.81829833984375
0.80584716796875
0.6826171875
0.9105224609375
0.88214111328125
0.822509765625
0.9405517578125
0.8045654296875
0.81085205078125
0.8050537109375
0.85986328125
0.6861572265625
1.0196533203125
0.7247314453125
0.7774658203125
0.75244140625
0.85504150390625
0.7554931640625
1.02215576171875
0.8160400390625
0.587158203125
0.8564453125
0.94378662109375
0.809326171875
0.93792724609375
0.797119140625
0.769775390625
0.95977783203125
0.66900634765625
0.78070068359375
0.70361328125
0.96875
0.78533935546875
0.808837890625
0.7403564453125
0.82757568359375
0.9407958984375
0.87255859375
0.98760986328125
0.7618408203125
0.808837890625
0.65472412109375
0.87762451171875
0.71087646484375
0.8326416015625
0.742431640625
0.84478759765625
0.81170654296875
0.87322998046875
0.8636474609375
1.02752685546875
0.80560302734375
0.77191162109375
0.937255859375
0.72021484375
0.80242919921875
0.8240966796875
0.8154296875
1.08154296875
0.80572509765625
1.002685546875
0.7615966796875
0.81787109375
0.93798828125
1.03167724609375
0.9793701171875
0.88311767578125
0.8726806640625
0.78485107421875
0.93438720703125
0.7149658203125
0.7435302734375
0.8233642578125
0.89654541015625
0.8431396484375
0.8504638671875
0.60113525390625
0.91131591796875
0.90771484375
0.8267822265625
0.81610107421875
0.63580322265625
0.865478515625
0.76080322265625
0.8587646484375
0.817138671875
0.87506103515625
0.65850830078125
0.7943115234375
0.88519287109375
0.81671142578125
0.89825439453125
0.90020751953125
0.8277587890625
0.64202880859375
1.00616455078125
0.84161376953125
0.772216796875
0.78448486328125
0.65655517578125
1.0120849609375
