4.020751953125
4.020751953125
4.020751953125
4.020751953125
4.020751953125
4.020751953125
4.020751953125
4.12603759765625
4.23419189453125
3.82965087890625
4.43353271484375
3.96246337890625
4.15374755859375
4.061767578125
4.17041015625
3.8143310546875
3.95166015625
3.802978515625
4.04290771484375
3.825439453125
4.2626953125
3.99932861328125
4.3505859375
3.9896240234375
4.2052001953125
3.742431640625
4.3243408203125
3.878662109375
4.18853759765625
4.59771728515625
4.27691650390625
4.19256591796875
4.09686279296875
4.10638427734375
3.68402099609375
4.13482666015625
3.85150146484375
3.966552734375
3.7830810546875
4.02716064453125
4.053466796875
4.17156982421875
4.403076171875
4.16357421875
4.2723388671875
3.913818359375
3.89373779296875
3.98907470703125
3.85650634765625
3.7891845703125
4.255615234375
3.70025634765625
4.15771484375
4.11749267578125
3.67156982421875
3.748291015625
3.972412109375
4.3099365234375
3.9071044921875
3.94329833984375
3.8223876953125
3.71295166015625
3.852294921875
4.099609375
4.35235595703125
4.1204833984375
3.71148681640625
4.10809326171875
4.131103515625
4.14361572265625
3.97296142578125
3.815185546875
3.97540283203125
4.115478515625
4.2698974609375
3.7001953125
3.93231201171875
4.1209716796875
3.87030029296875
4.2364501953125
3.74859619140625
4.20318603515625
4.11492919921875
4.03204345703125
3.97161865234375
4.03839111328125
3.9737548828125
4.10064697265625
3.89068603515625
4.186767578125
4.0517578125
3.97344970703125
4.18310546875
4.23382568359375
4.08941650390625
4.05419921875
3.62750244140625
3.99407958984375
4.129150390625
3.98291015625
4.15032958984375
3.78729248046875
3.9793701171875
3.9293212890625
4.06195068359375
3.78228759765625
4.11138916015625
3.97711181640625
4.00469970703125
3.957763671875
3.9925537109375
3.83258056640625
4.02337646484375
3.88763427734375
3.5416259765625
3.89898681640625
4.28668212890625
4.14739990234375
4.06243896484375
3.53900146484375
3.9598388671875
4.032470703125
3.941162109375
4.16314697265625
4.16119384765625
4.0228271484375
3.92718505859375
3.6502685546875
3.9324951171875
3.93670654296875
3.8179931640625
3.82818603515625
3.78448486328125
3.889892578125
3.85491943359375
3.55963134765625
4.05194091796875
3.8951416015625
3.880615234375
3.92437744140625
3.89593505859375
3.85406494140625
3.80975341796875
3.692138671875
4.1326904296875
3.76763916015625
3.69317626953125
3.96966552734375
3.8966064453125
4.03521728515625
4.0784912109375
3.84771728515625
4.2864990234375
4.028564453125
4.06292724609375
3.75286865234375
4.07196044921875
3.9986572265625
3.83489990234375
3.78057861328125
3.97265625
3.813720703125
4.16668701171875
3.94769287109375
3.8961181640625
3.94866943359375
4.1348876953125
4.0697021484375
3.94854736328125
4.07037353515625
3.70220947265625
3.9320068359375
4.0357666015625
4.06890869140625
4.28411865234375
3.53900146484375
4.22540283203125
4.184326171875
3.998779296875
3.60894775390625
4.1343994140625
4.04974365234375
4.045654296875
3.69805908203125
4.00958251953125
4.204833984375
4.12188720703125
4.09228515625
3.77294921875
4.08270263671875
3.889892578125
4.08160400390625
4.24505615234375
3.7364501953125
4.07940673828125
4.03656005859375
4.09716796875
4.20892333984375
3.60552978515625
3.84161376953125
4.24908447265625
4.12738037109375
4.1734619140625
3.94793701171875
3.83660888671875
4.16766357421875
4.24896240234375
3.917236328125
4.12982177734375
4.18798828125
4.18231201171875
3.97003173828125
3.73126220703125
4.4002685546875
4.11431884765625
3.9691162109375
3.92279052734375
3.89935302734375
3.9871826171875
4.0064697265625
3.66168212890625
3.985107421875
3.97808837890625
4.2989501953125
3.98907470703125
3.51239013671875
4.11920166015625
4.16644287109375
3.91845703125
4.387939453125
3.4830322265625
3.99676513671875
3.72930908203125
4.1986083984375
3.850341796875
3.6865234375
3.657958984375
3.9752197265625
3.8758544921875
4.26324462890625
4.08538818359375
4.371337890625
4.248046875
4.196044921875
3.8121337890625
4.25238037109375
4.198974609375
4.25616455078125
4.19281005859375
4.033447265625
4.3955078125
4.1571044921875
3.561767578125
3.8046875
3.9322509765625
3.673583984375
3.90570068359375
3.91571044921875
3.84912109375
3.90045166015625
3.8804931640625
4.22589111328125
3.923583984375
4.32916259765625
4.049072265625
4.02764892578125
4.1468505859375
3.94696044921875
4.057373046875
4.21917724609375
3.77508544921875
3.9384765625
4.114990234375
3.715087890625
4.36492919921875
4.18609619140625
3.85400390625
3.583740234375
4.0303955078125
4.041748046875
3.83416748046875
4.00042724609375
4.0823974609375
3.738037109375
3.91571044921875
4.2808837890625
3.85687255859375
4.22723388671875
4.01959228515625
4.1766357421875
4.23956298828125
4.05572509765625
3.63543701171875
3.93701171875
4.09503173828125
4.0391845703125
3.866943359375
4.191650390625
4.0765380859375
3.884521484375
4.13873291015625
3.8004150390625
3.89495849609375
4.122802734375
3.804443359375
4.083984375
3.99810791015625
4.17242431640625
3.8277587890625
3.99676513671875
4.13909912109375
3.85845947265625
3.8724365234375
4.13507080078125
4.1741943359375
4.04010009765625
3.97119140625
3.974609375
3.98187255859375
3.3985595703125
3.7530517578125
4.0848388671875
4.14642333984375
4.19598388671875
3.6761474609375
3.94097900390625
4.1966552734375
3.95660400390625
3.9749755859375
4.15484619140625
3.990478515625
3.93743896484375
3.82427978515625
3.7269287109375
4.0411376953125
3.80889892578125
3.55621337890625
3.68505859375
4.06964111328125
3.74627685546875
3.778564453125
4.26397705078125
4.2139892578125
3.9896240234375
4.34893798828125
3.847412109375
3.83697509765625
4.25238037109375
3.59466552734375
4.12347412109375
3.61822509765625
4.4083251953125
3.97479248046875
4.071044921875
3.920166015625
4.20184326171875
3.9267578125
3.82708740234375
4.01409912109375
4.4517822265625
4.00164794921875
3.79498291015625
3.95068359375
4.02935791015625
4.050537109375
4.26373291015625
4.06005859375
4.00286865234375
4.20703125
4.24365234375
3.79400634765625
3.8524169921875
4.126708984375
4.1986083984375
4.13525390625
4.185791015625
4.11981201171875
4.2149658203125
4.2269287109375
4.13983154296875
3.98345947265625
3.90771484375
4.1766357421875
3.9097900390625
3.7857666015625
3.828125
3.9884033203125
3.57452392578125
4.26239013671875
4.18328857421875
4.1033935546875
3.96337890625
3.9512939453125
3.91064453125
4.323974609375
4.14154052734375
3.98675537109375
3.6287841796875
3.991943359375
3.79595947265625
4.0931396484375
4.2017822265625
4.00189208984375
3.95123291015625
3.93609619140625
4.22003173828125
4.06427001953125
4.2955322265625
4.0411376953125
3.70062255859375
3.900390625
3.866943359375
3.7615966796875
3.865234375
4.1043701171875
3.98388671875
4.1927490234375
4.16156005859375
3.75653076171875
4.1787109375
4.11083984375
3.873779296875
4.190185546875
3.902587890625
4.13372802734375
4.12615966796875
4.0040283203125
3.75677490234375
3.842041015625
4.1715087890625
4.34027099609375
3.89453125
4.18682861328125
3.69464111328125
4.0743408203125
3.94671630859375
4.33917236328125
3.9417724609375
3.70556640625
3.69287109375
4.2642822265625
4.1148681640625
3.67242431640625
4.21392822265625
4.04327392578125
3.93060302734375
3.97821044921875
3.97381591796875
4.13482666015625
4.21258544921875
4.11041259765625
3.94329833984375
3.7685546875
3.95123291015625
4.3134765625
4.4632568359375
4.07513427734375
4.30413818359375
4.1016845703125
3.65338134765625
3.78558349609375
4.03399658203125
4.05426025390625
4.06341552734375
4.2069091796875
3.966064453125
4.06121826171875
4.375244140625
4.0321044921875
3.85198974609375
3.65869140625
4.25555419921875
4.35888671875
4.24542236328125
4.36334228515625
4.1171875
4.1417236328125
3.80328369140625
3.985107421875
4.04205322265625
4.053466796875
3.9091796875
4.1741943359375
4.29608154296875
3.802001953125
4.0867919921875
3.79547119140625
4.11712646484375
3.8994140625
4.25775146484375
4.01788330078125
4.165771484375
4.22882080078125
3.6656494140625
3.81341552734375
3.66912841796875
3.99395751953125
4.06695556640625
3.85137939453125
3.86260986328125
3.8167724609375
3.7694091796875
4.0325927734375
4.09747314453125
4.10150146484375
4.06829833984375
4.339111328125
3.7760009765625
3.54449462890625
4.20916748046875
3.94549560546875
4.00543212890625
3.97412109375
4.0501708984375
4.15155029296875
3.9443359375
3.8807373046875
3.49700927734375
3.30230712890625
4.22515869140625
3.64605712890625
4.336669921875
4.09942626953125
4.06500244140625
4.2359619140625
3.9996337890625
4.23681640625
3.958984375
4.09600830078125
3.98504638671875
3.5584716796875
4.15673828125
3.72747802734375
3.65020751953125
4.0360107421875
4.02716064453125
3.95294189453125
3.710205078125
4.0577392578125
3.92840576171875
4.027099609375
4.2828369140625
4.00482177734375
4.22491455078125
4.150634765625
3.8682861328125
3.98614501953125
3.75396728515625
4.2069091796875
4.52862548828125
3.97943115234375
4.23394775390625
4.24432373046875
4.05267333984375
4.380859375
4.13299560546875
4.01611328125
3.973876953125
3.934814453125
3.80023193359375
3.88653564453125
4.1170654296875
4.09033203125
3.80426025390625
4.26416015625
3.87200927734375
4.22625732421875
3.97479248046875
4.02734375
4.2017822265625
3.96923828125
4.1402587890625
4.05615234375
4.09356689453125
4.232666015625
3.9271240234375
4.0091552734375
4.08642578125
4.2296142578125
4.14727783203125
4.227783203125
4.19927978515625
4.11517333984375
4.323974609375
4.19403076171875
3.9417724609375
4.35595703125
3.96038818359375
4.1533203125
4.185302734375
4.1607666015625
3.97015380859375
4.005126953125
4.2647705078125
3.85882568359375
4.03485107421875
3.6710205078125
4.16845703125
3.92913818359375
4.0762939453125
4.10467529296875
4.08917236328125
4.1890869140625
4.32568359375
4.02496337890625
3.90472412109375
4.2249755859375
3.97576904296875
4.04498291015625
3.71405029296875
4.16058349609375
3.940673828125
3.72216796875
3.675537109375
3.86334228515625
4.23779296875
3.8638916015625
4.3848876953125
4.20159912109375
3.907958984375
3.95379638671875
3.92138671875
3.8419189453125
3.53448486328125
3.7364501953125
3.74920654296875
3.6363525390625
3.79498291015625
4.2066650390625
4.233642578125
3.71331787109375
4.1893310546875
3.91448974609375
4.17388916015625
4.13922119140625
4.10028076171875
4.24664306640625
4.16363525390625
3.990966796875
3.8865966796875
3.9022216796875
4.00830078125
4.04833984375
3.81475830078125
3.86614990234375
3.9708251953125
4.1917724609375
3.99627685546875
4.174560546875
3.83306884765625
4.03851318359375
4.30126953125
4.2745361328125
3.8182373046875
3.93609619140625
3.9169921875
3.5897216796875
4.1463623046875
4.3126220703125
3.81585693359375
4.2386474609375
4.10626220703125
4.13531494140625
4.234619140625
4.14910888671875
3.77783203125
4.251953125
4.250732421875
4.12249755859375
3.9808349609375
3.96624755859375
4.04876708984375
4.219482421875
4.15118408203125
3.969482421875
3.80609130859375
4.09124755859375
4.1239013671875
4.23309326171875
4.089599609375
3.74334716796875
4.29156494140625
3.787841796875
3.9652099609375
4.19580078125
4.16705322265625
3.88519287109375
3.58184814453125
3.81268310546875
4.02960205078125
3.9447021484375
4.00701904296875
3.96856689453125
3.8443603515625
4.058837890625
4.26947021484375
4.28704833984375
4.10528564453125
4.11859130859375
4.1484375
3.7960205078125
3.60870361328125
4.1484375
4.22369384765625
3.849853515625
3.8743896484375
3.9022216796875
4.18865966796875
4.36297607421875
4.07568359375
4.22698974609375
4.1063232421875
3.82989501953125
3.73602294921875
4.19866943359375
3.98992919921875
3.8885498046875
4.030517578125
4.0482177734375
4.16436767578125
4.0927734375
4.419189453125
4.47454833984375
4.0634765625
3.92547607421875
4.26434326171875
4.06561279296875
4.189697265625
3.932861328125
3.86932373046875
4.32293701171875
3.998046875
4.16204833984375
4.21966552734375
3.93560791015625
4.08013916015625
4.14447021484375
4.2244873046875
4.0523681640625
3.98846435546875
3.89727783203125
3.94696044921875
4.0257568359375
3.8079833984375
4.28839111328125
3.93255615234375
4.16455078125
4.12298583984375
4.1309814453125
4.37042236328125
4.0745849609375
4.3526611328125
3.89398193359375
3.85980224609375
3.75494384765625
4.0352783203125
4.02581787109375
3.8221435546875
4.16668701171875
3.96466064453125
3.91021728515625
4.4095458984375
3.87554931640625
3.69049072265625
3.6304931640625
4.19073486328125
4.0181884765625
3.546630859375
4.26239013671875
3.99493408203125
3.88909912109375
3.89959716796875
4.1929931640625
4.0948486328125
3.96868896484375
4.126708984375
3.70123291015625
4.18511962890625
4.1094970703125
4.17291259765625
3.64166259765625
3.81085205078125
4.41552734375
4.04144287109375
4.21636962890625
3.967041015625
3.82763671875
4.21173095703125
3.95367431640625
3.60888671875
3.82244873046875
3.87896728515625
4.01190185546875
4.22564697265625
4.02313232421875
4.1627197265625
4.00103759765625
3.94000244140625
3.5594482421875
4.06378173828125
3.86700439453125
3.84747314453125
3.70697021484375
3.815673828125
3.69671630859375
3.999267578125
4.23175048828125
4.20965576171875
4.35009765625
4.0760498046875
4.09765625
4.2220458984375
4.2816162109375
3.95941162109375
4.06427001953125
4.17498779296875
3.82403564453125
4.2806396484375
4.03411865234375
4.20623779296875
4.01165771484375
4.19970703125
4.3309326171875
3.96502685546875
4.01434326171875
3.90826416015625
4.00433349609375
4.208251953125
3.88238525390625
4.00146484375
3.90692138671875
4.1883544921875
3.75006103515625
