1.58612060546875
1.58612060546875
1.58612060546875
1.35638427734375
1.46612548828125
1.54736328125
1.27252197265625
1.5516357421875
1.170654296875
1.53790283203125
1.31072998046875
1.46368408203125
1.56939697265625
1.54681396484375
1.499755859375
1.430908203125
1.53851318359375
1.27490234375
1.4844970703125
1.64117431640625
1.40789794921875
1.34686279296875
1.51220703125
1.55072021484375
1.58489990234375
1.6328125
1.6331787109375
1.5150146484375
1.3856201171875
1.48846435546875
1.40478515625
1.5732421875
1.43536376953125
1.51678466796875
1.508544921875
1.60455322265625
1.64166259765625
1.5816650390625
1.263427734375
1.44378662109375
1.47100830078125
1.2630615234375
1.06494140625
1.16259765625
1.4610595703125
1.63482666015625
1.2872314453125
1.429931640625
1.446044921875
1.433349609375
1.2760009765625
1.40765380859375
1.480224609375
1.26715087890625
1.4349365234375
1.26165771484375
1.340576171875
1.53680419921875
1.66668701171875
1.2591552734375
1.3458251953125
1.3033447265625
1.5338134765625
1.49444580078125
1.47198486328125
1.6531982421875
1.30938720703125
1.5325927734375
1.507080078125
1.400146484375
1.5986328125
1.30975341796875
1.2435302734375
1.40411376953125
1.41912841796875
1.5858154296875
1.38751220703125
1.62384033203125
1.6954345703125
1.43914794921875
1.411376953125
1.6175537109375
1.608154296875
1.2762451171875
1.453369140625
1.5233154296875
1.45159912109375
1.416015625
1.973876953125
1.64044189453125
1.5609130859375
1.1884765625
1.365478515625
1.6856689453125
1.4149169921875
1.20660400390625
1.248779296875
1.46630859375
1.4151611328125
1.4276123046875
1.50213623046875
1.1700439453125
1.34075927734375
1.52197265625
1.583740234375
1.35748291015625
1.62744140625
1.4593505859375
1.34033203125
1.4677734375
1.2630615234375
1.49737548828125
1.54534912109375
1.61578369140625
1.41131591796875
1.57379150390625
1.58099365234375
1.3812255859375
1.547607421875
1.697021484375
1.552978515625
1.4788818359375
1.27008056640625
1.47796630859375
1.25360107421875
1.441162109375
1.1741943359375
1.5362548828125
1.5706787109375
1.23284912109375
1.47003173828125
1.3946533203125
1.45452880859375
1.4793701171875
1.2872314453125
1.1475830078125
1.4583740234375
1.39727783203125
1.28948974609375
1.4200439453125
1.429931640625
1.43804931640625
1.62060546875
1.46148681640625
1.4415283203125
1.59051513671875
1.59735107421875
1.35870361328125
1.547607421875
1.1287841796875
1.48974609375
1.25048828125
1.2681884765625
1.48590087890625
1.51593017578125
1.3699951171875
1.5526123046875
1.35723876953125
1.681396484375
1.2064208984375
1.374755859375
1.4552001953125
1.666015625
1.30712890625
1.43634033203125
1.4991455078125
1.58148193359375
1.29412841796875
1.25494384765625
1.45166015625
1.43768310546875
1.50469970703125
1.3992919921875
1.30596923828125
1.57977294921875
1.44854736328125
1.3062744140625
1.46826171875
1.42474365234375
1.57611083984375
1.26324462890625
1.4246826171875
1.45623779296875
1.75518798828125
1.5467529296875
1.51165771484375
1.36102294921875
1.46002197265625
1.0364990234375
1.3177490234375
1.37298583984375
1.2318115234375
1.522705078125
1.42999267578125
1.37786865234375
1.42059326171875
1.314697265625
1.160400390625
1.1934814453125
1.39410400390625
1.4996337890625
1.48516845703125
1.475341796875
1.49383544921875
1.36309814453125
1.15399169921875
1.48974609375
1.234375
1.2005615234375
1.49798583984375
1.2987060546875
1.36175537109375
1.50848388671875
1.57916259765625
1.51666259765625
1.52984619140625
1.3087158203125
1.53118896484375
1.52960205078125
1.3638916015625
1.45416259765625
1.67486572265625
1.6107177734375
1.42889404296875
1.4344482421875
1.5263671875
1.3450927734375
1.326904296875
1.55133056640625
1.412353515625
1.19366455078125
1.478515625
1.794677734375
1.3319091796875
1.40887451171875
1.16241455078125
1.31121826171875
1.42633056640625
1.703369140625
1.4417724609375
1.53692626953125
1.32391357421875
1.45709228515625
1.3165283203125
1.3780517578125
1.62701416015625
1.80023193359375
1.38909912109375
1.3988037109375
1.5201416015625
1.24053955078125
1.5322265625
1.401611328125
1.44512939453125
1.10308837890625
1.53338623046875
1.3115234375
1.45892333984375
1.61785888671875
1.54705810546875
1.4952392578125
1.64752197265625
1.34100341796875
1.39959716796875
1.3653564453125
1.55694580078125
1.7393798828125
1.19573974609375
1.44708251953125
1.44378662109375
1.3779296875
1.46099853515625
1.28936767578125
1.2869873046875
1.1220703125
1.54827880859375
1.18072509765625
1.3428955078125
1.5172119140625
1.72662353515625
1.31866455078125
1.61199951171875
1.550048828125
1.4202880859375
1.61175537109375
1.6483154296875
1.2218017578125
1.486328125
1.44903564453125
1.3232421875
1.5596923828125
1.2684326171875
1.535888671875
1.18414306640625
1.68560791015625
1.1751708984375
1.635009765625
1.15850830078125
1.48406982421875
1.562744140625
1.48175048828125
1.52972412109375
1.13055419921875
1.58685302734375
1.56292724609375
1.36480712890625
1.4346923828125
1.59796142578125
1.37811279296875
1.521728515625
1.7994384765625
1.532470703125
1.66680908203125
1.56170654296875
1.45257568359375
1.58612060546875
1.478759765625
1.3602294921875
1.644775390625
1.5216064453125
1.58880615234375
1.16265869140625
1.32672119140625
1.15771484375
1.32305908203125
1.3817138671875
1.50054931640625
1.4364013671875
1.80731201171875
1.61181640625
1.78167724609375
1.47418212890625
1.21099853515625
1.471435546875
1.20684814453125
1.36444091796875
1.6259765625
1.6063232421875
1.46942138671875
1.4599609375
1.18701171875
1.44049072265625
1.4676513671875
1.4835205078125
1.502197265625
1.147216796875
1.28448486328125
1.29193115234375
1.38287353515625
1.387451171875
1.44989013671875
1.56298828125
1.50103759765625
1.14990234375
1.36468505859375
1.426513671875
1.4774169921875
1.34771728515625
1.58489990234375
1.44390869140625
1.4306640625
1.59375
1.444580078125
1.53143310546875
1.407958984375
1.5537109375
1.6463623046875
1.3365478515625
1.27716064453125
1.47076416015625
1.47064208984375
1.31781005859375
1.38409423828125
1.230224609375
1.14569091796875
1.60040283203125
1.45953369140625
1.58245849609375
1.40985107421875
1.6376953125
1.53338623046875
1.5614013671875
1.492919921875
1.4854736328125
1.384521484375
1.45782470703125
1.2904052734375
1.43341064453125
1.4364013671875
1.49749755859375
1.5589599609375
1.56219482421875
1.464599609375
1.43548583984375
1.3919677734375
1.31219482421875
1.65972900390625
1.5164794921875
1.42230224609375
1.32025146484375
1.5726318359375
1.54730224609375
1.36474609375
1.4288330078125
1.408935546875
1.4031982421875
1.23846435546875
1.4803466796875
1.64251708984375
1.514892578125
1.41265869140625
1.3564453125
1.55987548828125
1.5159912109375
1.83367919921875
1.41326904296875
1.4384765625
1.67022705078125
1.581298828125
1.41192626953125
1.4466552734375
1.45013427734375
1.36883544921875
1.52362060546875
1.47979736328125
1.271484375
1.50311279296875
1.47039794921875
1.61083984375
1.3485107421875
1.60272216796875
1.382568359375
1.20513916015625
1.55108642578125
1.59716796875
1.4217529296875
1.5391845703125
1.5836181640625
1.54779052734375
1.460693359375
1.52545166015625
1.456787109375
1.39788818359375
1.5413818359375
1.42523193359375
1.1669921875
1.200439453125
1.68255615234375
1.3441162109375
1.50518798828125
1.512451171875
1.53338623046875
1.44244384765625
1.535400390625
1.30255126953125
1.38189697265625
1.11004638671875
1.59149169921875
1.213134765625
1.43505859375
1.595458984375
1.6719970703125
1.464599609375
1.62713623046875
1.598876953125
1.241943359375
1.4227294921875
1.5291748046875
1.6097412109375
1.40350341796875
1.53570556640625
1.63409423828125
1.884765625
1.58294677734375
1.3231201171875
1.52349853515625
1.500732421875
1.7120361328125
1.5572509765625
1.285888671875
1.2130126953125
1.52398681640625
1.53155517578125
1.4134521484375
1.44244384765625
1.47052001953125
1.47247314453125
1.34832763671875
1.5147705078125
1.49774169921875
1.64990234375
1.57196044921875
1.443115234375
1.2552490234375
1.5826416015625
1.6470947265625
1.4307861328125
1.648681640625
1.460205078125
1.20648193359375
1.54595947265625
1.54986572265625
1.469482421875
1.670654296875
1.46295166015625
1.4010009765625
1.52471923828125
1.5126953125
1.30218505859375
1.3321533203125
1.57037353515625
1.64019775390625
1.39569091796875
1.54144287109375
1.47625732421875
1.57281494140625
1.710693359375
1.595458984375
1.43756103515625
1.2177734375
1.627197265625
1.61407470703125
1.8758544921875
1.575927734375
1.32177734375
1.46417236328125
1.5467529296875
1.2816162109375
1.43060302734375
1.335693359375
1.2398681640625
1.60662841796875
1.5633544921875
1.52618408203125
1.53558349609375
1.63616943359375
1.392333984375
1.59674072265625
1.33172607421875
1.720947265625
1.5810546875
1.4287109375
1.42620849609375
1.54058837890625
1.486572265625
1.498291015625
1.377197265625
1.625
1.49786376953125
1.4222412109375
1.55438232421875
1.30474853515625
1.6407470703125
1.2847900390625
1.51702880859375
1.60888671875
1.51312255859375
1.4052734375
1.47515869140625
1.62640380859375
1.44036865234375
1.4801025390625
1.4815673828125
1.408203125
1.43988037109375
1.60369873046875
1.308349609375
1.50860595703125
1.50030517578125
1.4278564453125
1.4158935546875
1.56658935546875
1.484375
1.6959228515625
1.51641845703125
1.58935546875
1.449951171875
1.51458740234375
1.34014892578125
1.5054931640625
1.191650390625
1.6326904296875
1.52496337890625
1.576904296875
1.477294921875
1.331298828125
1.56610107421875
1.3079833984375
1.58404541015625
1.532958984375
1.36163330078125
1.48626708984375
1.354248046875
1.41717529296875
1.48101806640625
1.81036376953125
1.42218017578125
1.641357421875
1.1767578125
1.55902099609375
1.47784423828125
1.10540771484375
1.35919189453125
1.585693359375
1.50982666015625
1.28741455078125
1.37152099609375
1.26519775390625
1.64111328125
1.33770751953125
1.4364013671875
1.3909912109375
1.663330078125
1.1510009765625
1.53839111328125
1.6197509765625
1.47711181640625
1.68585205078125
1.61700439453125
1.36199951171875
1.22247314453125
1.74169921875
1.42694091796875
1.44744873046875
1.27886962890625
1.63427734375
1.30694580078125
1.6964111328125
1.3253173828125
1.28570556640625
1.3841552734375
1.3712158203125
1.4249267578125
1.34100341796875
1.5721435546875
1.52630615234375
1.45672607421875
1.494873046875
1.063720703125
1.440185546875
1.52899169921875
1.26751708984375
1.46014404296875
1.5052490234375
1.5150146484375
1.315673828125
1.388671875
1.5797119140625
1.43792724609375
1.6556396484375
1.3515625
1.6549072265625
1.64178466796875
1.465576171875
1.37359619140625
1.5247802734375
1.484130859375
1.15008544921875
1.38848876953125
1.63323974609375
1.18994140625
1.5322265625
1.583251953125
1.55450439453125
1.353271484375
1.15338134765625
1.23565673828125
1.5404052734375
1.51470947265625
1.5645751953125
1.52764892578125
1.64599609375
1.59832763671875
1.42803955078125
1.53631591796875
1.6754150390625
1.62945556640625
1.46173095703125
1.566162109375
1.3275146484375
1.40496826171875
1.601318359375
1.5299072265625
1.39544677734375
1.37200927734375
1.500732421875
1.48248291015625
1.322021484375
1.37677001953125
1.6326904296875
1.36810302734375
1.38714599609375
1.40155029296875
1.4697265625
1.5146484375
1.4571533203125
1.4857177734375
1.50408935546875
1.49017333984375
1.59674072265625
1.41815185546875
1.47381591796875
1.61810302734375
1.180419921875
1.431396484375
1.40478515625
1.3057861328125
1.323974609375
1.3179931640625
1.58941650390625
1.61297607421875
1.53314208984375
1.55279541015625
1.2078857421875
1.73193359375
1.12249755859375
1.348876953125
1.6099853515625
1.45220947265625
1.50653076171875
1.49957275390625
1.35015869140625
1.67364501953125
1.6348876953125
1.48748779296875
1.3760986328125
1.6739501953125
1.44464111328125
1.46221923828125
1.57757568359375
1.4183349609375
1.64752197265625
1.120361328125
1.4058837890625
1.53814697265625
1.25213623046875
1.330810546875
1.59619140625
1.646728515625
1.246337890625
1.5137939453125
1.46148681640625
1.5638427734375
1.4349365234375
1.47412109375
1.57989501953125
1.56475830078125
1.37353515625
1.64971923828125
1.63336181640625
1.658447265625
1.33648681640625
1.52813720703125
1.4283447265625
1.5914306640625
1.4747314453125
1.36932373046875
1.59979248046875
1.51171875
1.33831787109375
1.18670654296875
1.3902587890625
1.5301513671875
1.45098876953125
1.45794677734375
1.24737548828125
1.57745361328125
1.5244140625
1.33929443359375
1.3382568359375
1.54205322265625
1.3587646484375
1.52301025390625
1.455810546875
1.58489990234375
1.32733154296875
1.3970947265625
1.46356201171875
1.34051513671875
1.2808837890625
1.4298095703125
1.8822021484375
1.40789794921875
1.41815185546875
1.28546142578125
1.4444580078125
1.50439453125
1.4888916015625
1.5242919921875
1.3712158203125
1.3209228515625
1.61126708984375
1.445556640625
1.46307373046875
1.58563232421875
1.49285888671875
1.462890625
1.325439453125
1.6126708984375
1.26190185546875
1.74749755859375
1.42901611328125
1.3416748046875
1.4136962890625
1.49896240234375
1.425537109375
1.63433837890625
1.55657958984375
1.10845947265625
1.33453369140625
1.5628662109375
1.44586181640625
1.59619140625
1.47491455078125
1.320068359375
1.5321044921875
1.287841796875
1.32244873046875
1.28057861328125
1.67889404296875
1.4227294921875
1.4259033203125
1.36041259765625
1.43951416015625
1.6353759765625
1.52423095703125
1.690185546875
1.26995849609375
1.57177734375
1.2454833984375
1.42474365234375
1.2418212890625
1.4593505859375
1.37127685546875
1.53460693359375
1.45965576171875
1.54150390625
1.4969482421875
1.81158447265625
1.442138671875
1.318115234375
1.4580078125
1.412841796875
1.52044677734375
1.549560546875
1.56231689453125
1.75250244140625
1.40924072265625
1.6888427734375
1.41253662109375
1.6043701171875
1.55908203125
1.63848876953125
1.64678955078125
1.4951171875
1.449951171875
1.3751220703125
1.51116943359375
1.39208984375
1.363037109375
1.59912109375
1.6468505859375
1.513427734375
1.52593994140625
1.14605712890625
1.73773193359375
1.69036865234375
1.389892578125
1.43743896484375
1.22705078125
1.5506591796875
1.41937255859375
1.52972412109375
1.48089599609375
1.536376953125
1.22589111328125
1.4964599609375
1.64208984375
1.59893798828125
1.500732421875
1.69500732421875
1.57122802734375
1.1929931640625
1.5887451171875
1.490966796875
1.4127197265625
1.469970703125
1.2764892578125
1.727294921875
