4.7735595703125
4.79339599609375
4.70556640625
5.13677978515625
4.7662353515625
4.3668212890625
4.5692138671875
4.692138671875
5.12799072265625
4.85784912109375
4.7122802734375
4.56414794921875
4.88372802734375
4.73046875
4.9354248046875
4.68133544921875
5.2252197265625
4.99908447265625
4.990234375
4.23675537109375
5.08050537109375
4.35394287109375
4.7264404296875
4.8924560546875
4.96331787109375
4.87335205078125
4.738525390625
4.72747802734375
4.74676513671875
4.66278076171875
4.919189453125
4.72442626953125
4.56964111328125
4.73712158203125
4.893798828125
4.8765869140625
4.7835693359375
5.06488037109375
4.56878662109375
4.86798095703125
4.5303955078125
4.8836669921875
4.84063720703125
4.8697509765625
4.47332763671875
4.87200927734375
4.59674072265625
4.7921142578125
4.6102294921875
5.0174560546875
5.265869140625
4.30548095703125
4.503173828125
4.5322265625
4.9527587890625
4.07147216796875
4.7735595703125
4.77587890625
5.274169921875
4.74102783203125
4.44677734375
4.92376708984375
4.63690185546875
4.75634765625
4.92108154296875
4.96551513671875
4.63287353515625
4.6390380859375
4.6246337890625
4.5693359375
4.78155517578125
4.53704833984375
4.7301025390625
5.0780029296875
4.8526611328125
4.9847412109375
4.8572998046875
4.6983642578125
4.85394287109375
4.6044921875
4.71868896484375
5.09832763671875
4.79339599609375
4.63385009765625
4.9451904296875
5.1136474609375
4.8763427734375
4.849365234375
4.640869140625
4.4285888671875
4.8524169921875
4.7286376953125
5.07440185546875
4.88665771484375
4.5440673828125
4.46844482421875
4.5830078125
4.40869140625
4.64715576171875
4.86920166015625
4.74493408203125
4.5643310546875
4.71929931640625
4.6209716796875
4.6341552734375
4.85882568359375
4.63128662109375
4.53240966796875
4.903564453125
4.98699951171875
4.759033203125
4.88787841796875
4.7222900390625
4.68438720703125
4.5816650390625
4.83819580078125
4.90093994140625
5.2584228515625
4.6943359375
4.50848388671875
4.45074462890625
5.1158447265625
4.577880859375
4.91717529296875
4.94964599609375
4.6505126953125
4.82781982421875
5.00457763671875
4.8194580078125
4.7752685546875
4.5850830078125
4.62689208984375
4.82568359375
4.8907470703125
4.8302001953125
4.8634033203125
4.46478271484375
4.61248779296875
4.651611328125
4.77703857421875
4.6451416015625
4.8636474609375
4.8555908203125
4.8187255859375
4.74017333984375
4.40081787109375
4.8116455078125
4.73492431640625
4.83673095703125
4.7296142578125
4.9820556640625
4.78521728515625
4.57928466796875
4.73712158203125
4.6943359375
4.7086181640625
4.27001953125
4.716796875
5.121337890625
4.72100830078125
4.95318603515625
4.8963623046875
4.92340087890625
4.75537109375
5.02410888671875
4.858154296875
4.94525146484375
4.86712646484375
4.7379150390625
4.96173095703125
4.57080078125
5.091796875
4.40838623046875
4.70166015625
5.1900634765625
4.772216796875
4.76654052734375
5.067138671875
4.93603515625
4.6932373046875
4.86370849609375
5.3367919921875
4.9564208984375
4.48980712890625
4.79144287109375
4.51885986328125
4.91485595703125
4.5179443359375
4.88482666015625
4.99566650390625
4.564208984375
4.871337890625
5.0955810546875
4.52301025390625
5.00628662109375
4.8197021484375
4.77191162109375
4.58251953125
4.95196533203125
4.6568603515625
5.06005859375
4.80914306640625
5.2000732421875
4.8966064453125
4.599853515625
4.83319091796875
4.55609130859375
4.9200439453125
5.0655517578125
4.8643798828125
4.63311767578125
5.0333251953125
4.8621826171875
5.22515869140625
4.3062744140625
5.1502685546875
4.79083251953125
4.33428955078125
4.8985595703125
4.82421875
5.11474609375
4.5206298828125
4.68994140625
4.88104248046875
4.2637939453125
4.60760498046875
4.9820556640625
4.519287109375
4.21551513671875
5.11920166015625
4.89581298828125
4.80859375
4.68524169921875
4.99737548828125
4.82305908203125
4.85302734375
4.54107666015625
4.5240478515625
4.88250732421875
4.71649169921875
4.61431884765625
4.85308837890625
4.792724609375
4.62188720703125
5.0589599609375
4.6278076171875
4.65234375
4.51971435546875
4.67486572265625
5.12127685546875
5.0728759765625
5.06256103515625
4.671630859375
5.11273193359375
5.01910400390625
4.9854736328125
4.49749755859375
4.78436279296875
5.03021240234375
4.55084228515625
4.8150634765625
4.77679443359375
4.66497802734375
5.16253662109375
5.17724609375
5.00128173828125
4.89459228515625
4.56695556640625
4.91497802734375
4.7254638671875
5.02655029296875
4.88165283203125
4.91375732421875
4.8170166015625
4.81201171875
4.9052734375
4.55084228515625
5.20550537109375
4.75274658203125
4.59332275390625
4.66949462890625
4.82257080078125
4.77923583984375
4.952392578125
4.550048828125
4.80712890625
4.74774169921875
4.52752685546875
4.807861328125
5.14080810546875
5.16668701171875
4.82305908203125
5.199462890625
5.07080078125
4.8648681640625
4.90264892578125
5.15802001953125
4.9058837890625
4.9532470703125
4.989501953125
4.6678466796875
4.8499755859375
4.66632080078125
4.94329833984375
5.07171630859375
4.6748046875
4.87384033203125
5.15008544921875
4.66064453125
5.14324951171875
4.624755859375
4.845947265625
5.07830810546875
4.91241455078125
4.93914794921875
4.8101806640625
4.6090087890625
4.89434814453125
4.4244384765625
4.77874755859375
4.85882568359375
4.95208740234375
4.59576416015625
4.50457763671875
4.63812255859375
4.7138671875
5.058837890625
4.7677001953125
4.55401611328125
4.71258544921875
4.912353515625
4.767333984375
4.69342041015625
4.63165283203125
4.82989501953125
4.7449951171875
4.81060791015625
4.66644287109375
4.4879150390625
4.340087890625
4.767578125
4.82733154296875
5.06866455078125
5.0206298828125
4.19427490234375
5.0159912109375
4.60186767578125
4.93975830078125
4.68017578125
4.87261962890625
4.9193115234375
4.75543212890625
4.8004150390625
4.3680419921875
4.63446044921875
4.7982177734375
5.088134765625
4.35467529296875
4.69183349609375
4.74749755859375
5.03814697265625
4.61480712890625
4.67474365234375
4.7664794921875
5.03778076171875
4.96539306640625
4.68438720703125
4.6556396484375
4.5186767578125
4.69818115234375
4.86431884765625
4.52325439453125
4.83624267578125
4.8861083984375
4.56195068359375
5.127685546875
4.65374755859375
5.12908935546875
4.88446044921875
4.8916015625
4.82940673828125
4.93585205078125
4.55010986328125
4.84429931640625
4.7791748046875
4.49462890625
4.63104248046875
5.04071044921875
4.43438720703125
4.95196533203125
4.74822998046875
4.92938232421875
4.8536376953125
4.96173095703125
4.68603515625
4.796142578125
4.77520751953125
4.7318115234375
4.8768310546875
4.81597900390625
4.74542236328125
4.82366943359375
5.01116943359375
4.9510498046875
4.7315673828125
4.7940673828125
4.8992919921875
4.474609375
4.72320556640625
4.3438720703125
4.81256103515625
4.66912841796875
4.8526611328125
4.77166748046875
4.6995849609375
4.6253662109375
4.9658203125
4.83428955078125
4.7706298828125
5.16998291015625
4.6640625
4.6314697265625
4.87664794921875
4.57952880859375
4.808349609375
4.9410400390625
4.96600341796875
4.87945556640625
4.87322998046875
4.37677001953125
4.843505859375
4.87298583984375
4.7421875
4.7174072265625
4.742919921875
4.586181640625
4.84423828125
4.62353515625
4.931884765625
4.8643798828125
5.04888916015625
4.74713134765625
4.93780517578125
5.06781005859375
4.59661865234375
4.72943115234375
4.80328369140625
4.70562744140625
4.84979248046875
4.8653564453125
5.08990478515625
5.0294189453125
5.04791259765625
4.83453369140625
4.76287841796875
5.10931396484375
4.75042724609375
4.53106689453125
4.91033935546875
4.63360595703125
5.0584716796875
5.05853271484375
4.5098876953125
5.07281494140625
4.9759521484375
4.58001708984375
4.363037109375
4.85150146484375
4.840087890625
4.69171142578125
4.9658203125
4.69805908203125
5.0372314453125
4.7108154296875
5.0599365234375
4.85052490234375
4.7186279296875
4.41351318359375
4.93109130859375
4.85614013671875
4.8878173828125
4.502197265625
4.76318359375
4.68621826171875
4.93609619140625
4.88031005859375
4.8087158203125
4.92926025390625
5.1328125
4.61669921875
4.57513427734375
5.19415283203125
4.880126953125
4.58203125
4.51556396484375
4.39666748046875
4.77191162109375
4.690185546875
4.81219482421875
4.75762939453125
4.6812744140625
4.3682861328125
5.0601806640625
4.92596435546875
4.45379638671875
4.99951171875
4.5579833984375
4.7607421875
4.59942626953125
4.8076171875
4.9249267578125
4.88323974609375
5.19635009765625
4.62738037109375
4.522705078125
4.62445068359375
4.78631591796875
5.033203125
4.621337890625
4.572998046875
4.59613037109375
4.61053466796875
5.05938720703125
4.83489990234375
4.624755859375
4.697021484375
4.8934326171875
4.90081787109375
4.802734375
4.74969482421875
4.643310546875
4.66510009765625
4.93682861328125
5.05902099609375
4.86724853515625
4.9039306640625
4.54998779296875
4.5640869140625
4.90478515625
4.5067138671875
4.88922119140625
4.6099853515625
4.8377685546875
4.69671630859375
5.0947265625
4.833251953125
4.9056396484375
4.892822265625
4.30352783203125
4.97503662109375
4.7579345703125
4.75714111328125
4.69268798828125
4.9364013671875
4.7532958984375
4.75531005859375
4.7989501953125
4.830078125
4.617919921875
4.77655029296875
5.0250244140625
4.99505615234375
4.677978515625
4.80487060546875
4.87066650390625
4.98272705078125
4.73431396484375
4.972412109375
4.8155517578125
4.45428466796875
5.15423583984375
4.83544921875
4.93475341796875
4.68157958984375
4.93408203125
4.46624755859375
4.96282958984375
4.85882568359375
4.86724853515625
4.933349609375
4.64373779296875
4.6737060546875
5.4476318359375
4.74951171875
5.03265380859375
4.74188232421875
4.34625244140625
4.64813232421875
4.51348876953125
4.7830810546875
4.63818359375
4.71923828125
4.5445556640625
4.4390869140625
4.91046142578125
4.8956298828125
4.67547607421875
4.64727783203125
4.9285888671875
4.63970947265625
4.55047607421875
4.93572998046875
4.4693603515625
5.01824951171875
4.99578857421875
4.68499755859375
4.80401611328125
4.42877197265625
5.08740234375
4.40655517578125
4.74993896484375
4.6513671875
4.78143310546875
4.835693359375
5.0855712890625
4.59912109375
4.91888427734375
4.69158935546875
4.51220703125
4.926025390625
4.7017822265625
5.02813720703125
4.85418701171875
4.69317626953125
4.3017578125
4.9005126953125
4.15087890625
4.99200439453125
4.31060791015625
4.58819580078125
4.97705078125
4.8104248046875
4.96966552734375
5.0111083984375
5.075439453125
4.98455810546875
4.8577880859375
4.6719970703125
4.8583984375
4.98895263671875
5.03533935546875
4.73065185546875
4.978515625
4.86370849609375
5.05712890625
4.68414306640625
4.8514404296875
4.67425537109375
4.87786865234375
5.094482421875
4.6181640625
5.09332275390625
5.11065673828125
4.91278076171875
4.64593505859375
4.71319580078125
4.19512939453125
4.7335205078125
4.97747802734375
4.7281494140625
5.16973876953125
4.801025390625
4.728271484375
4.74853515625
4.68438720703125
4.70703125
4.58447265625
4.9215087890625
4.797607421875
4.8663330078125
5.08294677734375
4.8460693359375
5.01422119140625
4.67120361328125
4.89752197265625
4.90032958984375
4.8558349609375
4.7528076171875
5.0712890625
4.59332275390625
4.75775146484375
4.8963623046875
4.548095703125
4.5682373046875
5.03662109375
4.84344482421875
4.8525390625
4.60614013671875
5.02252197265625
4.9339599609375
4.5400390625
4.7677001953125
4.66424560546875
4.862060546875
4.5572509765625
4.92034912109375
4.93829345703125
4.9625244140625
5.13330078125
4.4112548828125
4.53179931640625
4.94866943359375
4.70953369140625
4.6951904296875
4.67462158203125
4.84283447265625
4.62164306640625
4.88458251953125
4.733154296875
4.4652099609375
4.798095703125
4.85211181640625
4.90118408203125
4.69110107421875
4.1571044921875
4.37933349609375
4.78759765625
4.86468505859375
4.73779296875
4.853759765625
4.74188232421875
5.072509765625
4.86151123046875
4.537353515625
4.94769287109375
4.43414306640625
5.014892578125
4.4556884765625
5.2147216796875
4.9410400390625
4.822265625
4.48394775390625
5.1102294921875
5.04461669921875
4.68817138671875
4.72113037109375
4.900146484375
4.79620361328125
4.535400390625
4.24774169921875
5.08221435546875
5.2054443359375
4.9716796875
4.90533447265625
4.97412109375
4.7086181640625
5.0958251953125
4.9251708984375
4.7086181640625
4.64312744140625
4.818603515625
5.088134765625
4.5213623046875
4.51531982421875
4.90899658203125
5.0267333984375
4.9322509765625
4.499267578125
4.61712646484375
5.035888671875
4.634033203125
4.68438720703125
5.11126708984375
4.57818603515625
5.083740234375
4.78155517578125
4.95867919921875
4.98516845703125
4.9822998046875
5.23944091796875
4.56072998046875
4.672119140625
4.97357177734375
4.9158935546875
4.5357666015625
4.3968505859375
4.92742919921875
4.75311279296875
4.979248046875
4.79736328125
5.18121337890625
4.71002197265625
5.01263427734375
4.81866455078125
4.712646484375
4.8018798828125
4.75946044921875
4.50238037109375
4.943359375
4.99871826171875
4.88751220703125
4.88970947265625
4.70452880859375
