5.73822021484375
5.73822021484375
5.73822021484375
5.47454833984375
5.7425537109375
5.1640625
5.03955078125
5.85711669921875
5.8970947265625
5.645263671875
6.01092529296875
5.6837158203125
5.64202880859375
5.6639404296875
5.952880859375
5.972900390625
5.9310302734375
5.7666015625
5.7960205078125
5.79833984375
5.97381591796875
5.73492431640625
6.066162109375
5.9769287109375
5.861572265625
5.8936767578125
5.5654296875
5.7640380859375
5.81640625
5.647216796875
6.06707763671875
6.1192626953125
5.65484619140625
5.73211669921875
5.85595703125
5.516357421875
6.370361328125
5.97900390625
5.87890625
5.78021240234375
5.7213134765625
5.63519287109375
5.5810546875
6.1881103515625
5.85064697265625
5.44287109375
5.5604248046875
5.60614013671875
6.15850830078125
5.76263427734375
5.9859619140625
5.5712890625
5.69989013671875
5.61279296875
5.85223388671875
6.0404052734375
5.82440185546875
5.93994140625
5.70782470703125
5.78851318359375
6.08544921875
5.86572265625
5.88397216796875
5.6905517578125
6.03826904296875
5.83056640625
5.6690673828125
5.76361083984375
5.80010986328125
6.0360107421875
5.36016845703125
5.80487060546875
5.78033447265625
5.70782470703125
5.7801513671875
6.1068115234375
6.026611328125
5.9940185546875
5.7958984375
5.86822509765625
6.00213623046875
5.5518798828125
5.831787109375
5.733154296875
5.42559814453125
5.85479736328125
6.02593994140625
5.42913818359375
5.73162841796875
5.68646240234375
5.6661376953125
5.74969482421875
5.68194580078125
5.9339599609375
5.887939453125
5.39208984375
5.9176025390625
5.93255615234375
5.74609375
5.70587158203125
5.74493408203125
5.9449462890625
5.9278564453125
5.91925048828125
5.7615966796875
6.1343994140625
5.967041015625
5.55926513671875
5.40252685546875
6.0828857421875
5.999755859375
6.00970458984375
5.9293212890625
5.9903564453125
5.44366455078125
5.6988525390625
5.87744140625
5.416259765625
5.63800048828125
5.52349853515625
5.81671142578125
5.741943359375
5.36309814453125
5.83245849609375
5.93328857421875
5.7730712890625
5.5526123046875
5.75714111328125
5.793212890625
5.82598876953125
5.7349853515625
5.4132080078125
5.96673583984375
5.83856201171875
5.67364501953125
5.98681640625
5.84466552734375
5.70855712890625
5.47174072265625
6.06072998046875
5.8807373046875
5.87054443359375
5.60430908203125
5.66961669921875
5.55694580078125
5.836669921875
5.48919677734375
5.819580078125
5.7867431640625
5.69915771484375
5.35693359375
5.687255859375
5.89215087890625
5.67913818359375
6.1480712890625
6.07794189453125
6.07708740234375
6.180419921875
5.844482421875
6.22210693359375
6.02734375
5.6632080078125
5.9642333984375
5.689453125
5.80615234375
5.489501953125
6.36444091796875
5.7366943359375
6.1478271484375
5.8179931640625
6.06842041015625
5.90869140625
5.82745361328125
5.6566162109375
5.61004638671875
5.5235595703125
5.5374755859375
5.81756591796875
5.4857177734375
5.918701171875
5.63818359375
5.9495849609375
5.810791015625
6.34417724609375
5.4697265625
5.7869873046875
6.14044189453125
6.08795166015625
5.60321044921875
5.3511962890625
5.70123291015625
5.95599365234375
5.78265380859375
5.32440185546875
5.6019287109375
5.6207275390625
5.8404541015625
5.98138427734375
5.84918212890625
5.95916748046875
5.7298583984375
5.9215087890625
5.60546875
5.57568359375
5.9091796875
5.790771484375
5.834228515625
5.72760009765625
5.83538818359375
6.2520751953125
5.5478515625
6.00762939453125
6.07781982421875
5.2254638671875
5.57012939453125
5.86279296875
5.665283203125
6.1099853515625
6.05499267578125
5.54632568359375
5.88116455078125
6.09771728515625
5.8668212890625
6.32940673828125
5.7332763671875
5.88238525390625
5.90496826171875
5.5479736328125
5.63763427734375
5.87188720703125
5.61456298828125
5.2979736328125
5.477294921875
6.03497314453125
6.05078125
5.46954345703125
5.44122314453125
5.85052490234375
5.81646728515625
6.10211181640625
6.10113525390625
5.7701416015625
5.5260009765625
5.902099609375
5.8262939453125
5.902099609375
5.9493408203125
5.80340576171875
5.783935546875
5.73895263671875
5.78558349609375
5.16815185546875
5.81304931640625
6.08551025390625
5.81463623046875
5.9432373046875
5.97467041015625
5.9854736328125
5.63720703125
6.13519287109375
5.857421875
5.6767578125
5.52459716796875
6.174072265625
6.04180908203125
6.02447509765625
5.95147705078125
5.66119384765625
5.87945556640625
5.91619873046875
5.61395263671875
5.74334716796875
5.328125
5.7567138671875
5.64935302734375
5.925537109375
5.99505615234375
5.79339599609375
5.52301025390625
5.77008056640625
6.048095703125
5.95208740234375
5.0455322265625
5.6630859375
6.1400146484375
5.73516845703125
5.0068359375
5.26019287109375
5.890625
5.83087158203125
5.453857421875
5.85870361328125
5.8076171875
6.163818359375
6.15118408203125
5.830810546875
5.6573486328125
5.91253662109375
5.90869140625
5.9385986328125
5.724853515625
5.72100830078125
5.89324951171875
5.9197998046875
5.7750244140625
5.71234130859375
6.0806884765625
5.85467529296875
5.8555908203125
5.97686767578125
6.1539306640625
5.73779296875
5.56707763671875
5.80670166015625
6.27618408203125
6.0257568359375
5.76995849609375
5.4757080078125
5.3433837890625
6.03826904296875
5.3753662109375
5.7647705078125
5.57208251953125
5.853759765625
5.87896728515625
5.837646484375
5.574951171875
5.89208984375
5.55841064453125
5.83984375
5.27362060546875
5.798095703125
5.6678466796875
5.86468505859375
5.7684326171875
5.97735595703125
5.8404541015625
5.68634033203125
5.8604736328125
5.59332275390625
5.98260498046875
5.57568359375
5.66705322265625
6.14697265625
5.5267333984375
5.95916748046875
5.63128662109375
6.1060791015625
5.90966796875
5.43646240234375
5.808349609375
5.8505859375
5.8248291015625
5.73046875
5.41131591796875
5.93939208984375
6.01934814453125
5.5540771484375
5.7061767578125
5.4703369140625
6.262939453125
5.84698486328125
5.928466796875
5.4300537109375
6.146240234375
5.77435302734375
6.02740478515625
5.83905029296875
6.2469482421875
5.64251708984375
5.90972900390625
5.84808349609375
5.97882080078125
5.79913330078125
5.83453369140625
5.6724853515625
5.61328125
5.9371337890625
5.88128662109375
6.0911865234375
5.6673583984375
5.59332275390625
5.92333984375
5.91650390625
5.69354248046875
6.0096435546875
5.9423828125
5.8583984375
5.5548095703125
5.43768310546875
5.9189453125
5.90283203125
5.94580078125
5.95867919921875
5.84466552734375
5.57647705078125
5.2401123046875
5.57769775390625
5.98931884765625
5.89044189453125
5.908203125
5.6160888671875
5.37420654296875
6.125732421875
5.84783935546875
5.6724853515625
6.27764892578125
5.99200439453125
6.039306640625
6.01654052734375
6.06671142578125
6.1473388671875
5.7174072265625
5.62957763671875
5.62786865234375
5.82366943359375
5.90191650390625
5.91229248046875
5.4554443359375
5.80914306640625
5.6453857421875
5.7208251953125
5.75433349609375
6.07781982421875
5.86358642578125
5.970947265625
5.90533447265625
5.9134521484375
5.8555908203125
6.13323974609375
5.58282470703125
5.67901611328125
6.02593994140625
5.88177490234375
5.55828857421875
5.98541259765625
6.057373046875
5.91131591796875
5.54852294921875
5.4334716796875
5.74114990234375
5.72418212890625
5.9788818359375
6.12652587890625
5.71197509765625
5.81268310546875
6.2611083984375
5.885986328125
6.10491943359375
5.83355712890625
5.80126953125
5.881103515625
5.4837646484375
5.67669677734375
5.87982177734375
5.812255859375
5.76141357421875
5.84356689453125
5.54852294921875
5.7061767578125
6.003662109375
5.2789306640625
5.99200439453125
5.82012939453125
5.706787109375
5.9052734375
6.0712890625
5.74029541015625
6.01666259765625
5.6207275390625
5.626220703125
6.16845703125
5.9112548828125
5.86834716796875
5.6588134765625
5.84698486328125
5.801513671875
5.4697265625
6.06890869140625
5.9674072265625
5.69403076171875
5.8450927734375
5.8997802734375
5.6881103515625
5.70831298828125
6.22393798828125
5.589111328125
5.90338134765625
6.32879638671875
5.888671875
5.53350830078125
5.89923095703125
6.0455322265625
5.7103271484375
5.9285888671875
5.83306884765625
5.76837158203125
6.20733642578125
5.89556884765625
5.6328125
5.482666015625
5.74847412109375
6.06402587890625
6.10699462890625
5.91473388671875
6.125732421875
5.7958984375
6.2314453125
5.79937744140625
5.90802001953125
5.7730712890625
6.12176513671875
5.89849853515625
6.00811767578125
5.83441162109375
5.62615966796875
6.03631591796875
5.6265869140625
5.86151123046875
6.0135498046875
5.890380859375
5.960693359375
5.47454833984375
5.72021484375
5.93524169921875
6.06060791015625
5.94561767578125
5.8487548828125
5.94635009765625
5.79534912109375
5.76092529296875
6.19921875
5.8238525390625
5.27642822265625
6.274658203125
5.4254150390625
5.73614501953125
5.77935791015625
5.89837646484375
5.7393798828125
5.96209716796875
6.088134765625
5.61004638671875
5.94818115234375
5.80224609375
5.76995849609375
5.42327880859375
5.76031494140625
5.8026123046875
5.44097900390625
5.84906005859375
5.53045654296875
5.4068603515625
5.892822265625
6.037109375
5.749267578125
5.8017578125
5.70184326171875
5.934326171875
5.93231201171875
5.7982177734375
5.94317626953125
6.0615234375
5.8331298828125
5.93511962890625
5.63006591796875
5.82330322265625
5.7568359375
5.688232421875
5.76019287109375
5.9188232421875
5.87750244140625
5.84490966796875
5.458251953125
5.75286865234375
6.12335205078125
5.72607421875
5.4761962890625
5.92694091796875
6.02093505859375
5.68939208984375
5.96148681640625
5.88153076171875
5.82080078125
5.62933349609375
5.77685546875
5.666748046875
6.0009765625
5.79010009765625
5.690673828125
5.83367919921875
5.920166015625
6.10357666015625
5.7530517578125
5.85028076171875
5.94061279296875
5.84814453125
5.7760009765625
5.53021240234375
5.9630126953125
5.8446044921875
5.9886474609375
5.80963134765625
5.96783447265625
5.79534912109375
6.0411376953125
5.991455078125
5.75506591796875
5.65130615234375
5.96527099609375
5.8812255859375
5.7825927734375
6.04144287109375
6.09228515625
5.88262939453125
5.82415771484375
5.193359375
5.8978271484375
5.84564208984375
5.71575927734375
5.60198974609375
5.50250244140625
5.8935546875
5.2744140625
5.77203369140625
6.019287109375
5.5194091796875
5.5859375
5.3365478515625
5.6806640625
5.86224365234375
5.88299560546875
5.70318603515625
6.04931640625
6.01220703125
5.75677490234375
6.01806640625
5.9425048828125
5.6607666015625
5.874755859375
5.74908447265625
5.65606689453125
5.714599609375
6.2117919921875
5.2939453125
5.57867431640625
5.74530029296875
5.58148193359375
5.76837158203125
5.88128662109375
5.90521240234375
5.5909423828125
5.8455810546875
5.68450927734375
5.868896484375
6.322998046875
6.23150634765625
5.65863037109375
5.81268310546875
5.8453369140625
5.88677978515625
5.773193359375
5.9647216796875
5.5596923828125
6.04156494140625
6.19677734375
5.6015625
5.56451416015625
5.5009765625
5.89227294921875
5.81292724609375
5.9017333984375
5.73052978515625
5.67181396484375
5.74810791015625
6.2696533203125
5.95465087890625
5.74420166015625
5.6231689453125
5.85821533203125
5.8577880859375
5.5809326171875
5.81036376953125
5.990234375
6.3682861328125
5.455322265625
5.83624267578125
6.14385986328125
5.99127197265625
5.42132568359375
5.50848388671875
5.42041015625
6.10223388671875
5.73486328125
5.1591796875
5.93609619140625
5.65948486328125
6.03277587890625
5.73651123046875
5.999267578125
6.048828125
5.314697265625
5.9442138671875
5.962646484375
5.79193115234375
5.60015869140625
5.75640869140625
5.500244140625
5.646728515625
5.78033447265625
5.25927734375
5.56317138671875
5.3656005859375
6.0908203125
5.87774658203125
5.9375
5.56707763671875
5.91314697265625
6.00518798828125
5.539306640625
6.0037841796875
5.68365478515625
5.483154296875
5.88031005859375
5.798583984375
5.64349365234375
6.15948486328125
5.37054443359375
5.80963134765625
5.51123046875
5.9420166015625
5.55615234375
6.20751953125
5.75762939453125
5.21026611328125
5.92578125
5.606201171875
5.4830322265625
5.92913818359375
5.923095703125
6.0081787109375
6.311279296875
5.764404296875
5.773681640625
6.14947509765625
5.9830322265625
5.50177001953125
5.8450927734375
5.5166015625
5.65472412109375
5.80572509765625
5.92144775390625
5.86077880859375
5.58642578125
5.88397216796875
5.6541748046875
5.96588134765625
5.54486083984375
5.19122314453125
5.06121826171875
5.8372802734375
6.09320068359375
5.70703125
5.65020751953125
6.18499755859375
5.87237548828125
5.77288818359375
6.0404052734375
5.8284912109375
5.9366455078125
5.98101806640625
5.7801513671875
5.89862060546875
5.8043212890625
5.69964599609375
6.08319091796875
5.845947265625
6.1180419921875
6.1427001953125
5.8162841796875
5.5465087890625
5.95404052734375
5.5667724609375
6.25140380859375
5.79620361328125
5.75701904296875
