7.0150146484375
7.0150146484375
7.0150146484375
6.78192138671875
7.1060791015625
6.4051513671875
6.3310546875
7.17919921875
7.21331787109375
6.99786376953125
7.3165283203125
7.077880859375
6.958740234375
6.998046875
7.263671875
7.29974365234375
7.254150390625
7.09771728515625
7.1568603515625
7.05462646484375
7.262939453125
6.974365234375
7.39910888671875
7.26287841796875
7.2550048828125
7.32110595703125
6.8905029296875
7.24652099609375
7.23974609375
7.0435791015625
7.45758056640625
7.4630126953125
6.9754638671875
7.20721435546875
7.1917724609375
6.9017333984375
7.668701171875
7.37750244140625
7.265625
7.09490966796875
7.1302490234375
7.03253173828125
6.90155029296875
7.62908935546875
7.188232421875
6.77215576171875
6.91326904296875
6.9656982421875
7.46173095703125
7.12847900390625
7.23394775390625
6.80352783203125
7.087890625
6.98663330078125
7.15643310546875
7.40740966796875
7.21630859375
7.17962646484375
7.00250244140625
7.19061279296875
7.41351318359375
7.11749267578125
7.279052734375
7.0751953125
7.52801513671875
7.20294189453125
7.07763671875
7.21527099609375
7.1558837890625
7.41021728515625
6.6995849609375
7.2149658203125
7.216796875
6.9949951171875
7.0675048828125
7.4476318359375
7.3421630859375
7.3516845703125
7.16986083984375
7.22613525390625
7.4583740234375
6.92596435546875
7.19256591796875
7.08258056640625
6.86553955078125
7.28106689453125
7.31292724609375
6.79901123046875
7.14947509765625
7.1435546875
7.12054443359375
7.06549072265625
6.907958984375
7.31048583984375
7.28704833984375
6.7174072265625
7.337158203125
7.1494140625
7.0767822265625
7.031494140625
7.0230712890625
7.23370361328125
7.24163818359375
7.20452880859375
7.2783203125
7.4610595703125
7.417236328125
6.791259765625
6.751708984375
7.32318115234375
7.24505615234375
7.34295654296875
7.364990234375
7.27685546875
6.74151611328125
7.0625
7.28729248046875
6.81195068359375
7.0750732421875
7.05413818359375
7.12261962890625
7.01263427734375
6.73345947265625
7.24285888671875
7.3568115234375
7.22393798828125
6.91864013671875
7.00885009765625
7.083740234375
7.1866455078125
7.0582275390625
6.7391357421875
7.38360595703125
7.22003173828125
6.903076171875
7.2852783203125
7.178955078125
7.12823486328125
6.79486083984375
7.43109130859375
7.27587890625
7.27459716796875
6.8128662109375
6.93463134765625
6.90081787109375
7.20599365234375
6.92510986328125
7.02203369140625
7.10931396484375
6.99371337890625
6.718994140625
6.9105224609375
7.375
7.146728515625
7.44586181640625
7.51141357421875
7.50732421875
7.6153564453125
7.208251953125
7.5311279296875
7.350341796875
6.96990966796875
7.33026123046875
7.0167236328125
6.9935302734375
6.856689453125
7.71533203125
7.119384765625
7.46807861328125
7.1817626953125
7.3270263671875
7.13055419921875
7.22216796875
7.070068359375
7.0687255859375
6.84295654296875
6.855712890625
7.1656494140625
6.8433837890625
7.0914306640625
6.9974365234375
7.2191162109375
7.1541748046875
7.61468505859375
6.733642578125
7.2093505859375
7.4915771484375
7.42803955078125
6.89215087890625
6.573486328125
6.95843505859375
7.29974365234375
7.09075927734375
6.68511962890625
6.9998779296875
6.97064208984375
7.20928955078125
7.2738037109375
7.226806640625
7.3121337890625
7.20196533203125
7.43792724609375
6.942626953125
6.97491455078125
7.15606689453125
7.2777099609375
7.12030029296875
7.21435546875
7.24365234375
7.493408203125
6.8333740234375
7.4716796875
7.3544921875
6.57684326171875
6.981201171875
7.2239990234375
7.03765869140625
7.53076171875
7.2877197265625
7.03369140625
7.15509033203125
7.47381591796875
7.2142333984375
7.7255859375
7.1435546875
7.10345458984375
7.2762451171875
6.7977294921875
6.90283203125
7.17254638671875
6.792724609375
6.61572265625
6.74835205078125
7.35308837890625
7.46966552734375
6.93115234375
6.86962890625
7.1141357421875
7.12994384765625
7.422607421875
7.48828125
7.125
6.81500244140625
7.16912841796875
7.1331787109375
7.15228271484375
7.35009765625
7.06854248046875
7.1937255859375
7.1954345703125
7.00439453125
6.5362548828125
7.12420654296875
7.5362548828125
7.1175537109375
7.20794677734375
7.3577880859375
7.33929443359375
6.9769287109375
7.4776611328125
7.2667236328125
6.983154296875
6.9219970703125
7.5523681640625
7.4052734375
7.368408203125
7.42626953125
7.02825927734375
7.1966552734375
7.280517578125
7.00946044921875
7.08880615234375
6.7315673828125
7.05029296875
6.9910888671875
7.31414794921875
7.27886962890625
7.12713623046875
6.8336181640625
7.18896484375
7.39141845703125
7.43988037109375
6.3077392578125
7.15924072265625
7.48382568359375
7.21795654296875
6.32781982421875
6.5252685546875
7.21942138671875
7.18572998046875
6.83416748046875
7.323974609375
7.1226806640625
7.53857421875
7.57000732421875
7.206298828125
7.03643798828125
7.25494384765625
7.283447265625
7.49249267578125
7.06005859375
7.0234375
7.15765380859375
7.33050537109375
6.99957275390625
7.08941650390625
7.42706298828125
7.20074462890625
7.18505859375
7.24395751953125
7.55853271484375
7.06671142578125
6.9739990234375
7.06396484375
7.50244140625
7.2874755859375
7.12982177734375
6.795654296875
6.680908203125
7.328125
6.73681640625
7.11004638671875
6.8680419921875
7.150146484375
7.1820068359375
7.00213623046875
6.86407470703125
7.27166748046875
6.8895263671875
7.13775634765625
6.61663818359375
7.00347900390625
7.07122802734375
7.16375732421875
7.093017578125
7.3023681640625
7.27972412109375
7.04949951171875
7.14599609375
7.05615234375
7.3779296875
7.01092529296875
7.13079833984375
7.53216552734375
6.867919921875
7.2628173828125
6.85089111328125
7.43682861328125
7.20123291015625
6.91424560546875
7.06317138671875
7.158447265625
7.1177978515625
7.0191650390625
6.699462890625
7.16107177734375
7.420166015625
6.96002197265625
7.01568603515625
6.74700927734375
7.59857177734375
7.2806396484375
7.2764892578125
6.721923828125
7.5133056640625
7.215576171875
7.488525390625
7.192626953125
7.6212158203125
7.1361083984375
7.28338623046875
7.173828125
7.380126953125
7.12042236328125
7.1055908203125
7.029541015625
6.87188720703125
7.262939453125
7.12542724609375
7.541259765625
6.92669677734375
6.91943359375
7.22314453125
7.35137939453125
7.0367431640625
7.1982421875
7.276123046875
7.21478271484375
6.9835205078125
6.90325927734375
7.20458984375
7.171142578125
7.2696533203125
7.44219970703125
7.0992431640625
6.87469482421875
6.70635986328125
6.8646240234375
7.26007080078125
7.186767578125
7.130126953125
6.96527099609375
6.661865234375
7.506103515625
7.25946044921875
7.01495361328125
7.66094970703125
7.23345947265625
7.50640869140625
7.4725341796875
7.44586181640625
7.49725341796875
6.93853759765625
7.04071044921875
7.14404296875
7.25811767578125
7.14898681640625
7.41021728515625
6.90557861328125
7.13958740234375
6.99853515625
6.984130859375
6.92022705078125
7.62530517578125
7.2999267578125
7.38018798828125
7.2672119140625
7.37310791015625
7.1861572265625
7.561279296875
6.9647216796875
7.052978515625
7.47528076171875
7.29718017578125
6.898681640625
7.46337890625
7.46173095703125
7.25750732421875
6.89764404296875
6.813720703125
7.0672607421875
7.0406494140625
7.33477783203125
7.42486572265625
7.02801513671875
7.3009033203125
7.509521484375
7.3408203125
7.40728759765625
7.23455810546875
7.2120361328125
7.20068359375
6.77398681640625
7.072265625
7.22406005859375
7.1248779296875
7.22381591796875
7.11572265625
6.86517333984375
6.96612548828125
7.16314697265625
6.69024658203125
7.31463623046875
7.04473876953125
7.12359619140625
7.41534423828125
7.587646484375
7.2552490234375
7.3922119140625
6.89166259765625
6.89892578125
7.54473876953125
7.26483154296875
7.17864990234375
6.9315185546875
7.18963623046875
7.1666259765625
6.781494140625
7.5540771484375
7.30413818359375
7.0667724609375
7.21221923828125
7.30828857421875
7.0238037109375
7.11456298828125
7.6475830078125
6.9605712890625
7.22747802734375
7.71026611328125
7.2806396484375
6.7550048828125
7.39031982421875
7.3541259765625
6.94866943359375
7.288330078125
7.23358154296875
7.07867431640625
7.70330810546875
7.32098388671875
6.9285888671875
6.7122802734375
7.06304931640625
7.5634765625
7.4560546875
7.21746826171875
7.500244140625
7.20281982421875
7.56878662109375
7.08966064453125
7.21392822265625
7.01507568359375
7.541748046875
7.23291015625
7.50830078125
7.0858154296875
6.9359130859375
7.441162109375
6.95428466796875
7.22589111328125
7.40399169921875
7.28302001953125
7.36181640625
6.83013916015625
7.11468505859375
7.2923583984375
7.38079833984375
7.2542724609375
7.05474853515625
7.28076171875
7.13720703125
7.07037353515625
7.505859375
7.15997314453125
6.663330078125
7.6512451171875
6.8184814453125
7.126708984375
7.13238525390625
7.16522216796875
7.0338134765625
7.36053466796875
7.451904296875
7.0052490234375
7.390869140625
7.2763671875
6.99969482421875
6.83636474609375
7.07684326171875
7.15228271484375
6.808837890625
7.1468505859375
6.8203125
6.7371826171875
7.162353515625
7.37298583984375
7.09722900390625
7.1673583984375
7.0655517578125
7.3582763671875
7.33868408203125
7.13043212890625
7.22747802734375
7.29754638671875
7.13201904296875
7.28662109375
6.95867919921875
7.1068115234375
7.1224365234375
7.10211181640625
7.0771484375
7.21478271484375
7.03717041015625
7.19793701171875
6.7421875
7.15484619140625
7.554931640625
7.0963134765625
6.79449462890625
7.2596435546875
7.229736328125
7.047119140625
7.43621826171875
7.40911865234375
7.113525390625
7.045654296875
7.0123291015625
6.990234375
7.49298095703125
7.1275634765625
7.11663818359375
7.232421875
7.26336669921875
7.52752685546875
7.11322021484375
7.16876220703125
7.325439453125
7.3284912109375
7.03619384765625
6.84063720703125
7.268798828125
7.2520751953125
7.29522705078125
7.0477294921875
7.4395751953125
7.17144775390625
7.31817626953125
7.40191650390625
6.98779296875
6.91448974609375
7.2393798828125
7.256591796875
7.23431396484375
7.3673095703125
7.42620849609375
7.32501220703125
7.273681640625
6.4989013671875
7.2379150390625
7.057861328125
7.05670166015625
6.76409912109375
6.86676025390625
7.30029296875
6.58258056640625
6.98419189453125
7.3775634765625
6.8062744140625
6.97100830078125
6.68267822265625
6.9364013671875
7.144775390625
7.24066162109375
6.9564208984375
7.41510009765625
7.37847900390625
7.09527587890625
7.3692626953125
7.24835205078125
7.07562255859375
7.144775390625
7.013671875
6.8787841796875
7.1776123046875
7.67974853515625
6.62255859375
6.8648681640625
7.07562255859375
7.0244140625
7.2740478515625
7.21441650390625
7.3651123046875
6.8953857421875
7.157470703125
7.05035400390625
7.22283935546875
7.7022705078125
7.61712646484375
6.97955322265625
7.1881103515625
7.17108154296875
7.3299560546875
7.09637451171875
7.27337646484375
6.8292236328125
7.41741943359375
7.63128662109375
6.977294921875
6.9737548828125
6.8848876953125
7.1666259765625
7.14794921875
7.27899169921875
7.08636474609375
6.8990478515625
7.01690673828125
7.57440185546875
7.31591796875
7.140380859375
6.917724609375
7.1754150390625
7.0902099609375
6.92218017578125
7.17645263671875
7.41058349609375
7.87841796875
6.922119140625
7.05230712890625
7.4783935546875
7.31390380859375
6.7423095703125
6.8582763671875
6.73175048828125
7.59954833984375
7.14056396484375
6.5126953125
7.34326171875
6.9537353515625
7.38555908203125
7.0614013671875
7.438720703125
7.457763671875
6.55718994140625
7.22821044921875
7.33880615234375
7.21697998046875
7.0172119140625
7.1533203125
6.8424072265625
7.1221923828125
7.11163330078125
6.59356689453125
7.0302734375
6.72174072265625
7.3944091796875
7.15533447265625
7.31103515625
6.8914794921875
7.29339599609375
7.3983154296875
6.9151611328125
7.42962646484375
6.99627685546875
6.849365234375
7.2681884765625
7.03863525390625
7.05950927734375
7.58441162109375
6.6802978515625
7.16607666015625
6.88134765625
7.28131103515625
6.8197021484375
7.61309814453125
7.03814697265625
6.55621337890625
7.2415771484375
6.92279052734375
6.84942626953125
7.2808837890625
7.2620849609375
7.248779296875
7.66351318359375
6.9573974609375
7.2001953125
7.5157470703125
7.2938232421875
6.85516357421875
7.16839599609375
6.82904052734375
7.074951171875
7.2200927734375
7.19757080078125
7.2388916015625
6.98419189453125
7.23675537109375
6.8707275390625
7.22509765625
6.8065185546875
6.4058837890625
6.403076171875
7.1507568359375
7.40850830078125
7.14874267578125
7.0960693359375
7.56964111328125
7.19061279296875
7.1669921875
7.36767578125
7.15643310546875
7.44573974609375
7.35809326171875
7.11651611328125
7.22698974609375
7.0673828125
7.16204833984375
7.4261474609375
7.33953857421875
7.46600341796875
7.4111328125
7.3194580078125
6.893310546875
7.3043212890625
6.88214111328125
7.5772705078125
7.03985595703125
7.14898681640625
