6.03155517578125
6.03155517578125
6.212158203125
5.8785400390625
5.95892333984375
5.78497314453125
6.35491943359375
6.32568359375
6.35009765625
6.419189453125
6.21173095703125
5.920654296875
6.4705810546875
5.920654296875
5.7872314453125
6.22088623046875
6.4775390625
6.19451904296875
6.48077392578125
6.0716552734375
6.0638427734375
5.8895263671875
5.96807861328125
6.22076416015625
6.15972900390625
5.825927734375
5.800537109375
5.9415283203125
6.363037109375
5.7860107421875
6.07208251953125
5.890380859375
6.2274169921875
6.30694580078125
5.8846435546875
6.20294189453125
6.68145751953125
6.08001708984375
5.65704345703125
6.14471435546875
6.31402587890625
6.3192138671875
6.11016845703125
6.3458251953125
6.20550537109375
6.02105712890625
6.05377197265625
5.89794921875
6.19873046875
6.040771484375
5.95556640625
5.8863525390625
5.80438232421875
6.077880859375
6.01873779296875
6.166259765625
6.19244384765625
6.4134521484375
6.35711669921875
6.391357421875
5.7967529296875
5.9644775390625
6.49688720703125
5.93951416015625
6.186767578125
6.3173828125
6.29302978515625
6.325439453125
6.0228271484375
6.39923095703125
6.01971435546875
5.9527587890625
5.97528076171875
6.249267578125
6.46453857421875
6.3011474609375
5.7008056640625
6.30194091796875
6.026611328125
6.11846923828125
6.5113525390625
5.87139892578125
5.9794921875
5.89788818359375
6.05401611328125
6.16265869140625
5.91961669921875
6.409912109375
5.9874267578125
5.6937255859375
5.89593505859375
5.79974365234375
6.0018310546875
6.54034423828125
5.69378662109375
5.90423583984375
6.05718994140625
5.91473388671875
6.00982666015625
6.2930908203125
6.1951904296875
6.1937255859375
5.87005615234375
5.82293701171875
6.4534912109375
6.44439697265625
6.38043212890625
6.453369140625
6.06988525390625
6.01373291015625
6.4715576171875
6.20050048828125
6.02447509765625
6.153076171875
6.1759033203125
6.27685546875
6.08489990234375
6.24725341796875
6.5701904296875
6.4556884765625
6.2337646484375
5.94940185546875
5.96026611328125
6.42230224609375
6.21221923828125
6.2855224609375
5.56195068359375
6.34576416015625
5.9969482421875
6.0328369140625
6.20587158203125
6.42352294921875
6.26214599609375
5.97607421875
6.3330078125
6.24127197265625
5.69024658203125
6.2432861328125
6.02557373046875
6.02227783203125
6.00177001953125
6.37310791015625
6.2490234375
5.66876220703125
6.04315185546875
5.96124267578125
6.19158935546875
6.6435546875
6.18328857421875
6.23565673828125
6.36932373046875
6.21148681640625
6.17864990234375
5.78564453125
6.30242919921875
5.85650634765625
6.11279296875
6.27142333984375
6.31640625
6.1826171875
6.3609619140625
6.20867919921875
6.19451904296875
6.11151123046875
6.1004638671875
6.1912841796875
6.2481689453125
6.221923828125
6.1494140625
6.18328857421875
5.58612060546875
6.0213623046875
6.16021728515625
5.92657470703125
6.1485595703125
6.0892333984375
6.1484375
5.96844482421875
6.30511474609375
5.814453125
5.71673583984375
5.65045166015625
5.882080078125
6.1923828125
6.0135498046875
6.11639404296875
6.19232177734375
6.24847412109375
6.076904296875
6.14288330078125
6.205810546875
6.090087890625
6.13897705078125
6.15234375
6.39019775390625
5.94134521484375
5.742919921875
6.2821044921875
6.1654052734375
6.36614990234375
6.09271240234375
6.0843505859375
5.82781982421875
6.41998291015625
6.06829833984375
6.18798828125
6.3790283203125
5.9815673828125
5.78424072265625
6.21588134765625
6.46014404296875
6.42510986328125
5.8892822265625
6.13201904296875
5.954833984375
6.07965087890625
6.117431640625
6.62353515625
5.84918212890625
6.31182861328125
6.03216552734375
6.0870361328125
6.24151611328125
5.89361572265625
6.1094970703125
6.07733154296875
6.40313720703125
6.294921875
6.1160888671875
5.84283447265625
5.85784912109375
6.21661376953125
5.9287109375
6.14178466796875
5.83721923828125
5.66961669921875
6.13031005859375
6.13909912109375
6.10565185546875
6.21630859375
6.349365234375
5.94451904296875
6.06231689453125
5.8675537109375
6.5048828125
6.3204345703125
5.70001220703125
5.85052490234375
6.282958984375
6.17706298828125
6.25469970703125
6.116943359375
5.88909912109375
6.34228515625
5.96429443359375
6.1126708984375
6.2525634765625
5.88671875
5.92083740234375
6.000732421875
6.141357421875
6.4544677734375
5.92364501953125
6.01531982421875
6.080078125
5.89166259765625
6.30523681640625
6.19024658203125
6.2100830078125
6.3448486328125
6.05169677734375
6.17755126953125
6.3194580078125
6.18109130859375
6.460205078125
6.23724365234375
6.21832275390625
6.13238525390625
6.0650634765625
6.08538818359375
5.85601806640625
6.53179931640625
6.22589111328125
6.0926513671875
6.22283935546875
6.2640380859375
6.20794677734375
6.38714599609375
6.10699462890625
6.3084716796875
6.67572021484375
6.052490234375
6.13262939453125
6.06884765625
6.11700439453125
6.22589111328125
6.2923583984375
6.2164306640625
5.9891357421875
6.00994873046875
5.739501953125
6.0030517578125
6.17193603515625
6.31768798828125
6.3388671875
6.09088134765625
6.11395263671875
5.86358642578125
5.94354248046875
5.82763671875
5.822998046875
6.17694091796875
6.06390380859375
6.25531005859375
5.97552490234375
6.3592529296875
5.96038818359375
5.92413330078125
5.77276611328125
6.4564208984375
6.131103515625
6.06103515625
6.07977294921875
5.80609130859375
5.79742431640625
6.5272216796875
6.04461669921875
6.18621826171875
6.1746826171875
6.03143310546875
6.21588134765625
5.754150390625
5.96380615234375
6.54376220703125
5.9609375
6.239501953125
6.15850830078125
6.12823486328125
5.91607666015625
6.01373291015625
6.10186767578125
5.79437255859375
6.28338623046875
6.38739013671875
5.90655517578125
6.48297119140625
5.81329345703125
5.9534912109375
6.2259521484375
5.724853515625
6.0201416015625
5.795654296875
6.22210693359375
6.16339111328125
6.2938232421875
6.3148193359375
6.12261962890625
6.2774658203125
6.19757080078125
6.246826171875
6.31341552734375
6.0311279296875
6.3585205078125
5.74676513671875
5.81201171875
6.19976806640625
6.3360595703125
6.310302734375
6.353271484375
5.8773193359375
6.09429931640625
6.2283935546875
5.928466796875
6.153076171875
6.203125
5.97454833984375
6.0601806640625
6.0751953125
5.9974365234375
6.3682861328125
5.87628173828125
5.91937255859375
5.71295166015625
6.32855224609375
5.87347412109375
6.40350341796875
6.064208984375
6.16290283203125
6.10650634765625
5.74462890625
6.15313720703125
5.89422607421875
6.2198486328125
5.6767578125
6.013427734375
6.05743408203125
6.0181884765625
6.051513671875
6.27569580078125
6.00634765625
5.565185546875
6.27447509765625
5.844970703125
6.255859375
6.10845947265625
6.43939208984375
6.23748779296875
6.00921630859375
6.11358642578125
5.77008056640625
5.840576171875
6.45306396484375
5.918701171875
6.4669189453125
5.7933349609375
5.95123291015625
5.8065185546875
5.6806640625
6.17730712890625
6.30267333984375
6.021240234375
6.16949462890625
5.95538330078125
6.3304443359375
5.85693359375
6.35992431640625
5.6514892578125
6.33489990234375
6.15057373046875
5.932861328125
5.89727783203125
5.8751220703125
5.65814208984375
5.5701904296875
6.1416015625
5.8511962890625
6.28753662109375
6.10040283203125
6.12347412109375
6.0252685546875
5.99481201171875
6.2425537109375
6.26025390625
5.4227294921875
6.2576904296875
6.3519287109375
6.393310546875
6.08648681640625
6.39117431640625
6.36419677734375
5.99005126953125
6.29925537109375
5.91424560546875
6.05596923828125
6.28509521484375
6.2532958984375
6.11163330078125
6.02508544921875
6.012939453125
6.14288330078125
6.22222900390625
5.94866943359375
6.09686279296875
6.0394287109375
6.168701171875
6.19439697265625
5.8338623046875
6.07586669921875
6.02685546875
6.3262939453125
6.23291015625
5.77972412109375
5.89227294921875
6.03369140625
5.9560546875
6.1123046875
6.11090087890625
5.99017333984375
5.78924560546875
6.1080322265625
6.231689453125
6.556884765625
6.0875244140625
6.3411865234375
6.32122802734375
6.23638916015625
6.11651611328125
6.214111328125
6.4478759765625
5.9886474609375
5.93792724609375
5.67266845703125
6.08642578125
5.97259521484375
6.00701904296875
6.126708984375
6.1529541015625
6.21624755859375
5.95452880859375
5.8199462890625
5.705322265625
5.90240478515625
6.32086181640625
5.8631591796875
6.26171875
5.8033447265625
6.5238037109375
5.8284912109375
6.12786865234375
6.1358642578125
6.27069091796875
6.1121826171875
6.0040283203125
6.376708984375
5.7001953125
5.83990478515625
6.2940673828125
5.75946044921875
5.9375
6.0972900390625
6.13568115234375
6.0093994140625
6.21917724609375
5.9136962890625
6.0225830078125
6.0943603515625
6.3763427734375
6.04937744140625
6.51715087890625
6.11444091796875
6.10552978515625
6.1265869140625
5.7452392578125
6.13330078125
6.0767822265625
6.38201904296875
6.17578125
6.12628173828125
6.0902099609375
6.177490234375
6.110107421875
6.0916748046875
5.825439453125
5.7923583984375
6.27392578125
6.17645263671875
6.3238525390625
6.32891845703125
5.73187255859375
6.09326171875
6.2657470703125
6.15789794921875
6.05364990234375
6.19451904296875
6.2373046875
6.2122802734375
6.0841064453125
6.5001220703125
6.1734619140625
6.2337646484375
5.907470703125
5.84722900390625
6.26055908203125
6.21014404296875
6.34869384765625
6.26922607421875
5.9698486328125
5.96087646484375
6.07012939453125
5.8963623046875
5.91400146484375
6.334716796875
6.26934814453125
6.02911376953125
6.50634765625
5.84979248046875
5.89007568359375
6.10205078125
6.15130615234375
6.1904296875
6.24456787109375
6.15606689453125
6.013671875
6.30462646484375
6.53179931640625
6.05218505859375
6.1685791015625
6.28521728515625
6.16375732421875
5.85443115234375
6.20904541015625
6.11968994140625
5.88909912109375
6.31048583984375
6.1134033203125
5.8397216796875
6.46661376953125
6.00372314453125
5.89117431640625
6.09552001953125
6.10992431640625
5.944580078125
5.92742919921875
6.41522216796875
5.87701416015625
6.39984130859375
5.999267578125
5.63885498046875
6.27789306640625
5.9375
6.1630859375
6.21759033203125
5.88104248046875
6.04913330078125
6.3250732421875
6.15484619140625
6.05963134765625
6.22119140625
6.0137939453125
5.93499755859375
6.21240234375
5.77252197265625
6.17547607421875
6.24029541015625
5.593994140625
6.1827392578125
5.6116943359375
6.1414794921875
6.0897216796875
6.218017578125
6.08245849609375
6.343017578125
6.25457763671875
5.90985107421875
6.38409423828125
6.2611083984375
6.46722412109375
5.92742919921875
6.37396240234375
5.73492431640625
5.760498046875
5.66790771484375
6.03302001953125
5.57574462890625
5.9195556640625
5.98394775390625
5.91192626953125
6.15289306640625
5.89495849609375
6.11395263671875
5.9947509765625
6.32379150390625
6.0260009765625
6.0572509765625
5.8790283203125
6.09613037109375
6.2296142578125
5.75042724609375
6.08001708984375
6.33758544921875
6.13623046875
5.82568359375
5.96270751953125
6.48309326171875
6.5115966796875
6.13262939453125
6.35260009765625
6.19189453125
6.14178466796875
6.25457763671875
6.30230712890625
6.0885009765625
5.95074462890625
6.099365234375
6.263671875
6.09619140625
6.17022705078125
6.26324462890625
6.19854736328125
5.68310546875
6.3494873046875
5.88250732421875
6.0577392578125
6.1556396484375
5.92926025390625
6.04754638671875
6.15380859375
5.87799072265625
6.299072265625
5.67803955078125
5.85137939453125
6.17913818359375
6.26959228515625
5.916015625
6.1143798828125
6.22186279296875
5.98248291015625
5.62237548828125
6.31976318359375
6.458251953125
6.08551025390625
6.192138671875
6.10198974609375
6.22271728515625
6.08319091796875
6.13604736328125
6.18084716796875
6.2606201171875
6.21063232421875
5.9794921875
5.9036865234375
6.22222900390625
5.78778076171875
6.09832763671875
6.0513916015625
6.1624755859375
6.01702880859375
6.3463134765625
5.8006591796875
5.92010498046875
5.89617919921875
5.708984375
5.9205322265625
6.362548828125
6.001220703125
6.08642578125
5.92523193359375
6.2786865234375
6.01171875
6.14178466796875
6.0125732421875
6.19091796875
6.22998046875
6.27099609375
5.86993408203125
6.17877197265625
6.22540283203125
6.504150390625
6.107177734375
6.01458740234375
6.0626220703125
6.18914794921875
6.2724609375
6.0643310546875
6.3917236328125
6.0194091796875
6.1402587890625
6.13665771484375
5.9781494140625
5.77227783203125
5.80316162109375
6.3582763671875
5.87884521484375
5.70166015625
5.81268310546875
6.159423828125
6.00054931640625
6.277099609375
5.79498291015625
6.018798828125
6.302001953125
6.27264404296875
6.13861083984375
6.16656494140625
5.77362060546875
6.14324951171875
6.37744140625
6.1605224609375
5.7642822265625
6.4403076171875
5.74603271484375
6.26898193359375
5.65423583984375
6.3216552734375
5.91448974609375
6.13348388671875
6.37896728515625
6.07818603515625
6.50421142578125
6.26751708984375
6.1402587890625
5.9239501953125
5.8983154296875
6.026611328125
6.091796875
6.1539306640625
5.56695556640625
6.32611083984375
6.13555908203125
6.3150634765625
5.809326171875
6.53753662109375
6.19085693359375
5.48760986328125
5.96441650390625
6.37371826171875
6.1094970703125
6.33319091796875
5.94879150390625
6.05548095703125
6.03631591796875
5.97003173828125
5.723388671875
6.3021240234375
5.90386962890625
5.99554443359375
5.9442138671875
5.97845458984375
6.04388427734375
6.2471923828125
5.8597412109375
6.22442626953125
5.77313232421875
5.99884033203125
6.376953125
6.44775390625
5.471435546875
5.74456787109375
5.99005126953125
6.19976806640625
6.55963134765625
6.11004638671875
5.86053466796875
6.13623046875
6.37042236328125
6.47320556640625
6.19482421875
5.88323974609375
6.10833740234375
6.22308349609375
6.4111328125
6.11279296875
5.4976806640625
6.00299072265625
6.50860595703125
6.1741943359375
6.065673828125
6.16729736328125
6.37286376953125
6.19427490234375
6.0145263671875
6.13470458984375
6.2041015625
5.783447265625
6.1484375
5.78411865234375
5.85003662109375
6.09136962890625
6.000732421875
5.8167724609375
6.20037841796875
6.39013671875
6.44873046875
6.1236572265625
6.18768310546875
5.77978515625
6.2333984375
6.4339599609375
5.94171142578125
