7.0150146484375
7.2200927734375
6.9154052734375
7.27508544921875
6.96417236328125
6.88079833984375
6.92724609375
7.21783447265625
7.37542724609375
7.2503662109375
7.23968505859375
7.0294189453125
7.21148681640625
7.308837890625
7.3426513671875
7.0194091796875
7.5068359375
7.345947265625
7.355712890625
6.6148681640625
7.544189453125
6.7445068359375
7.13446044921875
7.42523193359375
7.46978759765625
7.16143798828125
7.2222900390625
7.14141845703125
7.16290283203125
7.1580810546875
7.1673583984375
7.1014404296875
7.1888427734375
7.18902587890625
7.38720703125
7.2572021484375
7.22259521484375
7.37982177734375
6.882568359375
7.27667236328125
6.846923828125
7.245361328125
7.1922607421875
7.17510986328125
6.885009765625
7.32403564453125
7.06573486328125
7.0382080078125
7.00238037109375
7.3251953125
7.4417724609375
6.754150390625
6.61163330078125
6.86572265625
7.3614501953125
6.3260498046875
7.11029052734375
7.0166015625
7.807861328125
7.01226806640625
6.85064697265625
7.29052734375
7.11676025390625
6.97967529296875
7.19525146484375
7.43524169921875
6.93145751953125
6.71258544921875
7.0299072265625
6.97918701171875
7.00665283203125
6.88726806640625
7.260009765625
7.35589599609375
7.14007568359375
7.28240966796875
7.17767333984375
6.92132568359375
7.3128662109375
6.8477783203125
7.13519287109375
7.53997802734375
7.13763427734375
6.83087158203125
7.35223388671875
7.61834716796875
7.13153076171875
7.2247314453125
7.0418701171875
6.7908935546875
7.23602294921875
7.24835205078125
7.29705810546875
7.186279296875
7.0477294921875
7.06988525390625
6.9144287109375
6.9146728515625
6.95831298828125
7.0587158203125
7.25921630859375
6.84857177734375
6.98919677734375
6.75799560546875
7.07879638671875
7.1038818359375
7.1048583984375
6.995849609375
7.2900390625
7.54534912109375
7.1859130859375
7.33258056640625
7.01568603515625
7.2799072265625
6.843505859375
7.3802490234375
7.23175048828125
7.62548828125
7.133056640625
6.94964599609375
6.40216064453125
7.75396728515625
6.93060302734375
7.213623046875
7.0936279296875
6.8109130859375
6.9266357421875
7.48773193359375
7.38360595703125
7.05926513671875
6.6689453125
7.07293701171875
7.05291748046875
7.1844482421875
7.12518310546875
7.230712890625
7.16998291015625
6.95947265625
7.0948486328125
7.11004638671875
6.75970458984375
6.90740966796875
7.4010009765625
7.3233642578125
6.964599609375
6.818603515625
7.2933349609375
7.13922119140625
7.08624267578125
6.9105224609375
7.411376953125
7.2552490234375
6.9410400390625
7.2568359375
7.22698974609375
7.1268310546875
6.6614990234375
6.87109375
7.4786376953125
7.04998779296875
7.30859375
7.3140869140625
7.15478515625
6.8858642578125
7.20556640625
7.1754150390625
7.3677978515625
7.23626708984375
7.12237548828125
7.37091064453125
6.7430419921875
7.6282958984375
6.72698974609375
7.01824951171875
7.6182861328125
7.0731201171875
7.130615234375
7.08966064453125
7.376953125
6.84234619140625
7.2191162109375
7.61468505859375
7.39862060546875
7.0111083984375
7.1148681640625
6.82666015625
7.37939453125
7.12481689453125
7.357421875
7.14215087890625
6.9603271484375
7.20709228515625
7.486083984375
7.201416015625
7.4921875
7.2203369140625
7.14520263671875
7.03717041015625
7.3856201171875
7.02178955078125
7.36529541015625
7.02099609375
7.40087890625
7.43792724609375
6.90460205078125
7.26727294921875
6.97491455078125
7.428955078125
7.49017333984375
7.200927734375
6.85150146484375
7.49359130859375
7.216064453125
7.493408203125
6.6585693359375
7.36297607421875
7.124267578125
6.82421875
7.15362548828125
7.31756591796875
7.4453125
7.1041259765625
7.12603759765625
7.2490234375
6.55401611328125
6.98919677734375
7.3505859375
6.8367919921875
6.800537109375
7.5224609375
7.44708251953125
6.97650146484375
7.063720703125
7.2982177734375
7.3087158203125
7.25299072265625
6.855224609375
7.07373046875
7.36041259765625
7.11602783203125
6.8643798828125
6.8765869140625
7.1429443359375
6.8873291015625
7.4781494140625
6.9503173828125
7.04742431640625
6.7796630859375
6.9769287109375
7.42840576171875
7.4097900390625
7.7171630859375
6.983154296875
7.58856201171875
7.4293212890625
7.37689208984375
6.96826171875
7.084716796875
7.38616943359375
6.81256103515625
7.1051025390625
7.2220458984375
7.0313720703125
7.4779052734375
7.5010986328125
7.49859619140625
7.20989990234375
6.99188232421875
7.3958740234375
7.17779541015625
7.35809326171875
7.1959228515625
7.347412109375
7.13519287109375
6.99932861328125
7.51544189453125
6.99273681640625
7.516357421875
7.19866943359375
6.9649658203125
7.1302490234375
7.08843994140625
7.06671142578125
7.30535888671875
6.900390625
7.21966552734375
7.0986328125
6.85015869140625
7.14007568359375
7.48468017578125
7.68585205078125
7.35498046875
7.5435791015625
7.6044921875
7.5506591796875
7.26263427734375
7.5540771484375
7.2587890625
7.20086669921875
7.515625
7.3033447265625
7.27191162109375
7.18768310546875
7.32861328125
7.35284423828125
7.1156005859375
7.38800048828125
7.33392333984375
6.93890380859375
7.4383544921875
6.8941650390625
7.10406494140625
7.6575927734375
7.17767333984375
7.22247314453125
7.18408203125
7.13983154296875
7.37921142578125
6.7939453125
7.247314453125
7.2332763671875
7.22027587890625
6.9515380859375
6.644287109375
6.94635009765625
7.0853271484375
7.1815185546875
7.07623291015625
6.91375732421875
7.08544921875
7.19281005859375
7.0191650390625
7.2220458984375
7.0955810546875
7.08770751953125
6.96630859375
6.91009521484375
6.94287109375
6.891357421875
6.7265625
7.0367431640625
7.33038330078125
7.4273681640625
7.21038818359375
6.59619140625
7.2947998046875
6.87640380859375
7.2147216796875
7.0435791015625
7.31024169921875
7.14837646484375
7.0848388671875
7.1915283203125
6.964599609375
6.95013427734375
7.1273193359375
7.55712890625
6.71868896484375
7.06976318359375
7.0181884765625
7.4974365234375
6.94720458984375
6.99755859375
7.038818359375
7.3656005859375
7.45074462890625
6.9146728515625
7.1082763671875
6.91485595703125
7.0828857421875
7.0672607421875
6.94842529296875
7.22161865234375
7.51214599609375
6.98699951171875
7.56231689453125
7.20880126953125
7.50726318359375
7.2696533203125
7.30322265625
6.96954345703125
7.27838134765625
6.91900634765625
7.15496826171875
7.154052734375
6.8955078125
7.03216552734375
7.43804931640625
6.74102783203125
7.01922607421875
7.11383056640625
7.3482666015625
6.8675537109375
7.2684326171875
6.85845947265625
6.996826171875
7.10540771484375
7.002685546875
7.18426513671875
7.2391357421875
6.9505615234375
7.08575439453125
7.44427490234375
7.2156982421875
7.0836181640625
7.1800537109375
7.16595458984375
6.75701904296875
7.17108154296875
6.68243408203125
7.08160400390625
7.0013427734375
7.1656494140625
7.30804443359375
7.1612548828125
7.07489013671875
7.62530517578125
7.16790771484375
7.13592529296875
7.57427978515625
6.8740234375
7.0428466796875
7.21710205078125
6.897216796875
7.2847900390625
7.156982421875
7.271728515625
7.14404296875
7.088623046875
6.74786376953125
7.2034912109375
7.0970458984375
6.96783447265625
6.991455078125
7.13568115234375
6.9755859375
7.16363525390625
6.9619140625
7.3602294921875
7.16326904296875
7.3424072265625
7.134765625
7.17791748046875
7.27313232421875
7.08544921875
6.91510009765625
7.13690185546875
7.00396728515625
7.25640869140625
7.292236328125
7.29840087890625
7.3497314453125
7.2080078125
7.12152099609375
7.230224609375
7.24169921875
7.03387451171875
7.00146484375
7.3824462890625
6.877197265625
7.44061279296875
7.2314453125
6.88287353515625
7.54473876953125
7.38946533203125
6.93304443359375
6.7381591796875
7.19146728515625
7.08123779296875
7.12957763671875
7.15936279296875
6.953125
7.29193115234375
6.97857666015625
7.551025390625
7.240234375
7.08172607421875
6.7235107421875
7.3349609375
7.35784912109375
7.34857177734375
6.94659423828125
7.1361083984375
7.02386474609375
7.17889404296875
7.17816162109375
7.1656494140625
7.29327392578125
7.378662109375
6.89654541015625
6.74188232421875
7.48846435546875
7.39007568359375
6.89947509765625
6.97430419921875
6.88885498046875
7.10198974609375
7.11334228515625
7.33551025390625
7.0970458984375
6.94622802734375
6.87408447265625
7.42596435546875
7.25555419921875
6.76617431640625
7.2884521484375
7.1302490234375
7.07586669921875
6.98492431640625
7.2169189453125
7.35540771484375
7.120361328125
7.60858154296875
6.92718505859375
6.81591796875
7.03009033203125
7.1424560546875
7.59393310546875
6.97772216796875
6.81890869140625
6.93707275390625
6.800048828125
7.48724365234375
7.19805908203125
6.8797607421875
7.017578125
7.181640625
7.3868408203125
7.15679931640625
7.361083984375
7.0008544921875
7.091796875
7.243896484375
7.61981201171875
7.10772705078125
7.18023681640625
6.8858642578125
6.84521484375
7.14154052734375
6.76678466796875
7.3831787109375
7.08221435546875
7.197998046875
6.81488037109375
7.58453369140625
7.07574462890625
7.2650146484375
7.40625
6.62445068359375
7.33782958984375
7.05853271484375
7.12457275390625
7.0670166015625
7.2943115234375
6.98126220703125
7.2261962890625
7.1986083984375
7.3734130859375
6.85888671875
7.07794189453125
7.29754638671875
7.37176513671875
6.91387939453125
6.97613525390625
7.24017333984375
7.3997802734375
6.99322509765625
7.28643798828125
7.26739501953125
6.7822265625
7.34051513671875
7.15423583984375
7.3065185546875
6.96490478515625
7.29736328125
6.82794189453125
7.40631103515625
7.18377685546875
7.11895751953125
7.55938720703125
7.047119140625
6.9361572265625
7.77001953125
7.02593994140625
7.42626953125
7.05810546875
6.619384765625
7.04840087890625
6.81329345703125
7.0947265625
7.07171630859375
6.96575927734375
7.03228759765625
6.71026611328125
7.44879150390625
7.442138671875
6.89227294921875
7.0419921875
7.309814453125
7.11358642578125
6.79290771484375
7.09197998046875
6.91229248046875
7.327392578125
7.47515869140625
7.19219970703125
6.912353515625
7.13824462890625
7.4923095703125
6.72039794921875
7.33074951171875
7.0162353515625
7.50146484375
7.31280517578125
7.24871826171875
6.86663818359375
7.356201171875
7.0145263671875
6.77398681640625
7.44818115234375
7.190185546875
7.42529296875
7.30029296875
6.94561767578125
6.41070556640625
7.19873046875
6.2435302734375
7.4364013671875
6.7698974609375
6.6973876953125
7.34271240234375
7.2769775390625
7.23193359375
7.46600341796875
7.3681640625
7.38958740234375
7.44091796875
7.09161376953125
7.0682373046875
7.589111328125
7.34576416015625
7.04071044921875
7.4151611328125
7.222412109375
7.2574462890625
6.9432373046875
7.12005615234375
7.08367919921875
7.1395263671875
7.387939453125
6.998046875
7.31158447265625
7.568359375
7.06524658203125
6.828857421875
6.8375244140625
6.48223876953125
7.14837646484375
7.15350341796875
7.15826416015625
7.51580810546875
6.99884033203125
7.181884765625
7.2266845703125
7.00213623046875
7.0809326171875
7.04656982421875
7.32061767578125
7.2149658203125
7.14410400390625
7.4404296875
7.00250244140625
7.2655029296875
6.97186279296875
7.16839599609375
7.14642333984375
7.18487548828125
7.10528564453125
7.401123046875
6.99432373046875
7.3262939453125
7.08587646484375
7.04852294921875
6.99420166015625
7.587646484375
7.15802001953125
7.1102294921875
6.91693115234375
7.30450439453125
7.39617919921875
6.8424072265625
7.194091796875
7.02532958984375
7.2503662109375
6.93414306640625
7.35528564453125
7.25567626953125
7.367431640625
7.46197509765625
6.9429931640625
6.962890625
7.33013916015625
7.198486328125
7.091796875
6.8621826171875
7.1251220703125
6.98968505859375
6.96759033203125
7.13372802734375
7.004150390625
7.18072509765625
7.30389404296875
6.9788818359375
6.942138671875
6.70074462890625
6.87939453125
7.319580078125
7.2474365234375
6.9892578125
7.22320556640625
7.24102783203125
7.447998046875
7.0894775390625
7.02630615234375
7.32757568359375
6.50555419921875
7.55194091796875
6.8470458984375
7.5511474609375
7.23956298828125
7.22174072265625
6.84942626953125
7.59967041015625
7.28955078125
7.04766845703125
7.003662109375
7.1915283203125
7.20245361328125
6.64154052734375
6.50396728515625
7.51171875
7.66070556640625
7.3956298828125
7.339599609375
7.396484375
7.15826416015625
7.49102783203125
7.52752685546875
7.0999755859375
6.9835205078125
7.15460205078125
7.6195068359375
6.7933349609375
6.67913818359375
7.4140625
7.40740966796875
7.285888671875
6.69317626953125
7.17578125
7.37933349609375
7.01458740234375
7.085205078125
7.40728759765625
6.961669921875
7.38238525390625
7.16754150390625
7.1044921875
7.1807861328125
7.331787109375
7.71282958984375
7.002197265625
7.242919921875
7.2083740234375
7.18359375
6.78436279296875
6.7115478515625
7.3836669921875
6.96038818359375
7.16046142578125
7.17364501953125
7.4111328125
7.05010986328125
7.4642333984375
7.152099609375
7.2926025390625
7.0802001953125
7.099853515625
6.796875
7.20501708984375
7.32403564453125
7.25738525390625
7.2667236328125
6.971435546875
